2093
1	1 1	1 3	1 2	1 4	696.7577244153107
2	1 1	1 3	1 4	1 6	-247.12031732844278
3	1 1	1 3	1 6	1 8	-51.613310923078366
4	1 1	1 3	1 8	1 10	-285.7841593966323
5	1 1	1 3	1 10	1 12	352.87427651526275
6	1 1	1 3	1 12	1 14	-49.40298568254116
7	1 1	1 3	1 14	1 16	-27.51947919747292
8	1 1	1 3	1 16	1 18	-225.29099273409446
9	1 1	1 3	1 18	1 20	206.44112202295918
10	1 1	1 3	1 20	1 22	16.798088630866204
11	1 1	1 3	1 5	1 7	-90.18303786326022
12	1 1	1 3	1 9	1 11	656.6061551226107
13	1 1	1 3	1 11	1 13	38.842353497261584
14	1 1	1 3	1 13	1 15	-40.16974986937148
15	1 1	1 3	1 15	1 17	-391.67635110080266
16	1 1	1 3	1 17	1 19	294.33733772069644
17	1 1	1 3	1 19	1 21	85.34174591894391
18	1 1	1 3	1 21	1 23	-8.580438026957777
19	1 1	1 3	1 23	1 25	-247.4227082600068
20	1 1	1 3	1 22	1 24	-12.809842037959012
21	1 1	1 3	1 24	1 26	-163.1970953939705
22	1 1	1 3	1 26	1 28	113.57039593424317
23	1 1	1 3	1 28	1 30	31.225829486112104
24	1 1	1 3	1 30	1 32	1.417116485064934
25	1 1	1 3	1 32	1 34	-114.4663391802668
26	1 1	1 3	1 34	1 36	64.24403077864999
27	1 1	1 3	1 36	1 38	26.942850761026776
28	1 1	1 3	1 38	1 40	10.363558764643678
29	1 1	1 3	1 40	1 42	-85.00467385055997
30	1 1	1 3	1 25	1 27	152.39377678254988
31	1 1	1 3	1 27	1 29	65.5558822722785
32	1 1	1 3	1 29	1 31	10.573608964804317
33	1 1	1 3	1 31	1 33	-162.29153461289442
34	1 1	1 3	1 33	1 35	82.44236118096647
35	1 1	1 3	1 35	1 37	45.728852635964245
36	1 1	1 3	1 37	1 39	15.472135881194674
37	1 1	1 3	1 39	1 41	-103.28276180405445
38	1 1	1 3	1 41	1 43	44.03567424386618
39	1 1	1 3	1 43	1 45	30.811598740697246
40	1 1	1 3	1 42	1 44	38.59533310583465
41	1 1	1 3	1 44	1 46	23.166940707883427
42	1 1	1 3	1 46	1 48	10.201460369236568
43	1 1	1 3	1 48	1 50	-61.43656035848052
44	1 1	1 3	1 50	1 52	23.93722356278956
45	1 1	1 3	1 52	1 54	17.980399729250056
46	1 1	1 3	1 54	1 56	9.867819370409109
47	1 1	1 3	1 56	1 58	-44.99002651127734
48	1 1	1 3	1 58	1 60	15.612070089531837
49	1 1	1 3	1 60	1 62	13.39715807237053
50	1 1	1 3	1 45	1 47	15.379321643441644
51	1 1	1 3	1 47	1 49	-67.33775617842073
52	1 1	1 3	1 49	1 51	22.604979496151103
53	1 1	1 3	1 51	1 53	21.887644665461117
54	1 1	1 3	1 53	1 55	14.513465464374502
55	1 1	1 3	1 55	1 57	-46.0597399138648
56	1 1	1 3	1 57	1 59	11.286863637618541
57	1 1	1 3	1 59	1 61	15.149367481151359
58	1 1	1 3	1 61	1 63	12.12949424267369
59	1 1	1 3	1 63	1 65	-32.8491413152762
60	1 1	1 3	1 62	1 64	8.689863155916857
61	1 1	1 3	1 64	1 66	-33.58704030295161
62	1 1	1 3	1 66	1 68	10.542220456448621
63	1 1	1 3	1 68	1 70	9.447339931838997
64	1 1	1 3	1 70	1 72	4.863112660752147
65	1 1	1 3	1 65	1 67	7.579657639058196
66	1 1	1 3	1 67	1 69	10.176576712761937
67	1 1	1 3	1 69	1 71	8.329351159082545
68	1 2	1 4	1 3	1 5	421.78436360302186
69	1 2	1 4	1 5	1 7	-178.86469027249683
70	1 2	1 4	1 7	1 9	-594.7057228486619
71	1 2	1 4	1 9	1 11	375.64381281824745
72	1 2	1 4	1 11	1 13	221.25135440816592
73	1 2	1 4	1 13	1 15	-39.88608133401395
74	1 2	1 4	1 15	1 17	-383.55987919185384
75	1 2	1 4	1 17	1 19	193.99023183568357
76	1 2	1 4	1 19	1 21	148.1550085119702
77	1 2	1 4	1 21	1 23	7.955200875445822
78	1 2	1 4	1 6	1 8	-89.55741912944333
79	1 2	1 4	1 10	1 12	469.35194437779256
80	1 2	1 4	1 12	1 14	13.755234723840708
81	1 2	1 4	1 14	1 16	-36.92320240529446
82	1 2	1 4	1 16	1 18	-295.0764823665721
83	1 2	1 4	1 18	1 20	219.8170915978871
84	1 2	1 4	1 20	1 22	62.53752959770232
85	1 2	1 4	1 22	1 24	-9.312991293387267
86	1 2	1 4	1 24	1 26	-200.61477026018065
87	1 2	1 4	1 23	1 25	-255.02436187921944
88	1 2	1 4	1 25	1 27	113.49153461175425
89	1 2	1 4	1 27	1 29	87.58819229580998
90	1 2	1 4	1 29	1 31	25.97700426780537
91	1 2	1 4	1 33	1 35	66.74619150559512
92	1 2	1 4	1 35	1 37	52.8948157567537
93	1 2	1 4	1 37	1 39	25.014661046333543
94	1 2	1 4	1 39	1 41	-109.23498904862751
95	1 2	1 4	1 41	1 43	37.9639033273022
96	1 2	1 4	1 26	1 28	112.55052605882364
97	1 2	1 4	1 28	1 30	54.2267779322935
98	1 2	1 4	1 30	1 32	8.785050815086835
99	1 2	1 4	1 32	1 34	-136.91400298730395
100	1 2	1 4	1 34	1 36	62.053390572455314
101	1 2	1 4	1 36	1 38	37.55454740357284
102	1 2	1 4	1 38	1 40	17.377998120058717
103	1 2	1 4	1 40	1 42	-97.19031153449313
104	1 2	1 4	1 42	1 44	37.36715107196963
105	1 2	1 4	1 44	1 46	28.46728393920887
106	1 2	1 4	1 43	1 45	34.065220916176195
107	1 2	1 4	1 45	1 47	20.89498829565534
108	1 2	1 4	1 47	1 49	-71.12268446894151
109	1 2	1 4	1 49	1 51	20.571304141083864
110	1 2	1 4	1 51	1 53	23.46615136187928
111	1 2	1 4	1 53	1 55	17.905414289411794
112	1 2	1 4	1 55	1 57	-49.35697502568355
113	1 2	1 4	1 57	1 59	10.700765293312111
114	1 2	1 4	1 59	1 61	15.924834500093606
115	1 2	1 4	1 61	1 63	14.17320373427399
116	1 2	1 4	1 46	1 48	14.730101660712934
117	1 2	1 4	1 48	1 50	-68.72100341942982
118	1 2	1 4	1 50	1 52	23.387395475843388
119	1 2	1 4	1 52	1 54	20.808690721503318
120	1 2	1 4	1 54	1 56	12.851238322775856
121	1 2	1 4	1 56	1 58	-49.736795950366385
122	1 2	1 4	1 58	1 60	15.645985709144721
123	1 2	1 4	1 60	1 62	14.977129963772386
124	1 2	1 4	1 62	1 64	10.591048455735637
125	1 2	1 4	1 64	1 66	-36.795139509886006
126	1 2	1 4	1 63	1 65	-35.28648341566066
127	1 2	1 4	1 65	1 67	7.593265292346488
128	1 2	1 4	1 67	1 69	10.761220086962005
129	1 2	1 4	1 69	1 71	9.345085785357423
130	1 2	1 4	1 66	1 68	10.761291813087238
131	1 2	1 4	1 68	1 70	10.383442328044747
132	1 2	1 4	1 70	1 72	5.8392764348630495
133	1 3	1 5	1 4	1 6	611.608399401163
134	1 3	1 5	1 6	1 8	-248.30736771025215
135	1 3	1 5	1 8	1 10	-528.8078130341855
136	1 3	1 5	1 10	1 12	267.06877481155504
137	1 3	1 5	1 12	1 14	274.3813544535643
138	1 3	1 5	1 14	1 16	-46.515243243689596
139	1 3	1 5	1 16	1 18	-374.58834485515905
140	1 3	1 5	1 18	1 20	152.1274450162897
141	1 3	1 5	1 20	1 22	161.43786259214454
142	1 3	1 5	1 22	1 24	15.673169278530693
143	1 3	1 5	1 9	1 11	54.44697422917625
144	1 3	1 5	1 11	1 13	394.32227967479673
145	1 3	1 5	1 13	1 15	42.4567280405451
146	1 3	1 5	1 15	1 17	-411.8855718278165
147	1 3	1 5	1 17	1 19	72.39791433167167
148	1 3	1 5	1 19	1 21	193.46440401177807
149	1 3	1 5	1 21	1 23	72.332189992072
150	1 3	1 5	1 23	1 25	-274.26196168397325
151	1 3	1 5	1 25	1 27	60.80401724823061
152	1 3	1 5	1 24	1 26	-258.2518709279636
153	1 3	1 5	1 26	1 28	87.27410312381069
154	1 3	1 5	1 28	1 30	94.44038118742196
155	1 3	1 5	1 30	1 32	32.533232436110765
156	1 3	1 5	1 32	1 34	-169.83770877007686
157	1 3	1 5	1 34	1 36	51.74277737740891
158	1 3	1 5	1 36	1 38	54.65628307018541
159	1 3	1 5	1 38	1 40	34.46933191642695
160	1 3	1 5	1 40	1 42	-118.7396420540507
161	1 3	1 5	1 42	1 44	33.012826179282555
162	1 3	1 5	1 27	1 29	101.65212736373749
163	1 3	1 5	1 29	1 31	65.66547194401261
164	1 3	1 5	1 33	1 35	44.39593102333245
165	1 3	1 5	1 35	1 37	58.298205735841755
166	1 3	1 5	1 37	1 39	45.89567437254628
167	1 3	1 5	1 39	1 41	-118.61045938509201
168	1 3	1 5	1 41	1 43	28.64224601408973
169	1 3	1 5	1 43	1 45	36.746280109940194
170	1 3	1 5	1 45	1 47	31.44924328667671
171	1 3	1 5	1 44	1 46	37.04947998046222
172	1 3	1 5	1 46	1 48	24.95224376043342
173	1 3	1 5	1 48	1 50	-82.26674430702329
174	1 3	1 5	1 50	1 52	21.791593758546952
175	1 3	1 5	1 52	1 54	25.300698198198198
176	1 3	1 5	1 54	1 56	18.97560276207109
177	1 3	1 5	1 56	1 58	-58.129558476870656
178	1 3	1 5	1 58	1 60	15.36477880627264
179	1 3	1 5	1 60	1 62	17.524140183356955
180	1 3	1 5	1 62	1 64	14.199247308881198
181	1 3	1 5	1 47	1 49	-78.45890897188642
182	1 3	1 5	1 49	1 51	17.024256244532594
183	1 3	1 5	1 51	1 53	25.389254390653797
184	1 3	1 5	1 53	1 55	24.231478802910033
185	1 3	1 5	1 55	1 57	-54.79180068978252
186	1 3	1 5	1 57	1 59	9.702443932243078
187	1 3	1 5	1 59	1 61	17.03449934526751
188	1 3	1 5	1 61	1 63	17.998164253079125
189	1 3	1 5	1 63	1 65	-39.15611254040163
190	1 3	1 5	1 65	1 67	7.3926349690785
191	1 3	1 5	1 64	1 66	-42.59546631122595
192	1 3	1 5	1 66	1 68	11.049835870446675
193	1 3	1 5	1 68	1 70	11.893691277407395
194	1 3	1 5	1 70	1 72	7.147597649897309
195	1 3	1 5	1 67	1 69	11.613153113751826
196	1 3	1 5	1 69	1 71	11.308978100001138
197	1 4	1 6	1 5	1 7	434.87399839324723
198	1 4	1 6	1 7	1 9	-762.5773839337069
199	1 4	1 6	1 9	1 11	-33.21869116508718
200	1 4	1 6	1 13	1 15	292.0253088827475
201	1 4	1 6	1 17	1 19	14.279470088832326
202	1 4	1 6	1 19	1 21	153.96713667692083
203	1 4	1 6	1 21	1 23	169.79722664893148
204	1 4	1 6	1 23	1 25	-295.79967062604544
205	1 4	1 6	1 12	1 14	448.99837899295505
206	1 4	1 6	1 14	1 16	35.010626411455334
207	1 4	1 6	1 16	1 18	-455.9540579893644
208	1 4	1 6	1 18	1 20	67.36225040291863
209	1 4	1 6	1 20	1 22	211.92625039095077
210	1 4	1 6	1 22	1 24	88.17324837206334
211	1 4	1 6	1 24	1 26	-314.56478987068965
212	1 4	1 6	1 26	1 28	54.32270837003759
213	1 4	1 6	1 25	1 27	27.831306855660976
214	1 4	1 6	1 27	1 29	89.66798255821674
215	1 4	1 6	1 29	1 31	111.41005620405025
216	1 4	1 6	1 33	1 35	27.416297940822894
217	1 4	1 6	1 35	1 37	54.0463297184768
218	1 4	1 6	1 37	1 39	66.86499953956891
219	1 4	1 6	1 39	1 41	-124.63080238697948
220	1 4	1 6	1 41	1 43	20.62929032419808
221	1 4	1 6	1 43	1 45	36.11837381832678
222	1 4	1 6	1 28	1 30	114.15960912394416
223	1 4	1 6	1 30	1 32	72.55964515689473
224	1 4	1 6	1 34	1 36	38.293155851378955
225	1 4	1 6	1 36	1 38	64.24937051583055
226	1 4	1 6	1 38	1 40	56.513520532657424
227	1 4	1 6	1 40	1 42	-137.55170699055952
228	1 4	1 6	1 42	1 44	27.429794809692385
229	1 4	1 6	1 44	1 46	41.927654356562535
230	1 4	1 6	1 46	1 48	36.168921647715976
231	1 4	1 6	1 45	1 47	41.43119851421788
232	1 4	1 6	1 47	1 49	-81.26913485551117
233	1 4	1 6	1 49	1 51	13.56208953454669
234	1 4	1 6	1 51	1 53	25.454686612083712
235	1 4	1 6	1 53	1 55	29.616061849974628
236	1 4	1 6	1 55	1 57	-57.72232209132916
237	1 4	1 6	1 57	1 59	8.471808556448774
238	1 4	1 6	1 59	1 61	17.10095939058725
239	1 4	1 6	1 61	1 63	20.977785545449187
240	1 4	1 6	1 63	1 65	-41.319395105802364
241	1 4	1 6	1 48	1 50	-93.02958534642835
242	1 4	1 6	1 50	1 52	19.319875809697358
243	1 4	1 6	1 52	1 54	28.07542534055203
244	1 4	1 6	1 54	1 56	25.196246367576325
245	1 4	1 6	1 56	1 58	-64.54467418362147
246	1 4	1 6	1 58	1 60	14.510933014127952
247	1 4	1 6	1 60	1 62	19.1823666355533
248	1 4	1 6	1 62	1 64	17.60261652518838
249	1 4	1 6	1 64	1 66	-46.463334120725705
250	1 4	1 6	1 66	1 68	10.8107668188039
251	1 4	1 6	1 65	1 67	6.967917076509598
252	1 4	1 6	1 67	1 69	11.882311837079936
253	1 4	1 6	1 69	1 71	12.661614388963546
254	1 4	1 6	1 68	1 70	12.81041966389818
255	1 4	1 6	1 70	1 72	8.43939004503805
256	1 5	1 7	1 6	1 8	696.7445828143736
257	1 5	1 7	1 8	1 10	-910.3657007923789
258	1 5	1 7	1 10	1 12	-48.51734025195924
259	1 5	1 7	1 12	1 14	294.08218475796116
260	1 5	1 7	1 14	1 16	383.4686500509957
261	1 5	1 7	1 18	1 20	6.400776326264667
262	1 5	1 7	1 20	1 22	165.90472580235422
263	1 5	1 7	1 22	1 24	238.81948930856493
264	1 5	1 7	1 24	1 26	-376.3221060963229
265	1 5	1 7	1 11	1 13	14.932142544886808
266	1 5	1 7	1 13	1 15	541.155381963834
267	1 5	1 7	1 15	1 17	-495.6831805596214
268	1 5	1 7	1 17	1 19	-9.988258484339394
269	1 5	1 7	1 19	1 21	62.18870093377682
270	1 5	1 7	1 21	1 23	252.11715896997296
271	1 5	1 7	1 23	1 25	-277.0624249310177
272	1 5	1 7	1 25	1 27	6.21194285058643
273	1 5	1 7	1 27	1 29	54.42929013490949
274	1 5	1 7	1 26	1 28	22.228589354345605
275	1 5	1 7	1 28	1 30	104.77271567457693
276	1 5	1 7	1 30	1 32	132.64644113353674
277	1 5	1 7	1 34	1 36	22.44330648725569
278	1 5	1 7	1 36	1 38	63.281798634667766
279	1 5	1 7	1 38	1 40	82.30507649546198
280	1 5	1 7	1 40	1 42	-149.43522743632596
281	1 5	1 7	1 42	1 44	19.620753164972314
282	1 5	1 7	1 44	1 46	42.28642878270912
283	1 5	1 7	1 29	1 31	148.17993629134287
284	1 5	1 7	1 33	1 35	13.35061302045796
285	1 5	1 7	1 35	1 37	40.66154950122341
286	1 5	1 7	1 37	1 39	83.43526232703027
287	1 5	1 7	1 39	1 41	-118.8620707429918
288	1 5	1 7	1 41	1 43	12.755312742812743
289	1 5	1 7	1 43	1 45	30.634181269806646
290	1 5	1 7	1 45	1 47	48.4068687383257
291	1 5	1 7	1 47	1 49	-78.6206168831169
292	1 5	1 7	1 46	1 48	48.11155321340032
293	1 5	1 7	1 48	1 50	-98.15089692900148
294	1 5	1 7	1 50	1 52	15.321145757438646
295	1 5	1 7	1 52	1 54	28.176394120718044
296	1 5	1 7	1 54	1 56	30.653313435985773
297	1 5	1 7	1 56	1 58	-66.55903707462036
298	1 5	1 7	1 58	1 60	12.47830531475645
299	1 5	1 7	1 60	1 62	19.183216439753622
300	1 5	1 7	1 62	1 64	20.070748966967763
301	1 5	1 7	1 64	1 66	-47.30345269968218
302	1 5	1 7	1 49	1 51	9.6080470532524
303	1 5	1 7	1 51	1 53	22.946265078654243
304	1 5	1 7	1 53	1 55	33.05252039343215
305	1 5	1 7	1 55	1 57	-56.40097225239765
306	1 5	1 7	1 57	1 59	6.791709806674271
307	1 5	1 7	1 59	1 61	15.770465994089305
308	1 5	1 7	1 61	1 63	22.672218110605534
309	1 5	1 7	1 63	1 65	-40.58477971230495
310	1 5	1 7	1 65	1 67	6.090566114168928
311	1 5	1 7	1 67	1 69	11.244506423258958
312	1 5	1 7	1 66	1 68	9.76846774100769
313	1 5	1 7	1 68	1 70	12.797607728400106
314	1 5	1 7	1 70	1 72	9.249297298906964
315	1 5	1 7	1 69	1 71	13.22516502027409
316	1 6	1 8	1 7	1 9	-390.40998809227233
317	1 6	1 8	1 9	1 11	-27.672262157061887
318	1 6	1 8	1 13	1 15	381.49547864833835
319	1 6	1 8	1 17	1 19	-12.232426068055343
320	1 6	1 8	1 19	1 21	13.668244491705135
321	1 6	1 8	1 21	1 23	224.69056146817414
322	1 6	1 8	1 23	1 25	-208.00134916896576
323	1 6	1 8	1 10	1 12	-42.35282454447099
324	1 6	1 8	1 12	1 14	54.24556650329295
325	1 6	1 8	1 14	1 16	702.4638753375331
326	1 6	1 8	1 16	1 18	-695.2024357925181
327	1 6	1 8	1 18	1 20	-8.703463818708574
328	1 6	1 8	1 20	1 22	82.45904477777637
329	1 6	1 8	1 22	1 24	339.90572553275604
330	1 6	1 8	1 24	1 26	-389.10245680253274
331	1 6	1 8	1 26	1 28	8.279378533244588
332	1 6	1 8	1 28	1 30	75.03191603930335
333	1 6	1 8	1 27	1 29	29.713470645760584
334	1 6	1 8	1 29	1 31	143.44427331184812
335	1 6	1 8	1 33	1 35	7.178151357697493
336	1 6	1 8	1 35	1 37	28.391542383177303
337	1 6	1 8	1 37	1 39	82.0539279386228
338	1 6	1 8	1 39	1 41	-103.93800306642885
339	1 6	1 8	1 41	1 43	8.410829374039647
340	1 6	1 8	1 43	1 45	24.473283844398395
341	1 6	1 8	1 45	1 47	47.27875208063196
342	1 6	1 8	1 30	1 32	165.00578291585833
343	1 6	1 8	1 34	1 36	13.33894235137345
344	1 6	1 8	1 36	1 38	52.72796521578715
345	1 6	1 8	1 38	1 40	92.3320466586114
346	1 6	1 8	1 40	1 42	-143.18036089607972
347	1 6	1 8	1 42	1 44	14.147766338208653
348	1 6	1 8	1 44	1 46	37.18317274019992
349	1 6	1 8	1 46	1 48	51.29268793569411
350	1 6	1 8	1 48	1 50	-92.32164035425492
351	1 6	1 8	1 47	1 49	-69.12139515674556
352	1 6	1 8	1 49	1 51	7.045232286777197
353	1 6	1 8	1 51	1 53	19.344502522173265
354	1 6	1 8	1 53	1 55	31.81050935812084
355	1 6	1 8	1 55	1 57	-50.561878255184865
356	1 6	1 8	1 57	1 59	5.400898554349471
357	1 6	1 8	1 59	1 61	13.560617955715934
358	1 6	1 8	1 61	1 63	21.46380429156558
359	1 6	1 8	1 63	1 65	-36.53763746217786
360	1 6	1 8	1 65	1 67	5.12063132731215
361	1 6	1 8	1 50	1 52	11.975480358167076
362	1 6	1 8	1 52	1 54	25.19171290091228
363	1 6	1 8	1 54	1 56	31.28298351165457
364	1 6	1 8	1 56	1 58	-61.96574037144195
365	1 6	1 8	1 58	1 60	10.350002635688199
366	1 6	1 8	1 60	1 62	17.352081763120246
367	1 6	1 8	1 62	1 64	19.810600776217143
368	1 6	1 8	1 64	1 66	-43.564508918026796
369	1 6	1 8	1 66	1 68	8.382156063998949
370	1 6	1 8	1 68	1 70	11.615347251844536
371	1 6	1 8	1 67	1 69	9.87764521824909
372	1 6	1 8	1 69	1 71	12.341427530428824
373	1 6	1 8	1 70	1 72	8.783423079682771
374	1 7	1 9	1 16	1 18	1127.244668229509
375	1 7	1 9	1 28	1 30	-232.23293632189126
376	1 7	1 9	1 30	1 32	-163.31843645913148
377	1 7	1 9	1 32	1 34	533.4661337758082
378	1 7	1 9	1 34	1 36	-155.20831555545195
379	1 7	1 9	1 36	1 38	-148.54308443133664
380	1 7	1 9	1 38	1 40	-127.6033708355137
381	1 7	1 9	1 40	1 42	370.19840456674467
382	1 7	1 9	1 42	1 44	-101.11862244897961
383	1 7	1 9	1 44	1 46	-106.50118030290409
384	1 7	1 9	1 46	1 48	-84.00669896605858
385	1 7	1 9	1 31	1 33	559.4537260521948
386	1 7	1 9	1 33	1 35	-164.69377168707223
387	1 7	1 9	1 35	1 37	-154.73769172108663
388	1 7	1 9	1 37	1 39	-146.0454663035287
389	1 7	1 9	1 39	1 41	365.6441243666832
390	1 7	1 9	1 41	1 43	-98.19963255534797
391	1 7	1 9	1 43	1 45	-105.43317007137115
392	1 7	1 9	1 45	1 47	-97.70540654161115
393	1 7	1 9	1 47	1 49	240.00126338814303
394	1 7	1 9	1 49	1 51	-55.406774467138014
395	1 7	1 9	1 48	1 50	257.2568947206139
396	1 7	1 9	1 50	1 52	-67.76223991304374
397	1 7	1 9	1 52	1 54	-75.85642672375346
398	1 7	1 9	1 54	1 56	-61.59664709273231
399	1 7	1 9	1 56	1 58	181.0249698140546
400	1 7	1 9	1 58	1 60	-47.783090328955424
401	1 7	1 9	1 60	1 62	-53.49926786982496
402	1 7	1 9	1 62	1 64	-45.00568050936954
403	1 7	1 9	1 64	1 66	131.98909935101477
404	1 7	1 9	1 66	1 68	-34.189297643833974
405	1 7	1 9	1 51	1 53	-76.00220755736126
406	1 7	1 9	1 53	1 55	-75.23304336191592
407	1 7	1 9	1 55	1 57	169.32287690040854
408	1 7	1 9	1 57	1 59	-31.072014242615268
409	1 7	1 9	1 59	1 61	-52.06484757525718
410	1 7	1 9	1 61	1 63	-55.81297833308258
411	1 7	1 9	1 63	1 65	121.38304669061179
412	1 7	1 9	1 65	1 67	-23.237823825888306
413	1 7	1 9	1 67	1 69	-35.81012639887906
414	1 7	1 9	1 69	1 71	-35.0398232514729
415	1 7	1 9	1 68	1 70	-36.7014995448534
416	1 7	1 9	1 70	1 72	-22.649968307604247
417	1 8	1 10	1 9	1 11	-272.9433804529564
418	1 8	1 10	1 11	1 13	-449.2606384465771
419	1 8	1 10	1 13	1 15	-600.7982814361069
420	1 8	1 10	1 15	1 17	1115.473337552075
421	1 8	1 10	1 29	1 31	-281.6177021114114
422	1 8	1 10	1 31	1 33	531.3135649347767
423	1 8	1 10	1 33	1 35	-105.57185021595859
424	1 8	1 10	1 35	1 37	-146.53867047342519
425	1 8	1 10	1 37	1 39	-177.02933360241917
426	1 8	1 10	1 39	1 41	348.7406598505576
427	1 8	1 10	1 41	1 43	-70.50946700895348
428	1 8	1 10	1 43	1 45	-100.58820021612436
429	1 8	1 10	1 45	1 47	-112.48519244034337
430	1 8	1 10	1 47	1 49	231.10256584032442
431	1 8	1 10	1 32	1 34	581.2097070574148
432	1 8	1 10	1 34	1 36	-124.97581195879737
433	1 8	1 10	1 36	1 38	-163.35233282974076
434	1 8	1 10	1 38	1 40	-168.49291563699958
435	1 8	1 10	1 40	1 42	394.56168271531567
436	1 8	1 10	1 42	1 44	-84.89137720917186
437	1 8	1 10	1 44	1 46	-113.22829684878144
438	1 8	1 10	1 46	1 48	-104.6124375481315
439	1 8	1 10	1 48	1 50	264.9867442566883
440	1 8	1 10	1 50	1 52	-58.057731853603784
441	1 8	1 10	1 49	1 51	-44.12249942187096
442	1 8	1 10	1 51	1 53	-73.08605056744744
443	1 8	1 10	1 53	1 55	-83.29233451727478
444	1 8	1 10	1 55	1 57	167.2363112338517
445	1 8	1 10	1 57	1 59	-26.276010057258322
446	1 8	1 10	1 59	1 61	-49.684444653269075
447	1 8	1 10	1 61	1 63	-59.66161551379314
448	1 8	1 10	1 63	1 65	119.88648195231443
449	1 8	1 10	1 65	1 67	-20.945329437160005
450	1 8	1 10	1 67	1 69	-34.562158075617965
451	1 8	1 10	1 52	1 54	-78.42808384067045
452	1 8	1 10	1 54	1 56	-72.08055376899021
453	1 8	1 10	1 56	1 58	185.61045024156033
454	1 8	1 10	1 58	1 60	-43.249010716438136
455	1 8	1 10	1 60	1 62	-54.54178293383097
456	1 8	1 10	1 62	1 64	-50.232193873552355
457	1 8	1 10	1 64	1 66	133.9650269863435
458	1 8	1 10	1 66	1 68	-31.891647085202738
459	1 8	1 10	1 68	1 70	-36.870403012970584
460	1 8	1 10	1 70	1 72	-24.466430782116625
461	1 8	1 10	1 69	1 71	-36.09064540115678
462	1 8	1 10	1 71	1 1	681.9346313424913
463	1 9	1 11	1 10	1 12	382.58638300946325
464	1 9	1 11	1 12	1 14	-81.75864810376964
465	1 9	1 11	1 14	1 16	-22.511461449414895
466	1 9	1 11	1 18	1 20	263.0891588246591
467	1 9	1 11	1 20	1 22	-33.41542911783245
468	1 9	1 11	1 22	1 24	-17.419768050999764
469	1 9	1 11	1 24	1 26	-165.0602742443637
470	1 9	1 11	1 26	1 28	147.27069381249487
471	1 9	1 11	1 28	1 30	10.141896154760051
472	1 9	1 11	1 13	1 15	-37.98314442357689
473	1 9	1 11	1 17	1 19	499.1563238737986
474	1 9	1 11	1 21	1 23	-24.30106546427129
475	1 9	1 11	1 23	1 25	-293.714939965193
476	1 9	1 11	1 25	1 27	229.68398521724367
477	1 9	1 11	1 27	1 29	53.659293663729436
478	1 9	1 11	1 31	1 33	-184.05992979838385
479	1 9	1 11	1 32	1 34	-117.12045104235479
480	1 9	1 11	1 34	1 36	81.17168408391237
481	1 9	1 11	1 38	1 40	5.159895513121889
482	1 9	1 11	1 40	1 42	-88.88963623949556
483	1 9	1 11	1 42	1 44	48.24400757008111
484	1 9	1 11	1 44	1 46	21.957735598005733
485	1 9	1 11	1 48	1 50	-66.11673604976713
486	1 9	1 11	1 33	1 35	116.7159929221892
487	1 9	1 11	1 35	1 37	46.91474697486346
488	1 9	1 11	1 37	1 39	8.136637992067469
489	1 9	1 11	1 39	1 41	-118.56288417301926
490	1 9	1 11	1 41	1 43	59.81959039090877
491	1 9	1 11	1 43	1 45	33.88771137778055
492	1 9	1 11	1 45	1 47	12.584344739532687
493	1 9	1 11	1 47	1 49	-76.86352100447473
494	1 9	1 11	1 49	1 51	29.701032412391122
495	1 9	1 11	1 51	1 53	24.64389049640001
496	1 9	1 11	1 50	1 52	29.77421911433792
497	1 9	1 11	1 56	1 58	-49.22240118910885
498	1 9	1 11	1 58	1 60	18.904002133899105
499	1 9	1 11	1 60	1 62	14.456582414003272
500	1 9	1 11	1 62	1 64	8.514563255330522
501	1 9	1 11	1 64	1 66	-37.22492336224991
502	1 9	1 11	1 66	1 68	12.533953162127391
503	1 9	1 11	1 68	1 70	10.434823419267037
504	1 9	1 11	1 53	1 55	14.072838801970157
505	1 9	1 11	1 55	1 57	-52.52664609053498
506	1 9	1 11	1 57	1 59	14.394607884756892
507	1 9	1 11	1 59	1 61	17.565454655089244
508	1 9	1 11	1 61	1 63	12.505833774951423
509	1 9	1 11	1 63	1 65	-37.42639707487448
510	1 9	1 11	1 65	1 67	9.32033500075792
511	1 9	1 11	1 67	1 69	11.80232702276313
512	1 9	1 11	1 69	1 71	8.972234383000512
513	1 9	1 11	1 71	1 1	-567.388804319542
514	1 9	1 11	1 72	1 2	-227.64468971520955
515	1 10	1 12	1 13	1 15	-81.8774488493605
516	1 10	1 12	1 17	1 19	237.99769034320093
517	1 10	1 12	1 19	1 21	212.80000490144863
518	1 10	1 12	1 21	1 23	-32.78239454545505
519	1 10	1 12	1 23	1 25	-301.3962463872638
520	1 10	1 12	1 25	1 27	146.02624244984253
521	1 10	1 12	1 27	1 29	120.72563022036675
522	1 10	1 12	1 29	1 31	9.682045164052044
523	1 10	1 12	1 14	1 16	-37.63394089815483
524	1 10	1 12	1 18	1 20	400.06349190068954
525	1 10	1 12	1 22	1 24	-25.90946405678978
526	1 10	1 12	1 24	1 26	-239.51532206322554
527	1 10	1 12	1 26	1 28	170.12550290551042
528	1 10	1 12	1 28	1 30	51.082914296738
529	1 10	1 12	1 30	1 32	-2.7634423584438155
530	1 10	1 12	1 33	1 35	86.22185157053244
531	1 10	1 12	1 35	1 37	69.18060026803192
532	1 10	1 12	1 37	1 39	21.099758790954937
533	1 10	1 12	1 39	1 41	-130.1644774400445
534	1 10	1 12	1 41	1 43	49.03238401073213
535	1 10	1 12	1 43	1 45	42.91467113890813
536	1 10	1 12	1 45	1 47	21.40754855076934
537	1 10	1 12	1 47	1 49	-85.75706198142504
538	1 10	1 12	1 49	1 51	26.33684130947389
539	1 10	1 12	1 34	1 36	85.23285163124407
540	1 10	1 12	1 36	1 38	41.443886532677794
541	1 10	1 12	1 38	1 40	12.668488743707226
542	1 10	1 12	1 40	1 42	-112.62322883081623
543	1 10	1 12	1 42	1 44	48.913288170898525
544	1 10	1 12	1 44	1 46	32.97037983203907
545	1 10	1 12	1 46	1 48	13.550302179203387
546	1 10	1 12	1 48	1 50	-80.47827022375216
547	1 10	1 12	1 50	1 52	29.848601394826616
548	1 10	1 12	1 52	1 54	24.509908990015425
549	1 10	1 12	1 51	1 53	29.11177970320028
550	1 10	1 12	1 53	1 55	19.884427854338398
551	1 10	1 12	1 55	1 57	-59.59424694023686
552	1 10	1 12	1 57	1 59	13.591314505149837
553	1 10	1 12	1 59	1 61	19.66344032793534
554	1 10	1 12	1 61	1 63	16.239836416837576
555	1 10	1 12	1 63	1 65	-42.489372763662445
556	1 10	1 12	1 65	1 67	9.431847888667585
557	1 10	1 12	1 67	1 69	13.149187697670635
558	1 10	1 12	1 69	1 71	11.005334759569958
559	1 10	1 12	1 54	1 56	13.279564082551888
560	1 10	1 12	1 56	1 58	-58.582978338869715
561	1 10	1 12	1 58	1 60	19.609522858931875
562	1 10	1 12	1 60	1 62	17.84034779369778
563	1 10	1 12	1 62	1 64	11.711269283678732
564	1 10	1 12	1 64	1 66	-43.76161923459435
565	1 10	1 12	1 66	1 68	13.341958304141208
566	1 10	1 12	1 68	1 70	12.418532708629826
567	1 10	1 12	1 70	1 72	6.51520953574836
568	1 10	1 12	1 71	1 1	-418.7162209282643
569	1 11	1 13	1 12	1 14	258.8350076605602
570	1 11	1 13	1 18	1 20	180.84527092046338
571	1 11	1 13	1 20	1 22	202.3105446350809
572	1 11	1 13	1 22	1 24	-36.00766660633988
573	1 11	1 13	1 24	1 26	-265.96624787333883
574	1 11	1 13	1 26	1 28	105.27322710303437
575	1 11	1 13	1 28	1 30	116.53026469329653
576	1 11	1 13	1 30	1 32	10.94247145974186
577	1 11	1 13	1 17	1 19	-8.982458658980725
578	1 11	1 13	1 23	1 25	-282.42637534430133
579	1 11	1 13	1 25	1 27	43.49068245249848
580	1 11	1 13	1 27	1 29	144.92848392533057
581	1 11	1 13	1 29	1 31	50.97543411211927
582	1 11	1 13	1 31	1 33	-192.38474991827394
583	1 11	1 13	1 33	1 35	41.83464046405458
584	1 11	1 13	1 32	1 34	-177.64178066640176
585	1 11	1 13	1 34	1 36	60.67015944516979
586	1 11	1 13	1 36	1 38	63.97561491799431
587	1 11	1 13	1 38	1 40	27.593112407854562
588	1 11	1 13	1 40	1 42	-124.4863330103432
589	1 11	1 13	1 42	1 44	37.39829085411511
590	1 11	1 13	1 44	1 46	41.57049563113744
591	1 11	1 13	1 46	1 48	22.821081642443943
592	1 11	1 13	1 48	1 50	-87.04406204581542
593	1 11	1 13	1 50	1 52	24.12814166058171
594	1 11	1 13	1 35	1 37	73.57643680285243
595	1 11	1 13	1 37	1 39	44.530607333715835
596	1 11	1 13	1 39	1 41	-127.66689885173928
597	1 11	1 13	1 41	1 43	29.60437449666173
598	1 11	1 13	1 43	1 45	43.372144871937465
599	1 11	1 13	1 45	1 47	32.46998615728361
600	1 11	1 13	1 47	1 49	-85.22988855116515
601	1 11	1 13	1 49	1 51	18.08842028901877
602	1 11	1 13	1 51	1 53	28.585708364583745
603	1 11	1 13	1 53	1 55	25.5580283582267
604	1 11	1 13	1 54	1 56	19.083678907821074
605	1 11	1 13	1 56	1 58	-62.10278467754003
606	1 11	1 13	1 58	1 60	16.88988969277622
607	1 11	1 13	1 60	1 62	19.090242613396946
608	1 11	1 13	1 62	1 64	14.64025796852107
609	1 11	1 13	1 64	1 66	-45.52161627564146
610	1 11	1 13	1 66	1 68	12.015546253584919
611	1 11	1 13	1 68	1 70	12.829304997868004
612	1 11	1 13	1 70	1 72	7.666216322154169
613	1 11	1 13	1 55	1 57	-59.25016876322519
614	1 11	1 13	1 57	1 59	10.633191165906815
615	1 11	1 13	1 59	1 61	18.708033369754858
616	1 11	1 13	1 61	1 63	19.036191229269726
617	1 11	1 13	1 63	1 65	-42.20276815429524
618	1 11	1 13	1 65	1 67	8.011866018824158
619	1 11	1 13	1 67	1 69	12.627450553810124
620	1 11	1 13	1 69	1 71	12.042659582200642
621	1 11	1 13	1 71	1 1	-245.51520401303202
622	1 11	1 13	1 72	1 2	-257.4929095826893
623	1 12	1 14	1 13	1 15	343.79286927516176
624	1 12	1 14	1 17	1 19	-32.62851846278804
625	1 12	1 14	1 19	1 21	187.69401296320444
626	1 12	1 14	1 21	1 23	225.23556062997477
627	1 12	1 14	1 25	1 27	5.856418921734377
628	1 12	1 14	1 27	1 29	110.2528632228356
629	1 12	1 14	1 31	1 33	-215.61582134285263
630	1 12	1 14	1 20	1 22	375.94465503362846
631	1 12	1 14	1 22	1 24	15.748377226492721
632	1 12	1 14	1 24	1 26	-341.88620379837033
633	1 12	1 14	1 26	1 28	40.73862787911713
634	1 12	1 14	1 28	1 30	163.7731873057182
635	1 12	1 14	1 30	1 32	66.25114877161056
636	1 12	1 14	1 34	1 36	36.765726362094554
637	1 12	1 14	1 33	1 35	19.663996332221082
638	1 12	1 14	1 35	1 37	64.43335887768674
639	1 12	1 14	1 37	1 39	82.70139170515773
640	1 12	1 14	1 39	1 41	-141.74938393450154
641	1 12	1 14	1 41	1 43	18.502769231073966
642	1 12	1 14	1 43	1 45	42.13425427178168
643	1 12	1 14	1 45	1 47	49.7871862742017
644	1 12	1 14	1 47	1 49	-92.72899674667579
645	1 12	1 14	1 49	1 51	13.382149233885201
646	1 12	1 14	1 51	1 53	29.22308858745803
647	1 12	1 14	1 36	1 38	83.66371281659049
648	1 12	1 14	1 38	1 40	62.55726504381908
649	1 12	1 14	1 42	1 44	28.70217856560504
650	1 12	1 14	1 44	1 46	51.25042766953004
651	1 12	1 14	1 46	1 48	41.504665211609364
652	1 12	1 14	1 48	1 50	-106.3738640374533
653	1 12	1 14	1 50	1 52	20.697506423543636
654	1 12	1 14	1 52	1 54	33.0591771274416
655	1 12	1 14	1 54	1 56	29.115069919180396
656	1 12	1 14	1 53	1 55	34.960248033877804
657	1 12	1 14	1 55	1 57	-65.90996631593569
658	1 12	1 14	1 57	1 59	8.920880684011069
659	1 12	1 14	1 59	1 61	19.424447443875668
660	1 12	1 14	1 61	1 63	24.45210434062608
661	1 12	1 14	1 63	1 65	-46.92122796521381
662	1 12	1 14	1 65	1 67	7.630194012470889
663	1 12	1 14	1 67	1 69	13.454911604821218
664	1 12	1 14	1 69	1 71	14.635522411468905
665	1 12	1 14	1 56	1 58	-73.70232774695995
666	1 12	1 14	1 58	1 60	15.917731554662609
667	1 12	1 14	1 60	1 62	22.186670870095686
668	1 12	1 14	1 62	1 64	20.38693911103688
669	1 12	1 14	1 64	1 66	-53.066366136663945
670	1 12	1 14	1 66	1 68	12.024977779377407
671	1 12	1 14	1 68	1 70	14.7309555309037
672	1 12	1 14	1 70	1 72	9.816968401783196
673	1 13	1 15	1 14	1 16	372.92151161878365
674	1 13	1 15	1 18	1 20	-33.46725091765795
675	1 13	1 15	1 20	1 22	209.31088456927407
676	1 13	1 15	1 22	1 24	301.57129781501834
677	1 13	1 15	1 26	1 28	5.55402336859359
678	1 13	1 15	1 28	1 30	132.53980971179544
679	1 13	1 15	1 30	1 32	170.87869849727446
680	1 13	1 15	1 32	1 34	-275.82893261564215
681	1 13	1 15	1 17	1 19	-24.195305062581497
682	1 13	1 15	1 21	1 23	422.0011422863314
683	1 13	1 15	1 23	1 25	-377.5252196866028
684	1 13	1 15	1 25	1 27	-5.509484960602578
685	1 13	1 15	1 27	1 29	45.115123586580694
686	1 13	1 15	1 29	1 31	209.8878181453286
687	1 13	1 15	1 33	1 35	7.585651816703928
688	1 13	1 15	1 35	1 37	41.827596993112124
689	1 13	1 15	1 34	1 36	17.343585412803463
690	1 13	1 15	1 36	1 38	78.0855150482484
691	1 13	1 15	1 38	1 40	105.72699279087102
692	1 13	1 15	1 40	1 42	-179.09432030404838
693	1 13	1 15	1 42	1 44	19.144558054496613
694	1 13	1 15	1 44	1 46	51.29460649954143
695	1 13	1 15	1 46	1 48	60.643528217349896
696	1 13	1 15	1 48	1 50	-117.31645484985921
697	1 13	1 15	1 50	1 52	16.056287117041883
698	1 13	1 15	1 52	1 54	33.60235955969334
699	1 13	1 15	1 37	1 39	109.5171725964372
700	1 13	1 15	1 41	1 43	10.604397517180791
701	1 13	1 15	1 43	1 45	34.02881107145305
702	1 13	1 15	1 45	1 47	61.09497641913134
703	1 13	1 15	1 47	1 49	-91.93808688806183
704	1 13	1 15	1 49	1 51	9.219560585720064
705	1 13	1 15	1 51	1 53	26.11176326059664
706	1 13	1 15	1 53	1 55	40.69781479517052
707	1 13	1 15	1 55	1 57	-65.94833184888296
708	1 13	1 15	1 54	1 56	38.08667919998268
709	1 13	1 15	1 56	1 58	-79.12370926504607
710	1 13	1 15	1 58	1 60	13.745584696967885
711	1 13	1 15	1 60	1 62	22.690441764695628
712	1 13	1 15	1 62	1 64	24.631762178444895
713	1 13	1 15	1 64	1 66	-55.935422179492136
714	1 13	1 15	1 66	1 68	11.039193093457449
715	1 13	1 15	1 68	1 70	15.068994581742697
716	1 13	1 15	1 70	1 72	11.221315394924371
717	1 13	1 15	1 57	1 59	7.109747617540236
718	1 13	1 15	1 59	1 61	17.998994840148505
719	1 13	1 15	1 61	1 63	27.430278038459292
720	1 13	1 15	1 63	1 65	-47.470835380509406
721	1 13	1 15	1 65	1 67	6.738783985776573
722	1 13	1 15	1 67	1 69	12.966375992557378
723	1 13	1 15	1 69	1 71	15.85650152206885
724	1 14	1 16	1 17	1 19	-15.459781433192447
725	1 14	1 16	1 19	1 21	-33.68575340125504
726	1 14	1 16	1 21	1 23	259.6473701324184
727	1 14	1 16	1 25	1 27	-6.132270515833326
728	1 14	1 16	1 27	1 29	8.540709953644305
729	1 14	1 16	1 29	1 31	170.65675818566325
730	1 14	1 16	1 18	1 20	-22.361498286332257
731	1 14	1 16	1 20	1 22	-8.34797960069259
732	1 14	1 16	1 22	1 24	540.4818133160682
733	1 14	1 16	1 24	1 26	-493.01908585945574
734	1 14	1 16	1 26	1 28	-3.6450165588908114
735	1 14	1 16	1 28	1 30	58.23250079957182
736	1 14	1 16	1 30	1 32	231.45084881003083
737	1 14	1 16	1 34	1 36	6.8023930239457915
738	1 14	1 16	1 36	1 38	52.49800841857588
739	1 14	1 16	1 35	1 37	21.17659657210335
740	1 14	1 16	1 37	1 39	97.47136227378387
741	1 14	1 16	1 39	1 41	-107.66510206361401
742	1 14	1 16	1 41	1 43	5.715529153809275
743	1 14	1 16	1 43	1 45	22.73322991656036
744	1 14	1 16	1 45	1 47	55.218897278588585
745	1 14	1 16	1 47	1 49	-73.23118810289654
746	1 14	1 16	1 49	1 51	5.806178365379312
747	1 14	1 16	1 51	1 53	19.33674628789916
748	1 14	1 16	1 53	1 55	36.59195350996215
749	1 14	1 16	1 38	1 40	120.09859279539725
750	1 14	1 16	1 42	1 44	11.255965137383562
751	1 14	1 16	1 44	1 46	39.30188049041898
752	1 14	1 16	1 46	1 48	64.30186075009094
753	1 14	1 16	1 48	1 50	-104.38586204198565
754	1 14	1 16	1 50	1 52	10.88340801232917
755	1 14	1 16	1 52	1 54	27.10593123025778
756	1 14	1 16	1 54	1 56	37.86117722076591
757	1 14	1 16	1 56	1 58	-69.02319376695748
758	1 14	1 16	1 55	1 57	-54.25267788171821
759	1 14	1 16	1 57	1 59	5.023056271815173
760	1 14	1 16	1 59	1 61	13.917621800110727
761	1 14	1 16	1 61	1 63	24.323711696487866
762	1 14	1 16	1 63	1 65	-39.229912288480946
763	1 14	1 16	1 65	1 67	5.11283559528626
764	1 14	1 16	1 67	1 69	10.379464487901778
765	1 14	1 16	1 69	1 71	13.743965358393218
766	1 14	1 16	1 58	1 60	10.186523679371689
767	1 14	1 16	1 60	1 62	18.781067095894706
768	1 14	1 16	1 62	1 64	23.232704239153612
769	1 14	1 16	1 64	1 66	-48.12184244486632
770	1 14	1 16	1 66	1 68	8.573751198341533
771	1 14	1 16	1 68	1 70	12.629595159961287
772	1 14	1 16	1 70	1 72	10.193061800742091
773	1 15	1 17	1 16	1 18	1144.3729915368576
774	1 15	1 17	1 24	1 26	899.58284457478
775	1 15	1 17	1 32	1 34	610.68019723573
776	1 15	1 17	1 19	1 21	-324.47894425596814
777	1 15	1 17	1 23	1 25	1033.3266041816871
778	1 15	1 17	1 31	1 33	672.7389755854166
779	1 15	1 17	1 36	1 38	-171.248830037466
780	1 15	1 17	1 38	1 40	-140.55570049029353
781	1 15	1 17	1 40	1 42	436.4988346123382
782	1 15	1 17	1 42	1 44	-129.83457518375644
783	1 15	1 17	1 44	1 46	-125.41819662727765
784	1 15	1 17	1 46	1 48	-94.19531523421993
785	1 15	1 17	1 48	1 50	303.4103765993401
786	1 15	1 17	1 50	1 52	-84.9480363421122
787	1 15	1 17	1 52	1 54	-89.16352817934214
788	1 15	1 17	1 54	1 56	-69.66628105362872
789	1 15	1 17	1 39	1 41	443.96024422073083
790	1 15	1 17	1 41	1 43	-132.06804977173144
791	1 15	1 17	1 43	1 45	-128.7271067745929
792	1 15	1 17	1 45	1 47	-112.24803153644436
793	1 15	1 17	1 47	1 49	293.5296580377117
794	1 15	1 17	1 49	1 51	-72.801198080044
795	1 15	1 17	1 51	1 53	-91.91836492579542
796	1 15	1 17	1 53	1 55	-86.934215840404
797	1 15	1 17	1 55	1 57	204.0624602977325
798	1 15	1 17	1 57	1 59	-39.41691140688874
799	1 15	1 17	1 56	1 58	216.40721218248456
800	1 15	1 17	1 58	1 60	-59.568512491720455
801	1 15	1 17	1 60	1 62	-63.81356303570244
802	1 15	1 17	1 62	1 64	-52.28579294474274
803	1 15	1 17	1 64	1 66	158.15408297570605
804	1 15	1 17	1 66	1 68	-42.214768057563305
805	1 15	1 17	1 68	1 70	-43.89098509258107
806	1 15	1 17	1 70	1 72	-26.723970244629637
807	1 15	1 17	1 59	1 61	-63.33596555766161
808	1 15	1 17	1 61	1 63	-65.37116325264311
809	1 15	1 17	1 63	1 65	146.38934941604995
810	1 15	1 17	1 65	1 67	-28.989186820916977
811	1 15	1 17	1 67	1 69	-43.58422037996233
812	1 15	1 17	1 69	1 71	-41.56513140841014
813	1 16	1 18	1 19	1 21	-393.4721778170009
814	1 16	1 18	1 21	1 23	-433.86313933341023
815	1 16	1 18	1 23	1 25	870.2536563339745
816	1 16	1 18	1 27	1 29	-279.25203617244773
817	1 16	1 18	1 31	1 33	613.1691385609813
818	1 16	1 18	1 33	1 35	-116.93541390368236
819	1 16	1 18	1 24	1 26	1090.4753517562506
820	1 16	1 18	1 26	1 28	-270.7659176029963
821	1 16	1 18	1 32	1 34	675.4544823003504
822	1 16	1 18	1 37	1 39	-207.19076931737283
823	1 16	1 18	1 39	1 41	412.48785895025185
824	1 16	1 18	1 41	1 43	-81.40986139498273
825	1 16	1 18	1 43	1 45	-121.18925530825317
826	1 16	1 18	1 45	1 47	-132.7417112724358
827	1 16	1 18	1 47	1 49	272.48978522044655
828	1 16	1 18	1 49	1 51	-50.693546561056785
829	1 16	1 18	1 51	1 53	-85.8743020122283
830	1 16	1 18	1 53	1 55	-97.04497211236182
831	1 16	1 18	1 55	1 57	195.10280634964988
832	1 16	1 18	1 40	1 42	461.9098136537791
833	1 16	1 18	1 42	1 44	-101.74887007151781
834	1 16	1 18	1 44	1 46	-133.93516892051488
835	1 16	1 18	1 46	1 48	-123.25595825680176
836	1 16	1 18	1 48	1 50	313.4520950621628
837	1 16	1 18	1 50	1 52	-68.89901201952787
838	1 16	1 18	1 52	1 54	-91.99643840051804
839	1 16	1 18	1 54	1 56	-84.19777221034562
840	1 16	1 18	1 56	1 58	217.25706031392903
841	1 16	1 18	1 58	1 60	-50.54563935476235
842	1 16	1 18	1 57	1 59	-30.77751478300177
843	1 16	1 18	1 59	1 61	-58.71341115291574
844	1 16	1 18	1 61	1 63	-70.17710641025931
845	1 16	1 18	1 63	1 65	140.69631644841854
846	1 16	1 18	1 65	1 67	-24.59696431709971
847	1 16	1 18	1 67	1 69	-40.7621232743535
848	1 16	1 18	1 69	1 71	-42.76716431166841
849	1 16	1 18	1 60	1 62	-64.16619080779944
850	1 16	1 18	1 62	1 64	-58.88413692606292
851	1 16	1 18	1 64	1 66	156.71855273245137
852	1 16	1 18	1 66	1 68	-37.50043883081767
853	1 16	1 18	1 68	1 70	-43.40679930704553
854	1 16	1 18	1 70	1 72	-28.668817637645944
855	1 17	1 19	1 18	1 20	271.4155462673018
856	1 17	1 19	1 20	1 22	-68.58477748770787
857	1 17	1 19	1 22	1 24	-17.993775542504384
858	1 17	1 19	1 26	1 28	195.50136314350874
859	1 17	1 19	1 28	1 30	-30.320647223716037
860	1 17	1 19	1 30	1 32	-11.925312260270847
861	1 17	1 19	1 34	1 36	115.28216290452455
862	1 17	1 19	1 36	1 38	5.70514601457443
863	1 17	1 19	1 21	1 23	-30.55031257968459
864	1 17	1 19	1 25	1 27	433.7358153563746
865	1 17	1 19	1 29	1 31	-19.856024905815033
866	1 17	1 19	1 33	1 35	198.04255116818007
867	1 17	1 19	1 35	1 37	43.369175322524995
868	1 17	1 19	1 37	1 39	-2.83738352990515
869	1 17	1 19	1 40	1 42	-102.67150598592681
870	1 17	1 19	1 42	1 44	69.36484228182803
871	1 17	1 19	1 44	1 46	19.478068705279938
872	1 17	1 19	1 46	1 48	3.7016390932297862
873	1 17	1 19	1 48	1 50	-78.42359839654986
874	1 17	1 19	1 50	1 52	42.06016490285933
875	1 17	1 19	1 52	1 54	20.139219010991695
876	1 17	1 19	1 54	1 56	7.35227933573165
877	1 17	1 19	1 56	1 58	-59.897126848386364
878	1 17	1 19	1 41	1 43	96.00665870327936
879	1 17	1 19	1 43	1 45	39.19016213895695
880	1 17	1 19	1 45	1 47	8.246703002801572
881	1 17	1 19	1 47	1 49	-99.07408573858501
882	1 17	1 19	1 49	1 51	45.727029478511284
883	1 17	1 19	1 51	1 53	30.543470007564935
884	1 17	1 19	1 53	1 55	13.269353413209583
885	1 17	1 19	1 55	1 57	-66.2870392518176
886	1 17	1 19	1 57	1 59	21.03452967226925
887	1 17	1 19	1 59	1 61	22.45598932837064
888	1 17	1 19	1 58	1 60	26.187238023747035
889	1 17	1 19	1 60	1 62	17.043476844774116
890	1 17	1 19	1 62	1 64	8.699780943385306
891	1 17	1 19	1 64	1 66	-45.798948633682684
892	1 17	1 19	1 66	1 68	16.975296667597796
893	1 17	1 19	1 68	1 70	12.806806767633287
894	1 17	1 19	1 70	1 72	5.733101174915513
895	1 17	1 19	1 61	1 63	13.463340325416455
896	1 17	1 19	1 63	1 65	-47.17534111155241
897	1 17	1 19	1 65	1 67	13.012753139703523
898	1 17	1 19	1 67	1 69	15.206253322324892
899	1 17	1 19	1 69	1 71	10.454731658303924
900	1 18	1 20	1 19	1 21	241.03456519872952
901	1 18	1 20	1 21	1 23	-66.81882431124943
902	1 18	1 20	1 25	1 27	201.61694002972246
903	1 18	1 20	1 27	1 29	164.8369743996481
904	1 18	1 20	1 29	1 31	-29.46278386313526
905	1 18	1 20	1 33	1 35	119.738408028887
906	1 18	1 20	1 35	1 37	93.59327096804869
907	1 18	1 20	1 37	1 39	5.567711068415772
908	1 18	1 20	1 22	1 24	-31.560259318419828
909	1 18	1 20	1 26	1 28	320.4240990797282
910	1 18	1 20	1 30	1 32	-18.87608157915484
911	1 18	1 20	1 34	1 36	131.53478851545822
912	1 18	1 20	1 36	1 38	35.02040309303326
913	1 18	1 20	1 38	1 40	1.2803892262061898
914	1 18	1 20	1 39	1 41	-156.09624895764443
915	1 18	1 20	1 41	1 43	67.09211680653787
916	1 18	1 20	1 43	1 45	55.208021788945366
917	1 18	1 20	1 45	1 47	17.4386769101263
918	1 18	1 20	1 47	1 49	-103.06093941156416
919	1 18	1 20	1 49	1 51	35.38719706744703
920	1 18	1 20	1 51	1 53	36.46430136338623
921	1 18	1 20	1 53	1 55	19.8837833246601
922	1 18	1 20	1 55	1 57	-71.41677902837765
923	1 18	1 20	1 57	1 59	17.861519350094728
924	1 18	1 20	1 42	1 44	68.2217311831771
925	1 18	1 20	1 44	1 46	35.16134295125272
926	1 18	1 20	1 46	1 48	8.306585982010581
927	1 18	1 20	1 48	1 50	-92.04230616522169
928	1 18	1 20	1 50	1 52	39.85529433205759
929	1 18	1 20	1 52	1 54	27.94688040512198
930	1 18	1 20	1 54	1 56	11.678600402812606
931	1 18	1 20	1 56	1 58	-68.05398025426871
932	1 18	1 20	1 58	1 60	25.301931816814523
933	1 18	1 20	1 60	1 62	20.750346038497412
934	1 18	1 20	1 59	1 61	24.492244038927893
935	1 18	1 20	1 61	1 63	17.655460352405584
936	1 18	1 20	1 63	1 65	-50.821952908269836
937	1 18	1 20	1 65	1 67	12.081538304381645
938	1 18	1 20	1 67	1 69	16.176567654383298
939	1 18	1 20	1 69	1 71	12.557515538604349
940	1 18	1 20	1 62	1 64	11.796549229545247
941	1 18	1 20	1 64	1 66	-50.918237202563084
942	1 18	1 20	1 66	1 68	16.823617873184524
943	1 18	1 20	1 68	1 70	14.68692736994345
944	1 18	1 20	1 70	1 72	7.198626319482521
945	1 19	1 21	1 20	1 22	233.45063473683462
946	1 19	1 21	1 22	1 24	-77.5288918776118
947	1 19	1 21	1 26	1 28	162.05238644748906
948	1 19	1 21	1 28	1 30	166.7284391169897
949	1 19	1 21	1 30	1 32	-31.346790921829474
950	1 19	1 21	1 34	1 36	91.12494915934053
951	1 19	1 21	1 36	1 38	90.61138804769493
952	1 19	1 21	1 38	1 40	13.036601855580916
953	1 19	1 21	1 25	1 27	-2.299639402376072
954	1 19	1 21	1 27	1 29	296.3572254260157
955	1 19	1 21	1 29	1 31	-4.2326009370089945
956	1 19	1 21	1 33	1 35	41.00386252433509
957	1 19	1 21	1 35	1 37	122.58720305708812
958	1 19	1 21	1 37	1 39	37.47000700436181
959	1 19	1 21	1 39	1 41	-161.87225529100527
960	1 19	1 21	1 41	1 43	35.49848809671457
961	1 19	1 21	1 40	1 42	-153.19992928325155
962	1 19	1 21	1 42	1 44	53.3425364788662
963	1 19	1 21	1 44	1 46	56.87601043551389
964	1 19	1 21	1 46	1 48	19.787025163208163
965	1 19	1 21	1 48	1 50	-108.10505147894358
966	1 19	1 21	1 50	1 52	33.1669962692337
967	1 19	1 21	1 52	1 54	37.24257159883619
968	1 19	1 21	1 54	1 56	20.005508338499
969	1 19	1 21	1 56	1 58	-78.33089968681789
970	1 19	1 21	1 58	1 60	22.712660341645872
971	1 19	1 21	1 43	1 45	64.54868116700067
972	1 19	1 21	1 45	1 47	36.09577224335521
973	1 19	1 21	1 49	1 51	23.143719264744455
974	1 19	1 21	1 51	1 53	39.778576092840794
975	1 19	1 21	1 53	1 55	30.525239686130163
976	1 19	1 21	1 55	1 57	-76.67227777612685
977	1 19	1 21	1 57	1 59	13.711856789311362
978	1 19	1 21	1 59	1 61	25.302416604535313
979	1 19	1 21	1 61	1 63	23.574037668824253
980	1 19	1 21	1 60	1 62	25.000104086193605
981	1 19	1 21	1 62	1 64	17.06259172333663
982	1 19	1 21	1 64	1 66	-57.90350233462755
983	1 19	1 21	1 66	1 68	15.937533431891602
984	1 19	1 21	1 68	1 70	16.67425754876318
985	1 19	1 21	1 70	1 72	9.389148012747253
986	1 19	1 21	1 63	1 65	-54.70508496573584
987	1 19	1 21	1 65	1 67	10.582862609410286
988	1 19	1 21	1 67	1 69	16.707863833435336
989	1 19	1 21	1 69	1 71	15.259093113380764
990	1 20	1 22	1 21	1 23	243.48680429078365
991	1 20	1 22	1 25	1 27	-31.074888126089533
992	1 20	1 22	1 27	1 29	157.4404522624194
993	1 20	1 22	1 29	1 31	182.28191102070045
994	1 20	1 22	1 33	1 35	5.768874398472505
995	1 20	1 22	1 35	1 37	88.60141598535088
996	1 20	1 22	1 37	1 39	105.99587677067834
997	1 20	1 22	1 39	1 41	-175.08804838172668
998	1 20	1 22	1 26	1 28	-2.458144137955645
999	1 20	1 22	1 28	1 30	306.50859594142946
1000	1 20	1 22	1 34	1 36	32.8348037706123
1001	1 20	1 22	1 36	1 38	126.19017696520255
1002	1 20	1 22	1 38	1 40	56.55789715579973
1003	1 20	1 22	1 40	1 42	-183.78536906007378
1004	1 20	1 22	1 42	1 44	31.419130575287426
1005	1 20	1 22	1 41	1 43	15.069036342187566
1006	1 20	1 22	1 43	1 45	55.07781541235438
1007	1 20	1 22	1 45	1 47	62.62755363404074
1008	1 20	1 22	1 47	1 49	-112.94755514626931
1009	1 20	1 22	1 49	1 51	13.385111887242683
1010	1 20	1 22	1 51	1 53	36.80458329934783
1011	1 20	1 22	1 53	1 55	43.16440719115143
1012	1 20	1 22	1 55	1 57	-80.09970245915454
1013	1 20	1 22	1 57	1 59	9.867548804824498
1014	1 20	1 22	1 59	1 61	23.800612640715784
1015	1 20	1 22	1 44	1 46	69.40860802303936
1016	1 20	1 22	1 46	1 48	44.55805398456154
1017	1 20	1 22	1 48	1 50	-125.80883269380571
1018	1 20	1 22	1 50	1 52	23.80966303011276
1019	1 20	1 22	1 52	1 54	42.41647919229446
1020	1 20	1 22	1 54	1 56	33.54119886179163
1021	1 20	1 22	1 56	1 58	-88.46505444005098
1022	1 20	1 22	1 58	1 60	18.740202023104775
1023	1 20	1 22	1 60	1 62	27.56136083082868
1024	1 20	1 22	1 62	1 64	24.103568406931892
1025	1 20	1 22	1 61	1 63	29.893555398498254
1026	1 20	1 22	1 63	1 65	-56.7541368087836
1027	1 20	1 22	1 65	1 67	8.880098829211898
1028	1 20	1 22	1 67	1 69	16.312980536451576
1029	1 20	1 22	1 69	1 71	17.860237183313437
1030	1 20	1 22	1 71	1 1	-150.3269071794411
1031	1 20	1 22	1 64	1 66	-63.64139404858277
1032	1 20	1 22	1 66	1 68	14.318748607462888
1033	1 20	1 22	1 68	1 70	17.96901852429572
1034	1 20	1 22	1 70	1 72	11.857136798395826
1035	1 21	1 23	1 22	1 24	323.61111088950935
1036	1 21	1 23	1 26	1 28	-30.319084115152105
1037	1 21	1 23	1 28	1 30	190.67023582506994
1038	1 21	1 23	1 30	1 32	228.24700907758142
1039	1 21	1 23	1 34	1 36	3.9322722764114513
1040	1 21	1 23	1 36	1 38	110.50842058934697
1041	1 21	1 23	1 38	1 40	147.77457685129377
1042	1 21	1 23	1 40	1 42	-237.6719347209999
1043	1 21	1 23	1 25	1 27	-20.916117464105863
1044	1 21	1 23	1 27	1 29	-5.770616016019052
1045	1 21	1 23	1 29	1 31	397.68482912955096
1046	1 21	1 23	1 35	1 37	37.78469649543482
1047	1 21	1 23	1 37	1 39	173.0559973618457
1048	1 21	1 23	1 41	1 43	6.299534806930074
1049	1 21	1 23	1 43	1 45	39.52907521993939
1050	1 21	1 23	1 42	1 44	16.75261025511913
1051	1 21	1 23	1 44	1 46	69.93830359984182
1052	1 21	1 23	1 46	1 48	83.97989268233218
1053	1 21	1 23	1 48	1 50	-153.0425611605855
1054	1 21	1 23	1 50	1 52	17.086889173645005
1055	1 21	1 23	1 52	1 54	44.58258473119862
1056	1 21	1 23	1 54	1 56	52.26725886412457
1057	1 21	1 23	1 56	1 58	-103.16164114795723
1058	1 21	1 23	1 58	1 60	15.983757085571533
1059	1 21	1 23	1 60	1 62	29.610434791390475
1060	1 21	1 23	1 45	1 47	88.22505690948802
1061	1 21	1 23	1 49	1 51	8.213566056730029
1062	1 21	1 23	1 51	1 53	31.988290550316282
1063	1 21	1 23	1 53	1 55	56.13001067414208
1064	1 21	1 23	1 55	1 57	-84.81456295916138
1065	1 21	1 23	1 57	1 59	7.680885204222692
1066	1 21	1 23	1 59	1 61	22.286141762464467
1067	1 21	1 23	1 61	1 63	36.90676661064706
1068	1 21	1 23	1 63	1 65	-60.718473667568944
1069	1 21	1 23	1 62	1 64	33.3883138934545
1070	1 21	1 23	1 64	1 66	-72.69980616155307
1071	1 21	1 23	1 66	1 68	13.393505340608208
1072	1 21	1 23	1 68	1 70	19.52419914036849
1073	1 21	1 23	1 70	1 72	15.002382348387233
1074	1 21	1 23	1 72	1 2	-143.35250022112805
1075	1 21	1 23	1 65	1 67	7.926424358287326
1076	1 21	1 23	1 67	1 69	16.26580610088188
1077	1 21	1 23	1 69	1 71	20.920753014171268
1078	1 22	1 24	1 25	1 27	-12.721632199758556
1079	1 22	1 24	1 27	1 29	-29.530077693389362
1080	1 22	1 24	1 29	1 31	250.04541255081966
1081	1 22	1 24	1 35	1 37	9.43368105899264
1082	1 22	1 24	1 37	1 39	143.57711179657838
1083	1 22	1 24	1 41	1 43	2.820967280099799
1084	1 22	1 24	1 26	1 28	-18.474515914659307
1085	1 22	1 24	1 30	1 32	438.98671895462047
1086	1 22	1 24	1 34	1 36	-2.271485119325822
1087	1 22	1 24	1 36	1 38	54.72808850647799
1088	1 22	1 24	1 38	1 40	200.5984664528005
1089	1 22	1 24	1 42	1 44	8.32299550018951
1090	1 22	1 24	1 44	1 46	48.77392367133676
1091	1 22	1 24	1 43	1 45	22.67132534897393
1092	1 22	1 24	1 45	1 47	80.08847424676884
1093	1 22	1 24	1 47	1 49	-93.55362503025901
1094	1 22	1 24	1 49	1 51	4.957091858250083
1095	1 22	1 24	1 51	1 53	22.53259853890588
1096	1 22	1 24	1 53	1 55	52.30816248626706
1097	1 22	1 24	1 55	1 57	-71.07447223154675
1098	1 22	1 24	1 57	1 59	5.392092786522109
1099	1 22	1 24	1 59	1 61	17.02207679354531
1100	1 22	1 24	1 61	1 63	34.18898615259265
1101	1 22	1 24	1 46	1 48	102.13365784492498
1102	1 22	1 24	1 48	1 50	-145.09642190716357
1103	1 22	1 24	1 50	1 52	10.943283800110164
1104	1 22	1 24	1 52	1 54	35.084313913857095
1105	1 22	1 24	1 54	1 56	57.530512979918505
1106	1 22	1 24	1 56	1 58	-95.0455049650561
1107	1 22	1 24	1 58	1 60	11.72378594078455
1108	1 22	1 24	1 60	1 62	24.801813321482438
1109	1 22	1 24	1 62	1 64	34.116931181056344
1110	1 22	1 24	1 64	1 66	-65.21335999177792
1111	1 22	1 24	1 63	1 65	-51.8136928536142
1112	1 22	1 24	1 65	1 67	6.090328165427675
1113	1 22	1 24	1 67	1 69	13.222146952780946
1114	1 22	1 24	1 69	1 71	19.047874476044257
1115	1 22	1 24	1 71	1 1	-103.28420642519893
1116	1 22	1 24	1 66	1 68	10.524015063519164
1117	1 22	1 24	1 68	1 70	16.776240671129035
1118	1 22	1 24	1 70	1 72	14.585879113558644
1119	1 23	1 25	1 24	1 26	943.2462519098549
1120	1 23	1 25	1 32	1 34	748.8788580548498
1121	1 23	1 25	1 34	1 36	-260.0609999600655
1122	1 23	1 25	1 40	1 42	538.393353321228
1123	1 23	1 25	1 29	1 31	-357.67911916450157
1124	1 23	1 25	1 33	1 35	-352.572024935837
1125	1 23	1 25	1 39	1 41	575.4611529451138
1126	1 23	1 25	1 44	1 46	-156.73616665255892
1127	1 23	1 25	1 46	1 48	-109.92302930573172
1128	1 23	1 25	1 48	1 50	382.1488685692681
1129	1 23	1 25	1 50	1 52	-115.08095438674667
1130	1 23	1 25	1 52	1 54	-112.87364521713097
1131	1 23	1 25	1 54	1 56	-83.62867695346705
1132	1 23	1 25	1 56	1 58	273.8880726693603
1133	1 23	1 25	1 58	1 60	-79.07733846408132
1134	1 23	1 25	1 60	1 62	-80.78334773850531
1135	1 23	1 25	1 62	1 64	-63.82464586147417
1136	1 23	1 25	1 47	1 49	376.81133432539684
1137	1 23	1 25	1 49	1 51	-102.684410485348
1138	1 23	1 25	1 51	1 53	-119.06660632204873
1139	1 23	1 25	1 53	1 55	-107.53487032035761
1140	1 23	1 25	1 55	1 57	264.60051532186947
1141	1 23	1 25	1 57	1 59	-54.15355221144749
1142	1 23	1 25	1 59	1 61	-82.41736914737962
1143	1 23	1 25	1 61	1 63	-81.56374366082173
1144	1 23	1 25	1 63	1 65	188.82161096978106
1145	1 23	1 25	1 65	1 67	-38.73821938449969
1146	1 23	1 25	1 64	1 66	202.30586622679644
1147	1 23	1 25	1 66	1 68	-55.796324078220636
1148	1 23	1 25	1 68	1 70	-56.22909584168954
1149	1 23	1 25	1 70	1 72	-33.576972661274986
1150	1 23	1 25	1 72	1 2	238.80068681318681
1151	1 23	1 25	1 67	1 69	-56.480531703137785
1152	1 23	1 25	1 69	1 71	-52.353527718614146
1153	1 23	1 25	1 71	1 1	335.38644574089136
1154	1 24	1 26	1 25	1 27	-140.45832810626095
1155	1 24	1 26	1 27	1 29	-333.352431166473
1156	1 24	1 26	1 29	1 31	-393.14801289170083
1157	1 24	1 26	1 31	1 33	753.1339777273712
1158	1 24	1 26	1 33	1 35	-120.18160394538731
1159	1 24	1 26	1 35	1 37	-236.9878796911509
1160	1 24	1 26	1 37	1 39	-257.47061027937565
1161	1 24	1 26	1 39	1 41	511.6904761904762
1162	1 24	1 26	1 41	1 43	-91.22726749737384
1163	1 24	1 26	1 43	1 45	-157.68668894848497
1164	1 24	1 26	1 30	1 32	-405.4879889068278
1165	1 24	1 26	1 32	1 34	911.8242819314904
1166	1 24	1 26	1 40	1 42	586.8048416630763
1167	1 24	1 26	1 45	1 47	-169.851215770513
1168	1 24	1 26	1 47	1 49	346.6943569308379
1169	1 24	1 26	1 49	1 51	-60.449765105668604
1170	1 24	1 26	1 51	1 53	-111.48326091931587
1171	1 24	1 26	1 53	1 55	-125.11983176362142
1172	1 24	1 26	1 55	1 57	246.67803236433073
1173	1 24	1 26	1 57	1 59	-37.53239419180465
1174	1 24	1 26	1 59	1 61	-74.68075885267245
1175	1 24	1 26	1 61	1 63	-89.52098814401222
1176	1 24	1 26	1 63	1 65	178.1702443001266
1177	1 24	1 26	1 48	1 50	398.2295585395347
1178	1 24	1 26	1 50	1 52	-87.57017788113185
1179	1 24	1 26	1 52	1 54	-117.85007780413765
1180	1 24	1 26	1 54	1 56	-108.32655642095006
1181	1 24	1 26	1 56	1 58	277.46605563766946
1182	1 24	1 26	1 58	1 60	-63.88139110377272
1183	1 24	1 26	1 60	1 62	-81.61416952054795
1184	1 24	1 26	1 62	1 64	-75.23975631451106
1185	1 24	1 26	1 64	1 66	198.80402729886987
1186	1 24	1 26	1 66	1 68	-47.107524665479545
1187	1 24	1 26	1 65	1 67	-30.580473501786052
1188	1 24	1 26	1 67	1 69	-51.52351469292786
1189	1 24	1 26	1 69	1 71	-54.5606110920673
1190	1 24	1 26	1 71	1 1	297.41730092691137
1191	1 24	1 26	1 68	1 70	-55.143161246836144
1192	1 24	1 26	1 70	1 72	-36.62539042978511
1193	1 24	1 26	1 72	1 2	245.55239942528738
1194	1 25	1 27	1 26	1 28	226.95538328006145
1195	1 25	1 27	1 28	1 30	-73.9561978717285
1196	1 25	1 27	1 30	1 32	-15.14605691112401
1197	1 25	1 27	1 34	1 36	161.82093687495845
1198	1 25	1 27	1 36	1 38	-30.430627187449318
1199	1 25	1 27	1 38	1 40	-9.242073788464655
1200	1 25	1 27	1 40	1 42	-114.6596429675349
1201	1 25	1 27	1 42	1 44	103.49000556567924
1202	1 25	1 27	1 44	1 46	6.5489263999247544
1203	1 25	1 27	1 29	1 31	-29.938182839648583
1204	1 25	1 27	1 33	1 35	391.8878102772088
1205	1 25	1 27	1 35	1 37	-4.793115588589649
1206	1 25	1 27	1 37	1 39	-19.050231884727353
1207	1 25	1 27	1 41	1 43	171.0850713516687
1208	1 25	1 27	1 43	1 45	36.09260222634802
1209	1 25	1 27	1 45	1 47	-1.8945363794372077
1210	1 25	1 27	1 48	1 50	-92.67602677558429
1211	1 25	1 27	1 50	1 52	63.04465625781579
1212	1 25	1 27	1 52	1 54	18.24818605689621
1213	1 25	1 27	1 54	1 56	3.7056751161944557
1214	1 25	1 27	1 56	1 58	-72.7800086133841
1215	1 25	1 27	1 58	1 60	38.20208113971722
1216	1 25	1 27	1 60	1 62	19.120976351782396
1217	1 25	1 27	1 62	1 64	7.709134311957277
1218	1 25	1 27	1 64	1 66	-56.9978097740909
1219	1 25	1 27	1 49	1 51	77.10711006271215
1220	1 25	1 27	1 51	1 53	36.231135062948695
1221	1 25	1 27	1 53	1 55	9.420126570380651
1222	1 25	1 27	1 55	1 57	-86.45705328864142
1223	1 25	1 27	1 57	1 59	33.53085322672889
1224	1 25	1 27	1 59	1 61	29.39072822085633
1225	1 25	1 27	1 61	1 63	13.291277281699154
1226	1 25	1 27	1 63	1 65	-61.536821930025454
1227	1 25	1 27	1 65	1 67	19.492611690080704
1228	1 25	1 27	1 67	1 69	20.19208130390288
1229	1 25	1 27	1 66	1 68	24.139453844707255
1230	1 25	1 27	1 68	1 70	15.617622690202886
1231	1 25	1 27	1 70	1 72	6.101366667327531
1232	1 25	1 27	1 72	1 2	-85.04070632389552
1233	1 25	1 27	1 69	1 71	11.890518606553488
1234	1 25	1 27	1 71	1 1	-158.95110769737408
1235	1 26	1 28	1 27	1 29	200.03706720368297
1236	1 26	1 28	1 29	1 31	-66.80308031051771
1237	1 26	1 28	1 33	1 35	163.8986447874569
1238	1 26	1 28	1 35	1 37	137.74523872204873
1239	1 26	1 28	1 37	1 39	-30.413580379312844
1240	1 26	1 28	1 39	1 41	-192.88185492450657
1241	1 26	1 28	1 41	1 43	96.77225953415419
1242	1 26	1 28	1 43	1 45	79.10848487497815
1243	1 26	1 28	1 45	1 47	4.888651503453657
1244	1 26	1 28	1 30	1 32	-27.495365162633902
1245	1 26	1 28	1 34	1 36	274.4470206177071
1246	1 26	1 28	1 38	1 40	-15.780034639306553
1247	1 26	1 28	1 42	1 44	112.55048534016203
1248	1 26	1 28	1 44	1 46	31.740814393814915
1249	1 26	1 28	1 48	1 50	-108.63165620993377
1250	1 26	1 28	1 47	1 49	-130.45926187987112
1251	1 26	1 28	1 49	1 51	51.19454330115288
1252	1 26	1 28	1 51	1 53	49.956728392116005
1253	1 26	1 28	1 53	1 55	17.37851772198326
1254	1 26	1 28	1 55	1 57	-89.37620565971116
1255	1 26	1 28	1 57	1 59	25.312570020791497
1256	1 26	1 28	1 59	1 61	32.93834226580884
1257	1 26	1 28	1 61	1 63	18.69980277892593
1258	1 26	1 28	1 63	1 65	-64.35582847567204
1259	1 26	1 28	1 65	1 67	16.636930981160944
1260	1 26	1 28	1 50	1 52	59.487095322891825
1261	1 26	1 28	1 52	1 54	31.796034789502855
1262	1 26	1 28	1 54	1 56	7.1885756443882265
1263	1 26	1 28	1 56	1 58	-82.12005208096679
1264	1 26	1 28	1 58	1 60	35.67934474903656
1265	1 26	1 28	1 60	1 62	25.103651515577546
1266	1 26	1 28	1 62	1 64	11.026479545000646
1267	1 26	1 28	1 64	1 66	-62.435951910624325
1268	1 26	1 28	1 66	1 68	22.896404350291363
1269	1 26	1 28	1 68	1 70	18.14182036134046
1270	1 26	1 28	1 67	1 69	21.284313725490197
1271	1 26	1 28	1 69	1 71	14.6155451886637
1272	1 26	1 28	1 71	1 1	-154.36846355620045
1273	1 26	1 28	1 70	1 72	7.774879976032656
1274	1 26	1 28	1 72	1 2	-108.14317398794142
1275	1 27	1 29	1 28	1 30	213.90213432055538
1276	1 27	1 29	1 30	1 32	-77.32529954366461
1277	1 27	1 29	1 34	1 36	145.38797170976397
1278	1 27	1 29	1 36	1 38	139.82421981569533
1279	1 27	1 29	1 38	1 40	-29.90736223212363
1280	1 27	1 29	1 40	1 42	-189.06290548375978
1281	1 27	1 29	1 42	1 44	81.1656114743995
1282	1 27	1 29	1 44	1 46	84.97170666807344
1283	1 27	1 29	1 46	1 48	4.699326638046093
1284	1 27	1 29	1 33	1 35	-7.747228341410565
1285	1 27	1 29	1 35	1 37	264.0602859788325
1286	1 27	1 29	1 37	1 39	-13.428405553855695
1287	1 27	1 29	1 41	1 43	32.24841859901768
1288	1 27	1 29	1 43	1 45	112.46692272619933
1289	1 27	1 29	1 45	1 47	32.959763774729666
1290	1 27	1 29	1 49	1 51	27.354261173608997
1291	1 27	1 29	1 48	1 50	-136.57345373629582
1292	1 27	1 29	1 50	1 52	47.85116127460686
1293	1 27	1 29	1 52	1 54	53.69870685424047
1294	1 27	1 29	1 54	1 56	17.34731795062829
1295	1 27	1 29	1 56	1 58	-100.54559559107753
1296	1 27	1 29	1 58	1 60	31.917936345788824
1297	1 27	1 29	1 60	1 62	34.58628967508133
1298	1 27	1 29	1 62	1 64	18.82155823802102
1299	1 27	1 29	1 64	1 66	-75.55662635788767
1300	1 27	1 29	1 66	1 68	21.96336604656934
1301	1 27	1 29	1 51	1 53	61.50309386296121
1302	1 27	1 29	1 53	1 55	35.84885201603382
1303	1 27	1 29	1 55	1 57	-101.5139626841125
1304	1 27	1 29	1 57	1 59	17.776934495546023
1305	1 27	1 29	1 59	1 61	36.52441694433081
1306	1 27	1 29	1 61	1 63	29.561958775636224
1307	1 27	1 29	1 63	1 65	-73.24018839562771
1308	1 27	1 29	1 65	1 67	14.220523593741767
1309	1 27	1 29	1 67	1 69	23.157695059048415
1310	1 27	1 29	1 69	1 71	19.769825751135876
1311	1 27	1 29	1 68	1 70	22.58198850296933
1312	1 27	1 29	1 70	1 72	11.409041272726244
1313	1 27	1 29	1 72	1 2	-118.13456691321142
1314	1 27	1 29	1 71	1 1	-137.01299208752565
1315	1 28	1 30	1 29	1 31	226.81068232672067
1316	1 28	1 30	1 33	1 35	-30.06051789081274
1317	1 28	1 30	1 35	1 37	146.6843600022307
1318	1 28	1 30	1 37	1 39	159.89851803534745
1319	1 28	1 30	1 41	1 43	3.42550871191691
1320	1 28	1 30	1 43	1 45	88.45025672002416
1321	1 28	1 30	1 45	1 47	94.06685936465648
1322	1 28	1 30	1 47	1 49	-163.17646091558538
1323	1 28	1 30	1 36	1 38	279.98896393454277
1324	1 28	1 30	1 42	1 44	33.28481781747107
1325	1 28	1 30	1 44	1 46	122.83206949106966
1326	1 28	1 30	1 46	1 48	41.409244222258735
1327	1 28	1 30	1 48	1 50	-169.07771838227796
1328	1 28	1 30	1 50	1 52	29.885083834627135
1329	1 28	1 30	1 49	1 51	12.032331951695664
1330	1 28	1 30	1 51	1 53	56.03605458733233
1331	1 28	1 30	1 53	1 55	62.96494765326945
1332	1 28	1 30	1 55	1 57	-113.1392057563189
1333	1 28	1 30	1 57	1 59	11.683680552872342
1334	1 28	1 30	1 59	1 61	34.6129339839042
1335	1 28	1 30	1 61	1 63	42.80391425807481
1336	1 28	1 30	1 63	1 65	-80.06295567586842
1337	1 28	1 30	1 65	1 67	11.686068398068565
1338	1 28	1 30	1 67	1 69	23.157102777518002
1339	1 28	1 30	1 52	1 54	67.4105447708582
1340	1 28	1 30	1 54	1 56	41.11049387875801
1341	1 28	1 30	1 58	1 60	25.313053092050005
1342	1 28	1 30	1 60	1 62	41.192120364709695
1343	1 28	1 30	1 62	1 64	32.03985728540243
1344	1 28	1 30	1 64	1 66	-88.81795035657494
1345	1 28	1 30	1 66	1 68	19.7046479552607
1346	1 28	1 30	1 68	1 70	25.90918796121631
1347	1 28	1 30	1 70	1 72	16.345403504808168
1348	1 28	1 30	1 69	1 71	25.327990488165437
1349	1 28	1 30	1 71	1 1	-129.17069719042664
1350	1 28	1 30	1 72	1 2	-123.51609913793104
1351	1 29	1 31	1 30	1 32	310.0095833007951
1352	1 29	1 31	1 34	1 36	-32.94204643180039
1353	1 29	1 31	1 36	1 38	158.27171349407593
1354	1 29	1 31	1 38	1 40	236.08650395973802
1355	1 29	1 31	1 42	1 44	3.9106409729563123
1356	1 29	1 31	1 44	1 46	101.95297064994327
1357	1 29	1 31	1 46	1 48	130.85620226404484
1358	1 29	1 31	1 48	1 50	-215.9792719870581
1359	1 29	1 31	1 33	1 35	-18.70082523892229
1360	1 29	1 31	1 35	1 37	-13.544374586222833
1361	1 29	1 31	1 37	1 39	345.7321632706488
1362	1 29	1 31	1 41	1 43	-4.210810885496871
1363	1 29	1 31	1 43	1 45	36.954499810534294
1364	1 29	1 31	1 45	1 47	148.14484671813176
1365	1 29	1 31	1 49	1 51	4.089024338823243
1366	1 29	1 31	1 51	1 53	37.94868941740357
1367	1 29	1 31	1 50	1 52	14.62029947658397
1368	1 29	1 31	1 52	1 54	62.98697784338309
1369	1 29	1 31	1 54	1 56	79.63919876660107
1370	1 29	1 31	1 56	1 58	-143.33643016139635
1371	1 29	1 31	1 58	1 60	17.735047312895993
1372	1 29	1 31	1 60	1 62	41.17963901935882
1373	1 29	1 31	1 62	1 64	49.61050297235948
1374	1 29	1 31	1 64	1 66	-100.422770905274
1375	1 29	1 31	1 66	1 68	16.25522878079171
1376	1 29	1 31	1 68	1 70	26.712107883540305
1377	1 29	1 31	1 53	1 55	86.29336312991424
1378	1 29	1 31	1 55	1 57	-114.06405821991305
1379	1 29	1 31	1 57	1 59	7.255522655659127
1380	1 29	1 31	1 59	1 61	27.652995630998422
1381	1 29	1 31	1 61	1 63	54.11560275333645
1382	1 29	1 31	1 63	1 65	-81.90638221015124
1383	1 29	1 31	1 65	1 67	9.121868248500494
1384	1 29	1 31	1 67	1 69	20.957194553634146
1385	1 29	1 31	1 69	1 71	29.652484331345875
1386	1 29	1 31	1 71	1 1	-116.0048174060471
1387	1 29	1 31	1 70	1 72	21.814378628156273
1388	1 29	1 31	1 72	1 2	-121.34049421099574
1389	1 30	1 32	1 33	1 35	-10.425304169789904
1390	1 30	1 32	1 35	1 37	-33.23175692450893
1391	1 30	1 32	1 37	1 39	212.10696805583711
1392	1 30	1 32	1 41	1 43	-3.8868613494221873
1393	1 30	1 32	1 43	1 45	8.15043803759159
1394	1 30	1 32	1 45	1 47	118.64325016567781
1395	1 30	1 32	1 47	1 49	-111.90504995138122
1396	1 30	1 32	1 49	1 51	1.2606879813824046
1397	1 30	1 32	1 34	1 36	-19.286555199147127
1398	1 30	1 32	1 36	1 38	-2.5007929729997302
1399	1 30	1 32	1 38	1 40	407.8449282180963
1400	1 30	1 32	1 42	1 44	-2.798413605501513
1401	1 30	1 32	1 44	1 46	46.32803881968902
1402	1 30	1 32	1 46	1 48	181.8117522440483
1403	1 30	1 32	1 48	1 50	-210.16693125377444
1404	1 30	1 32	1 50	1 52	6.30306432463075
1405	1 30	1 32	1 52	1 54	40.804954806380806
1406	1 30	1 32	1 51	1 53	20.069624486230317
1407	1 30	1 32	1 53	1 55	76.32343998253226
1408	1 30	1 32	1 55	1 57	-88.10023054851509
1409	1 30	1 32	1 57	1 59	4.291808323888764
1410	1 30	1 32	1 59	1 61	18.098263582620916
1411	1 30	1 32	1 61	1 63	48.87257652024531
1412	1 30	1 32	1 63	1 65	-66.00735919891456
1413	1 30	1 32	1 65	1 67	6.289201755839977
1414	1 30	1 32	1 67	1 69	15.562599960474099
1415	1 30	1 32	1 69	1 71	26.331899828226188
1416	1 30	1 32	1 54	1 56	94.58107614377055
1417	1 30	1 32	1 58	1 60	10.968426178820115
1418	1 30	1 32	1 60	1 62	31.002807668869075
1419	1 30	1 32	1 62	1 64	52.914382942442174
1420	1 30	1 32	1 64	1 66	-88.59405099240914
1421	1 30	1 32	1 66	1 68	11.499653313003888
1422	1 30	1 32	1 68	1 70	21.559334718945507
1423	1 30	1 32	1 70	1 72	21.394676402256888
1424	1 30	1 32	1 72	1 2	-97.59238072519084
1425	1 30	1 32	1 71	1 1	-89.24948557089084
1426	1 31	1 33	1 32	1 34	853.2233414351213
1427	1 31	1 33	1 40	1 42	690.3475761174693
1428	1 31	1 33	1 48	1 50	491.84293611922726
1429	1 31	1 33	1 37	1 39	-302.3962353681198
1430	1 31	1 33	1 39	1 41	806.4807265770844
1431	1 31	1 33	1 47	1 49	505.10983544076765
1432	1 31	1 33	1 52	1 54	-148.01259301006132
1433	1 31	1 33	1 54	1 56	-105.23287952060555
1434	1 31	1 33	1 56	1 58	363.1526035140717
1435	1 31	1 33	1 58	1 60	-110.34121657381348
1436	1 31	1 33	1 60	1 62	-107.46911416145326
1437	1 31	1 33	1 62	1 64	-82.09926561950974
1438	1 31	1 33	1 64	1 66	269.0320672051949
1439	1 31	1 33	1 66	1 68	-76.70585480541325
1440	1 31	1 33	1 68	1 70	-74.77144964103314
1441	1 31	1 33	1 70	1 72	-43.68737725735984
1442	1 31	1 33	1 55	1 57	352.31191921558866
1443	1 31	1 33	1 57	1 59	-77.65938375268325
1444	1 31	1 33	1 59	1 61	-111.16162450616147
1445	1 31	1 33	1 61	1 63	-105.98077206732313
1446	1 31	1 33	1 63	1 65	253.58821183901165
1447	1 31	1 33	1 65	1 67	-54.075337869428665
1448	1 31	1 33	1 67	1 69	-76.26800681235409
1449	1 31	1 33	1 69	1 71	-68.866252358024
1450	1 31	1 33	1 71	1 1	218.46771371438095
1451	1 31	1 33	1 72	1 2	158.8643093731461
1452	1 32	1 34	1 33	1 35	-113.23743929191124
1453	1 32	1 34	1 35	1 37	-297.61824366618157
1454	1 32	1 34	1 37	1 39	-336.8848462174409
1455	1 32	1 34	1 39	1 41	664.8967625511743
1456	1 32	1 34	1 41	1 43	-102.39286238709164
1457	1 32	1 34	1 43	1 45	-223.1662320100454
1458	1 32	1 34	1 45	1 47	-224.50061364752088
1459	1 32	1 34	1 47	1 49	460.4292717086835
1460	1 32	1 34	1 49	1 51	-73.54331838742564
1461	1 32	1 34	1 51	1 53	-154.02395836010245
1462	1 32	1 34	1 38	1 40	-385.48431821892564
1463	1 32	1 34	1 42	1 44	-207.29118396765404
1464	1 32	1 34	1 44	1 46	-218.82890037889095
1465	1 32	1 34	1 48	1 50	541.1789642568745
1466	1 32	1 34	1 53	1 55	-169.60865415963573
1467	1 32	1 34	1 55	1 57	334.0213435895822
1468	1 32	1 34	1 57	1 59	-48.41783088587843
1469	1 32	1 34	1 59	1 61	-102.95010364123232
1470	1 32	1 34	1 61	1 63	-122.36639868686447
1471	1 32	1 34	1 63	1 65	239.8235001749827
1472	1 32	1 34	1 65	1 67	-40.70329376026519
1473	1 32	1 34	1 67	1 69	-70.47308846501944
1474	1 32	1 34	1 69	1 71	-74.64369809929119
1475	1 32	1 34	1 71	1 1	196.10952264194316
1476	1 32	1 34	1 56	1 58	374.29369118386967
1477	1 32	1 34	1 58	1 60	-87.41474711183989
1478	1 32	1 34	1 60	1 62	-111.74432746490518
1479	1 32	1 34	1 62	1 64	-103.38013003461599
1480	1 32	1 34	1 64	1 66	271.73495383357266
1481	1 32	1 34	1 66	1 68	-63.96619083582594
1482	1 32	1 34	1 68	1 70	-75.21550849875155
1483	1 32	1 34	1 70	1 72	-50.13910510764036
1484	1 32	1 34	1 72	1 2	164.9869417475728
1485	1 33	1 35	1 34	1 36	192.80091179250678
1486	1 33	1 35	1 36	1 38	-66.29523962274654
1487	1 33	1 35	1 38	1 40	-13.75222885722878
1488	1 33	1 35	1 42	1 44	152.56182717400577
1489	1 33	1 35	1 44	1 46	-29.28667873013061
1490	1 33	1 35	1 46	1 48	-10.400642356013257
1491	1 33	1 35	1 48	1 50	-102.87516955886392
1492	1 33	1 35	1 50	1 52	96.3233187242798
1493	1 33	1 35	1 52	1 54	4.893017798588023
1494	1 33	1 35	1 37	1 39	-27.948143403268794
1495	1 33	1 35	1 41	1 43	341.6725377337377
1496	1 33	1 35	1 43	1 45	-10.248348820757991
1497	1 33	1 35	1 45	1 47	-18.304126582961977
1498	1 33	1 35	1 49	1 51	139.74642452051967
1499	1 33	1 35	1 51	1 53	32.77804247782521
1500	1 33	1 35	1 53	1 55	-1.0904143479144897
1501	1 33	1 35	1 56	1 58	-84.97857038612293
1502	1 33	1 35	1 58	1 60	56.91741325213728
1503	1 33	1 35	1 60	1 62	17.531356530432582
1504	1 33	1 35	1 62	1 64	4.261064681472401
1505	1 33	1 35	1 64	1 66	-68.04431116478952
1506	1 33	1 35	1 66	1 68	34.892852486151455
1507	1 33	1 35	1 68	1 70	17.60139714512271
1508	1 33	1 35	1 70	1 72	5.368053999963797
1509	1 33	1 35	1 72	1 2	-71.58445155982372
1510	1 33	1 35	1 57	1 59	56.6083904063657
1511	1 33	1 35	1 59	1 61	36.33179548484193
1512	1 33	1 35	1 61	1 63	9.298116168458487
1513	1 33	1 35	1 63	1 65	-79.02605666466383
1514	1 33	1 35	1 65	1 67	30.430669898463194
1515	1 33	1 35	1 67	1 69	26.294073155463906
1516	1 33	1 35	1 69	1 71	11.999103305247134
1517	1 33	1 35	1 71	1 1	-109.68969547399547
1518	1 34	1 36	1 35	1 37	193.95927426728775
1519	1 34	1 36	1 37	1 39	-69.39872798434442
1520	1 34	1 36	1 41	1 43	146.95127118963964
1521	1 34	1 36	1 43	1 45	131.3923781905943
1522	1 34	1 36	1 45	1 47	-25.876317352935207
1523	1 34	1 36	1 47	1 49	-181.36321805600613
1524	1 34	1 36	1 49	1 51	81.58893122410234
1525	1 34	1 36	1 51	1 53	79.7959889270449
1526	1 34	1 36	1 53	1 55	8.840090275021781
1527	1 34	1 36	1 38	1 40	-27.97136346216679
1528	1 34	1 36	1 46	1 48	-17.364212140478685
1529	1 34	1 36	1 50	1 52	107.7023440278887
1530	1 34	1 36	1 52	1 54	34.681881183421254
1531	1 34	1 36	1 55	1 57	-125.4690541240868
1532	1 34	1 36	1 57	1 59	40.08749882988914
1533	1 34	1 36	1 59	1 61	51.19524811889933
1534	1 34	1 36	1 61	1 63	19.50959963004805
1535	1 34	1 36	1 63	1 65	-90.41344915762949
1536	1 34	1 36	1 65	1 67	25.883681671244407
1537	1 34	1 36	1 67	1 69	31.87506222945119
1538	1 34	1 36	1 69	1 71	18.332003948577267
1539	1 34	1 36	1 71	1 1	-97.62611798099184
1540	1 34	1 36	1 58	1 60	58.64792208159397
1541	1 34	1 36	1 60	1 62	32.75115264250472
1542	1 34	1 36	1 62	1 64	9.069306722530195
1543	1 34	1 36	1 64	1 66	-85.24811383966791
1544	1 34	1 36	1 66	1 68	35.686980620366896
1545	1 34	1 36	1 68	1 70	24.99746125483462
1546	1 34	1 36	1 70	1 72	8.754942107133946
1547	1 34	1 36	1 72	1 2	-71.4680602061228
1548	1 35	1 37	1 36	1 38	186.54244270270095
1549	1 35	1 37	1 38	1 40	-75.70299945815765
1550	1 35	1 37	1 42	1 44	131.78603155180045
1551	1 35	1 37	1 44	1 46	136.53392144313358
1552	1 35	1 37	1 46	1 48	-31.10095714724263
1553	1 35	1 37	1 48	1 50	-181.92342461884982
1554	1 35	1 37	1 50	1 52	74.43009165327416
1555	1 35	1 37	1 52	1 54	86.1681124477598
1556	1 35	1 37	1 54	1 56	6.4575618434775315
1557	1 35	1 37	1 41	1 43	-11.960489730270933
1558	1 35	1 37	1 49	1 51	24.703029642179125
1559	1 35	1 37	1 51	1 53	110.60887288558
1560	1 35	1 37	1 53	1 55	38.2334104740918
1561	1 35	1 37	1 55	1 57	-143.24327356009098
1562	1 35	1 37	1 57	1 59	22.271839458453293
1563	1 35	1 37	1 56	1 58	-137.33163265306123
1564	1 35	1 37	1 58	1 60	48.29880441660339
1565	1 35	1 37	1 60	1 62	52.69357843137254
1566	1 35	1 37	1 62	1 64	19.141100869784687
1567	1 35	1 37	1 64	1 66	-104.05071727068409
1568	1 35	1 37	1 66	1 68	32.50999768132072
1569	1 35	1 37	1 68	1 70	33.20788980509745
1570	1 35	1 37	1 70	1 72	14.222763781223083
1571	1 35	1 37	1 72	1 2	-85.89369200244201
1572	1 35	1 37	1 59	1 61	58.98898278868328
1573	1 35	1 37	1 61	1 63	38.251316782161624
1574	1 35	1 37	1 65	1 67	19.868216057966393
1575	1 35	1 37	1 67	1 69	35.01084733913366
1576	1 35	1 37	1 69	1 71	27.22645537398956
1577	1 35	1 37	1 71	1 1	-100.35835859007972
1578	1 36	1 38	1 37	1 39	206.1514522691243
1579	1 36	1 38	1 41	1 43	-29.481792963373927
1580	1 36	1 38	1 43	1 45	140.1717011454126
1581	1 36	1 38	1 45	1 47	144.30418893497784
1582	1 36	1 38	1 49	1 51	1.3524698012580068
1583	1 36	1 38	1 51	1 53	87.39530793168123
1584	1 36	1 38	1 53	1 55	93.47641187311758
1585	1 36	1 38	1 55	1 57	-155.8753459523574
1586	1 36	1 38	1 44	1 46	262.1120913559207
1587	1 36	1 38	1 46	1 48	-13.675081045306438
1588	1 36	1 38	1 48	1 50	-213.999003911704
1589	1 36	1 38	1 50	1 52	29.885779978667305
1590	1 36	1 38	1 52	1 54	116.62910040855675
1591	1 36	1 38	1 54	1 56	37.89624692969237
1592	1 36	1 38	1 56	1 58	-160.37726294041966
1593	1 36	1 38	1 58	1 60	31.632538751829745
1594	1 36	1 38	1 57	1 59	11.11900100624112
1595	1 36	1 38	1 59	1 61	50.803127924117945
1596	1 36	1 38	1 61	1 63	61.84266211702784
1597	1 36	1 38	1 63	1 65	-111.47594192399059
1598	1 36	1 38	1 65	1 67	14.376746472358029
1599	1 36	1 38	1 67	1 69	32.828974464647764
1600	1 36	1 38	1 69	1 71	35.9534440280414
1601	1 36	1 38	1 71	1 1	-113.32108894681741
1602	1 36	1 38	1 60	1 62	63.88628860127986
1603	1 36	1 38	1 62	1 64	38.61708554214654
1604	1 36	1 38	1 66	1 68	26.078557693014538
1605	1 36	1 38	1 68	1 70	37.52419618382673
1606	1 36	1 38	1 70	1 72	21.47122720008817
1607	1 36	1 38	1 72	1 2	-109.34403543514998
1608	1 37	1 39	1 38	1 40	270.14838915332155
1609	1 37	1 39	1 42	1 44	-28.147145568706108
1610	1 37	1 39	1 44	1 46	158.3048607597533
1611	1 37	1 39	1 46	1 48	178.24871543147873
1612	1 37	1 39	1 48	1 50	-287.43033930740603
1613	1 37	1 39	1 50	1 52	4.19823356747005
1614	1 37	1 39	1 52	1 54	92.72064419970573
1615	1 37	1 39	1 54	1 56	114.12056493727664
1616	1 37	1 39	1 56	1 58	-194.95053706280586
1617	1 37	1 39	1 41	1 43	-18.753683916630518
1618	1 37	1 39	1 45	1 47	292.7597308466221
1619	1 37	1 39	1 49	1 51	-4.3072705477139195
1620	1 37	1 39	1 51	1 53	39.115404676879976
1621	1 37	1 39	1 53	1 55	141.09804460032433
1622	1 37	1 39	1 55	1 57	-160.9133104518816
1623	1 37	1 39	1 57	1 59	4.982055541021165
1624	1 37	1 39	1 59	1 61	32.79916702011268
1625	1 37	1 39	1 58	1 60	16.999775647361698
1626	1 37	1 39	1 60	1 62	58.1308809801737
1627	1 37	1 39	1 62	1 64	71.02712033410393
1628	1 37	1 39	1 64	1 66	-135.39400338103098
1629	1 37	1 39	1 66	1 68	18.742279724239527
1630	1 37	1 39	1 68	1 70	36.43077084479998
1631	1 37	1 39	1 70	1 72	30.88060600406441
1632	1 37	1 39	1 72	1 2	-109.36067656672574
1633	1 37	1 39	1 61	1 63	80.8361545507255
1634	1 37	1 39	1 65	1 67	9.686775727751606
1635	1 37	1 39	1 67	1 69	26.423587648486343
1636	1 37	1 39	1 69	1 71	41.9341805495028
1637	1 37	1 39	1 71	1 1	-103.9536964911469
1638	1 38	1 40	1 41	1 43	-11.294745823585922
1639	1 38	1 40	1 43	1 45	-31.85128637442238
1640	1 38	1 40	1 45	1 47	175.8434090606175
1641	1 38	1 40	1 49	1 51	-4.77806131444565
1642	1 38	1 40	1 51	1 53	5.156971714161424
1643	1 38	1 40	1 53	1 55	112.8577164452258
1644	1 38	1 40	1 55	1 57	-105.30644957185642
1645	1 38	1 40	1 57	1 59	1.4488911923893297
1646	1 38	1 40	1 42	1 44	-19.796309075956593
1647	1 38	1 40	1 46	1 48	366.7891339246445
1648	1 38	1 40	1 48	1 50	-328.16797662038823
1649	1 38	1 40	1 50	1 52	-4.602068401976114
1650	1 38	1 40	1 52	1 54	35.687094859678155
1651	1 38	1 40	1 54	1 56	166.06476204479725
1652	1 38	1 40	1 56	1 58	-184.85920783900684
1653	1 38	1 40	1 58	1 60	6.458375914889446
1654	1 38	1 40	1 60	1 62	35.32674243177811
1655	1 38	1 40	1 59	1 61	14.276759640511472
1656	1 38	1 40	1 61	1 63	70.26473181083324
1657	1 38	1 40	1 63	1 65	-80.46798570411764
1658	1 38	1 40	1 65	1 67	5.284235511658065
1659	1 38	1 40	1 67	1 69	16.444848123120394
1660	1 38	1 40	1 69	1 71	36.378416086782124
1661	1 38	1 40	1 71	1 1	-67.92947817182039
1662	1 38	1 40	1 62	1 64	85.97619490254873
1663	1 38	1 40	1 64	1 66	-119.03021042628293
1664	1 38	1 40	1 66	1 68	10.694109915226381
1665	1 38	1 40	1 68	1 70	26.575223585797065
1666	1 38	1 40	1 70	1 72	32.47754872563718
1667	1 38	1 40	1 72	1 2	-77.47657327586207
1668	1 39	1 41	1 40	1 42	773.2244839144469
1669	1 39	1 41	1 42	1 44	-287.44860889384086
1670	1 39	1 41	1 44	1 46	-261.62684186395995
1671	1 39	1 41	1 48	1 50	630.5020426670499
1672	1 39	1 41	1 50	1 52	-221.47263669886996
1673	1 39	1 41	1 56	1 58	466.37578902805757
1674	1 39	1 41	1 43	1 45	-232.29958168560128
1675	1 39	1 41	1 45	1 47	-266.19020368735744
1676	1 39	1 41	1 49	1 51	-245.60304520222047
1677	1 39	1 41	1 51	1 53	-200.2216460621505
1678	1 39	1 41	1 53	1 55	-181.30481701378073
1679	1 39	1 41	1 55	1 57	478.5274126316573
1680	1 39	1 41	1 59	1 61	-148.09935012107832
1681	1 39	1 41	1 60	1 62	-141.53992997999657
1682	1 39	1 41	1 62	1 64	-99.91841217039195
1683	1 39	1 41	1 64	1 66	352.5758069688609
1684	1 39	1 41	1 66	1 68	-106.96889627366366
1685	1 39	1 41	1 68	1 70	-99.00667844926782
1686	1 39	1 41	1 70	1 72	-54.84253461123041
1687	1 39	1 41	1 72	1 2	139.48442359527263
1688	1 39	1 41	1 63	1 65	335.7920833478987
1689	1 39	1 41	1 65	1 67	-77.27162533089032
1690	1 39	1 41	1 67	1 69	-103.41659033194267
1691	1 39	1 41	1 69	1 71	-89.4535730809032
1692	1 39	1 41	1 71	1 1	166.3589775103865
1693	1 40	1 42	1 41	1 43	-111.40728824216505
1694	1 40	1 42	1 43	1 45	-275.0570004433133
1695	1 40	1 42	1 45	1 47	-293.6836726139833
1696	1 40	1 42	1 47	1 49	612.8912277670953
1697	1 40	1 42	1 49	1 51	-92.12960834845538
1698	1 40	1 42	1 51	1 53	-216.4561854791187
1699	1 40	1 42	1 53	1 55	-224.47150957625428
1700	1 40	1 42	1 55	1 57	451.01789563288764
1701	1 40	1 42	1 57	1 59	-62.72527606211084
1702	1 40	1 42	1 59	1 61	-143.9746131015476
1703	1 40	1 42	1 48	1 50	759.620625
1704	1 40	1 42	1 56	1 58	506.0980827468543
1705	1 40	1 42	1 61	1 63	-163.65301483676393
1706	1 40	1 42	1 63	1 65	324.71667030679885
1707	1 40	1 42	1 65	1 67	-54.367245049112356
1708	1 40	1 42	1 67	1 69	-96.92138394289249
1709	1 40	1 42	1 69	1 71	-100.70950913729402
1710	1 40	1 42	1 71	1 1	150.0942490270079
1711	1 40	1 42	1 64	1 66	363.8775759424118
1712	1 40	1 42	1 66	1 68	-88.25477677130678
1713	1 40	1 42	1 68	1 70	-102.31390210391089
1714	1 40	1 42	1 70	1 72	-67.83353504425764
1715	1 40	1 42	1 72	1 2	137.53257442381562
1716	1 41	1 43	1 42	1 44	186.71672651181166
1717	1 41	1 43	1 44	1 46	-62.15431922670369
1718	1 41	1 43	1 46	1 48	-13.310719957473278
1719	1 41	1 43	1 48	1 50	-114.52041020944446
1720	1 41	1 43	1 50	1 52	147.304988135305
1721	1 41	1 43	1 52	1 54	-25.54083388551325
1722	1 41	1 43	1 54	1 56	-8.837233763751172
1723	1 41	1 43	1 56	1 58	-101.10195359259583
1724	1 41	1 43	1 58	1 60	87.17357013843402
1725	1 41	1 43	1 60	1 62	9.704924146794887
1726	1 41	1 43	1 45	1 47	-26.541920141433835
1727	1 41	1 43	1 49	1 51	284.912392875019
1728	1 41	1 43	1 53	1 55	-14.50827880400822
1729	1 41	1 43	1 55	1 57	-149.15589756529445
1730	1 41	1 43	1 57	1 59	102.12548474981241
1731	1 41	1 43	1 59	1 61	39.84599486086606
1732	1 41	1 43	1 64	1 66	-83.65685312370519
1733	1 41	1 43	1 66	1 68	52.39670715458117
1734	1 41	1 43	1 68	1 70	18.538577843064598
1735	1 41	1 43	1 70	1 72	4.0560950949870165
1736	1 41	1 43	1 72	1 2	-55.41514217442715
1737	1 41	1 43	1 65	1 67	50.16217488820966
1738	1 41	1 43	1 67	1 69	34.06431623931624
1739	1 41	1 43	1 69	1 71	10.894712522595722
1740	1 41	1 43	1 71	1 1	-75.3267178760805
1741	1 42	1 44	1 43	1 45	177.83836215344826
1742	1 42	1 44	1 45	1 47	-66.5010474324859
1743	1 42	1 44	1 49	1 51	133.6956598588838
1744	1 42	1 44	1 51	1 53	128.2992091769423
1745	1 42	1 44	1 53	1 55	-23.141550579768094
1746	1 42	1 44	1 55	1 57	-171.8291143807378
1747	1 42	1 44	1 57	1 59	66.3942427152142
1748	1 42	1 44	1 59	1 61	82.80894436232998
1749	1 42	1 44	1 61	1 63	9.901854693034615
1750	1 42	1 44	1 46	1 48	-27.33582933717749
1751	1 42	1 44	1 50	1 52	239.22349651583085
1752	1 42	1 44	1 54	1 56	-16.77589242142173
1753	1 42	1 44	1 58	1 60	107.08110011009825
1754	1 42	1 44	1 60	1 62	34.09595473825077
1755	1 42	1 44	1 64	1 66	-109.36138388106892
1756	1 42	1 44	1 63	1 65	-126.42062659188872
1757	1 42	1 44	1 65	1 67	41.912526860530406
1758	1 42	1 44	1 67	1 69	49.07090564794734
1759	1 42	1 44	1 69	1 71	19.811791173768697
1760	1 42	1 44	1 71	1 1	-81.03677776528778
1761	1 42	1 44	1 66	1 68	58.9148766686089
1762	1 42	1 44	1 68	1 70	32.47713014756438
1763	1 42	1 44	1 70	1 72	7.6115590751874755
1764	1 42	1 44	1 72	1 2	-65.42561209775349
1765	1 43	1 45	1 44	1 46	173.4065340658695
1766	1 43	1 45	1 46	1 48	-69.28665887673105
1767	1 43	1 45	1 48	1 50	-228.24153237499482
1768	1 43	1 45	1 50	1 52	117.35017896625209
1769	1 43	1 45	1 52	1 54	135.32774017310913
1770	1 43	1 45	1 54	1 56	-29.135096124571298
1771	1 43	1 45	1 56	1 58	-177.27973496329224
1772	1 43	1 45	1 58	1 60	75.189954714435
1773	1 43	1 45	1 60	1 62	79.52165094660727
1774	1 43	1 45	1 62	1 64	8.284598819265096
1775	1 43	1 45	1 49	1 51	-11.501849639991928
1776	1 43	1 45	1 51	1 53	233.25713897241332
1777	1 43	1 45	1 55	1 57	-189.4960514440433
1778	1 43	1 45	1 57	1 59	22.739244177303608
1779	1 43	1 45	1 59	1 61	102.0871291521699
1780	1 43	1 45	1 61	1 63	38.82373439554094
1781	1 43	1 45	1 65	1 67	26.7213369205298
1782	1 43	1 45	1 64	1 66	-137.68979779105445
1783	1 43	1 45	1 66	1 68	48.71884614368997
1784	1 43	1 45	1 68	1 70	48.28163836931961
1785	1 43	1 45	1 70	1 72	14.636577449526836
1786	1 43	1 45	1 72	1 2	-86.82163566225643
1787	1 43	1 45	1 67	1 69	54.06670665866827
1788	1 43	1 45	1 69	1 71	34.46928029648308
1789	1 43	1 45	1 71	1 1	-96.93413695309718
1790	1 44	1 46	1 45	1 47	206.09132391160787
1791	1 44	1 46	1 49	1 51	-28.842427065281676
1792	1 44	1 46	1 51	1 53	133.18583703877823
1793	1 44	1 46	1 53	1 55	147.35077243018418
1794	1 44	1 46	1 57	1 59	3.0014565034314864
1795	1 44	1 46	1 59	1 61	74.7829778638007
1796	1 44	1 46	1 61	1 63	95.73142004586656
1797	1 44	1 46	1 63	1 65	-159.908301231589
1798	1 44	1 46	1 50	1 52	-8.36515577357201
1799	1 44	1 46	1 52	1 54	246.30506927232693
1800	1 44	1 46	1 54	1 56	3.047012396161329
1801	1 44	1 46	1 58	1 60	31.202685944971066
1802	1 44	1 46	1 60	1 62	111.08663650248397
1803	1 44	1 46	1 62	1 64	42.2224512093029
1804	1 44	1 46	1 66	1 68	32.33021311019194
1805	1 44	1 46	1 65	1 67	15.060013612714979
1806	1 44	1 46	1 67	1 69	46.80566922374999
1807	1 44	1 46	1 69	1 71	53.65172637975294
1808	1 44	1 46	1 71	1 1	-102.89516622693544
1809	1 44	1 46	1 68	1 70	57.90593639291187
1810	1 44	1 46	1 70	1 72	28.751052391538128
1811	1 44	1 46	1 72	1 2	-100.79094996728648
1812	1 45	1 47	1 46	1 48	217.20158636882275
1813	1 45	1 47	1 50	1 52	-27.35235131900653
1814	1 45	1 47	1 52	1 54	139.73386488906505
1815	1 45	1 47	1 54	1 56	178.88543650884543
1816	1 45	1 47	1 58	1 60	7.21377931019353
1817	1 45	1 47	1 60	1 62	87.21342413369842
1818	1 45	1 47	1 62	1 64	111.97462177563143
1819	1 45	1 47	1 64	1 66	-194.3558786346397
1820	1 45	1 47	1 49	1 51	-16.94195434352445
1821	1 45	1 47	1 51	1 53	2.65862583052569
1822	1 45	1 47	1 53	1 55	294.4044252941917
1823	1 45	1 47	1 57	1 59	-1.1866899531206911
1824	1 45	1 47	1 59	1 61	30.258527039577718
1825	1 45	1 47	1 61	1 63	138.5894798469293
1826	1 45	1 47	1 65	1 67	8.299620033562725
1827	1 45	1 47	1 67	1 69	31.905170960289915
1828	1 45	1 47	1 66	1 68	18.73075890501421
1829	1 45	1 47	1 68	1 70	52.38285230462941
1830	1 45	1 47	1 70	1 72	47.177846957800895
1831	1 45	1 47	1 72	1 2	-109.51774927632266
1832	1 45	1 47	1 69	1 71	64.57460382590077
1833	1 45	1 47	1 71	1 1	-100.2514374153548
1834	1 46	1 48	1 49	1 51	-9.2476067385685
1835	1 46	1 48	1 51	1 53	-28.048279704890742
1836	1 46	1 48	1 53	1 55	181.67388951427978
1837	1 46	1 48	1 55	1 57	-136.43336007105893
1838	1 46	1 48	1 57	1 59	-1.5289993107937359
1839	1 46	1 48	1 59	1 61	4.506648642761276
1840	1 46	1 48	1 61	1 63	115.21037149979938
1841	1 46	1 48	1 63	1 65	-112.478578892372
1842	1 46	1 48	1 65	1 67	4.362253280895777
1843	1 46	1 48	1 50	1 52	-17.28783624941601
1844	1 46	1 48	1 54	1 56	354.9369848772336
1845	1 46	1 48	1 56	1 58	-319.0907330356968
1846	1 46	1 48	1 60	1 62	37.00809942973438
1847	1 46	1 48	1 62	1 64	165.39055018604668
1848	1 46	1 48	1 66	1 68	9.806034075968121
1849	1 46	1 48	1 68	1 70	35.75772873494
1850	1 46	1 48	1 67	1 69	17.82579857100737
1851	1 46	1 48	1 69	1 71	57.72753155595805
1852	1 46	1 48	1 71	1 1	-76.25755082179047
1853	1 46	1 48	1 70	1 72	57.63877673862913
1854	1 46	1 48	1 72	1 2	-96.85091074279279
1855	1 47	1 49	1 48	1 50	726.802591456812
1856	1 47	1 49	1 50	1 52	-277.24803384310644
1857	1 47	1 49	1 52	1 54	-247.94756065458694
1858	1 47	1 49	1 56	1 58	611.213252519913
1859	1 47	1 49	1 58	1 60	-216.0983240296669
1860	1 47	1 49	1 64	1 66	466.84308067205336
1861	1 47	1 49	1 53	1 55	-278.1509548225605
1862	1 47	1 49	1 55	1 57	682.2924098671726
1863	1 47	1 49	1 59	1 61	-194.80585598175338
1864	1 47	1 49	1 63	1 65	462.0621217936531
1865	1 47	1 49	1 68	1 70	-132.66055740619777
1866	1 47	1 49	1 70	1 72	-70.34259764608512
1867	1 47	1 49	1 72	1 2	147.30984490703594
1868	1 47	1 49	1 71	1 1	157.3881387921022
1869	1 48	1 50	1 49	1 51	-114.03654691860208
1870	1 48	1 50	1 51	1 53	-264.66764839657026
1871	1 48	1 50	1 53	1 55	-306.21948497457237
1872	1 48	1 50	1 55	1 57	614.5462304099915
1873	1 48	1 50	1 57	1 59	-81.17631761442442
1874	1 48	1 50	1 59	1 61	-205.4580436156764
1875	1 48	1 50	1 61	1 63	-230.10699425401228
1876	1 48	1 50	1 63	1 65	457.6708507428293
1877	1 48	1 50	1 65	1 67	-74.32951891473775
1878	1 48	1 50	1 67	1 69	-139.19202436375858
1879	1 48	1 50	1 56	1 58	749.2758943622401
1880	1 48	1 50	1 58	1 60	-196.0387261611461
1881	1 48	1 50	1 64	1 66	521.1145410093311
1882	1 48	1 50	1 70	1 72	-98.33803212549725
1883	1 48	1 50	1 69	1 71	-143.4469833378244
1884	1 48	1 50	1 71	1 1	158.31291976799184
1885	1 48	1 50	1 72	1 2	166.6772838690132
1886	1 49	1 51	1 50	1 52	183.3260817544048
1887	1 49	1 51	1 52	1 54	-57.58011566745536
1888	1 49	1 51	1 54	1 56	-10.440160255039963
1889	1 49	1 51	1 58	1 60	129.05660960012543
1890	1 49	1 51	1 60	1 62	-14.597300461031148
1891	1 49	1 51	1 62	1 64	-4.573843448268258
1892	1 49	1 51	1 64	1 66	-94.52921247979037
1893	1 49	1 51	1 66	1 68	77.0384600916296
1894	1 49	1 51	1 68	1 70	12.051429168456497
1895	1 49	1 51	1 53	1 55	-21.690760956930106
1896	1 49	1 51	1 57	1 59	210.13299861885358
1897	1 49	1 51	1 61	1 63	-9.572582843986206
1898	1 49	1 51	1 65	1 67	86.71971958097899
1899	1 49	1 51	1 67	1 69	36.20604103811342
1900	1 49	1 51	1 69	1 71	5.29728708767992
1901	1 49	1 51	1 71	1 1	-56.40294715447155
1902	1 49	1 51	1 72	1 2	-45.33289405792857
1903	1 50	1 52	1 51	1 53	165.85338179848407
1904	1 50	1 52	1 53	1 55	-62.21034918899216
1905	1 50	1 52	1 57	1 59	111.96268257439662
1906	1 50	1 52	1 59	1 61	133.25847623949448
1907	1 50	1 52	1 61	1 63	-23.10093041435854
1908	1 50	1 52	1 63	1 65	-171.9570735160279
1909	1 50	1 52	1 65	1 67	70.82504597472268
1910	1 50	1 52	1 67	1 69	77.28406402772978
1911	1 50	1 52	1 69	1 71	13.023123599472257
1912	1 50	1 52	1 54	1 56	-25.095998917799612
1913	1 50	1 52	1 58	1 60	231.58288990991826
1914	1 50	1 52	1 60	1 62	-3.2525627418405008
1915	1 50	1 52	1 62	1 64	-12.150781976179506
1916	1 50	1 52	1 66	1 68	105.16468443710669
1917	1 50	1 52	1 68	1 70	34.18235621713646
1918	1 50	1 52	1 70	1 72	2.117045027129903
1919	1 50	1 52	1 72	1 2	-68.18369183650825
1920	1 50	1 52	1 71	1 1	-79.02795298260011
1921	1 51	1 53	1 52	1 54	182.5573799498755
1922	1 51	1 53	1 54	1 56	-73.55724302726938
1923	1 51	1 53	1 58	1 60	129.94618743889075
1924	1 51	1 53	1 60	1 62	124.76235231308465
1925	1 51	1 53	1 62	1 64	-28.898503637667375
1926	1 51	1 53	1 64	1 66	-183.82783688187288
1927	1 51	1 53	1 66	1 68	81.18880054107805
1928	1 51	1 53	1 68	1 70	75.60642412066323
1929	1 51	1 53	1 70	1 72	7.777276909793769
1930	1 51	1 53	1 59	1 61	230.33014910480097
1931	1 51	1 53	1 65	1 67	34.296307842233205
1932	1 51	1 53	1 67	1 69	98.19238913431315
1933	1 51	1 53	1 69	1 71	38.28201748085408
1934	1 51	1 53	1 71	1 1	-111.93855279407225
1935	1 51	1 53	1 72	1 2	-101.62970522935846
1936	1 52	1 54	1 53	1 55	175.6019217890177
1937	1 52	1 54	1 57	1 59	-20.47640561493301
1938	1 52	1 54	1 59	1 61	118.24807762246239
1939	1 52	1 54	1 61	1 63	149.3931493193927
1940	1 52	1 54	1 65	1 67	10.568044345956134
1941	1 52	1 54	1 67	1 69	71.99320992994973
1942	1 52	1 54	1 69	1 71	84.42774691309383
1943	1 52	1 54	1 71	1 1	-120.46449196806938
1944	1 52	1 54	1 58	1 60	-1.3409883004432126
1945	1 52	1 54	1 60	1 62	248.6778563442797
1946	1 52	1 54	1 66	1 68	35.44448657192552
1947	1 52	1 54	1 68	1 70	102.44070307868814
1948	1 52	1 54	1 70	1 72	30.794096493921092
1949	1 52	1 54	1 72	1 2	-116.09593972256172
1950	1 53	1 55	1 54	1 56	257.4943433434701
1951	1 53	1 55	1 58	1 60	-25.70180068539257
1952	1 53	1 55	1 60	1 62	133.75205131401924
1953	1 53	1 55	1 62	1 64	191.99021775252208
1954	1 53	1 55	1 66	1 68	8.610384742577818
1955	1 53	1 55	1 68	1 70	77.60021912282542
1956	1 53	1 55	1 70	1 72	78.91767529356821
1957	1 53	1 55	1 72	1 2	-120.7971157743054
1958	1 53	1 55	1 57	1 59	-11.166187302410789
1959	1 53	1 55	1 59	1 61	-19.73602921994496
1960	1 53	1 55	1 61	1 63	298.9445173036288
1961	1 53	1 55	1 65	1 67	1.9121312688026846
1962	1 53	1 55	1 67	1 69	29.17726095006188
1963	1 53	1 55	1 69	1 71	111.77133414225091
1964	1 53	1 55	1 71	1 1	-104.66966897648736
1965	1 54	1 56	1 57	1 59	-5.364782635630915
1966	1 54	1 56	1 59	1 61	-28.55629373327845
1967	1 54	1 56	1 61	1 63	186.5530999232348
1968	1 54	1 56	1 67	1 69	10.11655542084055
1969	1 54	1 56	1 69	1 71	90.29962529991045
1970	1 54	1 56	1 71	1 1	-78.48620245013133
1971	1 54	1 56	1 58	1 60	-13.364060090739422
1972	1 54	1 56	1 62	1 64	370.273296373058
1973	1 54	1 56	1 66	1 68	3.0459578669109595
1974	1 54	1 56	1 68	1 70	38.14307472553603
1975	1 54	1 56	1 70	1 72	109.7367078886862
1976	1 54	1 56	1 72	1 2	-124.49221168362587
1977	1 55	1 57	1 56	1 58	750.4436967495401
1978	1 55	1 57	1 58	1 60	-271.0378558196975
1979	1 55	1 57	1 60	1 62	-251.61833034639187
1980	1 55	1 57	1 62	1 64	-161.75512664575467
1981	1 55	1 57	1 64	1 66	644.8846568867882
1982	1 55	1 57	1 66	1 68	-220.49401166455237
1983	1 55	1 57	1 68	1 70	-180.65668359160094
1984	1 55	1 57	1 70	1 72	-92.54660507300122
1985	1 55	1 57	1 72	1 2	185.42817073170733
1986	1 55	1 57	1 59	1 61	-233.33057967958956
1987	1 55	1 57	1 61	1 63	-288.70309229875863
1988	1 55	1 57	1 67	1 69	-190.80361659488096
1989	1 55	1 57	1 69	1 71	-165.9469033952032
1990	1 55	1 57	1 71	1 1	183.187819239241
1991	1 56	1 58	1 57	1 59	-108.99669777237321
1992	1 56	1 58	1 59	1 61	-254.83689025555202
1993	1 56	1 58	1 61	1 63	-317.8353898320259
1994	1 56	1 58	1 63	1 65	627.6905930969626
1995	1 56	1 58	1 65	1 67	-104.58680711769716
1996	1 56	1 58	1 67	1 69	-196.39370977855515
1997	1 56	1 58	1 69	1 71	-199.37049883270493
1998	1 56	1 58	1 71	1 1	200.2360277581044
1999	1 56	1 58	1 60	1 62	-243.973335896646
2000	1 56	1 58	1 62	1 64	-347.9708688711388
2001	1 56	1 58	1 66	1 68	-201.9034904366767
2002	1 56	1 58	1 68	1 70	-193.54436146610345
2003	1 56	1 58	1 70	1 72	-147.25493348724714
2004	1 56	1 58	1 72	1 2	234.5394353453564
2005	1 57	1 59	1 58	1 60	158.16404919177768
2006	1 57	1 59	1 60	1 62	-40.2615443802648
2007	1 57	1 59	1 62	1 64	-6.115782666003523
2008	1 57	1 59	1 66	1 68	119.55576763646607
2009	1 57	1 59	1 68	1 70	-10.283766929201883
2010	1 57	1 59	1 70	1 72	-2.7124977753699326
2011	1 57	1 59	1 72	1 2	-46.78805251352421
2012	1 57	1 59	1 61	1 63	-15.045186709830409
2013	1 57	1 59	1 65	1 67	193.88732439143442
2014	1 57	1 59	1 69	1 71	-5.284547485066282
2015	1 57	1 59	1 71	1 1	-53.01335567554149
2016	1 58	1 60	1 59	1 61	183.13226067723144
2017	1 58	1 60	1 61	1 63	-60.61055425879832
2018	1 58	1 60	1 65	1 67	128.06846139514857
2019	1 58	1 60	1 67	1 69	126.32081250654556
2020	1 58	1 60	1 69	1 71	-14.416731887830794
2021	1 58	1 60	1 71	1 1	-100.11623669674127
2022	1 58	1 60	1 62	1 64	-19.266048014453027
2023	1 58	1 60	1 70	1 72	-8.408877507582282
2024	1 58	1 60	1 72	1 2	-90.97801820790434
2025	1 59	1 61	1 60	1 62	138.74818270016618
2026	1 59	1 61	1 62	1 64	-57.29299396785929
2027	1 59	1 61	1 64	1 66	-232.2785506853389
2028	1 59	1 61	1 66	1 68	136.59591538023693
2029	1 59	1 61	1 68	1 70	115.59647935129593
2030	1 59	1 61	1 70	1 72	-15.323422041551467
2031	1 59	1 61	1 72	1 2	-114.02330003109546
2032	1 59	1 61	1 65	1 67	16.24305574693676
2033	1 59	1 61	1 67	1 69	209.53584241066727
2034	1 59	1 61	1 69	1 71	8.939412151922763
2035	1 59	1 61	1 71	1 1	-126.63737160707353
2036	1 60	1 62	1 61	1 63	211.3112586363796
2037	1 60	1 62	1 65	1 67	-11.483444830140591
2038	1 60	1 62	1 67	1 69	106.89325767959365
2039	1 60	1 62	1 69	1 71	151.10645381677062
2040	1 60	1 62	1 71	1 1	-168.42620013186664
2041	1 60	1 62	1 64	1 66	-238.21676308896755
2042	1 60	1 62	1 70	1 72	9.973006255737292
2043	1 60	1 62	1 72	1 2	-148.78985416094008
2044	1 61	1 63	1 62	1 64	228.7296633656694
2045	1 61	1 63	1 64	1 66	-371.18253170350215
2046	1 61	1 63	1 66	1 68	-16.290965916274867
2047	1 61	1 63	1 68	1 70	133.33445392903928
2048	1 61	1 63	1 70	1 72	131.5659641494848
2049	1 61	1 63	1 72	1 2	-180.89291190855585
2050	1 61	1 63	1 65	1 67	-7.6959864566623954
2051	1 61	1 63	1 69	1 71	245.94219689588198
2052	1 61	1 63	1 71	1 1	-179.84799640027404
2053	1 62	1 64	1 65	1 67	-4.310063117518045
2054	1 62	1 64	1 67	1 69	-15.699771837327877
2055	1 62	1 64	1 69	1 71	130.03149514414366
2056	1 62	1 64	1 71	1 1	-70.64719419460458
2057	1 62	1 64	1 66	1 68	-9.093996403317846
2058	1 62	1 64	1 70	1 72	235.15095018824465
2059	1 62	1 64	1 72	1 2	-181.9679200268733
2060	1 63	1 65	1 64	1 66	757.7632444166327
2061	1 63	1 65	1 66	1 68	-275.4822283959785
2062	1 63	1 65	1 68	1 70	-247.1432127334152
2063	1 63	1 65	1 70	1 72	-116.1396578877639
2064	1 63	1 65	1 72	1 2	296.1362303648767
2065	1 63	1 65	1 67	1 69	-235.9876047967316
2066	1 63	1 65	1 69	1 71	-254.97280578423496
2067	1 63	1 65	1 71	1 1	308.55511522901924
2068	1 64	1 66	1 65	1 67	-123.50999474115739
2069	1 64	1 66	1 67	1 69	-248.71476352612137
2070	1 64	1 66	1 69	1 71	-274.7654196655103
2071	1 64	1 66	1 71	1 1	286.5194114054858
2072	1 64	1 66	1 70	1 72	-239.6129817088958
2073	1 64	1 66	1 72	1 2	368.8027516216209
2074	1 65	1 67	1 66	1 68	168.46597063206485
2075	1 65	1 67	1 68	1 70	-29.74074461481647
2076	1 65	1 67	1 70	1 72	-5.250617954599019
2077	1 65	1 67	1 72	1 2	-59.563993522207966
2078	1 65	1 67	1 69	1 71	-12.545450022578802
2079	1 65	1 67	1 71	1 1	-64.104749933624
2080	1 66	1 68	1 67	1 69	162.97086854505332
2081	1 66	1 68	1 69	1 71	-36.728862465790684
2082	1 66	1 68	1 71	1 1	-109.82850923533682
2083	1 66	1 68	1 70	1 72	-12.23552392539369
2084	1 67	1 69	1 68	1 70	146.60599567025525
2085	1 67	1 69	1 70	1 72	-33.94751257155946
2086	1 67	1 69	1 72	1 2	-133.90648065428474
2087	1 67	1 69	1 71	1 1	-144.24847199843092
2088	1 68	1 70	1 69	1 71	190.64302901505613
2089	1 68	1 70	1 71	1 1	-222.39628787361067
2090	1 69	1 71	1 70	1 72	229.87887592235245
2091	1 69	1 71	1 72	1 2	-312.89774064152175
2092	1 70	1 72	1 71	1 1	-157.11869459320275
2093	1 71	1 1	1 72	1 2	1862.0636425451512
