2230
1	1 1	1 3	1 2	1 4	630.2434782608696
2	1 1	1 3	1 4	1 6	-252.43469979296066
3	1 1	1 3	1 6	1 8	-40.863688696836064
4	1 1	1 3	1 12	1 14	-47.1180742549531
5	1 1	1 3	1 14	1 16	-19.769834442431467
6	1 1	1 3	1 16	1 18	-181.72420701974605
7	1 1	1 3	1 18	1 20	166.53869877618536
8	1 1	1 3	1 20	1 22	14.16437433334971
9	1 1	1 3	1 5	1 7	-91.52865870661901
10	1 1	1 3	1 9	1 11	539.1669826589596
11	1 1	1 3	1 11	1 13	17.508479677319265
12	1 1	1 3	1 13	1 15	-30.67437566253374
13	1 1	1 3	1 17	1 19	232.81340982533433
14	1 1	1 3	1 19	1 21	74.51282663502892
15	1 1	1 3	1 21	1 23	-6.777042554908392
16	1 1	1 3	1 22	1 24	-8.923525662750016
17	1 1	1 3	1 24	1 26	-139.93608607559563
18	1 1	1 3	1 26	1 28	95.95616037125794
19	1 1	1 3	1 28	1 30	31.471428050660336
20	1 1	1 3	1 30	1 32	1.5178395662117563
21	1 1	1 3	1 32	1 34	-107.14616831079542
22	1 1	1 3	1 34	1 36	58.59387440986251
23	1 1	1 3	1 36	1 38	29.718324038405793
24	1 1	1 3	1 38	1 40	10.429567109873027
25	1 1	1 3	1 40	1 42	-85.32088677080657
26	1 1	1 3	1 25	1 27	126.53185115951953
27	1 1	1 3	1 27	1 29	61.43350421364892
28	1 1	1 3	1 29	1 31	10.60551976344153
29	1 1	1 3	1 31	1 33	-149.89384181392379
30	1 1	1 3	1 33	1 35	72.2445749415057
31	1 1	1 3	1 35	1 37	44.68387254977088
32	1 1	1 3	1 37	1 39	18.20522717117626
33	1 1	1 3	1 39	1 41	-102.70730336977647
34	1 1	1 3	1 41	1 43	40.57679628161681
35	1 1	1 3	1 43	1 45	32.38853865432813
36	1 1	1 3	1 42	1 44	38.34244367672621
37	1 1	1 3	1 44	1 46	25.17413085593168
38	1 1	1 3	1 46	1 48	12.148524947596686
39	1 1	1 3	1 48	1 50	-67.31098225404733
40	1 1	1 3	1 50	1 52	26.900750263414714
41	1 1	1 3	1 52	1 54	19.847932835587486
42	1 1	1 3	1 54	1 56	11.723563416956694
43	1 1	1 3	1 56	1 58	-52.786433579806214
44	1 1	1 3	1 58	1 60	20.090077275829504
45	1 1	1 3	1 60	1 62	16.188990184827095
46	1 1	1 3	1 45	1 47	17.94594830160637
47	1 1	1 3	1 47	1 49	-72.70614479168054
48	1 1	1 3	1 49	1 51	24.392713203970544
49	1 1	1 3	1 51	1 53	24.3544437553291
50	1 1	1 3	1 53	1 55	16.264206203188742
51	1 1	1 3	1 55	1 57	-54.93885780619624
52	1 1	1 3	1 57	1 59	15.785327333648159
53	1 1	1 3	1 59	1 61	18.648920242186982
54	1 1	1 3	1 61	1 63	13.609673750959782
55	1 1	1 3	1 63	1 65	-42.1865941835143
56	1 1	1 3	1 62	1 64	9.861434451394022
57	1 1	1 3	1 64	1 66	-41.76726032430247
58	1 1	1 3	1 66	1 68	14.859806330747574
59	1 1	1 3	1 68	1 70	13.448752658193598
60	1 1	1 3	1 70	1 72	6.891680648598337
61	1 1	1 3	1 72	1 2	-226.53934850852778
62	1 1	1 3	1 65	1 67	11.54527101023061
63	1 1	1 3	1 67	1 69	14.884658851658102
64	1 1	1 3	1 69	1 71	10.674700586769552
65	1 2	1 4	1 3	1 5	549.7287040407717
66	1 2	1 4	1 5	1 7	-274.3059701492537
67	1 2	1 4	1 7	1 9	-581.3887483130904
68	1 2	1 4	1 11	1 13	226.1137129416913
69	1 2	1 4	1 13	1 15	-33.7478279563327
70	1 2	1 4	1 15	1 17	-366.8933076054217
71	1 2	1 4	1 6	1 8	-93.99923935091277
72	1 2	1 4	1 10	1 12	424.82284528377374
73	1 2	1 4	1 12	1 14	15.615670620909722
74	1 2	1 4	1 14	1 16	-32.45991954078378
75	1 2	1 4	1 18	1 20	200.68037229641067
76	1 2	1 4	1 20	1 22	63.34692098092643
77	1 2	1 4	1 22	1 24	-7.781267740188792
78	1 2	1 4	1 23	1 25	-254.9002132929682
79	1 2	1 4	1 25	1 27	104.3653725786435
80	1 2	1 4	1 27	1 29	94.1295048982132
81	1 2	1 4	1 29	1 31	27.546761880080133
82	1 2	1 4	1 31	1 33	-181.2584532374101
83	1 2	1 4	1 33	1 35	66.56019247061687
84	1 2	1 4	1 35	1 37	60.201958861815754
85	1 2	1 4	1 37	1 39	32.164242593207135
86	1 2	1 4	1 39	1 41	-127.2426744610888
87	1 2	1 4	1 41	1 43	39.96491262023535
88	1 2	1 4	1 26	1 28	107.74337078083093
89	1 2	1 4	1 28	1 30	61.96082321817616
90	1 2	1 4	1 30	1 32	7.698788192877668
91	1 2	1 4	1 32	1 34	-145.5771587842636
92	1 2	1 4	1 34	1 36	64.4596824172646
93	1 2	1 4	1 36	1 38	47.34196953629615
94	1 2	1 4	1 38	1 40	19.038984929155802
95	1 2	1 4	1 40	1 42	-113.55357724712562
96	1 2	1 4	1 42	1 44	43.047022408676966
97	1 2	1 4	1 44	1 46	36.030725543610444
98	1 2	1 4	1 43	1 45	41.57291189578636
99	1 2	1 4	1 45	1 47	27.611727929139825
100	1 2	1 4	1 47	1 49	-90.3314243469018
101	1 2	1 4	1 49	1 51	25.686023629233027
102	1 2	1 4	1 51	1 53	30.719062695434644
103	1 2	1 4	1 53	1 55	23.322711344435135
104	1 2	1 4	1 55	1 57	-68.50884064914678
105	1 2	1 4	1 57	1 59	17.43528202421159
106	1 2	1 4	1 59	1 61	23.01421105570224
107	1 2	1 4	1 61	1 63	18.70507308919696
108	1 2	1 4	1 46	1 48	19.544337626354892
109	1 2	1 4	1 48	1 50	-87.71095819459859
110	1 2	1 4	1 50	1 52	30.79541372886262
111	1 2	1 4	1 52	1 54	26.765631673177474
112	1 2	1 4	1 54	1 56	17.571488812739076
113	1 2	1 4	1 56	1 58	-67.97576068223688
114	1 2	1 4	1 58	1 60	23.374305800243825
115	1 2	1 4	1 60	1 62	21.17159954093995
116	1 2	1 4	1 62	1 64	14.051350642782342
117	1 2	1 4	1 64	1 66	-53.36896067581622
118	1 2	1 4	1 63	1 65	-52.480112310293954
119	1 2	1 4	1 65	1 67	13.243100503002768
120	1 2	1 4	1 67	1 69	18.358379115397614
121	1 2	1 4	1 69	1 71	14.192141887282165
122	1 2	1 4	1 71	1 1	-770.5041822721598
123	1 2	1 4	1 66	1 68	17.636393018745956
124	1 2	1 4	1 68	1 70	17.325733111266597
125	1 2	1 4	1 70	1 72	9.857317478007257
126	1 3	1 5	1 4	1 6	415.6971428571429
127	1 3	1 5	1 6	1 8	-231.22586292320398
128	1 3	1 5	1 8	1 10	-468.2476726726727
129	1 3	1 5	1 10	1 12	259.4417981148408
130	1 3	1 5	1 12	1 14	202.9057372782092
131	1 3	1 5	1 14	1 16	-39.58648517360818
132	1 3	1 5	1 16	1 18	-316.8060549656641
133	1 3	1 5	1 18	1 20	143.2271425103908
134	1 3	1 5	1 20	1 22	126.47098133450271
135	1 3	1 5	1 9	1 11	41.22204796334603
136	1 3	1 5	1 11	1 13	349.45059794478857
137	1 3	1 5	1 17	1 19	65.97756343322544
138	1 3	1 5	1 19	1 21	177.29258571327762
139	1 3	1 5	1 21	1 23	46.763322654997204
140	1 3	1 5	1 25	1 27	60.35027322886002
141	1 3	1 5	1 24	1 26	-222.81625120839664
142	1 3	1 5	1 26	1 28	84.16524627346593
143	1 3	1 5	1 28	1 30	87.30088941969481
144	1 3	1 5	1 30	1 32	20.10044904917782
145	1 3	1 5	1 32	1 34	-161.35841997961265
146	1 3	1 5	1 34	1 36	54.09043454345434
147	1 3	1 5	1 36	1 38	58.466514497100654
148	1 3	1 5	1 38	1 40	29.23692887564983
149	1 3	1 5	1 40	1 42	-124.01723628420916
150	1 3	1 5	1 42	1 44	38.05164967883797
151	1 3	1 5	1 27	1 29	100.03382510560493
152	1 3	1 5	1 29	1 31	51.83320859980125
153	1 3	1 5	1 33	1 35	45.944393403676784
154	1 3	1 5	1 35	1 37	61.75546839356046
155	1 3	1 5	1 37	1 39	45.94349292025042
156	1 3	1 5	1 39	1 41	-128.6816606796033
157	1 3	1 5	1 41	1 43	30.83105914591017
158	1 3	1 5	1 43	1 45	42.391975587572034
159	1 3	1 5	1 45	1 47	34.74742587037825
160	1 3	1 5	1 44	1 46	41.35741288769475
161	1 3	1 5	1 46	1 48	26.34197274831472
162	1 3	1 5	1 48	1 50	-94.9051740950697
163	1 3	1 5	1 50	1 52	28.28090469769915
164	1 3	1 5	1 52	1 54	29.354265337559262
165	1 3	1 5	1 54	1 56	21.925074965609895
166	1 3	1 5	1 56	1 58	-72.39923792645104
167	1 3	1 5	1 58	1 60	22.09282392951878
168	1 3	1 5	1 60	1 62	22.78837694743243
169	1 3	1 5	1 62	1 64	16.681891987497004
170	1 3	1 5	1 47	1 49	-92.02052051801215
171	1 3	1 5	1 49	1 51	21.523317829048743
172	1 3	1 5	1 51	1 53	31.090914102610327
173	1 3	1 5	1 53	1 55	27.46551965929758
174	1 3	1 5	1 55	1 57	-70.19197046010932
175	1 3	1 5	1 57	1 59	15.556539473914412
176	1 3	1 5	1 59	1 61	23.11381544841887
177	1 3	1 5	1 61	1 63	21.243381679338267
178	1 3	1 5	1 63	1 65	-53.61991662641967
179	1 3	1 5	1 65	1 67	12.36851135541204
180	1 3	1 5	1 64	1 66	-56.19987563740162
181	1 3	1 5	1 66	1 68	17.033721597077005
182	1 3	1 5	1 68	1 70	18.31583926001229
183	1 3	1 5	1 70	1 72	11.136110173243694
184	1 3	1 5	1 67	1 69	18.557434161531262
185	1 3	1 5	1 69	1 71	15.612568115559325
186	1 4	1 6	1 5	1 7	511.9646619841967
187	1 4	1 6	1 7	1 9	-652.4473789515807
188	1 4	1 6	1 9	1 11	-35.345031232679716
189	1 4	1 6	1 11	1 13	210.89947932952424
190	1 4	1 6	1 15	1 17	-376.5098157051282
191	1 4	1 6	1 17	1 19	12.485396755398597
192	1 4	1 6	1 19	1 21	124.62474502185528
193	1 4	1 6	1 21	1 23	117.75477429690392
194	1 4	1 6	1 23	1 25	-232.88158391899037
195	1 4	1 6	1 12	1 14	346.13287997880417
196	1 4	1 6	1 14	1 16	19.540435918133305
197	1 4	1 6	1 18	1 20	57.73747535892838
198	1 4	1 6	1 20	1 22	162.75981267582645
199	1 4	1 6	1 22	1 24	54.51918320465568
200	1 4	1 6	1 26	1 28	48.906018194763405
201	1 4	1 6	1 25	1 27	26.830861082620515
202	1 4	1 6	1 27	1 29	79.01766131220991
203	1 4	1 6	1 29	1 31	83.48545378678574
204	1 4	1 6	1 31	1 33	-169.1849789182338
205	1 4	1 6	1 33	1 35	27.146159773770897
206	1 4	1 6	1 35	1 37	52.830394382556364
207	1 4	1 6	1 37	1 39	60.19799917933348
208	1 4	1 6	1 39	1 41	-121.98188045769346
209	1 4	1 6	1 41	1 43	20.849930655170095
210	1 4	1 6	1 43	1 45	38.160744566722045
211	1 4	1 6	1 28	1 30	99.45164059758359
212	1 4	1 6	1 30	1 32	45.023485194714326
213	1 4	1 6	1 34	1 36	37.349005549687035
214	1 4	1 6	1 36	1 38	63.044476133178996
215	1 4	1 6	1 38	1 40	43.38708659531352
216	1 4	1 6	1 40	1 42	-129.41055456171733
217	1 4	1 6	1 42	1 44	29.657391632692356
218	1 4	1 6	1 44	1 46	43.03493734491959
219	1 4	1 6	1 46	1 48	34.070519439286244
220	1 4	1 6	1 45	1 47	40.80178631909122
221	1 4	1 6	1 47	1 49	-87.4733567507761
222	1 4	1 6	1 49	1 51	16.24267646022919
223	1 4	1 6	1 51	1 53	28.669743304886087
224	1 4	1 6	1 53	1 55	30.353081762408127
225	1 4	1 6	1 55	1 57	-66.97915073596533
226	1 4	1 6	1 57	1 59	12.700695941532352
227	1 4	1 6	1 59	1 61	21.363783800519194
228	1 4	1 6	1 61	1 63	22.60566989029391
229	1 4	1 6	1 63	1 65	-51.38413391848843
230	1 4	1 6	1 48	1 50	-96.75862141563856
231	1 4	1 6	1 50	1 52	23.493163420487523
232	1 4	1 6	1 52	1 54	29.59411007419017
233	1 4	1 6	1 54	1 56	26.025824777417306
234	1 4	1 6	1 56	1 58	-72.69036275137793
235	1 4	1 6	1 58	1 60	19.227218595800828
236	1 4	1 6	1 60	1 62	22.78684736731388
237	1 4	1 6	1 62	1 64	18.76647540514982
238	1 4	1 6	1 64	1 66	-55.844418027359296
239	1 4	1 6	1 66	1 68	15.243806478485793
240	1 4	1 6	1 65	1 67	10.658213820078227
241	1 4	1 6	1 67	1 69	17.362311884641134
242	1 4	1 6	1 69	1 71	16.104248691344157
243	1 4	1 6	1 71	1 1	-208.63814243183955
244	1 4	1 6	1 68	1 70	18.169438900597058
245	1 4	1 6	1 70	1 72	11.761156712533687
246	1 4	1 6	1 72	1 2	-283.49081760024967
247	1 5	1 7	1 8	1 10	-781.3564814814815
248	1 5	1 7	1 10	1 12	-43.34160103098179
249	1 5	1 7	1 16	1 18	-467.2121398386477
250	1 5	1 7	1 20	1 22	132.90172525572683
251	1 5	1 7	1 22	1 24	149.86069754299308
252	1 5	1 7	1 24	1 26	-276.9805546632402
253	1 5	1 7	1 9	1 11	-33.692866827054985
254	1 5	1 7	1 13	1 15	413.8496666666667
255	1 5	1 7	1 15	1 17	-390.0232142857143
256	1 5	1 7	1 17	1 19	-4.729954008299805
257	1 5	1 7	1 19	1 21	55.92245242362372
258	1 5	1 7	1 21	1 23	181.84705129901636
259	1 5	1 7	1 23	1 25	-218.13566314613587
260	1 5	1 7	1 25	1 27	9.945197011677458
261	1 5	1 7	1 27	1 29	51.355311590860715
262	1 5	1 7	1 26	1 28	22.891594151044323
263	1 5	1 7	1 28	1 30	91.51777833640578
264	1 5	1 7	1 30	1 32	81.13309469140302
265	1 5	1 7	1 32	1 34	-180.11705729486897
266	1 5	1 7	1 34	1 36	23.883769942901132
267	1 5	1 7	1 36	1 38	61.29414628344897
268	1 5	1 7	1 38	1 40	60.33338902078711
269	1 5	1 7	1 40	1 42	-133.80892245258886
270	1 5	1 7	1 42	1 44	22.377012091532464
271	1 5	1 7	1 44	1 46	42.18138528886873
272	1 5	1 7	1 29	1 31	110.51030086075136
273	1 5	1 7	1 31	1 33	-158.986547715219
274	1 5	1 7	1 33	1 35	15.302573783359497
275	1 5	1 7	1 35	1 37	40.89993692807333
276	1 5	1 7	1 37	1 39	71.75437146142315
277	1 5	1 7	1 39	1 41	-115.36309998921367
278	1 5	1 7	1 41	1 43	13.984217877183196
279	1 5	1 7	1 43	1 45	32.868181370607914
280	1 5	1 7	1 45	1 47	45.59622086941969
281	1 5	1 7	1 47	1 49	-82.93448338372492
282	1 5	1 7	1 46	1 48	42.332360742705575
283	1 5	1 7	1 48	1 50	-99.00833454970078
284	1 5	1 7	1 50	1 52	19.29786274566201
285	1 5	1 7	1 52	1 54	29.001210415935283
286	1 5	1 7	1 54	1 56	30.14297883015398
287	1 5	1 7	1 56	1 58	-72.74590181829367
288	1 5	1 7	1 58	1 60	16.506961993294972
289	1 5	1 7	1 60	1 62	22.34187415454853
290	1 5	1 7	1 62	1 64	20.737694857116438
291	1 5	1 7	1 64	1 66	-55.31573109529727
292	1 5	1 7	1 49	1 51	12.251837979523613
293	1 5	1 7	1 51	1 53	25.818336977170624
294	1 5	1 7	1 53	1 55	32.636849729760954
295	1 5	1 7	1 55	1 57	-64.101234946669
296	1 5	1 7	1 57	1 59	10.389004564495373
297	1 5	1 7	1 59	1 61	19.5116635074101
298	1 5	1 7	1 61	1 63	23.703455941374017
299	1 5	1 7	1 63	1 65	-49.02217783527516
300	1 5	1 7	1 65	1 67	9.174214874007255
301	1 5	1 7	1 67	1 69	16.193079568717636
302	1 5	1 7	1 66	1 68	13.592171765527908
303	1 5	1 7	1 68	1 70	17.756957314591425
304	1 5	1 7	1 70	1 72	12.420233816070283
305	1 5	1 7	1 72	1 2	-178.63432550046514
306	1 5	1 7	1 69	1 71	16.45486356340289
307	1 5	1 7	1 71	1 1	-145.79751694226078
308	1 6	1 8	1 9	1 11	-20.945176409358528
309	1 6	1 8	1 11	1 13	-33.52778324584427
310	1 6	1 8	1 17	1 19	-6.872907757267363
311	1 6	1 8	1 19	1 21	10.167449152796667
312	1 6	1 8	1 23	1 25	-139.9975816264041
313	1 6	1 8	1 25	1 27	2.5907909092802415
314	1 6	1 8	1 10	1 12	-34.86277958152958
315	1 6	1 8	1 12	1 14	32.16584090824075
316	1 6	1 8	1 14	1 16	545.7813531353136
317	1 6	1 8	1 16	1 18	-533.4167995746943
318	1 6	1 8	1 18	1 20	-5.3826043729525885
319	1 6	1 8	1 20	1 22	58.7918317815958
320	1 6	1 8	1 22	1 24	228.04273715415022
321	1 6	1 8	1 24	1 26	-268.7440150706855
322	1 6	1 8	1 26	1 28	8.128207945277559
323	1 6	1 8	1 28	1 30	60.18862149362477
324	1 6	1 8	1 27	1 29	24.780093913148704
325	1 6	1 8	1 29	1 31	98.24309108724135
326	1 6	1 8	1 31	1 33	-115.68319206382432
327	1 6	1 8	1 33	1 35	7.789537362929449
328	1 6	1 8	1 35	1 37	25.944549320714714
329	1 6	1 8	1 37	1 39	63.953149239838666
330	1 6	1 8	1 39	1 41	-88.36799685352298
331	1 6	1 8	1 41	1 43	8.379294737294998
332	1 6	1 8	1 43	1 45	23.59986667663477
333	1 6	1 8	1 45	1 47	39.94818767155482
334	1 6	1 8	1 30	1 32	99.79564138847672
335	1 6	1 8	1 32	1 34	-158.95117890568756
336	1 6	1 8	1 34	1 36	13.024270494323488
337	1 6	1 8	1 36	1 38	45.84779514448383
338	1 6	1 8	1 38	1 40	63.49812365371264
339	1 6	1 8	1 40	1 42	-114.5619345253343
340	1 6	1 8	1 42	1 44	14.612554923360399
341	1 6	1 8	1 44	1 46	33.349861094602915
342	1 6	1 8	1 46	1 48	41.31259134353287
343	1 6	1 8	1 48	1 50	-83.209659548751
344	1 6	1 8	1 47	1 49	-64.97958215898397
345	1 6	1 8	1 49	1 51	8.147683731818063
346	1 6	1 8	1 51	1 53	19.518713972334368
347	1 6	1 8	1 53	1 55	28.33082342054431
348	1 6	1 8	1 55	1 57	-50.861485672680026
349	1 6	1 8	1 57	1 59	7.393709599277931
350	1 6	1 8	1 59	1 61	15.016864980855658
351	1 6	1 8	1 61	1 63	20.241207939310783
352	1 6	1 8	1 63	1 65	-39.29508742544899
353	1 6	1 8	1 65	1 67	6.826314880807228
354	1 6	1 8	1 50	1 52	13.632949416014913
355	1 6	1 8	1 52	1 54	23.267172225519353
356	1 6	1 8	1 54	1 56	27.96156260770516
357	1 6	1 8	1 56	1 58	-60.4145854674444
358	1 6	1 8	1 58	1 60	12.177416399256462
359	1 6	1 8	1 60	1 62	18.186759359101757
360	1 6	1 8	1 62	1 64	18.623948148598608
361	1 6	1 8	1 64	1 66	-45.61639798533978
362	1 6	1 8	1 66	1 68	10.321619562011785
363	1 6	1 8	1 68	1 70	14.503049028543465
364	1 6	1 8	1 67	1 69	12.71618475610202
365	1 6	1 8	1 69	1 71	13.87961711916293
366	1 6	1 8	1 71	1 1	-96.26401529689127
367	1 6	1 8	1 70	1 72	11.031437812138485
368	1 6	1 8	1 72	1 2	-114.2018451959097
369	1 7	1 9	1 8	1 10	1476.2592592592594
370	1 7	1 9	1 10	1 12	-527.8911570966941
371	1 7	1 9	1 12	1 14	-408.39070680628265
372	1 7	1 9	1 16	1 18	1055.444019138756
373	1 7	1 9	1 18	1 20	-382.81281489594744
374	1 7	1 9	1 20	1 22	-282.8002283105023
375	1 7	1 9	1 22	1 24	-145.39502657498497
376	1 7	1 9	1 24	1 26	692.5288147749686
377	1 7	1 9	1 26	1 28	-236.08997391778263
378	1 7	1 9	1 11	1 13	-424.7295859689476
379	1 7	1 9	1 13	1 15	-398.57704504504505
380	1 7	1 9	1 15	1 17	1180.8353658536585
381	1 7	1 9	1 21	1 23	-222.50129675129676
382	1 7	1 9	1 23	1 25	759.337060296947
383	1 7	1 9	1 27	1 29	-228.30106634820652
384	1 7	1 9	1 29	1 31	-177.28897627299386
385	1 7	1 9	1 28	1 30	-218.10281945735406
386	1 7	1 9	1 30	1 32	-102.68179223669495
387	1 7	1 9	1 32	1 34	483.40092781501994
388	1 7	1 9	1 34	1 36	-155.2560054907344
389	1 7	1 9	1 36	1 38	-158.15838194130924
390	1 7	1 9	1 38	1 40	-102.6151411655438
391	1 7	1 9	1 40	1 42	368.2667554275072
392	1 7	1 9	1 42	1 44	-110.02222686733555
393	1 7	1 9	1 44	1 46	-115.42178937649854
394	1 7	1 9	1 46	1 48	-83.61708134109315
395	1 7	1 9	1 31	1 33	532.8462081959491
396	1 7	1 9	1 35	1 37	-160.76389578163773
397	1 7	1 9	1 37	1 39	-142.07564247808716
398	1 7	1 9	1 39	1 41	375.46431693458305
399	1 7	1 9	1 41	1 43	-97.01943462066632
400	1 7	1 9	1 43	1 45	-117.00549300179843
401	1 7	1 9	1 45	1 47	-103.68758320532514
402	1 7	1 9	1 47	1 49	267.0734001292825
403	1 7	1 9	1 49	1 51	-65.12818609108932
404	1 7	1 9	1 48	1 50	279.4452360916316
405	1 7	1 9	1 50	1 52	-81.7988181261482
406	1 7	1 9	1 52	1 54	-83.32678538391178
407	1 7	1 9	1 54	1 56	-66.54995151292002
408	1 7	1 9	1 56	1 58	211.56245658741517
409	1 7	1 9	1 58	1 60	-64.10105754649214
410	1 7	1 9	1 60	1 62	-65.28935163626724
411	1 7	1 9	1 62	1 64	-49.566083945866694
412	1 7	1 9	1 64	1 66	164.73665342731408
413	1 7	1 9	1 66	1 68	-49.53529859802774
414	1 7	1 9	1 51	1 53	-88.08419055810305
415	1 7	1 9	1 53	1 55	-80.64196523887776
416	1 7	1 9	1 55	1 57	202.8478929803722
417	1 7	1 9	1 57	1 59	-45.96394400675781
418	1 7	1 9	1 59	1 61	-66.41403325179246
419	1 7	1 9	1 61	1 63	-62.14337871662757
420	1 7	1 9	1 63	1 65	155.71120645817442
421	1 7	1 9	1 65	1 67	-36.09589021312145
422	1 7	1 9	1 67	1 69	-53.51774425897168
423	1 7	1 9	1 69	1 71	-45.381057465069034
424	1 7	1 9	1 68	1 70	-52.85511278064469
425	1 7	1 9	1 70	1 72	-32.146004246426116
426	1 7	1 9	1 71	1 1	930.1917725347852
427	1 8	1 10	1 11	1 13	-437.44741331290913
428	1 8	1 10	1 13	1 15	-467.0275407873073
429	1 8	1 10	1 15	1 17	1023.8377450980392
430	1 8	1 10	1 19	1 21	-339.59300699300695
431	1 8	1 10	1 21	1 23	-282.8676026920399
432	1 8	1 10	1 23	1 25	679.0228869535949
433	1 8	1 10	1 25	1 27	-135.37732445881846
434	1 8	1 10	1 27	1 29	-224.24960111581908
435	1 8	1 10	1 12	1 14	-417.0288461538462
436	1 8	1 10	1 14	1 16	-529.7651846915461
437	1 8	1 10	1 16	1 18	1306.0985763377516
438	1 8	1 10	1 22	1 24	-277.31876000711617
439	1 8	1 10	1 26	1 28	-187.82963676068252
440	1 8	1 10	1 28	1 30	-238.3730390302768
441	1 8	1 10	1 30	1 32	-157.19597748685624
442	1 8	1 10	1 29	1 31	-222.5049890226361
443	1 8	1 10	1 31	1 33	513.0080932580933
444	1 8	1 10	1 33	1 35	-104.95006059857215
445	1 8	1 10	1 35	1 37	-152.82478539369907
446	1 8	1 10	1 37	1 39	-166.06573222520387
447	1 8	1 10	1 39	1 41	367.1667163645038
448	1 8	1 10	1 41	1 43	-72.99842646354773
449	1 8	1 10	1 43	1 45	-111.42757044647578
450	1 8	1 10	1 45	1 47	-114.94686011149352
451	1 8	1 10	1 47	1 49	260.5092003357166
452	1 8	1 10	1 32	1 34	502.99881491057965
453	1 8	1 10	1 34	1 36	-125.90747930457098
454	1 8	1 10	1 36	1 38	-168.30834233678036
455	1 8	1 10	1 38	1 40	-131.52097318699097
456	1 8	1 10	1 40	1 42	378.82087079186306
457	1 8	1 10	1 42	1 44	-93.65035257665346
458	1 8	1 10	1 44	1 46	-119.95570079190918
459	1 8	1 10	1 46	1 48	-99.15866557371143
460	1 8	1 10	1 48	1 50	284.1466989982509
461	1 8	1 10	1 50	1 52	-72.51595454292709
462	1 8	1 10	1 49	1 51	-53.05819833365238
463	1 8	1 10	1 51	1 53	-84.1801367123131
464	1 8	1 10	1 53	1 55	-86.78735298091055
465	1 8	1 10	1 55	1 57	198.51305141225006
466	1 8	1 10	1 57	1 59	-39.724645410182895
467	1 8	1 10	1 59	1 61	-63.11497317139627
468	1 8	1 10	1 61	1 63	-65.10434975571825
469	1 8	1 10	1 63	1 65	152.45949752649267
470	1 8	1 10	1 65	1 67	-32.55632858401036
471	1 8	1 10	1 67	1 69	-51.37608339052932
472	1 8	1 10	1 52	1 54	-84.81319284929592
473	1 8	1 10	1 54	1 56	-75.03946482651571
474	1 8	1 10	1 56	1 58	212.9258506054528
475	1 8	1 10	1 58	1 60	-58.1682939766102
476	1 8	1 10	1 60	1 62	-65.9773350608966
477	1 8	1 10	1 62	1 64	-54.09548982979128
478	1 8	1 10	1 64	1 66	163.918452643436
479	1 8	1 10	1 66	1 68	-45.76692147327121
480	1 8	1 10	1 68	1 70	-52.91758178475142
481	1 8	1 10	1 70	1 72	-34.327741298609105
482	1 8	1 10	1 69	1 71	-46.67621489029045
483	1 8	1 10	1 72	1 2	657.443068068068
484	1 9	1 11	1 10	1 12	314.5895504916498
485	1 9	1 11	1 12	1 14	-71.76233446382429
486	1 9	1 11	1 14	1 16	-15.635085137097391
487	1 9	1 11	1 20	1 22	-22.908858952412608
488	1 9	1 11	1 22	1 24	-11.146103810371532
489	1 9	1 11	1 26	1 28	122.0815269556871
490	1 9	1 11	1 28	1 30	15.669477353320438
491	1 9	1 11	1 13	1 15	-29.585967068802383
492	1 9	1 11	1 19	1 21	17.851357036580985
493	1 9	1 11	1 21	1 23	-16.87248839403423
494	1 9	1 11	1 25	1 27	188.22125884732054
495	1 9	1 11	1 27	1 29	53.310556495785185
496	1 9	1 11	1 29	1 31	1.1747387819093786
497	1 9	1 11	1 31	1 33	-174.29721925971955
498	1 9	1 11	1 30	1 32	-2.23192720748764
499	1 9	1 11	1 32	1 34	-113.51065522566763
500	1 9	1 11	1 34	1 36	73.77904845735877
501	1 9	1 11	1 36	1 38	24.87185066243643
502	1 9	1 11	1 38	1 40	7.201474522406063
503	1 9	1 11	1 40	1 42	-91.72597228974234
504	1 9	1 11	1 42	1 44	47.35844247237258
505	1 9	1 11	1 44	1 46	24.57114210637389
506	1 9	1 11	1 46	1 48	10.316938283939118
507	1 9	1 11	1 48	1 50	-73.04981311859481
508	1 9	1 11	1 33	1 35	101.50122269997539
509	1 9	1 11	1 35	1 37	46.85748435944831
510	1 9	1 11	1 37	1 39	13.01774552549534
511	1 9	1 11	1 39	1 41	-118.06058646837299
512	1 9	1 11	1 41	1 43	54.30156768793809
513	1 9	1 11	1 43	1 45	35.58395840709891
514	1 9	1 11	1 45	1 47	16.092465962512975
515	1 9	1 11	1 47	1 49	-82.7477407814567
516	1 9	1 11	1 49	1 51	31.478513977653144
517	1 9	1 11	1 51	1 53	27.387760240901304
518	1 9	1 11	1 50	1 52	32.70055954113616
519	1 9	1 11	1 52	1 54	20.769675379932366
520	1 9	1 11	1 54	1 56	10.951892828224064
521	1 9	1 11	1 56	1 58	-57.838191265979574
522	1 9	1 11	1 58	1 60	24.035589937874512
523	1 9	1 11	1 60	1 62	17.391098955273108
524	1 9	1 11	1 62	1 64	9.72980950847894
525	1 9	1 11	1 64	1 66	-46.192118278359416
526	1 9	1 11	1 66	1 68	17.53579015689817
527	1 9	1 11	1 68	1 70	14.72698016961137
528	1 9	1 11	1 53	1 55	15.971564871984551
529	1 9	1 11	1 55	1 57	-62.249299545600245
530	1 9	1 11	1 57	1 59	19.63489181001384
531	1 9	1 11	1 59	1 61	21.305590426507603
532	1 9	1 11	1 61	1 63	13.994996657643803
533	1 9	1 11	1 63	1 65	-47.95327783766519
534	1 9	1 11	1 65	1 67	13.996893920045672
535	1 9	1 11	1 67	1 69	17.02812084128535
536	1 9	1 11	1 69	1 71	11.341298993092781
537	1 9	1 11	1 70	1 72	7.133481826896372
538	1 10	1 12	1 11	1 13	253.76928641180513
539	1 10	1 12	1 13	1 15	-69.09222937812841
540	1 10	1 12	1 15	1 17	-401.7662521815009
541	1 10	1 12	1 21	1 23	-25.313275585236394
542	1 10	1 12	1 23	1 25	-283.7373354142001
543	1 10	1 12	1 25	1 27	126.90720358544792
544	1 10	1 12	1 27	1 29	117.24001165790125
545	1 10	1 12	1 29	1 31	13.064439107646848
546	1 10	1 12	1 14	1 16	-29.30034766118837
547	1 10	1 12	1 18	1 20	327.2558910700904
548	1 10	1 12	1 20	1 22	14.408071616383967
549	1 10	1 12	1 22	1 24	-18.742317994897256
550	1 10	1 12	1 26	1 28	148.3418855918856
551	1 10	1 12	1 28	1 30	55.74738933595717
552	1 10	1 12	1 30	1 32	-0.479638447426463
553	1 10	1 12	1 32	1 34	-158.35252583476637
554	1 10	1 12	1 31	1 33	-204.95209692268514
555	1 10	1 12	1 33	1 35	80.6974479370462
556	1 10	1 12	1 35	1 37	72.36909958952134
557	1 10	1 12	1 37	1 39	27.8046431287073
558	1 10	1 12	1 39	1 41	-143.76184392484737
559	1 10	1 12	1 41	1 43	48.269913134004724
560	1 10	1 12	1 43	1 45	48.35940515999239
561	1 10	1 12	1 45	1 47	27.391131174902995
562	1 10	1 12	1 47	1 49	-101.66184989429175
563	1 10	1 12	1 49	1 51	30.642836293895634
564	1 10	1 12	1 34	1 36	81.85457037237241
565	1 10	1 12	1 36	1 38	48.98751764138929
566	1 10	1 12	1 38	1 40	14.78260846548094
567	1 10	1 12	1 40	1 42	-123.99470151473531
568	1 10	1 12	1 42	1 44	52.01429117752846
569	1 10	1 12	1 44	1 46	38.8102043719306
570	1 10	1 12	1 46	1 48	17.978138786318834
571	1 10	1 12	1 48	1 50	-96.34147653017281
572	1 10	1 12	1 50	1 52	36.32021491829302
573	1 10	1 12	1 52	1 54	29.377475997063712
574	1 10	1 12	1 51	1 53	35.09894168477889
575	1 10	1 12	1 53	1 55	24.32219404796463
576	1 10	1 12	1 55	1 57	-76.88210020628621
577	1 10	1 12	1 57	1 59	20.486956424159576
578	1 10	1 12	1 59	1 61	26.252319372596023
579	1 10	1 12	1 61	1 63	19.943719904537826
580	1 10	1 12	1 63	1 65	-59.10164199033229
581	1 10	1 12	1 65	1 67	15.368479997850823
582	1 10	1 12	1 67	1 69	20.82836666939164
583	1 10	1 12	1 69	1 71	15.424488202446803
584	1 10	1 12	1 54	1 56	17.417128028142386
585	1 10	1 12	1 56	1 58	-74.95870523931228
586	1 10	1 12	1 58	1 60	27.190879056961304
587	1 10	1 12	1 60	1 62	23.435462578105643
588	1 10	1 12	1 62	1 64	14.48345626066429
589	1 10	1 12	1 64	1 66	-59.15286426363615
590	1 10	1 12	1 66	1 68	20.276429415117533
591	1 10	1 12	1 68	1 70	19.218844031656594
592	1 10	1 12	1 71	1 1	-417.22755102040816
593	1 11	1 13	1 12	1 14	215.98257064868335
594	1 11	1 13	1 14	1 16	-58.50722696271829
595	1 11	1 13	1 16	1 18	-340.98729512421403
596	1 11	1 13	1 18	1 20	170.96986424210752
597	1 11	1 13	1 20	1 22	168.01398779821443
598	1 11	1 13	1 22	1 24	-27.795920621437027
599	1 11	1 13	1 24	1 26	-247.04421930062347
600	1 11	1 13	1 26	1 28	101.73821836222187
601	1 11	1 13	1 28	1 30	109.54968521559914
602	1 11	1 13	1 30	1 32	7.619037996561495
603	1 11	1 13	1 19	1 21	298.19443615223526
604	1 11	1 13	1 25	1 27	47.833856225296444
605	1 11	1 13	1 27	1 29	140.33335537918873
606	1 11	1 13	1 29	1 31	44.363584098479855
607	1 11	1 13	1 33	1 35	45.80159858644366
608	1 11	1 13	1 32	1 34	-180.76202364767437
609	1 11	1 13	1 34	1 36	63.90452263684417
610	1 11	1 13	1 36	1 38	70.45326051808175
611	1 11	1 13	1 38	1 40	26.444608305179884
612	1 11	1 13	1 40	1 42	-139.51189548988216
613	1 11	1 13	1 42	1 44	44.23068445011113
614	1 11	1 13	1 44	1 46	48.368646526711046
615	1 11	1 13	1 46	1 48	26.943634339740342
616	1 11	1 13	1 48	1 50	-106.49240646565221
617	1 11	1 13	1 50	1 52	32.46676659887516
618	1 11	1 13	1 35	1 37	78.31908619800754
619	1 11	1 13	1 37	1 39	48.03915055051314
620	1 11	1 13	1 39	1 41	-146.6553262246622
621	1 11	1 13	1 41	1 43	33.02644735823602
622	1 11	1 13	1 43	1 45	50.82164454496756
623	1 11	1 13	1 45	1 47	38.30260248108773
624	1 11	1 13	1 47	1 49	-104.25943475299911
625	1 11	1 13	1 49	1 51	23.86018005366841
626	1 11	1 13	1 51	1 53	36.34584089534181
627	1 11	1 13	1 53	1 55	30.74151804547681
628	1 11	1 13	1 52	1 54	33.920057008415526
629	1 11	1 13	1 54	1 56	23.59261998559749
630	1 11	1 13	1 56	1 58	-81.39353829178042
631	1 11	1 13	1 58	1 60	25.262929944274163
632	1 11	1 13	1 60	1 62	25.97611122219739
633	1 11	1 13	1 62	1 64	18.285636121715555
634	1 11	1 13	1 64	1 66	-63.47259541984732
635	1 11	1 13	1 66	1 68	19.43831636980492
636	1 11	1 13	1 68	1 70	20.799104593299678
637	1 11	1 13	1 70	1 72	12.378500493594782
638	1 11	1 13	1 55	1 57	-79.37815956880073
639	1 11	1 13	1 57	1 59	17.512967192084844
640	1 11	1 13	1 59	1 61	26.538657140780558
641	1 11	1 13	1 61	1 63	23.861890947099887
642	1 11	1 13	1 63	1 65	-61.023508771929826
643	1 11	1 13	1 65	1 67	14.03318780495337
644	1 11	1 13	1 67	1 69	21.15533970970798
645	1 11	1 13	1 69	1 71	17.587894036834925
646	1 11	1 13	1 71	1 1	-255.4088899945132
647	1 11	1 13	1 72	1 2	-289.55397346963616
648	1 12	1 14	1 15	1 17	-393.2304157732045
649	1 12	1 14	1 17	1 19	-22.041379936512506
650	1 12	1 14	1 19	1 21	151.92887818470686
651	1 12	1 14	1 23	1 25	-279.25017824536997
652	1 12	1 14	1 25	1 27	10.964033834714325
653	1 12	1 14	1 27	1 29	95.83911392373491
654	1 12	1 14	1 29	1 31	108.85547021115168
655	1 12	1 14	1 31	1 33	-199.42840516094705
656	1 12	1 14	1 18	1 20	2.3772205376483453
657	1 12	1 14	1 26	1 28	38.74451228906675
658	1 12	1 14	1 28	1 30	140.0999877965688
659	1 12	1 14	1 30	1 32	42.147940614170395
660	1 12	1 14	1 32	1 34	-196.24824422169553
661	1 12	1 14	1 34	1 36	37.197224178583454
662	1 12	1 14	1 33	1 35	21.71127593339233
663	1 12	1 14	1 35	1 37	62.65251494781901
664	1 12	1 14	1 37	1 39	75.57438251114868
665	1 12	1 14	1 39	1 41	-143.26829438294385
666	1 12	1 14	1 41	1 43	19.852597535301957
667	1 12	1 14	1 43	1 45	44.94988484071679
668	1 12	1 14	1 45	1 47	49.92316384180791
669	1 12	1 14	1 47	1 49	-101.93979146571127
670	1 12	1 14	1 49	1 51	16.87649683137967
671	1 12	1 14	1 51	1 53	33.487746344552065
672	1 12	1 14	1 36	1 38	81.49118196816734
673	1 12	1 14	1 38	1 40	49.203067510909555
674	1 12	1 14	1 40	1 42	-150.99755142413048
675	1 12	1 14	1 42	1 44	31.90071651611464
676	1 12	1 14	1 44	1 46	52.86626622239036
677	1 12	1 14	1 46	1 48	39.81626630201529
678	1 12	1 14	1 48	1 50	-113.2571686313025
679	1 12	1 14	1 50	1 52	26.09274439924731
680	1 12	1 14	1 52	1 54	35.4786968964452
681	1 12	1 14	1 54	1 56	30.81789070740821
682	1 12	1 14	1 53	1 55	36.54265751418997
683	1 12	1 14	1 55	1 57	-77.98040172691614
684	1 12	1 14	1 57	1 59	13.792041038089664
685	1 12	1 14	1 59	1 61	24.66640653436516
686	1 12	1 14	1 61	1 63	26.910895330572608
687	1 12	1 14	1 63	1 65	-59.599514667261715
688	1 12	1 14	1 65	1 67	11.864376442957298
689	1 12	1 14	1 67	1 69	20.05375183433194
690	1 12	1 14	1 69	1 71	19.012227952552863
691	1 12	1 14	1 71	1 1	-175.93601951876155
692	1 12	1 14	1 56	1 58	-84.53290633777814
693	1 12	1 14	1 58	1 60	21.53187400692528
694	1 12	1 14	1 60	1 62	26.898704914247816
695	1 12	1 14	1 62	1 64	22.238544399173968
696	1 12	1 14	1 64	1 66	-65.04711372857949
697	1 12	1 14	1 66	1 68	17.31344917757893
698	1 12	1 14	1 68	1 70	21.26645885992189
699	1 12	1 14	1 70	1 72	13.939673438633534
700	1 12	1 14	1 72	1 2	-203.64539358683618
701	1 13	1 15	1 16	1 18	-451.2225999853769
702	1 13	1 15	1 18	1 20	-25.13329371279225
703	1 13	1 15	1 24	1 26	-315.18721075672295
704	1 13	1 15	1 26	1 28	6.78873728221838
705	1 13	1 15	1 28	1 30	107.77542879992058
706	1 13	1 15	1 30	1 32	103.48035160289555
707	1 13	1 15	1 32	1 34	-205.9180922324517
708	1 13	1 15	1 17	1 19	-15.227607627648126
709	1 13	1 15	1 21	1 23	303.94612984311345
710	1 13	1 15	1 23	1 25	-273.43531490596996
711	1 13	1 15	1 27	1 29	38.71324225473322
712	1 13	1 15	1 29	1 31	153.07549151158042
713	1 13	1 15	1 31	1 33	-180.70699881376038
714	1 13	1 15	1 33	1 35	9.285225343973146
715	1 13	1 15	1 35	1 37	39.35364553489994
716	1 13	1 15	1 34	1 36	17.73150645840075
717	1 13	1 15	1 36	1 38	71.09305125558996
718	1 13	1 15	1 38	1 40	74.93860559871175
719	1 13	1 15	1 40	1 42	-153.2989770577791
720	1 13	1 15	1 42	1 44	20.677473315644747
721	1 13	1 15	1 44	1 46	48.15647470784978
722	1 13	1 15	1 46	1 48	51.15949699710329
723	1 13	1 15	1 48	1 50	-111.68251645845211
724	1 13	1 15	1 50	1 52	19.20725870341859
725	1 13	1 15	1 52	1 54	32.677999185155
726	1 13	1 15	1 37	1 39	90.89133192889437
727	1 13	1 15	1 39	1 41	-129.011933839537
728	1 13	1 15	1 41	1 43	11.207634423583286
729	1 13	1 15	1 43	1 45	34.2842997920379
730	1 13	1 15	1 45	1 47	54.61767202859696
731	1 13	1 15	1 47	1 49	-90.75537037037037
732	1 13	1 15	1 49	1 51	11.266712252505204
733	1 13	1 15	1 51	1 53	27.67693444486548
734	1 13	1 15	1 53	1 55	38.16351226131363
735	1 13	1 15	1 55	1 57	-70.06661440025731
736	1 13	1 15	1 54	1 56	35.790803016247935
737	1 13	1 15	1 56	1 58	-81.44155479961472
738	1 13	1 15	1 58	1 60	17.0332241318173
739	1 13	1 15	1 60	1 62	25.045462573573587
740	1 13	1 15	1 62	1 64	24.264462346938565
741	1 13	1 15	1 64	1 66	-61.84263830551582
742	1 13	1 15	1 66	1 68	14.360213510876427
743	1 13	1 15	1 68	1 70	19.802397690269544
744	1 13	1 15	1 70	1 72	14.370574964021543
745	1 13	1 15	1 72	1 2	-142.7491167106396
746	1 13	1 15	1 57	1 59	10.267648498520867
747	1 13	1 15	1 59	1 61	20.9355174552543
748	1 13	1 15	1 61	1 63	27.24320237031484
749	1 13	1 15	1 63	1 65	-53.89209332696736
750	1 13	1 15	1 65	1 67	9.44920848173572
751	1 13	1 15	1 67	1 69	17.549220818359082
752	1 13	1 15	1 69	1 71	18.679978998266527
753	1 13	1 15	1 71	1 1	-124.38335426523068
754	1 14	1 16	1 15	1 17	-167.63126389414458
755	1 14	1 16	1 17	1 19	-8.973115291680942
756	1 14	1 16	1 19	1 21	-22.886264213374282
757	1 14	1 16	1 25	1 27	-1.698487568105418
758	1 14	1 16	1 27	1 29	9.309450559362427
759	1 14	1 16	1 29	1 31	116.862662197683
760	1 14	1 16	1 31	1 33	-115.8032306862263
761	1 14	1 16	1 33	1 35	4.2397588720241135
762	1 14	1 16	1 18	1 20	-15.190481867252448
763	1 14	1 16	1 22	1 24	366.7482993197279
764	1 14	1 16	1 24	1 26	-341.80291411042947
765	1 14	1 16	1 26	1 28	-0.5619350609453664
766	1 14	1 16	1 28	1 30	49.16916670748077
767	1 14	1 16	1 30	1 32	143.17579849012776
768	1 14	1 16	1 32	1 34	-182.75481016731015
769	1 14	1 16	1 34	1 36	8.063239014033035
770	1 14	1 16	1 36	1 38	45.47922611943484
771	1 14	1 16	1 35	1 37	20.398136904229297
772	1 14	1 16	1 37	1 39	74.72008125429537
773	1 14	1 16	1 39	1 41	-91.67283452613316
774	1 14	1 16	1 41	1 43	6.233004447173533
775	1 14	1 16	1 43	1 45	22.181678160341008
776	1 14	1 16	1 45	1 47	45.86343569175821
777	1 14	1 16	1 47	1 49	-67.77822200302562
778	1 14	1 16	1 49	1 51	7.022846051561486
779	1 14	1 16	1 51	1 53	19.456284339979753
780	1 14	1 16	1 53	1 55	32.00067577641603
781	1 14	1 16	1 38	1 40	82.45311827603764
782	1 14	1 16	1 40	1 42	-129.01350841676143
783	1 14	1 16	1 42	1 44	12.286425267261073
784	1 14	1 16	1 44	1 46	34.859979230946664
785	1 14	1 16	1 46	1 48	51.114034995723415
786	1 14	1 16	1 48	1 50	-92.39455037066296
787	1 14	1 16	1 50	1 52	12.650985651950894
788	1 14	1 16	1 52	1 54	24.660541485597392
789	1 14	1 16	1 54	1 56	33.418725946999544
790	1 14	1 16	1 56	1 58	-66.26115112750989
791	1 14	1 16	1 55	1 57	-53.67736620739031
792	1 14	1 16	1 57	1 59	6.920581214173857
793	1 14	1 16	1 59	1 61	15.264786093416316
794	1 14	1 16	1 61	1 63	22.6403917432153
795	1 14	1 16	1 63	1 65	-41.50305338400102
796	1 14	1 16	1 65	1 67	6.68587253741237
797	1 14	1 16	1 67	1 69	13.183660035206763
798	1 14	1 16	1 69	1 71	15.306593313650101
799	1 14	1 16	1 71	1 1	-84.03415387238897
800	1 14	1 16	1 58	1 60	11.907380628808397
801	1 14	1 16	1 60	1 62	19.48188446209521
802	1 14	1 16	1 62	1 64	21.62631930065146
803	1 14	1 16	1 64	1 66	-49.41240974338207
804	1 14	1 16	1 66	1 68	10.35840067359726
805	1 14	1 16	1 68	1 70	15.566993485311105
806	1 14	1 16	1 70	1 72	12.558486322740555
807	1 14	1 16	1 72	1 2	-96.99087102242987
808	1 15	1 17	1 16	1 18	1040.0635738831616
809	1 15	1 17	1 18	1 20	-408.78455882352944
810	1 15	1 17	1 20	1 22	-306.3213313657977
811	1 15	1 17	1 22	1 24	-146.38955018359854
812	1 15	1 17	1 24	1 26	789.7408641227539
813	1 15	1 17	1 26	1 28	-294.08000226048296
814	1 15	1 17	1 28	1 30	-243.59785490713438
815	1 15	1 17	1 30	1 32	-108.29106153247963
816	1 15	1 17	1 32	1 34	560.9780341172223
817	1 15	1 17	1 34	1 36	-193.66453623703
818	1 15	1 17	1 19	1 21	-341.0174852481777
819	1 15	1 17	1 21	1 23	-282.4451987052688
820	1 15	1 17	1 23	1 25	965.3774055778532
821	1 15	1 17	1 29	1 31	-203.97213114754098
822	1 15	1 17	1 31	1 33	654.9569686827635
823	1 15	1 17	1 35	1 37	-185.3161250240374
824	1 15	1 17	1 37	1 39	-159.67378618953427
825	1 15	1 17	1 36	1 38	-178.7196692849442
826	1 15	1 17	1 38	1 40	-111.65030451661826
827	1 15	1 17	1 40	1 42	429.0473104997193
828	1 15	1 17	1 42	1 44	-135.08298683298682
829	1 15	1 17	1 44	1 46	-132.52162983186412
830	1 15	1 17	1 46	1 48	-92.75907071798048
831	1 15	1 17	1 48	1 50	326.0243615047779
832	1 15	1 17	1 50	1 52	-99.54001282756093
833	1 15	1 17	1 52	1 54	-96.77498408763901
834	1 15	1 17	1 54	1 56	-74.96912233924172
835	1 15	1 17	1 39	1 41	451.73449270800546
836	1 15	1 17	1 41	1 43	-124.49410678830718
837	1 15	1 17	1 43	1 45	-137.72831296992481
838	1 15	1 17	1 45	1 47	-117.58610836743333
839	1 15	1 17	1 47	1 49	316.31641368900677
840	1 15	1 17	1 49	1 51	-81.03382093355232
841	1 15	1 17	1 51	1 53	-103.75931703225609
842	1 15	1 17	1 53	1 55	-92.15986653984662
843	1 15	1 17	1 55	1 57	239.51169418238993
844	1 15	1 17	1 57	1 59	-56.098503654281046
845	1 15	1 17	1 56	1 58	247.0227495908347
846	1 15	1 17	1 58	1 60	-77.30365921693004
847	1 15	1 17	1 60	1 62	-76.14940558146421
848	1 15	1 17	1 62	1 64	-56.4633058733791
849	1 15	1 17	1 64	1 66	192.79048869940328
850	1 15	1 17	1 66	1 68	-59.19215220706657
851	1 15	1 17	1 68	1 70	-61.79568013560988
852	1 15	1 17	1 70	1 72	-37.00453228116227
853	1 15	1 17	1 72	1 2	418.43356146694214
854	1 15	1 17	1 59	1 61	-78.41733279414078
855	1 15	1 17	1 61	1 63	-71.306768492261
856	1 15	1 17	1 63	1 65	183.31632874296906
857	1 15	1 17	1 65	1 67	-43.57637700879063
858	1 15	1 17	1 67	1 69	-63.24689261128424
859	1 15	1 17	1 69	1 71	-52.52198022229325
860	1 15	1 17	1 71	1 1	566.9496196319018
861	1 16	1 18	1 19	1 21	-369.3607050050841
862	1 16	1 18	1 21	1 23	-318.80045390313876
863	1 16	1 18	1 23	1 25	776.5160490535857
864	1 16	1 18	1 27	1 29	-272.4642129393785
865	1 16	1 18	1 29	1 31	-252.66640277961034
866	1 16	1 18	1 31	1 33	580.4665816760157
867	1 16	1 18	1 33	1 35	-114.39035558235497
868	1 16	1 18	1 35	1 37	-180.8443052204431
869	1 16	1 18	1 20	1 22	-315.7479992657856
870	1 16	1 18	1 22	1 24	-349.8188775510204
871	1 16	1 18	1 24	1 26	939.3487334920978
872	1 16	1 18	1 30	1 32	-187.94888121447588
873	1 16	1 18	1 32	1 34	594.7961315280464
874	1 16	1 18	1 34	1 36	-151.934113730209
875	1 16	1 18	1 36	1 38	-193.25280389246245
876	1 16	1 18	1 38	1 40	-153.265879544803
877	1 16	1 18	1 37	1 39	-190.97225732022196
878	1 16	1 18	1 39	1 41	424.1947137534554
879	1 16	1 18	1 41	1 43	-81.52231524612867
880	1 16	1 18	1 43	1 45	-130.65187361067007
881	1 16	1 18	1 45	1 47	-132.6019489899024
882	1 16	1 18	1 47	1 49	302.15442628257
883	1 16	1 18	1 49	1 51	-60.21645878104223
884	1 16	1 18	1 51	1 53	-97.65625910306298
885	1 16	1 18	1 53	1 55	-100.43683600190013
886	1 16	1 18	1 55	1 57	229.60955368553834
887	1 16	1 18	1 40	1 42	444.9179694748562
888	1 16	1 18	1 42	1 44	-109.56597278886335
889	1 16	1 18	1 44	1 46	-139.72839164558417
890	1 16	1 18	1 46	1 48	-115.89316281847134
891	1 16	1 18	1 48	1 50	328.97497935728865
892	1 16	1 18	1 50	1 52	-83.64654397515142
893	1 16	1 18	1 52	1 54	-98.35572719754254
894	1 16	1 18	1 54	1 56	-87.32070244615183
895	1 16	1 18	1 56	1 58	245.68997909519726
896	1 16	1 18	1 58	1 60	-66.92859808640402
897	1 16	1 18	1 57	1 59	-45.43273443593155
898	1 16	1 18	1 59	1 61	-73.00103483330582
899	1 16	1 18	1 61	1 63	-75.50412696239309
900	1 16	1 18	1 63	1 65	176.07622677357188
901	1 16	1 18	1 65	1 67	-37.37410103465214
902	1 16	1 18	1 67	1 69	-59.26983807547634
903	1 16	1 18	1 69	1 71	-53.917112643062715
904	1 16	1 18	1 60	1 62	-76.2048041552269
905	1 16	1 18	1 62	1 64	-62.57968074336705
906	1 16	1 18	1 64	1 66	189.44563950717497
907	1 16	1 18	1 66	1 68	-52.63928869196873
908	1 16	1 18	1 68	1 70	-61.06641381580195
909	1 16	1 18	1 70	1 72	-39.64615473421358
910	1 17	1 19	1 20	1 22	-48.86326568758345
911	1 17	1 19	1 22	1 24	-9.925846162244786
912	1 17	1 19	1 26	1 28	158.70692271067554
913	1 17	1 19	1 28	1 30	-17.06562843691913
914	1 17	1 19	1 30	1 32	-5.568085834893941
915	1 17	1 19	1 34	1 36	97.64740850787169
916	1 17	1 19	1 36	1 38	11.171392592974819
917	1 17	1 19	1 21	1 23	-18.82325981019834
918	1 17	1 19	1 25	1 27	332.1111277167047
919	1 17	1 19	1 27	1 29	7.050254465074107
920	1 17	1 19	1 29	1 31	-10.297668546187861
921	1 17	1 19	1 33	1 35	160.58367179849415
922	1 17	1 19	1 35	1 37	40.97009444047363
923	1 17	1 19	1 37	1 39	3.549201065427354
924	1 17	1 19	1 39	1 41	-141.84771294558414
925	1 17	1 19	1 38	1 40	2.3151109993811883
926	1 17	1 19	1 40	1 42	-97.15425041523761
927	1 17	1 19	1 42	1 44	62.420170805323096
928	1 17	1 19	1 44	1 46	20.533627654780204
929	1 17	1 19	1 46	1 48	6.677619770221369
930	1 17	1 19	1 48	1 50	-79.61606691465093
931	1 17	1 19	1 50	1 52	42.19697859253934
932	1 17	1 19	1 52	1 54	20.638208765230043
933	1 17	1 19	1 54	1 56	8.827716943743017
934	1 17	1 19	1 56	1 58	-64.02641084545621
935	1 17	1 19	1 41	1 43	81.14433478819343
936	1 17	1 19	1 43	1 45	37.735838396561945
937	1 17	1 19	1 45	1 47	11.40397761746188
938	1 17	1 19	1 47	1 49	-97.65016015109808
939	1 17	1 19	1 49	1 51	44.565519357444686
940	1 17	1 19	1 51	1 53	30.935548931257593
941	1 17	1 19	1 53	1 55	14.159155874029757
942	1 17	1 19	1 55	1 57	-72.85548663657325
943	1 17	1 19	1 57	1 59	26.512545184377807
944	1 17	1 19	1 59	1 61	24.99692769147223
945	1 17	1 19	1 58	1 60	30.41600636686432
946	1 17	1 19	1 60	1 62	18.464256368406467
947	1 17	1 19	1 62	1 64	8.86512467425593
948	1 17	1 19	1 64	1 66	-52.09095254951362
949	1 17	1 19	1 66	1 68	21.780603296605832
950	1 17	1 19	1 68	1 70	16.271439081116494
951	1 17	1 19	1 70	1 72	7.028337469209587
952	1 17	1 19	1 72	1 2	-125.61187635870239
953	1 17	1 19	1 61	1 63	13.63102825178205
954	1 17	1 19	1 63	1 65	-55.91248033687164
955	1 17	1 19	1 65	1 67	18.14021521891323
956	1 17	1 19	1 67	1 69	20.048829453778268
957	1 17	1 19	1 69	1 71	11.850616601483814
958	1 18	1 20	1 21	1 23	-47.33328288040363
959	1 18	1 20	1 23	1 25	-322.5856762355727
960	1 18	1 20	1 29	1 31	-16.262543124928126
961	1 18	1 20	1 31	1 33	-229.60308385308383
962	1 18	1 20	1 33	1 35	105.09176233602463
963	1 18	1 20	1 35	1 37	89.4358895270291
964	1 18	1 20	1 37	1 39	14.476051038134251
965	1 18	1 20	1 22	1 24	-19.95102385209762
966	1 18	1 20	1 26	1 28	253.0692954998725
967	1 18	1 20	1 28	1 30	13.889753311956845
968	1 18	1 20	1 30	1 32	-9.904061888639754
969	1 18	1 20	1 34	1 36	116.85532421923995
970	1 18	1 20	1 36	1 38	41.584524793950905
971	1 18	1 20	1 38	1 40	6.3700280281215775
972	1 18	1 20	1 40	1 42	-134.45427661208876
973	1 18	1 20	1 39	1 41	-162.82474910513662
974	1 18	1 20	1 41	1 43	62.26250807595355
975	1 18	1 20	1 43	1 45	57.83730659293978
976	1 18	1 20	1 45	1 47	23.3334475776712
977	1 18	1 20	1 47	1 49	-116.58873047359286
978	1 18	1 20	1 49	1 51	38.750288204439286
979	1 18	1 20	1 51	1 53	40.94831619331138
980	1 18	1 20	1 53	1 55	23.557802851505993
981	1 18	1 20	1 55	1 57	-87.27348639408893
982	1 18	1 20	1 57	1 59	25.27541547547482
983	1 18	1 20	1 42	1 44	67.75066362408606
984	1 18	1 20	1 44	1 46	39.37082027717199
985	1 18	1 20	1 46	1 48	13.394546985974365
986	1 18	1 20	1 48	1 50	-104.59343690284216
987	1 18	1 20	1 50	1 52	45.090241220383945
988	1 18	1 20	1 52	1 54	31.617631758316264
989	1 18	1 20	1 54	1 56	15.447429171772352
990	1 18	1 20	1 56	1 58	-82.22061863325382
991	1 18	1 20	1 58	1 60	32.87114976101965
992	1 18	1 20	1 60	1 62	25.605652871892886
993	1 18	1 20	1 59	1 61	30.593786844979576
994	1 18	1 20	1 61	1 63	20.459470965940817
995	1 18	1 20	1 63	1 65	-67.02689906303416
996	1 18	1 20	1 65	1 67	18.57076031055938
997	1 18	1 20	1 67	1 69	24.00586090155196
998	1 18	1 20	1 69	1 71	16.414048459912724
999	1 18	1 20	1 71	1 1	-253.8218236173393
1000	1 18	1 20	1 62	1 64	13.964050325352712
1001	1 18	1 20	1 64	1 66	-65.55770797368018
1002	1 18	1 20	1 66	1 68	24.064382787408036
1003	1 18	1 20	1 68	1 70	21.292878930252563
1004	1 18	1 20	1 72	1 2	-185.9568205453295
1005	1 19	1 21	1 20	1 22	186.90675302208814
1006	1 19	1 21	1 22	1 24	-49.101767836526506
1007	1 19	1 21	1 24	1 26	-296.32090050027796
1008	1 19	1 21	1 28	1 30	146.08486274502405
1009	1 19	1 21	1 30	1 32	-16.373594147787696
1010	1 19	1 21	1 32	1 34	-216.96946463552018
1011	1 19	1 21	1 34	1 36	86.56517829356167
1012	1 19	1 21	1 36	1 38	92.32685081009646
1013	1 19	1 21	1 38	1 40	18.106917833836732
1014	1 19	1 21	1 25	1 27	10.143633198277776
1015	1 19	1 21	1 27	1 29	245.7871561209827
1016	1 19	1 21	1 29	1 31	6.79946176842587
1017	1 19	1 21	1 31	1 33	-236.79130311301853
1018	1 19	1 21	1 33	1 35	43.88566322600228
1019	1 19	1 21	1 35	1 37	116.92355337565024
1020	1 19	1 21	1 37	1 39	45.4603277728834
1021	1 19	1 21	1 39	1 41	-178.95465699117858
1022	1 19	1 21	1 41	1 43	37.50540370391545
1023	1 19	1 21	1 40	1 42	-167.26378786281538
1024	1 19	1 21	1 42	1 44	57.701425316316275
1025	1 19	1 21	1 44	1 46	61.88623464129124
1026	1 19	1 21	1 46	1 48	26.317350589826106
1027	1 19	1 21	1 48	1 50	-129.09663661917227
1028	1 19	1 21	1 50	1 52	41.50128614779909
1029	1 19	1 21	1 52	1 54	42.7320184013801
1030	1 19	1 21	1 54	1 56	25.686270351068558
1031	1 19	1 21	1 56	1 58	-98.61456723548253
1032	1 19	1 21	1 58	1 60	31.813812602300313
1033	1 19	1 21	1 43	1 45	69.49374882661081
1034	1 19	1 21	1 45	1 47	43.265796119256834
1035	1 19	1 21	1 47	1 49	-129.4902627409559
1036	1 19	1 21	1 49	1 51	28.81493248100226
1037	1 19	1 21	1 51	1 53	47.32350639522873
1038	1 19	1 21	1 53	1 55	36.182692857576484
1039	1 19	1 21	1 55	1 57	-98.52285228168176
1040	1 19	1 21	1 57	1 59	21.597505308426662
1041	1 19	1 21	1 59	1 61	33.72206633906251
1042	1 19	1 21	1 61	1 63	28.553437281652776
1043	1 19	1 21	1 60	1 62	32.380848555499625
1044	1 19	1 21	1 62	1 64	20.989611300580698
1045	1 19	1 21	1 64	1 66	-77.70932368466204
1046	1 19	1 21	1 66	1 68	24.2951906509591
1047	1 19	1 21	1 68	1 70	25.6958507117535
1048	1 19	1 21	1 70	1 72	14.521720638465581
1049	1 19	1 21	1 72	1 2	-193.5685018099303
1050	1 19	1 21	1 63	1 65	-75.34318915210598
1051	1 19	1 21	1 65	1 67	17.39288437738302
1052	1 19	1 21	1 67	1 69	26.486613272737213
1053	1 19	1 21	1 69	1 71	21.271600340497976
1054	1 19	1 21	1 71	1 1	-203.04062049062048
1055	1 20	1 22	1 21	1 23	177.6186620022458
1056	1 20	1 22	1 23	1 25	-312.3367756692646
1057	1 20	1 22	1 25	1 27	-17.394135841462493
1058	1 20	1 22	1 27	1 29	131.77419263711397
1059	1 20	1 22	1 29	1 31	142.25412303800007
1060	1 20	1 22	1 31	1 33	-245.2987321967192
1061	1 20	1 22	1 33	1 35	10.576116005846991
1062	1 20	1 22	1 35	1 37	82.51689355867141
1063	1 20	1 22	1 37	1 39	98.41498427687685
1064	1 20	1 22	1 39	1 41	-177.07292173067572
1065	1 20	1 22	1 26	1 28	3.290029270558546
1066	1 20	1 22	1 28	1 30	240.3395326352699
1067	1 20	1 22	1 30	1 32	7.207526952840796
1068	1 20	1 22	1 32	1 34	-230.16633355209515
1069	1 20	1 22	1 34	1 36	33.71825523305851
1070	1 20	1 22	1 36	1 38	118.81849116259784
1071	1 20	1 22	1 38	1 40	49.15008866756534
1072	1 20	1 22	1 40	1 42	-182.7200001971078
1073	1 20	1 22	1 42	1 44	35.184592978076815
1074	1 20	1 22	1 41	1 43	17.187931252721818
1075	1 20	1 22	1 43	1 45	57.34194619143665
1076	1 20	1 22	1 45	1 47	63.797958031625
1077	1 20	1 22	1 47	1 49	-125.69409198824769
1078	1 20	1 22	1 49	1 51	17.532312285428418
1079	1 20	1 22	1 51	1 53	41.773291505544066
1080	1 20	1 22	1 53	1 55	45.98365273514318
1081	1 20	1 22	1 55	1 57	-95.27251847698813
1082	1 20	1 22	1 57	1 59	15.474314014401605
1083	1 20	1 22	1 59	1 61	30.224127390303536
1084	1 20	1 22	1 44	1 46	70.72799850934526
1085	1 20	1 22	1 46	1 48	45.5215121364531
1086	1 20	1 22	1 48	1 50	-137.74495421373126
1087	1 20	1 22	1 50	1 52	30.159564219545743
1088	1 20	1 22	1 52	1 54	45.53645144207201
1089	1 20	1 22	1 54	1 56	36.98485561610254
1090	1 20	1 22	1 56	1 58	-103.25226340771846
1091	1 20	1 22	1 58	1 60	25.41752933057281
1092	1 20	1 22	1 60	1 62	33.632023908103804
1093	1 20	1 22	1 62	1 64	26.99294810020527
1094	1 20	1 22	1 61	1 63	33.453165014456836
1095	1 20	1 22	1 63	1 65	-72.52627079895831
1096	1 20	1 22	1 65	1 67	13.8188146286552
1097	1 20	1 22	1 67	1 69	24.423563654635174
1098	1 20	1 22	1 69	1 71	23.442943851639505
1099	1 20	1 22	1 71	1 1	-149.23109575609575
1100	1 20	1 22	1 64	1 66	-79.39989459689087
1101	1 20	1 22	1 66	1 68	20.605664950171555
1102	1 20	1 22	1 68	1 70	26.231913462412507
1103	1 20	1 22	1 70	1 72	17.059919349231734
1104	1 20	1 22	1 72	1 2	-156.8182957685037
1105	1 21	1 23	1 22	1 24	204.35751462278182
1106	1 21	1 23	1 24	1 26	-333.67969649021865
1107	1 21	1 23	1 26	1 28	-17.883764529433822
1108	1 21	1 23	1 28	1 30	152.79557275257605
1109	1 21	1 23	1 30	1 32	138.3125621829903
1110	1 21	1 23	1 32	1 34	-260.22332969544016
1111	1 21	1 23	1 34	1 36	8.796132457583003
1112	1 21	1 23	1 36	1 38	96.97160858844939
1113	1 21	1 23	1 38	1 40	103.20831576618903
1114	1 21	1 23	1 40	1 42	-200.54643512654138
1115	1 21	1 23	1 25	1 27	-10.368427080278995
1116	1 21	1 23	1 27	1 29	3.4625655225944736
1117	1 21	1 23	1 29	1 31	277.43749700081577
1118	1 21	1 23	1 31	1 33	-256.9993094337357
1119	1 21	1 23	1 35	1 37	37.82550829316585
1120	1 21	1 23	1 37	1 39	138.75935016362786
1121	1 21	1 23	1 39	1 41	-168.97737502394176
1122	1 21	1 23	1 41	1 43	8.5036356149437
1123	1 21	1 23	1 43	1 45	39.966527065238814
1124	1 21	1 23	1 42	1 44	19.91471466947855
1125	1 21	1 23	1 44	1 46	64.15123293235348
1126	1 21	1 23	1 46	1 48	69.36658987276846
1127	1 21	1 23	1 48	1 50	-144.61735682573368
1128	1 21	1 23	1 50	1 52	21.18313957211717
1129	1 21	1 23	1 52	1 54	42.40935100459149
1130	1 21	1 23	1 54	1 56	48.04131446052354
1131	1 21	1 23	1 56	1 58	-104.60927555955901
1132	1 21	1 23	1 58	1 60	19.79445862457154
1133	1 21	1 23	1 60	1 62	32.154608488189204
1134	1 21	1 23	1 45	1 47	77.33235743567892
1135	1 21	1 23	1 47	1 49	-116.38979329220965
1136	1 21	1 23	1 49	1 51	11.084785572371414
1137	1 21	1 23	1 51	1 53	33.67534217727072
1138	1 21	1 23	1 53	1 55	51.432353040769335
1139	1 21	1 23	1 55	1 57	-88.78085143595172
1140	1 21	1 23	1 57	1 59	11.28935074950228
1141	1 21	1 23	1 59	1 61	25.624035513105007
1142	1 21	1 23	1 61	1 63	36.005156350834085
1143	1 21	1 23	1 63	1 65	-67.6858180029535
1144	1 21	1 23	1 62	1 64	32.288294174254204
1145	1 21	1 23	1 64	1 66	-78.92622361675251
1146	1 21	1 23	1 66	1 68	17.149497558879276
1147	1 21	1 23	1 68	1 70	25.2309093827798
1148	1 21	1 23	1 70	1 72	18.77243773756731
1149	1 21	1 23	1 72	1 2	-134.06083145937842
1150	1 21	1 23	1 65	1 67	10.99025548310769
1151	1 21	1 23	1 67	1 69	21.70334839212687
1152	1 21	1 23	1 69	1 71	24.256094973969738
1153	1 21	1 23	1 71	1 1	-121.72304436304437
1154	1 22	1 24	1 25	1 27	-5.438815876282241
1155	1 22	1 24	1 27	1 29	-14.999142067881591
1156	1 22	1 24	1 29	1 31	164.30088442422334
1157	1 22	1 24	1 31	1 33	-135.245411241814
1158	1 22	1 24	1 35	1 37	13.012372396792856
1159	1 22	1 24	1 37	1 39	105.2130629492267
1160	1 22	1 24	1 39	1 41	-111.13176913888375
1161	1 22	1 24	1 41	1 43	4.50174545205406
1162	1 22	1 24	1 26	1 28	-9.536698979599265
1163	1 22	1 24	1 28	1 30	18.868463092874936
1164	1 22	1 24	1 30	1 32	264.1418347727897
1165	1 22	1 24	1 32	1 34	-266.5197333094684
1166	1 22	1 24	1 34	1 36	2.528324944494903
1167	1 22	1 24	1 36	1 38	47.445228146578785
1168	1 22	1 24	1 38	1 40	135.15217052451095
1169	1 22	1 24	1 40	1 42	-177.89964447317388
1170	1 22	1 24	1 42	1 44	10.623058762978875
1171	1 22	1 24	1 44	1 46	41.66768823099416
1172	1 22	1 24	1 43	1 45	22.663890378846574
1173	1 22	1 24	1 45	1 47	63.30884087614582
1174	1 22	1 24	1 47	1 49	-83.94666281827443
1175	1 22	1 24	1 49	1 51	6.641073410417915
1176	1 22	1 24	1 51	1 53	22.17838995205723
1177	1 22	1 24	1 53	1 55	43.50132801408881
1178	1 22	1 24	1 55	1 57	-66.86629339480339
1179	1 22	1 24	1 57	1 59	7.3827157259464675
1180	1 22	1 24	1 59	1 61	18.075740768259934
1181	1 22	1 24	1 61	1 63	30.439374833396222
1182	1 22	1 24	1 46	1 48	77.69937313047882
1183	1 22	1 24	1 48	1 50	-123.99742804654011
1184	1 22	1 24	1 50	1 52	13.148486060739643
1185	1 22	1 24	1 52	1 54	30.62695256263983
1186	1 22	1 24	1 54	1 56	48.436884908358145
1187	1 22	1 24	1 56	1 58	-87.14711897807925
1188	1 22	1 24	1 58	1 60	13.298076923076923
1189	1 22	1 24	1 60	1 62	24.61513217847813
1190	1 22	1 24	1 62	1 64	30.45767752230362
1191	1 22	1 24	1 64	1 66	-64.4349992029332
1192	1 22	1 24	1 63	1 65	-52.02646301227939
1193	1 22	1 24	1 65	1 67	7.613391929980715
1194	1 22	1 24	1 67	1 69	16.095004345291272
1195	1 22	1 24	1 69	1 71	20.300443265608223
1196	1 22	1 24	1 71	1 1	-86.97071315251256
1197	1 22	1 24	1 66	1 68	12.174181614864096
1198	1 22	1 24	1 68	1 70	19.863596910962677
1199	1 22	1 24	1 70	1 72	17.08801348436403
1200	1 22	1 24	1 72	1 2	-98.50724446349258
1201	1 23	1 25	1 24	1 26	817.55751155916
1202	1 23	1 25	1 26	1 28	-326.5624700598802
1203	1 23	1 25	1 28	1 30	-288.8178361305506
1204	1 23	1 25	1 30	1 32	-113.53632725171167
1205	1 23	1 25	1 32	1 34	674.2534747019722
1206	1 23	1 25	1 34	1 36	-252.8707481302954
1207	1 23	1 25	1 36	1 38	-214.21703548870812
1208	1 23	1 25	1 38	1 40	-126.78765581562192
1209	1 23	1 25	1 40	1 42	539.4386011678091
1210	1 23	1 25	1 42	1 44	-180.15149474181732
1211	1 23	1 25	1 27	1 29	-276.6418244591897
1212	1 23	1 25	1 29	1 31	-273.98399707135945
1213	1 23	1 25	1 31	1 33	872.071965464703
1214	1 23	1 25	1 37	1 39	-198.21183179723505
1215	1 23	1 25	1 39	1 41	589.6543697140555
1216	1 23	1 25	1 43	1 45	-170.63689092258224
1217	1 23	1 25	1 45	1 47	-142.67837488598357
1218	1 23	1 25	1 44	1 46	-162.29442397490152
1219	1 23	1 25	1 46	1 48	-108.20459206147433
1220	1 23	1 25	1 48	1 50	409.53208999761284
1221	1 23	1 25	1 50	1 52	-131.92762872991977
1222	1 23	1 25	1 52	1 54	-119.12823907799518
1223	1 23	1 25	1 54	1 56	-88.75993197192801
1224	1 23	1 25	1 56	1 58	309.8836460495682
1225	1 23	1 25	1 58	1 60	-100.560864915136
1226	1 23	1 25	1 60	1 62	-94.33437531878926
1227	1 23	1 25	1 62	1 64	-67.83861292205833
1228	1 23	1 25	1 47	1 49	407.37987276187795
1229	1 23	1 25	1 49	1 51	-111.10467528051683
1230	1 23	1 25	1 51	1 53	-130.95505214499616
1231	1 23	1 25	1 53	1 55	-112.12131846958437
1232	1 23	1 25	1 55	1 57	304.14425025055334
1233	1 23	1 25	1 57	1 59	-74.82492334267502
1234	1 23	1 25	1 59	1 61	-99.3987779728902
1235	1 23	1 25	1 61	1 63	-87.18581040526266
1236	1 23	1 25	1 63	1 65	231.87819450971176
1237	1 23	1 25	1 65	1 67	-56.878103222996515
1238	1 23	1 25	1 64	1 66	241.2099392140582
1239	1 23	1 25	1 66	1 68	-76.34495385723304
1240	1 23	1 25	1 68	1 70	-76.85874118746881
1241	1 23	1 25	1 70	1 72	-45.03347563149783
1242	1 23	1 25	1 72	1 2	316.87607799320153
1243	1 23	1 25	1 67	1 69	-79.97894241308563
1244	1 23	1 25	1 69	1 71	-64.61903371770543
1245	1 23	1 25	1 71	1 1	393.7669893123614
1246	1 24	1 26	1 27	1 29	-314.9841097869267
1247	1 24	1 26	1 29	1 31	-300.1931066337104
1248	1 24	1 26	1 31	1 33	697.5272327762206
1249	1 24	1 26	1 35	1 37	-236.96880726303516
1250	1 24	1 26	1 37	1 39	-234.21960784313725
1251	1 24	1 26	1 39	1 41	524.9746422893481
1252	1 24	1 26	1 41	1 43	-92.50576247216253
1253	1 24	1 26	1 43	1 45	-166.75330215630447
1254	1 24	1 26	1 28	1 30	-299.87797619047615
1255	1 24	1 26	1 30	1 32	-257.93509984639013
1256	1 24	1 26	1 32	1 34	789.9472054886211
1257	1 24	1 26	1 36	1 38	-237.67360481090748
1258	1 24	1 26	1 38	1 40	-200.5641548219337
1259	1 24	1 26	1 40	1 42	564.7666799726278
1260	1 24	1 26	1 44	1 46	-173.09513478694186
1261	1 24	1 26	1 46	1 48	-146.28496157198322
1262	1 24	1 26	1 45	1 47	-167.06559876220166
1263	1 24	1 26	1 47	1 49	376.63071953139945
1264	1 24	1 26	1 49	1 51	-71.43141421262399
1265	1 24	1 26	1 51	1 53	-123.2045340891836
1266	1 24	1 26	1 53	1 55	-125.39355099916133
1267	1 24	1 26	1 55	1 57	287.50315338655093
1268	1 24	1 26	1 57	1 59	-54.833838086971454
1269	1 24	1 26	1 59	1 61	-90.85727022280969
1270	1 24	1 26	1 61	1 63	-94.5299057234858
1271	1 24	1 26	1 63	1 65	220.32776365629985
1272	1 24	1 26	1 48	1 50	414.8201554464704
1273	1 24	1 26	1 50	1 52	-104.89775059982063
1274	1 24	1 26	1 52	1 54	-122.95075757575756
1275	1 24	1 26	1 54	1 56	-109.90562725950093
1276	1 24	1 26	1 56	1 58	306.29486334997137
1277	1 24	1 26	1 58	1 60	-83.04438556462219
1278	1 24	1 26	1 60	1 62	-95.18481555073859
1279	1 24	1 26	1 62	1 64	-78.46806316804819
1280	1 24	1 26	1 64	1 66	236.7497260857656
1281	1 24	1 26	1 66	1 68	-65.3936795286317
1282	1 24	1 26	1 65	1 67	-45.709424929182994
1283	1 24	1 26	1 67	1 69	-73.78146770252033
1284	1 24	1 26	1 69	1 71	-67.40391891257681
1285	1 24	1 26	1 71	1 1	332.2391850986748
1286	1 24	1 26	1 68	1 70	-75.9128126593526
1287	1 24	1 26	1 70	1 72	-49.296816264368516
1288	1 25	1 27	1 26	1 28	191.84592696629213
1289	1 25	1 27	1 28	1 30	-51.75614418824672
1290	1 25	1 27	1 30	1 32	-6.92669089614625
1291	1 25	1 27	1 32	1 34	-119.27019042779713
1292	1 25	1 27	1 34	1 36	139.57077643232532
1293	1 25	1 27	1 36	1 38	-18.510125123840503
1294	1 25	1 27	1 38	1 40	-3.56252249348696
1295	1 25	1 27	1 40	1 42	-106.48180575674823
1296	1 25	1 27	1 42	1 44	91.24739986852609
1297	1 25	1 27	1 44	1 46	9.087434785891103
1298	1 25	1 27	1 29	1 31	-17.365787328696683
1299	1 25	1 27	1 31	1 33	-319.64992139112417
1300	1 25	1 27	1 33	1 35	310.5987690212386
1301	1 25	1 27	1 35	1 37	4.49579354334499
1302	1 25	1 27	1 37	1 39	-9.702469068203518
1303	1 25	1 27	1 41	1 43	142.74045031055903
1304	1 25	1 27	1 43	1 45	35.053756166243936
1305	1 25	1 27	1 45	1 47	2.4827394205886733
1306	1 25	1 27	1 47	1 49	-127.13003189147915
1307	1 25	1 27	1 46	1 48	1.0786709619718773
1308	1 25	1 27	1 48	1 50	-91.29980645129143
1309	1 25	1 27	1 50	1 52	61.61876732447857
1310	1 25	1 27	1 52	1 54	18.529058012641578
1311	1 25	1 27	1 54	1 56	5.061246715426513
1312	1 25	1 27	1 56	1 58	-76.04682299704979
1313	1 25	1 27	1 58	1 60	43.15802473820003
1314	1 25	1 27	1 60	1 62	19.666282162062398
1315	1 25	1 27	1 62	1 64	7.124748789851445
1316	1 25	1 27	1 64	1 66	-62.773497279976155
1317	1 25	1 27	1 49	1 51	73.4013938389751
1318	1 25	1 27	1 51	1 53	35.669081732334746
1319	1 25	1 27	1 53	1 55	10.062367173188495
1320	1 25	1 27	1 55	1 57	-92.98811641986875
1321	1 25	1 27	1 57	1 59	41.01887523896103
1322	1 25	1 27	1 59	1 61	31.49179204723895
1323	1 25	1 27	1 61	1 63	12.468920052028768
1324	1 25	1 27	1 63	1 65	-71.59809842065482
1325	1 25	1 27	1 65	1 67	26.734327620764354
1326	1 25	1 27	1 67	1 69	25.69471651536869
1327	1 25	1 27	1 66	1 68	30.36500635186676
1328	1 25	1 27	1 68	1 70	18.859006222883394
1329	1 25	1 27	1 70	1 72	6.798651831120516
1330	1 25	1 27	1 72	1 2	-104.9114826653553
1331	1 25	1 27	1 69	1 71	12.52933169430871
1332	1 25	1 27	1 71	1 1	-167.26219054400318
1333	1 26	1 28	1 27	1 29	170.99300316495032
1334	1 26	1 28	1 29	1 31	-45.00318018515496
1335	1 26	1 28	1 31	1 33	-269.1204245180853
1336	1 26	1 28	1 37	1 39	-16.16068811780483
1337	1 26	1 28	1 39	1 41	-195.80206572210977
1338	1 26	1 28	1 41	1 43	88.35231035180482
1339	1 26	1 28	1 43	1 45	76.84165049281329
1340	1 26	1 28	1 45	1 47	11.192936096599464
1341	1 26	1 28	1 30	1 32	-14.694086925859683
1342	1 26	1 28	1 38	1 40	-6.479069838226654
1343	1 26	1 28	1 40	1 42	-156.54722825014795
1344	1 26	1 28	1 42	1 44	107.184197907585
1345	1 26	1 28	1 44	1 46	33.70805176093012
1346	1 26	1 28	1 46	1 48	3.9324917103642933
1347	1 26	1 28	1 48	1 50	-120.51249136825491
1348	1 26	1 28	1 47	1 49	-138.8463502570844
1349	1 26	1 28	1 49	1 51	54.139645335145644
1350	1 26	1 28	1 51	1 53	52.536073044835696
1351	1 26	1 28	1 53	1 55	19.80874042742513
1352	1 26	1 28	1 55	1 57	-105.69720714080253
1353	1 26	1 28	1 57	1 59	34.31375052265575
1354	1 26	1 28	1 59	1 61	38.66459474923278
1355	1 26	1 28	1 61	1 63	20.065087836794724
1356	1 26	1 28	1 63	1 65	-81.26923260703364
1357	1 26	1 28	1 65	1 67	24.533697953422724
1358	1 26	1 28	1 50	1 52	63.80667404893302
1359	1 26	1 28	1 52	1 54	33.72594174402613
1360	1 26	1 28	1 54	1 56	10.339544293703906
1361	1 26	1 28	1 56	1 58	-93.84919250774635
1362	1 26	1 28	1 58	1 60	44.13387796553705
1363	1 26	1 28	1 60	1 62	28.789707749403526
1364	1 26	1 28	1 62	1 64	12.00996301394391
1365	1 26	1 28	1 64	1 66	-75.91031782377725
1366	1 26	1 28	1 66	1 68	31.25127512751275
1367	1 26	1 28	1 68	1 70	24.505504163154235
1368	1 26	1 28	1 67	1 69	29.81409981142996
1369	1 26	1 28	1 69	1 71	17.553336088174156
1370	1 26	1 28	1 71	1 1	-163.0337365018471
1371	1 26	1 28	1 70	1 72	10.377750131546101
1372	1 26	1 28	1 72	1 2	-122.88668385469069
1373	1 27	1 29	1 28	1 30	180.07931470808063
1374	1 27	1 29	1 30	1 32	-45.9581483916927
1375	1 27	1 29	1 32	1 34	-263.4907431483697
1376	1 27	1 29	1 36	1 38	129.51713646047227
1377	1 27	1 29	1 38	1 40	-12.61349592726146
1378	1 27	1 29	1 40	1 42	-200.23483314188985
1379	1 27	1 29	1 42	1 44	81.52709576805194
1380	1 27	1 29	1 44	1 46	84.25141322261234
1381	1 27	1 29	1 46	1 48	14.781181000333067
1382	1 27	1 29	1 33	1 35	4.664737094853379
1383	1 27	1 29	1 35	1 37	222.40683986540057
1384	1 27	1 29	1 37	1 39	5.00822543725312
1385	1 27	1 29	1 39	1 41	-213.26076402935908
1386	1 27	1 29	1 41	1 43	34.11621370006207
1387	1 27	1 29	1 43	1 45	108.70033502658553
1388	1 27	1 29	1 45	1 47	40.69475846225822
1389	1 27	1 29	1 47	1 49	-162.33867584398558
1390	1 27	1 29	1 49	1 51	33.13402219205851
1391	1 27	1 29	1 48	1 50	-155.45905039930025
1392	1 27	1 29	1 50	1 52	55.890755620775515
1393	1 27	1 29	1 52	1 54	56.70547190789405
1394	1 27	1 29	1 54	1 56	23.45449848207369
1395	1 27	1 29	1 56	1 58	-120.98250674763833
1396	1 27	1 29	1 58	1 60	41.8069049061175
1397	1 27	1 29	1 60	1 62	41.68332256118262
1398	1 27	1 29	1 62	1 64	22.137414922262966
1399	1 27	1 29	1 64	1 66	-95.44086944086943
1400	1 27	1 29	1 66	1 68	31.414506584884318
1401	1 27	1 29	1 51	1 53	66.95958101095522
1402	1 27	1 29	1 53	1 55	40.51104401026248
1403	1 27	1 29	1 55	1 57	-124.35885390490728
1404	1 27	1 29	1 57	1 59	26.616508477192227
1405	1 27	1 29	1 59	1 61	45.187355627504616
1406	1 27	1 29	1 61	1 63	33.70520646575031
1407	1 27	1 29	1 63	1 65	-94.6441551047579
1408	1 27	1 29	1 65	1 67	21.94326908168518
1409	1 27	1 29	1 67	1 69	34.33108915624253
1410	1 27	1 29	1 69	1 71	25.73210215460145
1411	1 27	1 29	1 68	1 70	32.5047759693133
1412	1 27	1 29	1 70	1 72	16.51286591295691
1413	1 27	1 29	1 72	1 2	-134.944099378882
1414	1 27	1 29	1 71	1 1	-150.0124980064085
1415	1 28	1 30	1 29	1 31	182.70828620303456
1416	1 28	1 30	1 31	1 33	-311.7143883051981
1417	1 28	1 30	1 33	1 35	-18.306814002216413
1418	1 28	1 30	1 35	1 37	129.50606117332063
1419	1 28	1 30	1 39	1 41	-249.08701923076922
1420	1 28	1 30	1 41	1 43	7.489661230728844
1421	1 28	1 30	1 43	1 45	86.50804476455642
1422	1 28	1 30	1 45	1 47	94.17197505802851
1423	1 28	1 30	1 47	1 49	-175.5073373852553
1424	1 28	1 30	1 36	1 38	236.75130106782933
1425	1 28	1 30	1 38	1 40	18.054732706944705
1426	1 28	1 30	1 42	1 44	37.41681087367722
1427	1 28	1 30	1 44	1 46	117.50714419871343
1428	1 28	1 30	1 46	1 48	48.95987686842382
1429	1 28	1 30	1 48	1 50	-188.159362778928
1430	1 28	1 30	1 50	1 52	37.82535007087755
1431	1 28	1 30	1 49	1 51	17.08927225542442
1432	1 28	1 30	1 51	1 53	60.88713580045868
1433	1 28	1 30	1 53	1 55	66.01831605993245
1434	1 28	1 30	1 55	1 57	-132.4560345480718
1435	1 28	1 30	1 57	1 59	18.35757172846983
1436	1 28	1 30	1 59	1 61	42.54800005019169
1437	1 28	1 30	1 61	1 63	47.35667709963485
1438	1 28	1 30	1 63	1 65	-100.03971693347225
1439	1 28	1 30	1 65	1 67	17.652678718899686
1440	1 28	1 30	1 67	1 69	33.853440201057495
1441	1 28	1 30	1 52	1 54	69.39562813941993
1442	1 28	1 30	1 54	1 56	47.06796097751827
1443	1 28	1 30	1 56	1 58	-142.76353170838502
1444	1 28	1 30	1 58	1 60	33.38046804571407
1445	1 28	1 30	1 60	1 62	48.98413955866913
1446	1 28	1 30	1 62	1 64	36.14358030183209
1447	1 28	1 30	1 64	1 66	-108.95264872148559
1448	1 28	1 30	1 66	1 68	27.574732272998467
1449	1 28	1 30	1 68	1 70	37.04583291479479
1450	1 28	1 30	1 70	1 72	23.344360037935033
1451	1 28	1 30	1 69	1 71	32.83952357806102
1452	1 28	1 30	1 71	1 1	-136.19311868827606
1453	1 28	1 30	1 72	1 2	-137.49140989729227
1454	1 29	1 31	1 30	1 32	196.1441533444282
1455	1 29	1 31	1 32	1 34	-329.84310938065914
1456	1 29	1 31	1 34	1 36	-19.215168250010283
1457	1 29	1 31	1 36	1 38	135.50094231970712
1458	1 29	1 31	1 40	1 42	-281.931328122624
1459	1 29	1 31	1 42	1 44	9.808183848812153
1460	1 29	1 31	1 44	1 46	89.21979293228975
1461	1 29	1 31	1 46	1 48	107.8176041955243
1462	1 29	1 31	1 48	1 50	-201.1303037518789
1463	1 29	1 31	1 33	1 35	-9.77496173826595
1464	1 29	1 31	1 37	1 39	264.8693889225385
1465	1 29	1 31	1 39	1 41	-245.0817569771234
1466	1 29	1 31	1 43	1 45	38.140132063486746
1467	1 29	1 31	1 45	1 47	126.36647123582273
1468	1 29	1 31	1 47	1 49	-156.719451105782
1469	1 29	1 31	1 49	1 51	7.573512252732162
1470	1 29	1 31	1 51	1 53	38.92630747412889
1471	1 29	1 31	1 50	1 52	19.429360575987413
1472	1 29	1 31	1 52	1 54	57.599341479236315
1473	1 29	1 31	1 54	1 56	72.63719668359596
1474	1 29	1 31	1 56	1 58	-143.65301587301587
1475	1 29	1 31	1 58	1 60	21.259780933604066
1476	1 29	1 31	1 60	1 62	43.164343768355565
1477	1 29	1 31	1 62	1 64	47.33062008227496
1478	1 29	1 31	1 64	1 66	-105.70072665446263
1479	1 29	1 31	1 66	1 68	19.947863900724016
1480	1 29	1 31	1 68	1 70	33.58800045709196
1481	1 29	1 31	1 53	1 55	76.74485763725028
1482	1 29	1 31	1 55	1 57	-116.76497460254635
1483	1 29	1 31	1 57	1 59	10.801217472619507
1484	1 29	1 31	1 59	1 61	30.85626307190994
1485	1 29	1 31	1 61	1 63	51.734775537481774
1486	1 29	1 31	1 63	1 65	-87.72613761042695
1487	1 29	1 31	1 65	1 67	12.006948999842844
1488	1 29	1 31	1 67	1 69	27.010270894265915
1489	1 29	1 31	1 69	1 71	33.805614721437365
1490	1 29	1 31	1 71	1 1	-111.77434634082249
1491	1 29	1 31	1 70	1 72	26.978557417862742
1492	1 29	1 31	1 72	1 2	-120.54641162676555
1493	1 30	1 32	1 31	1 33	-137.19547155848028
1494	1 30	1 32	1 33	1 35	-4.041224357058562
1495	1 30	1 32	1 35	1 37	-16.5736425799075
1496	1 30	1 32	1 37	1 39	147.34178516275247
1497	1 30	1 32	1 39	1 41	-120.61121575342466
1498	1 30	1 32	1 43	1 45	11.480669706132938
1499	1 30	1 32	1 45	1 47	88.25487492065986
1500	1 30	1 32	1 47	1 49	-93.58942630094847
1501	1 30	1 32	1 49	1 51	3.494054574400626
1502	1 30	1 32	1 34	1 36	-8.690629000032217
1503	1 30	1 32	1 36	1 38	7.446010686255839
1504	1 30	1 32	1 38	1 40	268.6682499250824
1505	1 30	1 32	1 40	1 42	-259.73457446808516
1506	1 30	1 32	1 42	1 44	2.4045884329354412
1507	1 30	1 32	1 44	1 46	38.07846407019369
1508	1 30	1 32	1 46	1 48	133.10341005776723
1509	1 30	1 32	1 48	1 50	-169.8313347236705
1510	1 30	1 32	1 50	1 52	9.032782228309763
1511	1 30	1 32	1 52	1 54	33.428852120215836
1512	1 30	1 32	1 51	1 53	19.397447862324732
1513	1 30	1 32	1 53	1 55	59.62520071427093
1514	1 30	1 32	1 55	1 57	-77.87674429148046
1515	1 30	1 32	1 57	1 59	5.870997408747307
1516	1 30	1 32	1 59	1 61	18.13582561535594
1517	1 30	1 32	1 61	1 63	40.94563818741425
1518	1 30	1 32	1 63	1 65	-61.48128496657339
1519	1 30	1 32	1 65	1 67	7.202347511433464
1520	1 30	1 32	1 67	1 69	17.68141020637129
1521	1 30	1 32	1 69	1 71	26.690696533078658
1522	1 30	1 32	1 54	1 56	75.74687304565353
1523	1 30	1 32	1 56	1 58	-114.50786680146594
1524	1 30	1 32	1 58	1 60	11.783972722850205
1525	1 30	1 32	1 60	1 62	29.112780274646312
1526	1 30	1 32	1 62	1 64	45.06285530739039
1527	1 30	1 32	1 64	1 66	-81.74971868543786
1528	1 30	1 32	1 66	1 68	12.245326507802515
1529	1 30	1 32	1 68	1 70	24.142376431230545
1530	1 30	1 32	1 70	1 72	23.8576943091627
1531	1 30	1 32	1 72	1 2	-88.06066949405341
1532	1 30	1 32	1 71	1 1	-76.57595865667108
1533	1 31	1 33	1 32	1 34	772.8334415584416
1534	1 31	1 33	1 34	1 36	-301.08784244562025
1535	1 31	1 33	1 36	1 38	-260.60503797973206
1536	1 31	1 33	1 40	1 42	698.679779666898
1537	1 31	1 33	1 42	1 44	-255.2827375146313
1538	1 31	1 33	1 44	1 46	-200.87003046648687
1539	1 31	1 33	1 46	1 48	-129.37518383392728
1540	1 31	1 33	1 48	1 50	539.8715597558364
1541	1 31	1 33	1 50	1 52	-187.4418314808761
1542	1 31	1 33	1 35	1 37	-251.60707885304657
1543	1 31	1 33	1 37	1 39	-263.53418803418805
1544	1 31	1 33	1 39	1 41	835.011981951238
1545	1 31	1 33	1 41	1 43	-299.6680413305538
1546	1 31	1 33	1 45	1 47	-181.45237920534174
1547	1 31	1 33	1 47	1 49	557.0876225490197
1548	1 31	1 33	1 51	1 53	-170.69454897620366
1549	1 31	1 33	1 53	1 55	-140.76384615384615
1550	1 31	1 33	1 52	1 54	-152.09917481197283
1551	1 31	1 33	1 54	1 56	-108.60496020638001
1552	1 31	1 33	1 56	1 58	412.02713675213676
1553	1 31	1 33	1 58	1 60	-141.03183921341815
1554	1 31	1 33	1 60	1 62	-121.39852950967804
1555	1 31	1 33	1 62	1 64	-84.15624938768903
1556	1 31	1 33	1 64	1 66	317.1417256997581
1557	1 31	1 33	1 66	1 68	-104.84879980109699
1558	1 31	1 33	1 68	1 70	-100.03443077107526
1559	1 31	1 33	1 70	1 72	-56.90391807100721
1560	1 31	1 33	1 55	1 57	410.19885787970895
1561	1 31	1 33	1 57	1 59	-108.38051814531991
1562	1 31	1 33	1 59	1 61	-132.3588477269522
1563	1 31	1 33	1 61	1 63	-110.62591270438213
1564	1 31	1 33	1 63	1 65	309.7454955321539
1565	1 31	1 33	1 65	1 67	-80.00449524402363
1566	1 31	1 33	1 67	1 69	-107.24957394219159
1567	1 31	1 33	1 69	1 71	-83.32715466571631
1568	1 31	1 33	1 71	1 1	290.8204193460738
1569	1 31	1 33	1 72	1 2	247.43133116883115
1570	1 32	1 34	1 35	1 37	-288.906851628753
1571	1 32	1 34	1 37	1 39	-287.7044638368168
1572	1 32	1 34	1 39	1 41	660.072522216562
1573	1 32	1 34	1 41	1 43	-106.60405808080809
1574	1 32	1 34	1 43	1 45	-230.0643902111668
1575	1 32	1 34	1 45	1 47	-212.79293272048614
1576	1 32	1 34	1 47	1 49	493.47567941317936
1577	1 32	1 34	1 49	1 51	-89.4797780522845
1578	1 32	1 34	1 51	1 53	-167.89683855438778
1579	1 32	1 34	1 36	1 38	-273.3794452347084
1580	1 32	1 34	1 38	1 40	-288.6546207066963
1581	1 32	1 34	1 40	1 42	782.4957520855723
1582	1 32	1 34	1 42	1 44	-220.593567251462
1583	1 32	1 34	1 46	1 48	-196.48333947707943
1584	1 32	1 34	1 48	1 50	556.3062199462936
1585	1 32	1 34	1 50	1 52	-145.87688363449936
1586	1 32	1 34	1 52	1 54	-160.77878010188329
1587	1 32	1 34	1 54	1 56	-144.71134447455586
1588	1 32	1 34	1 53	1 55	-163.746890376211
1589	1 32	1 34	1 55	1 57	376.3647342995169
1590	1 32	1 34	1 57	1 59	-70.69393141804969
1591	1 32	1 34	1 59	1 61	-122.5396445554752
1592	1 32	1 34	1 61	1 63	-124.37719741361892
1593	1 32	1 34	1 63	1 65	291.3921698212964
1594	1 32	1 34	1 65	1 67	-59.33086150720307
1595	1 32	1 34	1 67	1 69	-97.8709140181355
1596	1 32	1 34	1 69	1 71	-88.88288144870194
1597	1 32	1 34	1 71	1 1	250.58555245180082
1598	1 32	1 34	1 56	1 58	410.97982449466133
1599	1 32	1 34	1 58	1 60	-111.21254592753877
1600	1 32	1 34	1 60	1 62	-125.654159635936
1601	1 32	1 34	1 62	1 64	-103.65447154471545
1602	1 32	1 34	1 64	1 66	313.0084706263308
1603	1 32	1 34	1 66	1 68	-86.30064690021294
1604	1 32	1 34	1 68	1 70	-100.25896367148128
1605	1 32	1 34	1 70	1 72	-64.7951266756358
1606	1 32	1 34	1 72	1 2	236.80282682775714
1607	1 33	1 35	1 34	1 36	177.26406463265704
1608	1 33	1 35	1 36	1 38	-50.59107678745026
1609	1 33	1 35	1 38	1 40	-7.748194382214198
1610	1 33	1 35	1 40	1 42	-114.645778224439
1611	1 33	1 35	1 44	1 46	-21.52995025023199
1612	1 33	1 35	1 46	1 48	-6.2612791939017995
1613	1 33	1 35	1 48	1 50	-106.39185976540747
1614	1 33	1 35	1 50	1 52	97.96794363657011
1615	1 33	1 35	1 52	1 54	7.454171316339226
1616	1 33	1 35	1 37	1 39	-18.922806352315288
1617	1 33	1 35	1 41	1 43	299.6398133454985
1618	1 33	1 35	1 45	1 47	-12.151415521858652
1619	1 33	1 35	1 47	1 49	-181.06704388664826
1620	1 33	1 35	1 49	1 51	138.84056014591903
1621	1 33	1 35	1 51	1 53	34.44984419032406
1622	1 33	1 35	1 55	1 57	-128.4540235113815
1623	1 33	1 35	1 54	1 56	-1.6372630156300243
1624	1 33	1 35	1 56	1 58	-93.30709908890194
1625	1 33	1 35	1 58	1 60	67.64295051729438
1626	1 33	1 35	1 60	1 62	18.074050900586613
1627	1 33	1 35	1 62	1 64	3.1720931016862717
1628	1 33	1 35	1 64	1 66	-79.27202560142138
1629	1 33	1 35	1 66	1 68	46.20566523517708
1630	1 33	1 35	1 68	1 70	21.45671464338386
1631	1 33	1 35	1 70	1 72	5.52543976438312
1632	1 33	1 35	1 72	1 2	-90.97975709771984
1633	1 33	1 35	1 57	1 59	72.40045296641918
1634	1 33	1 35	1 59	1 61	40.32600063156232
1635	1 33	1 35	1 61	1 63	8.03261562847888
1636	1 33	1 35	1 63	1 65	-97.83942740712168
1637	1 33	1 35	1 65	1 67	44.267235469252384
1638	1 33	1 35	1 67	1 69	34.84337640083738
1639	1 33	1 35	1 69	1 71	12.18927721749161
1640	1 33	1 35	1 71	1 1	-125.18879675450378
1641	1 34	1 36	1 35	1 37	171.9900931553591
1642	1 34	1 36	1 37	1 39	-52.404156909258646
1643	1 34	1 36	1 39	1 41	-259.6402028802691
1644	1 34	1 36	1 41	1 43	139.7217055871031
1645	1 34	1 36	1 43	1 45	126.22998166895805
1646	1 34	1 36	1 45	1 47	-17.477145329575237
1647	1 34	1 36	1 47	1 49	-195.74677888611805
1648	1 34	1 36	1 49	1 51	88.99651025353803
1649	1 34	1 36	1 51	1 53	82.09613263314313
1650	1 34	1 36	1 53	1 55	10.416063911435682
1651	1 34	1 36	1 38	1 40	-17.122316670711626
1652	1 34	1 36	1 42	1 44	226.5661276988397
1653	1 34	1 36	1 46	1 48	-10.495399979743848
1654	1 34	1 36	1 48	1 50	-158.9334432854706
1655	1 34	1 36	1 50	1 52	114.15954800334802
1656	1 34	1 36	1 52	1 54	35.976030052812476
1657	1 34	1 36	1 56	1 58	-125.6234337123152
1658	1 34	1 36	1 55	1 57	-147.15828112808956
1659	1 34	1 36	1 57	1 59	55.282831791787984
1660	1 34	1 36	1 59	1 61	59.08237047761381
1661	1 34	1 36	1 61	1 63	19.154933780415078
1662	1 34	1 36	1 63	1 65	-114.98419145951512
1663	1 34	1 36	1 65	1 67	38.555938749910894
1664	1 34	1 36	1 67	1 69	44.111859887836715
1665	1 34	1 36	1 69	1 71	20.475523015388788
1666	1 34	1 36	1 71	1 1	-121.47129571565483
1667	1 34	1 36	1 58	1 60	72.39322739922792
1668	1 34	1 36	1 60	1 62	35.85537138762837
1669	1 34	1 36	1 62	1 64	8.295545249408736
1670	1 34	1 36	1 64	1 66	-101.96073556534142
1671	1 34	1 36	1 66	1 68	48.84819645259428
1672	1 34	1 36	1 68	1 70	32.43917368129365
1673	1 34	1 36	1 70	1 72	10.380951034272552
1674	1 34	1 36	1 72	1 2	-97.41343993502335
1675	1 35	1 37	1 36	1 38	168.35204872126795
1676	1 35	1 37	1 38	1 40	-53.826071279345086
1677	1 35	1 37	1 40	1 42	-249.91820475847155
1678	1 35	1 37	1 42	1 44	131.62221858248958
1679	1 35	1 37	1 44	1 46	127.82996098689183
1680	1 35	1 37	1 46	1 48	-19.729602662148338
1681	1 35	1 37	1 48	1 50	-199.07996515679446
1682	1 35	1 37	1 50	1 52	86.31041703937822
1683	1 35	1 37	1 52	1 54	85.33273807549799
1684	1 35	1 37	1 54	1 56	10.240893221447859
1685	1 35	1 37	1 43	1 45	224.98653506626053
1686	1 35	1 37	1 45	1 47	5.134478012864631
1687	1 35	1 37	1 49	1 51	33.818370922892235
1688	1 35	1 37	1 51	1 53	114.72279855256353
1689	1 35	1 37	1 53	1 55	39.74880978359505
1690	1 35	1 37	1 55	1 57	-169.30757623077338
1691	1 35	1 37	1 57	1 59	34.39467828566722
1692	1 35	1 37	1 56	1 58	-157.83340765730833
1693	1 35	1 37	1 58	1 60	62.184884740666504
1694	1 35	1 37	1 60	1 62	59.70471941691181
1695	1 35	1 37	1 62	1 64	19.6118224666143
1696	1 35	1 37	1 64	1 66	-126.35700291359692
1697	1 35	1 37	1 66	1 68	45.35140447861713
1698	1 35	1 37	1 68	1 70	45.14247060351681
1699	1 35	1 37	1 70	1 72	18.482277580859083
1700	1 35	1 37	1 72	1 2	-113.24129990183246
1701	1 35	1 37	1 59	1 61	70.23874005727887
1702	1 35	1 37	1 61	1 63	40.012862247666085
1703	1 35	1 37	1 63	1 65	-130.58034429377955
1704	1 35	1 37	1 65	1 67	30.03785478256598
1705	1 35	1 37	1 67	1 69	50.11554254605648
1706	1 35	1 37	1 69	1 71	32.760550871000426
1707	1 35	1 37	1 71	1 1	-124.74537426744502
1708	1 36	1 38	1 37	1 39	180.1174225415357
1709	1 36	1 38	1 39	1 41	-296.4609490855166
1710	1 36	1 38	1 41	1 43	-21.313562609175158
1711	1 36	1 38	1 43	1 45	133.97459864900858
1712	1 36	1 38	1 47	1 49	-245.9109412572999
1713	1 36	1 38	1 49	1 51	7.3751975305372275
1714	1 36	1 38	1 51	1 53	90.52487779780617
1715	1 36	1 38	1 53	1 55	93.51828217422693
1716	1 36	1 38	1 55	1 57	-181.9299165262488
1717	1 36	1 38	1 50	1 52	39.221798669830406
1718	1 36	1 38	1 52	1 54	114.51870223398001
1719	1 36	1 38	1 54	1 56	43.11372963659148
1720	1 36	1 38	1 56	1 58	-182.16457716057926
1721	1 36	1 38	1 58	1 60	40.6616827852998
1722	1 36	1 38	1 57	1 59	18.017060856794025
1723	1 36	1 38	1 59	1 61	59.829868392739954
1724	1 36	1 38	1 61	1 63	65.39290372152436
1725	1 36	1 38	1 63	1 65	-134.5038030338011
1726	1 36	1 38	1 65	1 67	20.652672055760085
1727	1 36	1 38	1 67	1 69	46.13501721073443
1728	1 36	1 38	1 69	1 71	44.32568158363824
1729	1 36	1 38	1 71	1 1	-125.02931984145079
1730	1 36	1 38	1 60	1 62	72.47708105398992
1731	1 36	1 38	1 62	1 64	41.09195351537876
1732	1 36	1 38	1 64	1 66	-143.14109556408135
1733	1 36	1 38	1 66	1 68	35.184767495795384
1734	1 36	1 38	1 68	1 70	51.610045592405115
1735	1 36	1 38	1 70	1 72	28.957986607164774
1736	1 36	1 38	1 72	1 2	-126.11435791351312
1737	1 37	1 39	1 38	1 40	199.2402122905028
1738	1 37	1 39	1 40	1 42	-333.43588785046734
1739	1 37	1 39	1 42	1 44	-20.399098621420997
1740	1 37	1 39	1 44	1 46	138.89791330001128
1741	1 37	1 39	1 46	1 48	154.92970376558284
1742	1 37	1 39	1 48	1 50	-274.1915322580645
1743	1 37	1 39	1 50	1 52	8.234716134227137
1744	1 37	1 39	1 52	1 54	82.86763263589748
1745	1 37	1 39	1 54	1 56	107.86572299188606
1746	1 37	1 39	1 56	1 58	-196.10046345664836
1747	1 37	1 39	1 41	1 43	-13.20070458345733
1748	1 37	1 39	1 43	1 45	3.8664640492141404
1749	1 37	1 39	1 45	1 47	256.9825353809093
1750	1 37	1 39	1 47	1 49	-243.25848623331743
1751	1 37	1 39	1 51	1 53	38.233893909029675
1752	1 37	1 39	1 53	1 55	128.8108852755194
1753	1 37	1 39	1 55	1 57	-162.1091744416172
1754	1 37	1 39	1 57	1 59	7.062390822862726
1755	1 37	1 39	1 59	1 61	35.03716890511544
1756	1 37	1 39	1 58	1 60	18.71998425892189
1757	1 37	1 39	1 60	1 62	60.27753954411807
1758	1 37	1 39	1 62	1 64	69.49555161767663
1759	1 37	1 39	1 64	1 66	-143.23339355402447
1760	1 37	1 39	1 66	1 68	21.312021926784702
1761	1 37	1 39	1 68	1 70	45.78246771905249
1762	1 37	1 39	1 70	1 72	38.89802731929703
1763	1 37	1 39	1 72	1 2	-108.98560724748793
1764	1 37	1 39	1 61	1 63	78.24755733861166
1765	1 37	1 39	1 63	1 65	-115.90146385262067
1766	1 37	1 39	1 65	1 67	11.41976608731157
1767	1 37	1 39	1 67	1 69	32.88350166250356
1768	1 37	1 39	1 69	1 71	48.30028270740862
1769	1 37	1 39	1 71	1 1	-98.44659796769594
1770	1 38	1 40	1 39	1 41	-135.11961608615377
1771	1 38	1 40	1 41	1 43	-7.150401671781667
1772	1 38	1 40	1 43	1 45	-23.998770950186966
1773	1 38	1 40	1 45	1 47	136.5523957283266
1774	1 38	1 40	1 47	1 49	-101.8285715355207
1775	1 38	1 40	1 49	1 51	-3.1277874187163466
1776	1 38	1 40	1 51	1 53	4.505422784660006
1777	1 38	1 40	1 53	1 55	90.89327612196996
1778	1 38	1 40	1 55	1 57	-89.81990166880959
1779	1 38	1 40	1 57	1 59	1.4529256031958455
1780	1 38	1 40	1 42	1 44	-13.457980647773738
1781	1 38	1 40	1 44	1 46	-5.685430442283145
1782	1 38	1 40	1 46	1 48	302.25008719916286
1783	1 38	1 40	1 48	1 50	-273.4109120318527
1784	1 38	1 40	1 50	1 52	-2.5009572301809517
1785	1 38	1 40	1 52	1 54	27.460475139283087
1786	1 38	1 40	1 54	1 56	143.30286875373127
1787	1 38	1 40	1 56	1 58	-164.8054292867908
1788	1 38	1 40	1 58	1 60	5.32379828488474
1789	1 38	1 40	1 60	1 62	32.555591225317436
1790	1 38	1 40	1 59	1 61	13.021980979098569
1791	1 38	1 40	1 61	1 63	60.644604056542704
1792	1 38	1 40	1 63	1 65	-72.81128757135886
1793	1 38	1 40	1 65	1 67	4.7730376676583965
1794	1 38	1 40	1 67	1 69	17.577826141146467
1795	1 38	1 40	1 69	1 71	38.159936670574965
1796	1 38	1 40	1 71	1 1	-57.38883532540788
1797	1 38	1 40	1 62	1 64	77.57839723614686
1798	1 38	1 40	1 64	1 66	-113.05642354278717
1799	1 38	1 40	1 66	1 68	9.717369167297111
1800	1 38	1 40	1 68	1 70	29.776156054124193
1801	1 38	1 40	1 70	1 72	38.41834836910489
1802	1 38	1 40	1 72	1 2	-72.72525461211026
1803	1 39	1 41	1 40	1 42	804.3622118380063
1804	1 39	1 41	1 42	1 44	-323.5699368088468
1805	1 39	1 41	1 44	1 46	-258.98468441476916
1806	1 39	1 41	1 46	1 48	-131.10698410968195
1807	1 39	1 41	1 48	1 50	715.0700391006842
1808	1 39	1 41	1 50	1 52	-282.1474591250552
1809	1 39	1 41	1 52	1 54	-198.41989279332938
1810	1 39	1 41	1 54	1 56	-123.64832382516497
1811	1 39	1 41	1 56	1 58	562.5266634050881
1812	1 39	1 41	1 58	1 60	-214.7096483942414
1813	1 39	1 41	1 43	1 45	-258.95834170349536
1814	1 39	1 41	1 45	1 47	-258.3223684210526
1815	1 39	1 41	1 47	1 49	856.7925219941349
1816	1 39	1 41	1 55	1 57	598.8671875
1817	1 39	1 41	1 59	1 61	-185.98493632901165
1818	1 39	1 41	1 61	1 63	-142.26874985634493
1819	1 39	1 41	1 60	1 62	-161.9452195379456
1820	1 39	1 41	1 62	1 64	-101.38628647027338
1821	1 39	1 41	1 64	1 66	439.69769781856235
1822	1 39	1 41	1 66	1 68	-158.2947368421053
1823	1 39	1 41	1 68	1 70	-136.81420289855072
1824	1 39	1 41	1 70	1 72	-71.95942569832403
1825	1 39	1 41	1 72	1 2	213.3064182194617
1826	1 39	1 41	1 63	1 65	447.65690550363445
1827	1 39	1 41	1 65	1 67	-126.17156769122377
1828	1 39	1 41	1 67	1 69	-152.34736158830378
1829	1 39	1 41	1 69	1 71	-109.66427477285107
1830	1 39	1 41	1 71	1 1	225.3630287273666
1831	1 40	1 42	1 41	1 43	-124.47317773425968
1832	1 40	1 42	1 43	1 45	-290.0830322580645
1833	1 40	1 42	1 45	1 47	-274.3236751152074
1834	1 40	1 42	1 47	1 49	682.0378571428571
1835	1 40	1 42	1 49	1 51	-118.47789875918669
1836	1 40	1 42	1 51	1 53	-241.00900344295883
1837	1 40	1 42	1 53	1 55	-216.71529658202627
1838	1 40	1 42	1 55	1 57	525.3071481317384
1839	1 40	1 42	1 57	1 59	-95.0812467646817
1840	1 40	1 42	1 59	1 61	-174.51347037670905
1841	1 40	1 42	1 44	1 46	-262.4031007751938
1842	1 40	1 42	1 46	1 48	-295.7136612021858
1843	1 40	1 42	1 48	1 50	821.367459473824
1844	1 40	1 42	1 52	1 54	-207.2743441296824
1845	1 40	1 42	1 54	1 56	-198.27216897029916
1846	1 40	1 42	1 56	1 58	572.2753201987091
1847	1 40	1 42	1 60	1 62	-170.50316340440588
1848	1 40	1 42	1 62	1 64	-139.81391597701756
1849	1 40	1 42	1 61	1 63	-165.5531307304401
1850	1 40	1 42	1 63	1 65	403.4096554487179
1851	1 40	1 42	1 65	1 67	-81.25736188680105
1852	1 40	1 42	1 67	1 69	-137.48888051998773
1853	1 40	1 42	1 69	1 71	-120.49426075567746
1854	1 40	1 42	1 71	1 1	206.67729336043362
1855	1 40	1 42	1 64	1 66	435.33265349608837
1856	1 40	1 42	1 66	1 68	-122.25802992447812
1857	1 40	1 42	1 68	1 70	-137.46190910274777
1858	1 40	1 42	1 70	1 72	-87.5485700859291
1859	1 40	1 42	1 72	1 2	206.7669730087763
1860	1 41	1 43	1 42	1 44	193.92106482567686
1861	1 41	1 43	1 44	1 46	-53.54396420411271
1862	1 41	1 43	1 46	1 48	-10.267560001448249
1863	1 41	1 43	1 48	1 50	-141.20464844649348
1864	1 41	1 43	1 52	1 54	-20.527511676588908
1865	1 41	1 43	1 54	1 56	-8.102476906279918
1866	1 41	1 43	1 56	1 58	-132.61324071225704
1867	1 41	1 43	1 58	1 60	119.54441658440783
1868	1 41	1 43	1 60	1 62	10.961122979538594
1869	1 41	1 43	1 45	1 47	-21.22802805419871
1870	1 41	1 43	1 49	1 51	348.6000172109634
1871	1 41	1 43	1 53	1 55	-12.505796920844059
1872	1 41	1 43	1 55	1 57	-213.55185416666666
1873	1 41	1 43	1 57	1 59	151.56996188898094
1874	1 41	1 43	1 59	1 61	50.82137043787395
1875	1 41	1 43	1 61	1 63	0.4841210984309676
1876	1 41	1 43	1 63	1 65	-161.61289143220472
1877	1 41	1 43	1 62	1 64	-1.51530500847186
1878	1 41	1 43	1 64	1 66	-115.7005442240519
1879	1 41	1 43	1 66	1 68	81.09457692739312
1880	1 41	1 43	1 68	1 70	25.37514322136142
1881	1 41	1 43	1 70	1 72	4.100189605194863
1882	1 41	1 43	1 72	1 2	-71.96928790830071
1883	1 41	1 43	1 65	1 67	85.4334795628507
1884	1 41	1 43	1 67	1 69	51.906146847897844
1885	1 41	1 43	1 69	1 71	11.675974723372931
1886	1 41	1 43	1 71	1 1	-89.8614455054038
1887	1 42	1 44	1 43	1 45	186.64623863636365
1888	1 42	1 44	1 45	1 47	-58.57933125901876
1889	1 42	1 44	1 47	1 49	-295.2101346153846
1890	1 42	1 44	1 51	1 53	142.24382947162735
1891	1 42	1 44	1 53	1 55	-21.56696105619107
1892	1 42	1 44	1 55	1 57	-224.23843727113965
1893	1 42	1 44	1 57	1 59	99.08941983823712
1894	1 42	1 44	1 59	1 61	101.49885183040243
1895	1 42	1 44	1 61	1 63	7.717839289255359
1896	1 42	1 44	1 46	1 48	-23.01833970839857
1897	1 42	1 44	1 50	1 52	261.5803071612258
1898	1 42	1 44	1 54	1 56	-16.557199828568884
1899	1 42	1 44	1 56	1 58	-183.66104296928899
1900	1 42	1 44	1 58	1 60	140.74158347504965
1901	1 42	1 44	1 60	1 62	38.606609148513776
1902	1 42	1 44	1 64	1 66	-147.58991847589368
1903	1 42	1 44	1 63	1 65	-177.26992739061703
1904	1 42	1 44	1 65	1 67	67.33236538296508
1905	1 42	1 44	1 67	1 69	72.60759647329414
1906	1 42	1 44	1 69	1 71	21.396209903865792
1907	1 42	1 44	1 71	1 1	-114.67664501257333
1908	1 42	1 44	1 66	1 68	86.69233320086201
1909	1 42	1 44	1 68	1 70	43.56053521957601
1910	1 42	1 44	1 70	1 72	7.693270850268499
1911	1 42	1 44	1 72	1 2	-98.27169679965239
1912	1 43	1 45	1 44	1 46	170.4652223304122
1913	1 43	1 45	1 46	1 48	-62.2606210700906
1914	1 43	1 45	1 48	1 50	-258.3933558558559
1915	1 43	1 45	1 50	1 52	141.4219725995588
1916	1 43	1 45	1 52	1 54	138.8395055629864
1917	1 43	1 45	1 54	1 56	-29.07003311011905
1918	1 43	1 45	1 56	1 58	-213.29096576332657
1919	1 43	1 45	1 58	1 60	100.79648334703569
1920	1 43	1 45	1 60	1 62	91.6372303514859
1921	1 43	1 45	1 62	1 64	4.963787097495272
1922	1 43	1 45	1 47	1 49	-271.7106512890095
1923	1 43	1 45	1 51	1 53	243.77570779612535
1924	1 43	1 45	1 55	1 57	-231.19812164579605
1925	1 43	1 45	1 57	1 59	39.15266898666543
1926	1 43	1 45	1 59	1 61	124.63957431736097
1927	1 43	1 45	1 61	1 63	39.745924043850806
1928	1 43	1 45	1 65	1 67	41.552718189832504
1929	1 43	1 45	1 64	1 66	-173.19742293990083
1930	1 43	1 45	1 66	1 68	70.75028370951657
1931	1 43	1 45	1 68	1 70	66.796206379994
1932	1 43	1 45	1 70	1 72	17.204568431726273
1933	1 43	1 45	1 72	1 2	-123.80377646442099
1934	1 43	1 45	1 67	1 69	80.45395963965395
1935	1 43	1 45	1 69	1 71	40.921182992959054
1936	1 43	1 45	1 71	1 1	-132.1416676956003
1937	1 44	1 46	1 45	1 47	194.50027056277054
1938	1 44	1 46	1 47	1 49	-313.55441939345576
1939	1 44	1 46	1 49	1 51	-24.48924996539519
1940	1 44	1 46	1 51	1 53	141.22154751938012
1941	1 44	1 46	1 55	1 57	-262.4491611627674
1942	1 44	1 46	1 57	1 59	7.228689899654642
1943	1 44	1 46	1 59	1 61	88.30429227034324
1944	1 44	1 46	1 61	1 63	101.58320707070708
1945	1 44	1 46	1 63	1 65	-191.38874269005845
1946	1 44	1 46	1 52	1 54	240.01038746429592
1947	1 44	1 46	1 54	1 56	4.932417826054141
1948	1 44	1 46	1 58	1 60	39.471782425811426
1949	1 44	1 46	1 60	1 62	126.81594359867668
1950	1 44	1 46	1 62	1 64	41.2099430423428
1951	1 44	1 46	1 66	1 68	42.53910145664699
1952	1 44	1 46	1 65	1 67	20.085487661574618
1953	1 44	1 46	1 67	1 69	65.79127581718257
1954	1 44	1 46	1 69	1 71	66.19558719778294
1955	1 44	1 46	1 71	1 1	-126.69219848252106
1956	1 44	1 46	1 68	1 70	80.0484477922808
1957	1 44	1 46	1 70	1 72	36.903474852693606
1958	1 44	1 46	1 72	1 2	-129.11422027827524
1959	1 45	1 47	1 46	1 48	195.61576970899006
1960	1 45	1 47	1 48	1 50	-340.60622668673517
1961	1 45	1 47	1 50	1 52	-24.426627219923667
1962	1 45	1 47	1 52	1 54	135.3651055354457
1963	1 45	1 47	1 54	1 56	178.30574972314508
1964	1 45	1 47	1 56	1 58	-292.4716872577519
1965	1 45	1 47	1 58	1 60	6.010140621404487
1966	1 45	1 47	1 60	1 62	96.3521250926917
1967	1 45	1 47	1 62	1 64	115.87500422888586
1968	1 45	1 47	1 64	1 66	-217.94005476064302
1969	1 45	1 47	1 49	1 51	-15.416436821571939
1970	1 45	1 47	1 51	1 53	4.500312439229054
1971	1 45	1 47	1 53	1 55	299.64114490161
1972	1 45	1 47	1 55	1 57	-281.5
1973	1 45	1 47	1 57	1 59	-1.9352050317085743
1974	1 45	1 47	1 59	1 61	33.26856846006437
1975	1 45	1 47	1 61	1 63	146.86268625827813
1976	1 45	1 47	1 63	1 65	-176.87352284663865
1977	1 45	1 47	1 65	1 67	8.135385243423173
1978	1 45	1 47	1 67	1 69	40.83078927188702
1979	1 45	1 47	1 66	1 68	19.843238819893305
1980	1 45	1 47	1 68	1 70	69.95823995818833
1981	1 45	1 47	1 70	1 72	62.84234823597254
1982	1 45	1 47	1 72	1 2	-125.03012809539592
1983	1 45	1 47	1 69	1 71	79.93219825579803
1984	1 45	1 47	1 71	1 1	-105.5303418396496
1985	1 46	1 48	1 47	1 49	-122.21844683669923
1986	1 46	1 48	1 49	1 51	-9.132724984488071
1987	1 46	1 48	1 51	1 53	-28.229380019419583
1988	1 46	1 48	1 53	1 55	170.84298166690422
1989	1 46	1 48	1 55	1 57	-131.56884807944766
1990	1 46	1 48	1 57	1 59	-3.3891391046619495
1991	1 46	1 48	1 59	1 61	2.7693802192342036
1992	1 46	1 48	1 61	1 63	114.02998184612157
1993	1 46	1 48	1 63	1 65	-111.68422669577168
1994	1 46	1 48	1 65	1 67	2.5926553919347333
1995	1 46	1 48	1 50	1 52	-17.01361228955257
1996	1 46	1 48	1 54	1 56	365.33799763500195
1997	1 46	1 48	1 56	1 58	-331.422203765227
1998	1 46	1 48	1 58	1 60	-3.6817254615794157
1999	1 46	1 48	1 60	1 62	38.58441777423394
2000	1 46	1 48	1 62	1 64	177.83728070175437
2001	1 46	1 48	1 64	1 66	-213.39217650725797
2002	1 46	1 48	1 66	1 68	7.548128359265528
2003	1 46	1 48	1 68	1 70	45.330689895280415
2004	1 46	1 48	1 67	1 69	19.886718476989948
2005	1 46	1 48	1 69	1 71	69.90771215216213
2006	1 46	1 48	1 71	1 1	-73.1369186916725
2007	1 46	1 48	1 70	1 72	78.93479756654801
2008	1 46	1 48	1 72	1 2	-109.22878151260505
2009	1 47	1 49	1 48	1 50	890.8848454636093
2010	1 47	1 49	1 52	1 54	-274.61594402838
2011	1 47	1 49	1 54	1 56	-145.0446367422109
2012	1 47	1 49	1 56	1 58	800.675037202381
2013	1 47	1 49	1 58	1 60	-335.6951963241437
2014	1 47	1 49	1 60	1 62	-228.8588255345522
2015	1 47	1 49	1 62	1 64	-128.04138087288337
2016	1 47	1 49	1 64	1 66	634.5725707850709
2017	1 47	1 49	1 66	1 68	-243.4467457829527
2018	1 47	1 49	1 51	1 53	-295.7698449866529
2019	1 47	1 49	1 53	1 55	-305.1318555490311
2020	1 47	1 49	1 55	1 57	988.30081300813
2021	1 47	1 49	1 61	1 63	-205.3562817462869
2022	1 47	1 49	1 63	1 65	675.1698678773063
2023	1 47	1 49	1 67	1 69	-221.54922744291514
2024	1 47	1 49	1 69	1 71	-152.37395184244943
2025	1 47	1 49	1 68	1 70	-192.89641568650455
2026	1 47	1 49	1 70	1 72	-94.21821423325008
2027	1 47	1 49	1 72	1 2	240.7049484473372
2028	1 47	1 49	1 71	1 1	234.29375805438985
2029	1 48	1 50	1 51	1 53	-327.0001237195031
2030	1 48	1 50	1 53	1 55	-319.38971354166665
2031	1 48	1 50	1 57	1 59	-137.2921282154876
2032	1 48	1 50	1 59	1 61	-279.0061881188119
2033	1 48	1 50	1 61	1 63	-251.6648962010558
2034	1 48	1 50	1 63	1 65	624.1062896957058
2035	1 48	1 50	1 65	1 67	-119.207673751632
2036	1 48	1 50	1 67	1 69	-216.71175121696103
2037	1 48	1 50	1 52	1 54	-273.54008215397454
2038	1 48	1 50	1 54	1 56	-360.5360920783748
2039	1 48	1 50	1 56	1 58	951.4021260997068
2040	1 48	1 50	1 62	1 64	-229.67623307543522
2041	1 48	1 50	1 64	1 66	684.2814685314686
2042	1 48	1 50	1 68	1 70	-207.66689814814816
2043	1 48	1 50	1 70	1 72	-136.9803688366718
2044	1 48	1 50	1 69	1 71	-184.42450403881327
2045	1 48	1 50	1 71	1 1	235.32634174537583
2046	1 48	1 50	1 72	1 2	259.68765116004255
2047	1 49	1 51	1 50	1 52	246.6889044695568
2048	1 49	1 51	1 52	1 54	-62.656200528231224
2049	1 49	1 51	1 54	1 56	-12.566053977972617
2050	1 49	1 51	1 56	1 58	-166.6885332645157
2051	1 49	1 51	1 60	1 62	-22.685766909693704
2052	1 49	1 51	1 62	1 64	-8.52937050078171
2053	1 49	1 51	1 64	1 66	-149.4154191812924
2054	1 49	1 51	1 66	1 68	133.8554237843495
2055	1 49	1 51	1 68	1 70	15.791983173750742
2056	1 49	1 51	1 53	1 55	-24.46182959331021
2057	1 49	1 51	1 57	1 59	324.802269290454
2058	1 49	1 51	1 59	1 61	16.297852478979898
2059	1 49	1 51	1 61	1 63	-15.899404246109519
2060	1 49	1 51	1 65	1 67	163.2352242350209
2061	1 49	1 51	1 67	1 69	60.60685886677855
2062	1 49	1 51	1 69	1 71	3.0478400236633183
2063	1 49	1 51	1 71	1 1	-82.47004431083688
2064	1 49	1 51	1 72	1 2	-70.63627784126929
2065	1 50	1 52	1 53	1 55	-67.08472372575554
2066	1 50	1 52	1 57	1 59	186.6629872495446
2067	1 50	1 52	1 61	1 63	-34.244412804110006
2068	1 50	1 52	1 63	1 65	-278.03978102189785
2069	1 50	1 52	1 65	1 67	125.23353933138293
2070	1 50	1 52	1 67	1 69	125.6991334213392
2071	1 50	1 52	1 69	1 71	9.701130703689277
2072	1 50	1 52	1 54	1 56	-28.95060889412869
2073	1 50	1 52	1 58	1 60	325.8906568143662
2074	1 50	1 52	1 60	1 62	-7.596956765018873
2075	1 50	1 52	1 62	1 64	-19.723160874651438
2076	1 50	1 52	1 66	1 68	170.43961513296028
2077	1 50	1 52	1 68	1 70	47.01962608541556
2078	1 50	1 52	1 72	1 2	-110.58802836696941
2079	1 50	1 52	1 71	1 1	-125.36196897201683
2080	1 51	1 53	1 52	1 54	205.71377723546985
2081	1 51	1 53	1 54	1 56	-78.67062948663812
2082	1 51	1 53	1 56	1 58	-302.06898613103783
2083	1 51	1 53	1 60	1 62	155.89170550725333
2084	1 51	1 53	1 62	1 64	-37.99539971719267
2085	1 51	1 53	1 64	1 66	-250.03778703664835
2086	1 51	1 53	1 66	1 68	120.69001565499778
2087	1 51	1 53	1 68	1 70	109.46071068026437
2088	1 51	1 53	1 59	1 61	290.1470223131334
2089	1 51	1 53	1 65	1 67	50.79871886330875
2090	1 51	1 53	1 67	1 69	152.00839409185073
2091	1 51	1 53	1 69	1 71	45.09811253750013
2092	1 51	1 53	1 71	1 1	-159.2546012361888
2093	1 51	1 53	1 72	1 2	-147.1468645175962
2094	1 52	1 54	1 53	1 55	187.4728760474439
2095	1 52	1 54	1 55	1 57	-343.3847254067038
2096	1 52	1 54	1 57	1 59	-29.03934191539972
2097	1 52	1 54	1 59	1 61	149.85787405148798
2098	1 52	1 54	1 61	1 63	176.8118024766855
2099	1 52	1 54	1 63	1 65	-301.34706935293445
2100	1 52	1 54	1 65	1 67	9.454222230553086
2101	1 52	1 54	1 67	1 69	107.47125846260289
2102	1 52	1 54	1 69	1 71	112.18959688735809
2103	1 52	1 54	1 71	1 1	-163.1824028071244
2104	1 52	1 54	1 60	1 62	300.7294254174069
2105	1 52	1 54	1 62	1 64	-17.67442283631098
2106	1 52	1 54	1 66	1 68	44.440393897214335
2107	1 52	1 54	1 68	1 70	152.35207697397914
2108	1 52	1 54	1 70	1 72	38.9928790243882
2109	1 52	1 54	1 72	1 2	-160.87725997376853
2110	1 53	1 55	1 56	1 58	-424.42366412213744
2111	1 53	1 55	1 58	1 60	-35.733863683976494
2112	1 53	1 55	1 62	1 64	213.1275346618731
2113	1 53	1 55	1 66	1 68	4.419537683543073
2114	1 53	1 55	1 68	1 70	115.85123112723096
2115	1 53	1 55	1 70	1 72	112.96767145135567
2116	1 53	1 55	1 72	1 2	-173.38196262525955
2117	1 53	1 55	1 57	1 59	-18.101677371341673
2118	1 53	1 55	1 59	1 61	-20.198476487940308
2119	1 53	1 55	1 61	1 63	368.31640733537097
2120	1 53	1 55	1 63	1 65	-321.2119004250152
2121	1 53	1 55	1 65	1 67	-2.7046910878747203
2122	1 53	1 55	1 67	1 69	40.15331468198572
2123	1 53	1 55	1 69	1 71	156.90585314568847
2124	1 53	1 55	1 71	1 1	-139.59270516717325
2125	1 54	1 56	1 57	1 59	-9.830797132073481
2126	1 54	1 56	1 59	1 61	-34.39529258960228
2127	1 54	1 56	1 61	1 63	215.08440507667902
2128	1 54	1 56	1 65	1 67	-2.614358392663422
2129	1 54	1 56	1 67	1 69	11.827749394729366
2130	1 54	1 56	1 69	1 71	130.31717589535032
2131	1 54	1 56	1 71	1 1	-103.76580481065062
2132	1 54	1 56	1 58	1 60	-20.544102346767158
2133	1 54	1 56	1 62	1 64	478.7325648208001
2134	1 54	1 56	1 64	1 66	-444.21886366486893
2135	1 54	1 56	1 68	1 70	59.18514422695438
2136	1 54	1 56	1 70	1 72	177.85653735632184
2137	1 54	1 56	1 72	1 2	-194.95960820895525
2138	1 55	1 57	1 56	1 58	1064.8690600978337
2139	1 55	1 57	1 60	1 62	-331.7949504348817
2140	1 55	1 57	1 64	1 66	987.0730139230138
2141	1 55	1 57	1 66	1 68	-402.7751147373789
2142	1 55	1 57	1 68	1 70	-283.2637070376432
2143	1 55	1 57	1 70	1 72	-129.49460264357123
2144	1 55	1 57	1 72	1 2	324.2271210370941
2145	1 55	1 57	1 59	1 61	-349.9738675958188
2146	1 55	1 57	1 61	1 63	-356.28011501210653
2147	1 55	1 57	1 63	1 65	1168.838497033619
2148	1 55	1 57	1 69	1 71	-231.7908967824148
2149	1 55	1 57	1 71	1 1	301.90473150829166
2150	1 56	1 58	1 59	1 61	-394.3923195347246
2151	1 56	1 58	1 63	1 65	1012.469995081161
2152	1 56	1 58	1 65	1 67	-174.0944906719834
2153	1 56	1 58	1 67	1 69	-349.95883505289277
2154	1 56	1 58	1 71	1 1	333.92265561015563
2155	1 56	1 58	1 60	1 62	-340.1402718507981
2156	1 56	1 58	1 62	1 64	-447.98694848694845
2157	1 56	1 58	1 64	1 66	1182.3621323529412
2158	1 56	1 58	1 70	1 72	-232.57211990595613
2159	1 56	1 58	1 72	1 2	398.1810815510346
2160	1 57	1 59	1 58	1 60	281.00680272108843
2161	1 57	1 59	1 60	1 62	-73.59308427318297
2162	1 57	1 59	1 62	1 64	-12.957014172529307
2163	1 57	1 59	1 68	1 70	-31.514151268248646
2164	1 57	1 59	1 70	1 72	-9.581974132105756
2165	1 57	1 59	1 72	1 2	-79.24243194336002
2166	1 57	1 59	1 61	1 63	-28.821747384394943
2167	1 57	1 59	1 65	1 67	401.328442063955
2168	1 57	1 59	1 69	1 71	-17.588519156946944
2169	1 57	1 59	1 71	1 1	-89.8737155020552
2170	1 58	1 60	1 61	1 63	-90.37852870688758
2171	1 58	1 60	1 65	1 67	234.73160846560847
2172	1 58	1 60	1 69	1 71	-35.235706350503435
2173	1 58	1 60	1 71	1 1	-150.14811565540265
2174	1 58	1 60	1 62	1 64	-31.61083947115225
2175	1 58	1 60	1 66	1 68	397.2831051033288
2176	1 58	1 60	1 70	1 72	-19.997096355585693
2177	1 58	1 60	1 72	1 2	-132.7063920054691
2178	1 59	1 61	1 60	1 62	203.2903760668563
2179	1 59	1 61	1 62	1 64	-78.62610921501707
2180	1 59	1 61	1 64	1 66	-384.1479281108192
2181	1 59	1 61	1 68	1 70	188.1499458936982
2182	1 59	1 61	1 70	1 72	-31.578380766731645
2183	1 59	1 61	1 72	1 2	-170.44728906411422
2184	1 59	1 61	1 67	1 69	365.1793939868585
2185	1 59	1 61	1 71	1 1	-193.20130233860806
2186	1 60	1 62	1 61	1 63	296.42071428571427
2187	1 60	1 62	1 63	1 65	-446.46095456531236
2188	1 60	1 62	1 65	1 67	-32.575962264150945
2189	1 60	1 62	1 67	1 69	184.88101336998625
2190	1 60	1 62	1 71	1 1	-278.3482997077066
2191	1 60	1 62	1 66	1 68	-14.007063823174166
2192	1 60	1 62	1 68	1 70	372.40647754659824
2193	1 61	1 63	1 64	1 66	-508.38111021829377
2194	1 61	1 63	1 66	1 68	-37.38063231267115
2195	1 61	1 63	1 70	1 72	204.09359595959594
2196	1 61	1 63	1 72	1 2	-320.6597967250141
2197	1 61	1 63	1 65	1 67	-19.810608620319105
2198	1 61	1 63	1 69	1 71	418.29491083079597
2199	1 62	1 64	1 65	1 67	-11.252663340287295
2200	1 62	1 64	1 67	1 69	-31.87461121807757
2201	1 62	1 64	1 71	1 1	-110.93195972182917
2202	1 62	1 64	1 66	1 68	-21.050761361397974
2203	1 62	1 64	1 70	1 72	441.4356702619414
2204	1 62	1 64	1 72	1 2	-349.145191170674
2205	1 63	1 65	1 68	1 70	-443.9691944414287
2206	1 63	1 65	1 70	1 72	-171.00049031102773
2207	1 63	1 65	1 69	1 71	-422.7844827586207
2208	1 63	1 65	1 71	1 1	514.8779366856289
2209	1 64	1 66	1 67	1 69	-507.99801691236996
2210	1 64	1 66	1 69	1 71	-448.93654331370897
2211	1 64	1 66	1 71	1 1	497.5669219673032
2212	1 64	1 66	1 68	1 70	-453.95663178250487
2213	1 64	1 66	1 70	1 72	-441.85100154083204
2214	1 64	1 66	1 72	1 2	646.1384196062531
2215	1 65	1 67	1 68	1 70	-93.51319431319432
2216	1 65	1 67	1 70	1 72	-17.648168575962465
2217	1 65	1 67	1 72	1 2	-93.76422543837191
2218	1 65	1 67	1 69	1 71	-37.565822089518605
2219	1 65	1 67	1 71	1 1	-105.21243380785364
2220	1 66	1 68	1 67	1 69	330.7950660287617
2221	1 66	1 68	1 69	1 71	-97.61529484029484
2222	1 66	1 68	1 70	1 72	-34.79197510996674
2223	1 66	1 68	1 72	1 2	-152.57101077131392
2224	1 67	1 69	1 68	1 70	296.0952600405881
2225	1 67	1 69	1 70	1 72	-86.01416913799594
2226	1 67	1 69	1 72	1 2	-220.06361660322406
2227	1 68	1 70	1 71	1 1	-425.8540093551621
2228	1 69	1 71	1 72	1 2	-551.4053001519757
2229	1 70	1 72	1 71	1 1	-207.78676445505715
2230	1 71	1 1	1 72	1 2	2151.8484939038967
