-247.68687
-279.64571
-322.95364
-312.53503
-203.78279
-234.25472
-263.29787
-282.35227
-149.19764
-177.00350
-204.30769
-234.43256
-252.96482
-245.35437
-69.39730
-98.65333
-127.03676
-155.39940
-174.00000
-185.89209
-197.70881
-209.23577
57.39491
14.39084
-32.36399
-69.09150
-98.40816
-121.64908
-140.50133
-153.19075
183.59028
140.73936
73.09959
19.94391
-25.52770
-60.46735
-89.96447
-101.40840
256.27536
168.59048
92.36870
38.48456
-8.86359
-37.11550
-54.85185
222.74274
141.94474
80.89023
32.30740
50.60173
193.45173
99.14026
-138.83291
-42.43877
-94.36066
39.85072
-30.02010
-52.20841
9.14340
96.25908
64.30593
-41.04398
-23.09074
32.28217
-50.47950
46.92992
40.16383
-58.19318
9.83617
-6.30820
28.78511
-131.17813
-182.68803
-40.63233
-27.11815
30.70493
-70.01898
36.55880
32.22201
-71.31515
-18.11853
8.14878
27.59699
-89.93503
-35.49623
-79.38230
-50.00468
30.59044
-88.39738
35.43779
31.40692
-88.43592
-38.98223
13.78512
22.09302
-90.25209
-42.41488
-82.42698
23.19070
43.31784
-128.46375
37.69295
47.04174
-116.03525
-57.67996
27.40410
31.26443
-98.75512
-54.07728
-79.62849
-18.41527
-144.34544
73.64023
51.01416
-140.42682
45.81023
-54.70926
-83.14722
-48.29537
-10.01852
-39.82593
-14.17593
-26.23796
-65.07130
102.62000
101.20364
-188.99818
55.98871
-66.59112
11.70860
30.84181
35.73728
-76.03330
-89.56337
-96.08418
-91.27012
98.36874
139.80577
-100.34294
-139.68437
-131.19727
-83.85129
-69.44430
-8.10463
42.56100
-37.46765
29.88960
54.06716
-7.29899
-75.29076
67.43318
15.82949
-74.38157
-67.21198
-84.10876
-66.24147
-89.56590
-9.17906
-58.03489
-16.21125
47.74886
18.28950
-54.59361
-36.68584
-17.54795
42.63288
-58.23653
-58.47854
-56.97626
-63.75982
-54.09074
-90.44546
-62.74060
-89.60312
-39.35472
-123.01467
-280.92851
50.00276
-88.86355
-74.10989
-52.43773
-100.38736
-57.11264
-111.38095
-178.85165
16.91667
-47.82613
-28.25207
-24.13707
-67.95768
-76.35051
-90.80129
-83.12328
-112.79209
-183.62374
-66.76736
106.03741
109.01551
66.28650
39.96624
-90.92609
-183.52920
55.30137
33.68128
-35.40639
-89.65936
63.86339
44.11475
11.70401
-20.28962
-59.35701
-147.41530
-126.02914
52.08379
41.42441
6.15301
53.21449
-95.59324
-233.81063
68.05488
-134.22805
18.31512
-99.36339
-40.09381
-67.12022
-117.70947
44.93681
16.76465
67.97008
61.77153
-91.39075
-73.99819
-46.39801
36.63004
62.29758
82.15247
58.39012
85.27340
107.26894
102.41900
-59.61719
5.05520
99.67077
115.91901
150.21831
174.30443
117.64047
-23.46251
-131.30714
100.96964
116.76786
139.88929
209.11250
66.74850
69.44596
82.60870
91.01491
81.58926
101.85051
119.53120
160.68795
205.04644
-4.77384
83.73700
169.04748
231.64392
114.64694
37.48545
141.28909
126.87727
121.05545
160.03727
177.13438
114.60941
98.77329
88.87816
79.73894
-266.61832
-300.96606
-348.71429
-341.02431
-218.56468
-247.46702
-290.55799
-309.72671
-151.52941
-182.72074
-214.18033
-249.02727
-275.08057
-267.88706
-68.03482
-97.33832
-128.87500
-162.36292
-184.81099
-195.43262
-210.94030
-211.42509
58.21152
15.69175
-32.07818
-68.80267
-97.97086
-122.14938
-141.04008
-152.34890
187.82102
142.71242
73.19437
20.64473
-25.14600
-60.12710
-89.18212
-99.24635
279.22961
177.31496
91.47386
38.92459
-8.80048
-36.91187
-54.51328
243.13677
145.25421
80.86124
32.57679
