-255.85789
-282.63372
-322.31788
-185.73106
-219.10762
-248.64286
-276.68182
-294.93333
-74.81315
-108.52826
-144.00580
-182.31734
-199.70732
-218.85268
-230.79245
-240.78818
72.46889
23.42380
-33.58319
-79.73659
-115.30876
-146.40294
-163.59736
-179.64364
209.58298
158.59295
80.96931
17.20223
-36.49611
-76.76935
-108.59653
-120.39518
192.00000
101.42480
37.92985
-17.06390
-49.33949
-70.10111
267.47849
168.95222
96.74081
37.15070
56.97643
201.03594
106.21776
-165.14950
-45.20053
-100.39483
47.67432
-32.49868
-60.22527
1.09011
96.97173
75.61484
-42.48057
-24.50088
42.93998
-56.74316
52.57638
49.93250
-61.64920
15.12789
-16.08341
19.12955
-130.86513
-188.23780
-44.59714
-30.49329
38.70875
-85.27051
39.99188
39.90614
-89.93141
-13.88087
3.57117
24.57842
-112.91115
-34.68359
-77.05893
-55.38696
35.72826
-123.35145
44.41909
39.19909
-126.64364
-46.34000
16.88624
27.13028
-123.52936
-59.93578
-87.94404
33.34679
49.97547
-149.29735
47.27273
57.08720
-135.24768
-87.74583
33.03945
39.59358
-114.57706
-82.76422
-99.64404
-11.97706
-152.22202
86.54014
58.13303
-152.66055
53.11655
-60.49954
-94.62857
-54.77419
-11.88018
-43.15945
-16.77788
-27.31060
-69.12258
122.93674
122.51825
-229.00487
64.69732
-77.50745
12.85661
36.09311
42.03166
-84.66760
-102.52793
-121.04935
-107.79516
119.48393
174.94518
-141.27221
-164.04915
-140.85066
-95.53497
-84.92114
-20.50046
48.79815
-38.09630
38.08138
60.41441
-10.60898
-85.98986
76.24347
18.56343
-83.68937
-77.85634
-98.02799
-69.14552
-89.87220
-11.36194
-66.52705
-18.75186
55.48502
21.45506
-64.36049
-39.77247
-20.73689
47.51354
-65.76937
-65.31933
-65.88702
-71.77031
-64.81532
-98.09921
-70.13851
-127.59725
-50.14440
-137.36542
-285.26031
61.50605
-107.80038
-86.56780
-50.80226
-117.82486
-87.92373
-139.87382
-184.97552
20.22034
-55.36877
-32.38946
-28.43838
-75.67262
-85.80997
-107.25118
-103.40357
-113.59454
-207.47225
-81.07200
115.62619
129.89089
94.37571
34.97154
-112.07685
-205.57970
77.56505
30.34188
-41.56790
-96.42830
73.91431
60.82486
4.53578
-21.76271
-57.97363
-173.87759
-166.85593
60.79336
54.12512
1.17820
57.68445
-106.69921
-266.45289
76.98487
-159.47504
20.86286
-116.26286
-42.50476
-75.35905
-147.48952
44.56030
19.35138
95.75725
68.86460
-104.35300
-88.38781
-49.40232
42.84696
87.27503
102.69202
64.49556
95.55513
136.68108
111.80966
-52.89015
10.67992
113.08929
134.99554
194.20089
186.31883
129.20246
-20.00284
-138.91485
119.67299
136.63744
157.02844
249.00948
73.22721
77.56925
95.78843
114.65906
93.75185
115.73519
133.64259
188.35185
267.50741
-6.71265
89.37676
184.94485
271.95588
125.38462
29.72934
132.39316
152.47483
166.32858
185.21083
193.31034
152.84451
123.91133
101.79192
88.01045
-269.25982
-310.67105
-356.17073
-189.84395
-228.15681
-266.55216
-302.08857
-324.16760
-73.84421
-108.67755
-146.01991
-189.10628
-212.59079
-227.60331
-248.68434
-252.58848
73.49928
24.60505
-33.68919
-79.67378
-118.58974
-148.09535
-170.44695
-179.31746
216.80623
164.59948
80.91796
17.50000
-36.43133
-76.74370
-110.85102
-123.28444
206.44388
101.29520
38.65822
-17.18630
-49.86500
-70.62737
292.64789
173.44499
97.41563
37.42548
