2229
1	1 1	1 3	1 2	1 4	567.1767459894609
2	1 1	1 3	1 4	1 6	-215.8036752116405
3	1 1	1 3	1 6	1 8	-43.94033945824131
4	1 1	1 3	1 8	1 10	-224.77644796586776
5	1 1	1 3	1 10	1 12	282.2068903529797
6	1 1	1 3	1 12	1 14	-43.05212007419807
7	1 1	1 3	1 14	1 16	-22.915409510741945
8	1 1	1 3	1 16	1 18	-176.63349694164077
9	1 1	1 3	1 18	1 20	164.24043336230352
10	1 1	1 3	1 20	1 22	12.628806775518093
11	1 1	1 3	1 9	1 11	533.7780009074829
12	1 1	1 3	1 11	1 13	21.932233557614722
13	1 1	1 3	1 13	1 15	-32.06054871561028
14	1 1	1 3	1 15	1 17	-308.83718881553295
15	1 1	1 3	1 17	1 19	232.61267485896423
16	1 1	1 3	1 19	1 21	69.22827896917535
17	1 1	1 3	1 21	1 23	-7.533410060863226
18	1 1	1 3	1 22	1 24	-10.642477086546574
19	1 1	1 3	1 24	1 26	-131.0304541493331
20	1 1	1 3	1 26	1 28	92.21621684251642
21	1 1	1 3	1 28	1 30	25.86025035062375
22	1 1	1 3	1 32	1 34	-94.03705101310729
23	1 1	1 3	1 34	1 36	54.42089207178246
24	1 1	1 3	1 36	1 38	23.139223203644242
25	1 1	1 3	1 38	1 40	7.24959923907646
26	1 1	1 3	1 40	1 42	-71.52143032425523
27	1 1	1 3	1 25	1 27	122.47732964459638
28	1 1	1 3	1 27	1 29	55.29554586808189
29	1 1	1 3	1 29	1 31	7.201526773980742
30	1 1	1 3	1 31	1 33	-131.95135984561307
31	1 1	1 3	1 33	1 35	66.90497231383759
32	1 1	1 3	1 35	1 37	39.82659093180331
33	1 1	1 3	1 37	1 39	11.784701872251265
34	1 1	1 3	1 39	1 41	-85.97739962713544
35	1 1	1 3	1 41	1 43	36.02133703322002
36	1 1	1 3	1 43	1 45	28.446380419405514
37	1 1	1 3	1 42	1 44	34.77037045628917
38	1 1	1 3	1 44	1 46	20.471533054711244
39	1 1	1 3	1 46	1 48	7.015409207457228
40	1 1	1 3	1 48	1 50	-54.0782023447677
41	1 1	1 3	1 50	1 52	23.92554267104598
42	1 1	1 3	1 52	1 54	16.88030226274907
43	1 1	1 3	1 54	1 56	6.8831173048946095
44	1 1	1 3	1 56	1 58	-42.22802469447212
45	1 1	1 3	1 58	1 60	17.88087127138089
46	1 1	1 3	1 60	1 62	13.722301265637697
47	1 1	1 3	1 45	1 47	12.25299032278909
48	1 1	1 3	1 47	1 49	-59.059095964142294
49	1 1	1 3	1 49	1 51	20.29416292711376
50	1 1	1 3	1 51	1 53	21.780975678881344
51	1 1	1 3	1 53	1 55	11.834361317447804
52	1 1	1 3	1 55	1 57	-44.264755700193845
53	1 1	1 3	1 57	1 59	12.282198327946006
54	1 1	1 3	1 59	1 61	16.99712386348029
55	1 1	1 3	1 61	1 63	10.300435677621845
56	1 1	1 3	1 63	1 65	-34.37509078083079
57	1 1	1 3	1 62	1 64	6.101458653590226
58	1 1	1 3	1 64	1 66	-33.63262834210039
59	1 1	1 3	1 66	1 68	13.58503350702462
60	1 1	1 3	1 68	1 70	11.246137316965035
61	1 1	1 3	1 70	1 72	4.168795607896007
62	1 1	1 3	1 65	1 67	9.38046935771485
63	1 1	1 3	1 67	1 69	13.125455151949142
64	1 1	1 3	1 69	1 71	8.226787395453675
65	1 2	1 4	1 3	1 5	424.4296124994851
66	1 2	1 4	1 7	1 9	-510.95908813489746
67	1 2	1 4	1 9	1 11	318.15692481151723
68	1 2	1 4	1 11	1 13	203.19139537464596
69	1 2	1 4	1 13	1 15	-34.08755222791059
70	1 2	1 4	1 15	1 17	-333.4071726865084
71	1 2	1 4	1 17	1 19	163.90357110023484
72	1 2	1 4	1 19	1 21	133.36916282603306
73	1 2	1 4	1 6	1 8	-87.81207770647228
74	1 2	1 4	1 10	1 12	416.7085112759989
75	1 2	1 4	1 14	1 16	-34.57077994869198
76	1 2	1 4	1 16	1 18	-257.79022541780023
77	1 2	1 4	1 18	1 20	192.41997863104575
78	1 2	1 4	1 20	1 22	55.54432609215061
79	1 2	1 4	1 22	1 24	-8.74613730484778
80	1 2	1 4	1 24	1 26	-176.35735388919016
81	1 2	1 4	1 23	1 25	-224.62730429660587
82	1 2	1 4	1 25	1 27	98.62543642372904
83	1 2	1 4	1 27	1 29	80.94890072998618
84	1 2	1 4	1 29	1 31	21.045155591739807
85	1 2	1 4	1 33	1 35	58.95166713986782
86	1 2	1 4	1 35	1 37	50.78087720208802
87	1 2	1 4	1 37	1 39	21.11049368583246
88	1 2	1 4	1 39	1 41	-99.98682434248755
89	1 2	1 4	1 41	1 43	34.11490163976089
90	1 2	1 4	1 26	1 28	99.71621908250151
91	1 2	1 4	1 28	1 30	49.78831800424826
92	1 2	1 4	1 30	1 32	6.176942407762526
93	1 2	1 4	1 32	1 34	-122.22619389421968
94	1 2	1 4	1 34	1 36	57.530890501332166
95	1 2	1 4	1 36	1 38	35.198073535691165
96	1 2	1 4	1 38	1 40	13.726946167155862
97	1 2	1 4	1 40	1 42	-89.29237162254302
98	1 2	1 4	1 42	1 44	36.98742731504397
99	1 2	1 4	1 44	1 46	27.43646523349839
100	1 2	1 4	1 43	1 45	34.43943690705996
101	1 2	1 4	1 45	1 47	18.072758701943087
102	1 2	1 4	1 47	1 49	-68.58770504247721
103	1 2	1 4	1 49	1 51	20.364423662305907
104	1 2	1 4	1 51	1 53	25.589469639140557
105	1 2	1 4	1 53	1 55	15.919253348820178
106	1 2	1 4	1 55	1 57	-51.40254032821417
107	1 2	1 4	1 57	1 59	12.894966426930186
108	1 2	1 4	1 59	1 61	19.65569804529145
109	1 2	1 4	1 61	1 63	13.188010225359932
110	1 2	1 4	1 46	1 48	11.299057204687706
111	1 2	1 4	1 48	1 50	-65.50333191398765
112	1 2	1 4	1 50	1 52	25.916258156931406
113	1 2	1 4	1 52	1 54	21.35190978970068
114	1 2	1 4	1 54	1 56	9.912787376743655
115	1 2	1 4	1 56	1 58	-50.49210323984656
116	1 2	1 4	1 58	1 60	19.744678277002162
117	1 2	1 4	1 60	1 62	16.841346836417195
118	1 2	1 4	1 62	1 64	8.164148003531793
119	1 2	1 4	1 64	1 66	-39.92377840005321
120	1 2	1 4	1 63	1 65	-40.22793181351407
121	1 2	1 4	1 65	1 67	10.293590704101526
122	1 2	1 4	1 67	1 69	15.22873479809998
123	1 2	1 4	1 69	1 71	10.173645304277521
124	1 2	1 4	1 66	1 68	15.28470036552398
125	1 2	1 4	1 68	1 70	13.581964863798671
126	1 2	1 4	1 70	1 72	5.420932062599108
127	1 3	1 5	1 8	1 10	-432.30737611161703
128	1 3	1 5	1 10	1 12	236.886845893251
129	1 3	1 5	1 14	1 16	-40.97311379058013
130	1 3	1 5	1 18	1 20	131.40921113316483
131	1 3	1 5	1 20	1 22	124.79128295099558
132	1 3	1 5	1 9	1 11	44.57133443615977
133	1 3	1 5	1 11	1 13	335.81458501152747
134	1 3	1 5	1 15	1 17	-331.8258465468428
135	1 3	1 5	1 17	1 19	63.432615360056886
136	1 3	1 5	1 19	1 21	161.6687080398312
137	1 3	1 5	1 23	1 25	-223.41971703322406
138	1 3	1 5	1 25	1 27	53.44302918934819
139	1 3	1 5	1 24	1 26	-204.6623997049818
140	1 3	1 5	1 26	1 28	75.02646961870877
141	1 3	1 5	1 28	1 30	75.11994041361866
142	1 3	1 5	1 30	1 32	21.56075472400726
143	1 3	1 5	1 32	1 34	-136.68997999357458
144	1 3	1 5	1 34	1 36	46.24943702840341
145	1 3	1 5	1 36	1 38	45.41607220298867
146	1 3	1 5	1 38	1 40	24.189957579204552
147	1 3	1 5	1 40	1 42	-97.71370109339179
148	1 3	1 5	1 42	1 44	31.47848626541731
149	1 3	1 5	1 27	1 29	85.88651719746191
150	1 3	1 5	1 29	1 31	45.481444564015426
151	1 3	1 5	1 31	1 33	-146.54621698191818
152	1 3	1 5	1 33	1 35	38.49370826614309
153	1 3	1 5	1 35	1 37	51.16139142765523
154	1 3	1 5	1 37	1 39	33.24217883860862
155	1 3	1 5	1 39	1 41	-98.0606918769134
156	1 3	1 5	1 41	1 43	24.992450307941866
157	1 3	1 5	1 43	1 45	34.14989217202499
158	1 3	1 5	1 45	1 47	23.8418584725679
159	1 3	1 5	1 44	1 46	31.781617561754835
160	1 3	1 5	1 46	1 48	16.785777185048918
161	1 3	1 5	1 48	1 50	-69.7094980570939
162	1 3	1 5	1 50	1 52	22.92067354191174
163	1 3	1 5	1 52	1 54	23.293577913424237
164	1 3	1 5	1 54	1 56	12.956077404845963
165	1 3	1 5	1 56	1 58	-52.69758199219892
166	1 3	1 5	1 58	1 60	18.19877699018138
167	1 3	1 5	1 60	1 62	17.896185149753016
168	1 3	1 5	1 62	1 64	9.816239060548881
169	1 3	1 5	1 47	1 49	-68.1333635321266
170	1 3	1 5	1 49	1 51	16.407431372452145
171	1 3	1 5	1 51	1 53	25.410955158585494
172	1 3	1 5	1 53	1 55	19.062957981870692
173	1 3	1 5	1 55	1 57	-51.71790471880356
174	1 3	1 5	1 57	1 59	11.208866877382498
175	1 3	1 5	1 59	1 61	19.385924906278653
176	1 3	1 5	1 61	1 63	15.003231034888218
177	1 3	1 5	1 63	1 65	-40.27427428909952
178	1 3	1 5	1 65	1 67	9.439809045658413
179	1 3	1 5	1 64	1 66	-41.17851856937284
180	1 3	1 5	1 66	1 68	14.499304810137364
181	1 3	1 5	1 68	1 70	14.140537255526773
182	1 3	1 5	1 70	1 72	6.0051701257648125
183	1 3	1 5	1 67	1 69	15.07976338557647
184	1 3	1 5	1 69	1 71	11.035840826678404
185	1 4	1 6	1 5	1 7	449.11567153978433
186	1 4	1 6	1 7	1 9	-624.2749987335109
187	1 4	1 6	1 9	1 11	-34.01772225498843
188	1 4	1 6	1 11	1 13	205.99089291856816
189	1 4	1 6	1 13	1 15	239.26157849115918
190	1 4	1 6	1 19	1 21	118.59009577488332
191	1 4	1 6	1 21	1 23	132.6408770560231
192	1 4	1 6	1 23	1 25	-229.89283762208228
193	1 4	1 6	1 12	1 14	355.42049143574565
194	1 4	1 6	1 14	1 16	37.53193593821709
195	1 4	1 6	1 16	1 18	-359.3939213694888
196	1 4	1 6	1 18	1 20	51.052637309038964
197	1 4	1 6	1 20	1 22	161.70787531537655
198	1 4	1 6	1 22	1 24	73.59238771354988
199	1 4	1 6	1 24	1 26	-246.00077858810226
200	1 4	1 6	1 26	1 28	42.97379226240276
201	1 4	1 6	1 25	1 27	22.18258825770331
202	1 4	1 6	1 27	1 29	72.13937086054037
203	1 4	1 6	1 29	1 31	83.33677323969276
204	1 4	1 6	1 31	1 33	-149.86569450186028
205	1 4	1 6	1 33	1 35	22.28683136384142
206	1 4	1 6	1 35	1 37	46.0469192116431
207	1 4	1 6	1 37	1 39	50.03113602231281
208	1 4	1 6	1 39	1 41	-99.81693229060674
209	1 4	1 6	1 41	1 43	17.211714979671576
210	1 4	1 6	1 43	1 45	32.594728603527734
211	1 4	1 6	1 28	1 30	89.53515552148693
212	1 4	1 6	1 30	1 32	55.4922850413591
213	1 4	1 6	1 32	1 34	-157.39909238794957
214	1 4	1 6	1 34	1 36	32.208047435217026
215	1 4	1 6	1 36	1 38	51.863312189795295
216	1 4	1 6	1 38	1 40	41.91810769026725
217	1 4	1 6	1 40	1 42	-109.52207774847982
218	1 4	1 6	1 42	1 44	24.993787978322274
219	1 4	1 6	1 44	1 46	35.23363452018074
220	1 4	1 6	1 46	1 48	25.50669488499082
221	1 4	1 6	1 45	1 47	31.362562407238293
222	1 4	1 6	1 47	1 49	-68.6688050221928
223	1 4	1 6	1 49	1 51	12.772253982554632
224	1 4	1 6	1 51	1 53	24.834900165143015
225	1 4	1 6	1 53	1 55	23.148720650244876
226	1 4	1 6	1 55	1 57	-52.464797231220146
227	1 4	1 6	1 57	1 59	9.582418302149783
228	1 4	1 6	1 59	1 61	19.027848400048033
229	1 4	1 6	1 61	1 63	17.319216804584038
230	1 4	1 6	1 63	1 65	-41.081724312193785
231	1 4	1 6	1 48	1 50	-75.86072043646882
232	1 4	1 6	1 50	1 52	19.862288199051356
233	1 4	1 6	1 52	1 54	25.246649821971214
234	1 4	1 6	1 54	1 56	17.550547275638728
235	1 4	1 6	1 56	1 58	-56.04314456880425
236	1 4	1 6	1 58	1 60	16.663265105151027
237	1 4	1 6	1 60	1 62	19.162864255491442
238	1 4	1 6	1 62	1 64	12.186693175742583
239	1 4	1 6	1 64	1 66	-43.228183861815076
240	1 4	1 6	1 66	1 68	13.796114501204347
241	1 4	1 6	1 65	1 67	8.673153026348622
242	1 4	1 6	1 67	1 69	15.088587820177592
243	1 4	1 6	1 69	1 71	12.239312274239957
244	1 4	1 6	1 71	1 1	-196.01191712448355
245	1 4	1 6	1 68	1 70	14.988551831572032
246	1 4	1 6	1 70	1 72	7.038876433479363
247	1 4	1 6	1 72	1 2	-253.2757837115102
248	1 5	1 7	1 6	1 8	520.959780568343
249	1 5	1 7	1 8	1 10	-735.4158433620906
250	1 5	1 7	1 10	1 12	-45.666613838997606
251	1 5	1 7	1 12	1 14	248.08616257088846
252	1 5	1 7	1 14	1 16	307.7569504470646
253	1 5	1 7	1 20	1 22	133.53276482253762
254	1 5	1 7	1 22	1 24	190.79350960664985
255	1 5	1 7	1 24	1 26	-302.1953686551156
256	1 5	1 7	1 9	1 11	-35.38789916881588
257	1 5	1 7	1 13	1 15	440.76066530832793
258	1 5	1 7	1 15	1 17	-407.07345820547295
259	1 5	1 7	1 17	1 19	-7.875189887237394
260	1 5	1 7	1 19	1 21	53.42007672771883
261	1 5	1 7	1 21	1 23	202.5209218161615
262	1 5	1 7	1 23	1 25	-225.57280899225412
263	1 5	1 7	1 27	1 29	47.40270855878947
264	1 5	1 7	1 26	1 28	19.500802754808852
265	1 5	1 7	1 28	1 30	84.82087266564889
266	1 5	1 7	1 30	1 32	103.50403343610185
267	1 5	1 7	1 32	1 34	-182.33107100550484
268	1 5	1 7	1 34	1 36	20.723083413537623
269	1 5	1 7	1 36	1 38	52.952765416401775
270	1 5	1 7	1 38	1 40	63.3889687947742
271	1 5	1 7	1 40	1 42	-121.51893169842319
272	1 5	1 7	1 42	1 44	19.421104472886533
273	1 5	1 7	1 44	1 46	36.86391339754405
274	1 5	1 7	1 29	1 31	114.9572835538578
275	1 5	1 7	1 33	1 35	12.186135344291648
276	1 5	1 7	1 35	1 37	36.79879747666615
277	1 5	1 7	1 37	1 39	64.57840354081885
278	1 5	1 7	1 39	1 41	-98.12386935080588
279	1 5	1 7	1 41	1 43	11.727914554922483
280	1 5	1 7	1 43	1 45	29.234413372469497
281	1 5	1 7	1 45	1 47	37.985128195074864
282	1 5	1 7	1 47	1 49	-68.1547788308833
283	1 5	1 7	1 46	1 48	35.27196763970384
284	1 5	1 7	1 48	1 50	-81.99889144530434
285	1 5	1 7	1 50	1 52	16.971298860280065
286	1 5	1 7	1 52	1 54	26.28873945973102
287	1 5	1 7	1 54	1 56	22.269073541643706
288	1 5	1 7	1 56	1 58	-59.0836766981466
289	1 5	1 7	1 58	1 60	15.204177656604369
290	1 5	1 7	1 60	1 62	20.01150763982188
291	1 5	1 7	1 62	1 64	14.535583395894687
292	1 5	1 7	1 64	1 66	-45.07694111534568
293	1 5	1 7	1 49	1 51	9.982636576246325
294	1 5	1 7	1 51	1 53	23.560089232503174
295	1 5	1 7	1 53	1 55	26.704645046105878
296	1 5	1 7	1 55	1 57	-52.88201119549457
297	1 5	1 7	1 57	1 59	8.286221731294692
298	1 5	1 7	1 59	1 61	18.46069739994668
299	1 5	1 7	1 61	1 63	19.428990245928873
300	1 5	1 7	1 63	1 65	-41.52898369926813
301	1 5	1 7	1 65	1 67	8.032170939745416
302	1 5	1 7	1 67	1 69	14.96137669574549
303	1 5	1 7	1 66	1 68	13.135141083668723
304	1 5	1 7	1 68	1 70	15.63499924889867
305	1 5	1 7	1 70	1 72	8.001908212560387
306	1 5	1 7	1 69	1 71	13.261816976658707
307	1 6	1 8	1 7	1 9	-269.39302426258035
308	1 6	1 8	1 9	1 11	-23.72808205326008
309	1 6	1 8	1 11	1 13	-34.51730952694359
310	1 6	1 8	1 13	1 15	288.6263284379172
311	1 6	1 8	1 17	1 19	-9.334769184004442
312	1 6	1 8	1 19	1 21	9.671741472381727
313	1 6	1 8	1 21	1 23	169.711297666704
314	1 6	1 8	1 23	1 25	-156.59307641149496
315	1 6	1 8	1 10	1 12	-36.493560720520264
316	1 6	1 8	1 12	1 14	37.04840500805449
317	1 6	1 8	1 14	1 16	551.3423240276634
318	1 6	1 8	1 16	1 18	-535.7787309731702
319	1 6	1 8	1 18	1 20	-7.356167102611305
320	1 6	1 8	1 20	1 22	59.83282333738971
321	1 6	1 8	1 22	1 24	259.0240572517052
322	1 6	1 8	1 24	1 26	-293.3834680428096
323	1 6	1 8	1 26	1 28	6.450292644728584
324	1 6	1 8	1 28	1 30	56.32961305433024
325	1 6	1 8	1 27	1 29	23.348710185977588
326	1 6	1 8	1 29	1 31	105.2308473407195
327	1 6	1 8	1 33	1 35	6.093345975950539
328	1 6	1 8	1 35	1 37	23.85670122887865
329	1 6	1 8	1 37	1 39	59.81394575512584
330	1 6	1 8	1 39	1 41	-79.44000810510244
331	1 6	1 8	1 41	1 43	7.206707933810738
332	1 6	1 8	1 43	1 45	21.709551087210663
333	1 6	1 8	1 45	1 47	34.62840405707974
334	1 6	1 8	1 30	1 32	123.33351674666417
335	1 6	1 8	1 32	1 34	-167.26904146796687
336	1 6	1 8	1 34	1 36	11.456015915857083
337	1 6	1 8	1 36	1 38	40.96077108278844
338	1 6	1 8	1 38	1 40	67.92240902110011
339	1 6	1 8	1 40	1 42	-109.04767382217392
340	1 6	1 8	1 42	1 44	13.098624843410308
341	1 6	1 8	1 44	1 46	30.154524945393476
342	1 6	1 8	1 46	1 48	35.94978385555231
343	1 6	1 8	1 48	1 50	-71.45325799507995
344	1 6	1 8	1 47	1 49	-55.702318129717014
345	1 6	1 8	1 49	1 51	6.892487982635494
346	1 6	1 8	1 51	1 53	18.49572939189948
347	1 6	1 8	1 53	1 55	24.04299711015574
348	1 6	1 8	1 55	1 57	-43.65734260712429
349	1 6	1 8	1 57	1 59	6.153668828397425
350	1 6	1 8	1 59	1 61	14.794874664857428
351	1 6	1 8	1 61	1 63	17.200086496387506
352	1 6	1 8	1 63	1 65	-34.564118882718745
353	1 6	1 8	1 65	1 67	6.27781733174278
354	1 6	1 8	1 50	1 52	12.51525502327886
355	1 6	1 8	1 52	1 54	22.018268066531462
356	1 6	1 8	1 54	1 56	21.63762784326091
357	1 6	1 8	1 56	1 58	-50.98096830535475
358	1 6	1 8	1 58	1 60	11.775820676319912
359	1 6	1 8	1 60	1 62	16.955811626877967
360	1 6	1 8	1 62	1 64	13.562597416314176
361	1 6	1 8	1 64	1 66	-38.44015570271763
362	1 6	1 8	1 66	1 68	10.472551694362378
363	1 6	1 8	1 68	1 70	13.255364703835399
364	1 6	1 8	1 67	1 69	12.212639802842453
365	1 6	1 8	1 69	1 71	11.580843063628777
366	1 6	1 8	1 71	1 1	-98.05624193818136
367	1 6	1 8	1 70	1 72	7.102468747835243
368	1 7	1 9	1 16	1 18	922.4461921761118
369	1 7	1 9	1 15	1 17	1038.519784699232
370	1 7	1 9	1 28	1 30	-186.93043801207722
371	1 7	1 9	1 30	1 32	-122.8152271846526
372	1 7	1 9	1 32	1 34	429.9376384323641
373	1 7	1 9	1 34	1 36	-134.56290765264265
374	1 7	1 9	1 36	1 38	-124.46419108164562
375	1 7	1 9	1 38	1 40	-94.58521647027672
376	1 7	1 9	1 40	1 42	304.23113922210104
377	1 7	1 9	1 42	1 44	-93.88206786512073
378	1 7	1 9	1 44	1 46	-92.79609226190476
379	1 7	1 9	1 46	1 48	-59.79361046216353
380	1 7	1 9	1 31	1 33	453.28316883116884
381	1 7	1 9	1 33	1 35	-136.0388523771474
382	1 7	1 9	1 35	1 37	-135.59264223268326
383	1 7	1 9	1 37	1 39	-110.59015017462166
384	1 7	1 9	1 39	1 41	301.6142465224111
385	1 7	1 9	1 41	1 43	-82.45936918434884
386	1 7	1 9	1 43	1 45	-98.05890549828179
387	1 7	1 9	1 45	1 47	-75.99749143582153
388	1 7	1 9	1 47	1 49	208.42107363927425
389	1 7	1 9	1 49	1 51	-51.850603423680454
390	1 7	1 9	1 48	1 50	218.54040095592143
391	1 7	1 9	1 50	1 52	-69.98191608642799
392	1 7	1 9	1 52	1 54	-70.30506309407679
393	1 7	1 9	1 54	1 56	-43.484691035096134
394	1 7	1 9	1 56	1 58	163.77651914233866
395	1 7	1 9	1 58	1 60	-55.85450181313254
396	1 7	1 9	1 60	1 62	-54.86529627920473
397	1 7	1 9	1 62	1 64	-31.776711724622977
398	1 7	1 9	1 64	1 66	127.93826262723265
399	1 7	1 9	1 66	1 68	-44.5850646439217
400	1 7	1 9	1 51	1 53	-75.82513708490367
401	1 7	1 9	1 53	1 55	-60.021234259109036
402	1 7	1 9	1 55	1 57	158.84122116227456
403	1 7	1 9	1 57	1 59	-34.9496245418211
404	1 7	1 9	1 59	1 61	-58.91672925098558
405	1 7	1 9	1 61	1 63	-46.95762571757694
406	1 7	1 9	1 63	1 65	124.35639339211227
407	1 7	1 9	1 65	1 67	-29.198014382006782
408	1 7	1 9	1 67	1 69	-46.31638620072471
409	1 7	1 9	1 69	1 71	-34.38223842218363
410	1 7	1 9	1 68	1 70	-43.76749980142401
411	1 7	1 9	1 70	1 72	-19.200247747747746
412	1 8	1 10	1 11	1 13	-380.03493783212093
413	1 8	1 10	1 13	1 15	-470.3695491424463
414	1 8	1 10	1 15	1 17	904.6714570219424
415	1 8	1 10	1 23	1 25	624.1905379264929
416	1 8	1 10	1 29	1 31	-210.4665944236113
417	1 8	1 10	1 31	1 33	429.00724869152066
418	1 8	1 10	1 33	1 35	-89.69935821160385
419	1 8	1 10	1 35	1 37	-129.57138118306392
420	1 8	1 10	1 37	1 39	-133.3673483028798
421	1 8	1 10	1 39	1 41	287.76592155169175
422	1 8	1 10	1 41	1 43	-60.89021428036855
423	1 8	1 10	1 43	1 45	-93.76127718911263
424	1 8	1 10	1 45	1 47	-86.34693781131743
425	1 8	1 10	1 47	1 49	200.92366404094008
426	1 8	1 10	1 32	1 34	461.36336159512086
427	1 8	1 10	1 34	1 36	-109.1527093362727
428	1 8	1 10	1 36	1 38	-134.30604934934829
429	1 8	1 10	1 38	1 40	-124.66307938944206
430	1 8	1 10	1 40	1 42	319.3542343939445
431	1 8	1 10	1 42	1 44	-79.54309166214495
432	1 8	1 10	1 44	1 46	-96.98901635670322
433	1 8	1 10	1 46	1 48	-74.04892484185383
434	1 8	1 10	1 48	1 50	220.81918933220447
435	1 8	1 10	1 50	1 52	-61.17503531991365
436	1 8	1 10	1 49	1 51	-42.271521905596884
437	1 8	1 10	1 51	1 53	-72.96034895484331
438	1 8	1 10	1 53	1 55	-65.79109336666181
439	1 8	1 10	1 55	1 57	155.2002947928395
440	1 8	1 10	1 57	1 59	-30.229828037750536
441	1 8	1 10	1 59	1 61	-56.4248915955679
442	1 8	1 10	1 61	1 63	-49.87437264204169
443	1 8	1 10	1 63	1 65	121.6931057873664
444	1 8	1 10	1 65	1 67	-26.588027755920358
445	1 8	1 10	1 67	1 69	-44.763749111322014
446	1 8	1 10	1 52	1 54	-72.24966960480947
447	1 8	1 10	1 54	1 56	-50.79847133815504
448	1 8	1 10	1 56	1 58	164.67510286465028
449	1 8	1 10	1 58	1 60	-50.980838025920406
450	1 8	1 10	1 60	1 62	-55.70873745279992
451	1 8	1 10	1 62	1 64	-35.301465480057296
452	1 8	1 10	1 64	1 66	127.78591354153426
453	1 8	1 10	1 66	1 68	-41.74205298773022
454	1 8	1 10	1 68	1 70	-43.948611325972955
455	1 8	1 10	1 70	1 72	-20.595474007449685
456	1 8	1 10	1 69	1 71	-35.572654267199255
457	1 8	1 10	1 71	1 1	589.9156734530613
458	1 9	1 11	1 10	1 12	311.93637573227204
459	1 9	1 11	1 12	1 14	-70.4598616306613
460	1 9	1 11	1 14	1 16	-18.892764163986406
461	1 9	1 11	1 18	1 20	211.66825163224306
462	1 9	1 11	1 20	1 22	-26.48946328738328
463	1 9	1 11	1 22	1 24	-14.215660069149553
464	1 9	1 11	1 24	1 26	-134.76485452534672
465	1 9	1 11	1 26	1 28	119.78394010863664
466	1 9	1 11	1 28	1 30	9.931970877232018
467	1 9	1 11	1 13	1 15	-31.94604619090608
468	1 9	1 11	1 17	1 19	397.9937297872708
469	1 9	1 11	1 21	1 23	-19.72650465492373
470	1 9	1 11	1 23	1 25	-241.15650412884497
471	1 9	1 11	1 25	1 27	186.26587934541195
472	1 9	1 11	1 27	1 29	47.49988738557084
473	1 9	1 11	1 29	1 31	-3.0636363729485105
474	1 9	1 11	1 30	1 32	-4.962573657597551
475	1 9	1 11	1 32	1 34	-100.02355577500096
476	1 9	1 11	1 34	1 36	69.97991418949607
477	1 9	1 11	1 36	1 38	18.59344800082217
478	1 9	1 11	1 38	1 40	3.6507319472674453
479	1 9	1 11	1 40	1 42	-78.03000213337347
480	1 9	1 11	1 42	1 44	44.06129403029751
481	1 9	1 11	1 44	1 46	20.22906352186797
482	1 9	1 11	1 46	1 48	5.260448104416742
483	1 9	1 11	1 48	1 50	-60.433423111733966
484	1 9	1 11	1 33	1 35	95.37871736164007
485	1 9	1 11	1 35	1 37	41.97397234959831
486	1 9	1 11	1 37	1 39	6.68488301137967
487	1 9	1 11	1 39	1 41	-100.80483906984077
488	1 9	1 11	1 41	1 43	49.29111158781953
489	1 9	1 11	1 43	1 45	31.978131155307643
490	1 9	1 11	1 45	1 47	10.576550271155556
491	1 9	1 11	1 47	1 49	-68.96570030928677
492	1 9	1 11	1 49	1 51	26.697341565873117
493	1 9	1 11	1 51	1 53	25.004715169904543
494	1 9	1 11	1 50	1 52	29.831597050339735
495	1 9	1 11	1 52	1 54	18.025201598793906
496	1 9	1 11	1 54	1 56	6.242155819370804
497	1 9	1 11	1 56	1 58	-47.67752082061204
498	1 9	1 11	1 58	1 60	21.87219967828679
499	1 9	1 11	1 60	1 62	15.157228437342681
500	1 9	1 11	1 62	1 64	6.113939293954662
501	1 9	1 11	1 64	1 66	-38.39683893302657
502	1 9	1 11	1 66	1 68	16.344260822104335
503	1 9	1 11	1 68	1 70	12.664328814604229
504	1 9	1 11	1 53	1 55	11.715901955450818
505	1 9	1 11	1 55	1 57	-51.292419613501025
506	1 9	1 11	1 57	1 59	15.59485689977421
507	1 9	1 11	1 59	1 61	19.903037375673158
508	1 9	1 11	1 61	1 63	10.827277452786685
509	1 9	1 11	1 63	1 65	-39.967953288140876
510	1 9	1 11	1 65	1 67	11.540028689312754
511	1 9	1 11	1 67	1 69	15.346837649671722
512	1 9	1 11	1 69	1 71	8.993543443174975
513	1 9	1 11	1 70	1 72	4.469872450835375
514	1 10	1 12	1 11	1 13	226.96668487335458
515	1 10	1 12	1 13	1 15	-68.06546377381753
516	1 10	1 12	1 17	1 19	194.40851371587826
517	1 10	1 12	1 19	1 21	177.35213022889786
518	1 10	1 12	1 21	1 23	-27.140496046249638
519	1 10	1 12	1 23	1 25	-250.90006567031514
520	1 10	1 12	1 25	1 27	121.05927432437575
521	1 10	1 12	1 27	1 29	103.3759826942829
522	1 10	1 12	1 29	1 31	6.652632284234878
523	1 10	1 12	1 14	1 16	-32.3916904294217
524	1 10	1 12	1 18	1 20	325.6591078617097
525	1 10	1 12	1 22	1 24	-21.725673988490357
526	1 10	1 12	1 24	1 26	-198.17824947245964
527	1 10	1 12	1 26	1 28	141.2592808696395
528	1 10	1 12	1 28	1 30	44.3706050813182
529	1 10	1 12	1 30	1 32	-3.522097614028059
530	1 10	1 12	1 33	1 35	72.43789136924842
531	1 10	1 12	1 35	1 37	62.16511149928934
532	1 10	1 12	1 37	1 39	16.792952958887604
533	1 10	1 12	1 39	1 41	-113.13097001511932
534	1 10	1 12	1 41	1 43	41.721766351050746
535	1 10	1 12	1 43	1 45	40.850769059110235
536	1 10	1 12	1 45	1 47	17.653051325520032
537	1 10	1 12	1 47	1 49	-78.74576397519661
538	1 10	1 12	1 49	1 51	24.735449711311027
539	1 10	1 12	1 34	1 36	74.30226731310134
540	1 10	1 12	1 36	1 38	36.6963405749626
541	1 10	1 12	1 38	1 40	9.145183329660691
542	1 10	1 12	1 40	1 42	-98.47919345167959
543	1 10	1 12	1 42	1 44	45.60171305324107
544	1 10	1 12	1 44	1 46	30.040688062929753
545	1 10	1 12	1 46	1 48	9.66493275055967
546	1 10	1 12	1 48	1 50	-73.18001111038494
547	1 10	1 12	1 50	1 52	31.164906158173558
548	1 10	1 12	1 52	1 54	23.827217004318243
549	1 10	1 12	1 51	1 53	29.87428876122054
550	1 10	1 12	1 53	1 55	16.72845135134205
551	1 10	1 12	1 55	1 57	-58.990991848756764
552	1 10	1 12	1 57	1 59	15.43390499805703
553	1 10	1 12	1 59	1 61	22.831598370476875
554	1 10	1 12	1 61	1 63	14.261823349064727
555	1 10	1 12	1 63	1 65	-45.94345101706804
556	1 10	1 12	1 65	1 67	12.087292640037333
557	1 10	1 12	1 67	1 69	17.5262535725564
558	1 10	1 12	1 69	1 71	11.260902345191507
559	1 10	1 12	1 54	1 56	9.618901270189141
560	1 10	1 12	1 56	1 58	-56.575066489055764
561	1 10	1 12	1 58	1 60	23.35304091834084
562	1 10	1 12	1 60	1 62	18.92103100608408
563	1 10	1 12	1 62	1 64	8.491758640275958
564	1 10	1 12	1 64	1 66	-45.19402921898137
565	1 10	1 12	1 66	1 68	17.856319840497058
566	1 10	1 12	1 68	1 70	15.314498101187132
567	1 10	1 12	1 70	1 72	5.76835384516348
568	1 10	1 12	1 71	1 1	-360.98684819428763
569	1 11	1 13	1 12	1 14	218.07361983491109
570	1 11	1 13	1 14	1 16	-65.57570905800294
571	1 11	1 13	1 18	1 20	153.0421763170894
572	1 11	1 13	1 20	1 22	166.6302696816466
573	1 11	1 13	1 22	1 24	-31.928639546876163
574	1 11	1 13	1 24	1 26	-220.02777104765283
575	1 11	1 13	1 26	1 28	90.62405266797211
576	1 11	1 13	1 28	1 30	97.85085759567153
577	1 11	1 13	1 30	1 32	5.6640578966748585
578	1 11	1 13	1 17	1 19	-3.7343345878481196
579	1 11	1 13	1 19	1 21	286.7455515466871
580	1 11	1 13	1 23	1 25	-234.80310712787616
581	1 11	1 13	1 25	1 27	39.237934731825995
582	1 11	1 13	1 27	1 29	124.933777896592
583	1 11	1 13	1 29	1 31	37.49292448926323
584	1 11	1 13	1 31	1 33	-163.0278545826933
585	1 11	1 13	1 33	1 35	37.04200837131643
586	1 11	1 13	1 32	1 34	-149.5405656132288
587	1 11	1 13	1 34	1 36	54.7680510560198
588	1 11	1 13	1 36	1 38	55.76618874918145
589	1 11	1 13	1 38	1 40	19.89580559081669
590	1 11	1 13	1 40	1 42	-107.73803946760623
591	1 11	1 13	1 42	1 44	36.46134345453444
592	1 11	1 13	1 44	1 46	37.71895552322704
593	1 11	1 13	1 46	1 48	16.26048028093914
594	1 11	1 13	1 48	1 50	-78.2466228960404
595	1 11	1 13	1 50	1 52	26.3552035941833
596	1 11	1 13	1 35	1 37	66.4356716996621
597	1 11	1 13	1 37	1 39	34.16565605043523
598	1 11	1 13	1 39	1 41	-111.00896127081336
599	1 11	1 13	1 41	1 43	26.577820101609852
600	1 11	1 13	1 43	1 45	41.595490936251124
601	1 11	1 13	1 45	1 47	26.14922524782842
602	1 11	1 13	1 47	1 49	-77.64396443979325
603	1 11	1 13	1 49	1 51	18.111368900441086
604	1 11	1 13	1 51	1 53	29.794666116980864
605	1 11	1 13	1 53	1 55	21.247270980251372
606	1 11	1 13	1 52	1 54	26.992062585422573
607	1 11	1 13	1 54	1 56	13.595123313126937
608	1 11	1 13	1 56	1 58	-59.21541652088171
609	1 11	1 13	1 58	1 60	20.81880612714203
610	1 11	1 13	1 60	1 62	20.47829759968657
611	1 11	1 13	1 62	1 64	10.643867951814972
612	1 11	1 13	1 64	1 66	-46.504953394257655
613	1 11	1 13	1 66	1 68	16.513956477734528
614	1 11	1 13	1 68	1 70	16.066513930761648
615	1 11	1 13	1 70	1 72	6.736453166034433
616	1 11	1 13	1 55	1 57	-58.69343201053802
617	1 11	1 13	1 57	1 59	12.612488712507979
618	1 11	1 13	1 59	1 61	22.335562328755067
619	1 11	1 13	1 61	1 63	16.828130343737975
620	1 11	1 13	1 63	1 65	-45.76727249807202
621	1 11	1 13	1 65	1 67	10.703627588126263
622	1 11	1 13	1 67	1 69	17.262015421419523
623	1 11	1 13	1 69	1 71	12.432938907847817
624	1 12	1 14	1 13	1 15	259.1491359885491
625	1 12	1 14	1 17	1 19	-25.574540353279417
626	1 12	1 14	1 19	1 21	150.33720465959158
627	1 12	1 14	1 21	1 23	168.12428335535822
628	1 12	1 14	1 25	1 27	6.033971194494045
629	1 12	1 14	1 27	1 29	90.22798546832385
630	1 12	1 14	1 29	1 31	103.52738785306245
631	1 12	1 14	1 20	1 22	287.3317428909436
632	1 12	1 14	1 22	1 24	12.952909122162396
633	1 12	1 14	1 24	1 26	-261.62166647566113
634	1 12	1 14	1 26	1 28	33.55045172097818
635	1 12	1 14	1 28	1 30	128.1529232015862
636	1 12	1 14	1 30	1 32	47.40321978624303
637	1 12	1 14	1 32	1 34	-175.87866622631248
638	1 12	1 14	1 34	1 36	31.884696154350966
639	1 12	1 14	1 33	1 35	16.91566774868092
640	1 12	1 14	1 35	1 37	55.31806611245135
641	1 12	1 14	1 37	1 39	60.47235747611448
642	1 12	1 14	1 39	1 41	-113.14798255356752
643	1 12	1 14	1 41	1 43	16.045568443295153
644	1 12	1 14	1 43	1 45	38.0287650265258
645	1 12	1 14	1 45	1 47	37.043734501111246
646	1 12	1 14	1 47	1 49	-78.04063286569209
647	1 12	1 14	1 49	1 51	13.065497748992236
648	1 12	1 14	1 51	1 53	28.50414557858894
649	1 12	1 14	1 36	1 38	66.850198798391
650	1 12	1 14	1 38	1 40	44.45473031486712
651	1 12	1 14	1 42	1 44	26.65959187696151
652	1 12	1 14	1 44	1 46	42.62878751605149
653	1 12	1 14	1 46	1 48	28.279638725538526
654	1 12	1 14	1 48	1 50	-85.9306403895941
655	1 12	1 14	1 50	1 52	21.649167385291097
656	1 12	1 14	1 52	1 54	29.519189299518104
657	1 12	1 14	1 54	1 56	19.818386121429665
658	1 12	1 14	1 53	1 55	26.91393096070425
659	1 12	1 14	1 55	1 57	-59.48381502166552
660	1 12	1 14	1 57	1 59	10.292898013958421
661	1 12	1 14	1 59	1 61	21.605744223275625
662	1 12	1 14	1 61	1 63	19.93103730305255
663	1 12	1 14	1 63	1 65	-46.45123739672452
664	1 12	1 14	1 65	1 67	9.574450095057125
665	1 12	1 14	1 67	1 69	17.074222471244173
666	1 12	1 14	1 69	1 71	14.020191330632699
667	1 12	1 14	1 71	1 1	-160.8218437199256
668	1 12	1 14	1 56	1 58	-63.42137118856343
669	1 12	1 14	1 58	1 60	18.4846058710633
670	1 12	1 14	1 60	1 62	22.089623895984502
671	1 12	1 14	1 62	1 64	13.914428983669001
672	1 12	1 14	1 64	1 66	-49.099607161648656
673	1 12	1 14	1 66	1 68	15.434799278362863
674	1 12	1 14	1 68	1 70	17.13757193187056
675	1 12	1 14	1 70	1 72	8.062913237114067
676	1 13	1 15	1 14	1 16	297.17242478454756
677	1 13	1 15	1 18	1 20	-27.99833842449863
678	1 13	1 15	1 20	1 22	153.46741044474987
679	1 13	1 15	1 22	1 24	237.2120042766884
680	1 13	1 15	1 24	1 26	-335.5450015745737
681	1 13	1 15	1 26	1 28	3.6658428571362482
682	1 13	1 15	1 28	1 30	99.35061446806918
683	1 13	1 15	1 30	1 32	130.30055045356423
684	1 13	1 15	1 32	1 34	-209.09299854638562
685	1 13	1 15	1 17	1 19	-18.7756259334299
686	1 13	1 15	1 19	1 21	-4.404475097086923
687	1 13	1 15	1 21	1 23	328.546012769763
688	1 13	1 15	1 23	1 25	-288.89101656420394
689	1 13	1 15	1 25	1 27	-3.9374860883687326
690	1 13	1 15	1 27	1 29	34.93508292991842
691	1 13	1 15	1 29	1 31	156.37124160282582
692	1 13	1 15	1 33	1 35	6.4056521838980345
693	1 13	1 15	1 35	1 37	34.75305201383108
694	1 13	1 15	1 34	1 36	14.72343660696577
695	1 13	1 15	1 36	1 38	61.09183876339553
696	1 13	1 15	1 38	1 40	78.15844285030515
697	1 13	1 15	1 40	1 42	-137.79171058906206
698	1 13	1 15	1 42	1 44	17.66009300292433
699	1 13	1 15	1 44	1 46	41.88523984063147
700	1 13	1 15	1 46	1 48	42.70187064376229
701	1 13	1 15	1 48	1 50	-91.99490671805202
702	1 13	1 15	1 50	1 52	16.75170702474194
703	1 13	1 15	1 52	1 54	29.460757370856903
704	1 13	1 15	1 37	1 39	80.93558721676305
705	1 13	1 15	1 39	1 41	-107.4038490852848
706	1 13	1 15	1 41	1 43	9.090384700135285
707	1 13	1 15	1 43	1 45	30.2067229607252
708	1 13	1 15	1 45	1 47	45.43520194773238
709	1 13	1 15	1 47	1 49	-74.23453923410902
710	1 13	1 15	1 49	1 51	9.06906296799283
711	1 13	1 15	1 51	1 53	25.04966956340295
712	1 13	1 15	1 53	1 55	31.08801374807623
713	1 13	1 15	1 55	1 57	-57.51258589400761
714	1 13	1 15	1 54	1 56	26.478794610109915
715	1 13	1 15	1 56	1 58	-65.85387522879779
716	1 13	1 15	1 58	1 60	15.706114964415292
717	1 13	1 15	1 60	1 62	22.349663707222376
718	1 13	1 15	1 62	1 64	16.949145499954195
719	1 13	1 15	1 64	1 66	-49.77608186815544
720	1 13	1 15	1 66	1 68	13.868906828624377
721	1 13	1 15	1 68	1 70	17.32070359216729
722	1 13	1 15	1 70	1 72	9.167116609059487
723	1 13	1 15	1 57	1 59	8.168851388902198
724	1 13	1 15	1 59	1 61	19.748297908907155
725	1 13	1 15	1 61	1 63	22.1381794018283
726	1 13	1 15	1 63	1 65	-45.32132352941177
727	1 13	1 15	1 65	1 67	8.3176265015469
728	1 13	1 15	1 67	1 69	16.174187417040507
729	1 13	1 15	1 69	1 71	14.980081603791614
730	1 14	1 16	1 17	1 19	-12.1361208489339
731	1 14	1 16	1 19	1 21	-27.549018341210907
732	1 14	1 16	1 21	1 23	202.84263020016766
733	1 14	1 16	1 25	1 27	-4.460079768517769
734	1 14	1 16	1 27	1 29	6.945521838308803
735	1 14	1 16	1 29	1 31	129.39272825729114
736	1 14	1 16	1 18	1 20	-18.557495055735345
737	1 14	1 16	1 20	1 22	-6.045853176117085
738	1 14	1 16	1 22	1 24	418.22225683878344
739	1 14	1 16	1 24	1 26	-380.07232988176827
740	1 14	1 16	1 26	1 28	-3.01381962076331
741	1 14	1 16	1 28	1 30	44.68345970039519
742	1 14	1 16	1 30	1 32	177.05793295775652
743	1 14	1 16	1 32	1 34	-201.15241772760623
744	1 14	1 16	1 34	1 36	6.361484659452733
745	1 14	1 16	1 36	1 38	41.586467621653156
746	1 14	1 16	1 35	1 37	18.52155982759016
747	1 14	1 16	1 37	1 39	73.06965572742138
748	1 14	1 16	1 39	1 41	-83.88757766467202
749	1 14	1 16	1 41	1 43	5.226301665870952
750	1 14	1 16	1 43	1 45	20.811664827349745
751	1 14	1 16	1 45	1 47	41.52942277940153
752	1 14	1 16	1 47	1 49	-59.93423681086951
753	1 14	1 16	1 49	1 51	6.0458340764463365
754	1 14	1 16	1 51	1 53	19.02440347514525
755	1 14	1 16	1 53	1 55	28.309717964247927
756	1 14	1 16	1 38	1 40	90.91565422651132
757	1 14	1 16	1 42	1 44	10.986468331545819
758	1 14	1 16	1 44	1 46	32.579581769860766
759	1 14	1 16	1 46	1 48	46.409131032598474
760	1 14	1 16	1 48	1 50	-81.93063896407155
761	1 14	1 16	1 50	1 52	11.88514380324078
762	1 14	1 16	1 52	1 54	24.19880898981586
763	1 14	1 16	1 54	1 56	26.937563946266508
764	1 14	1 16	1 56	1 58	-57.285132623322454
765	1 14	1 16	1 55	1 57	-47.610869746806515
766	1 14	1 16	1 57	1 59	5.9723289429707
767	1 14	1 16	1 59	1 61	15.626590577013205
768	1 14	1 16	1 61	1 63	19.973585344386244
769	1 14	1 16	1 63	1 65	-37.85675043417493
770	1 14	1 16	1 65	1 67	6.454063452524564
771	1 14	1 16	1 67	1 69	13.186588314993813
772	1 14	1 16	1 69	1 71	13.258709669382808
773	1 14	1 16	1 71	1 1	-88.16936041171581
774	1 14	1 16	1 58	1 60	11.914748477976431
775	1 14	1 16	1 60	1 62	18.82806619091449
776	1 14	1 16	1 62	1 64	16.371026972019177
777	1 14	1 16	1 64	1 66	-42.98517620595631
778	1 14	1 16	1 66	1 68	10.960814319606643
779	1 14	1 16	1 68	1 70	14.765456840652664
780	1 14	1 16	1 70	1 72	8.486441895922194
781	1 15	1 17	1 16	1 18	917.1840607462964
782	1 15	1 17	1 18	1 20	-352.83814402932234
783	1 15	1 17	1 24	1 26	715.8377378822594
784	1 15	1 17	1 26	1 28	-252.80883565607985
785	1 15	1 17	1 32	1 34	487.2183945769599
786	1 15	1 17	1 21	1 23	-292.6179048137372
787	1 15	1 17	1 25	1 27	-303.8290129689817
788	1 15	1 17	1 27	1 29	-216.97446430448645
789	1 15	1 17	1 31	1 33	540.9173059498642
790	1 15	1 17	1 33	1 35	-180.31971598845303
791	1 15	1 17	1 35	1 37	-155.85854431144622
792	1 15	1 17	1 37	1 39	-121.25478742718639
793	1 15	1 17	1 36	1 38	-141.39667136569278
794	1 15	1 17	1 38	1 40	-102.50244956869545
795	1 15	1 17	1 40	1 42	354.3788984137626
796	1 15	1 17	1 42	1 44	-116.86134788915331
797	1 15	1 17	1 44	1 46	-107.29741463419808
798	1 15	1 17	1 46	1 48	-65.85025015221271
799	1 15	1 17	1 48	1 50	254.8433705966463
800	1 15	1 17	1 50	1 52	-85.49935784986937
801	1 15	1 17	1 52	1 54	-81.53590412087499
802	1 15	1 17	1 54	1 56	-48.50525496052129
803	1 15	1 17	1 39	1 41	360.3884153311702
804	1 15	1 17	1 41	1 43	-106.99575382416903
805	1 15	1 17	1 43	1 45	-116.86467395264367
806	1 15	1 17	1 45	1 47	-85.89298418359357
807	1 15	1 17	1 47	1 49	249.39894513162284
808	1 15	1 17	1 49	1 51	-65.65303545872186
809	1 15	1 17	1 51	1 53	-90.07175178781293
810	1 15	1 17	1 53	1 55	-68.49693936829789
811	1 15	1 17	1 55	1 57	188.57547592794324
812	1 15	1 17	1 57	1 59	-43.06319006759398
813	1 15	1 17	1 56	1 58	193.03648051515938
814	1 15	1 17	1 58	1 60	-67.9322304603296
815	1 15	1 17	1 60	1 62	-64.35727584840711
816	1 15	1 17	1 62	1 64	-36.19847759213504
817	1 15	1 17	1 64	1 66	150.65018602401642
818	1 15	1 17	1 66	1 68	-53.739324501515924
819	1 15	1 17	1 68	1 70	-51.43630405310769
820	1 15	1 17	1 70	1 72	-22.214562983919002
821	1 15	1 17	1 59	1 61	-70.14896764725957
822	1 15	1 17	1 61	1 63	-53.87973848639609
823	1 15	1 17	1 63	1 65	147.12257606975913
824	1 15	1 17	1 65	1 67	-35.44228677276831
825	1 15	1 17	1 67	1 69	-55.0898160964999
826	1 15	1 17	1 69	1 71	-40.00126792579118
827	1 15	1 17	1 71	1 1	472.7106780554823
828	1 16	1 18	1 17	1 19	-150.1450154312186
829	1 16	1 18	1 19	1 21	-320.9503712464682
830	1 16	1 18	1 21	1 23	-331.44081422424546
831	1 16	1 18	1 23	1 25	690.839253352664
832	1 16	1 18	1 25	1 27	-125.85788139457023
833	1 16	1 18	1 27	1 29	-232.0386649041639
834	1 16	1 18	1 29	1 31	-237.33625358022965
835	1 16	1 18	1 31	1 33	489.4481022197863
836	1 16	1 18	1 33	1 35	-97.25560826792295
837	1 16	1 18	1 35	1 37	-153.53590090439945
838	1 16	1 18	1 20	1 22	-282.031809056708
839	1 16	1 18	1 22	1 24	-393.6985698001639
840	1 16	1 18	1 24	1 26	870.7757685878939
841	1 16	1 18	1 26	1 28	-225.11449200930485
842	1 16	1 18	1 30	1 32	-215.57327369406755
843	1 16	1 18	1 32	1 34	537.4329665704998
844	1 16	1 18	1 34	1 36	-131.90268190220343
845	1 16	1 18	1 36	1 38	-153.30974944679042
846	1 16	1 18	1 38	1 40	-144.11698924304065
847	1 16	1 18	1 37	1 39	-154.32118719304762
848	1 16	1 18	1 39	1 41	334.69176386610775
849	1 16	1 18	1 41	1 43	-68.68636898104333
850	1 16	1 18	1 43	1 45	-110.62727895704236
851	1 16	1 18	1 45	1 47	-100.81816005205471
852	1 16	1 18	1 47	1 49	233.0270764201359
853	1 16	1 18	1 49	1 51	-48.047060894474285
854	1 16	1 18	1 51	1 53	-84.76623288955946
855	1 16	1 18	1 53	1 55	-76.13894388796585
856	1 16	1 18	1 55	1 57	179.35922619496807
857	1 16	1 18	1 40	1 42	367.01239665768696
858	1 16	1 18	1 42	1 44	-93.1672123833358
859	1 16	1 18	1 44	1 46	-112.99582656519623
860	1 16	1 18	1 46	1 48	-86.30038101368962
861	1 16	1 18	1 48	1 50	257.19567781300066
862	1 16	1 18	1 50	1 52	-71.12745475990258
863	1 16	1 18	1 52	1 54	-83.31444229270895
864	1 16	1 18	1 54	1 56	-58.5503535807415
865	1 16	1 18	1 56	1 58	189.4956293631235
866	1 16	1 18	1 58	1 60	-58.47364722088608
867	1 16	1 18	1 57	1 59	-34.7644056285371
868	1 16	1 18	1 59	1 61	-65.56191090868779
869	1 16	1 18	1 61	1 63	-57.83582617642519
870	1 16	1 18	1 63	1 65	140.96853552468144
871	1 16	1 18	1 65	1 67	-30.70260782709005
872	1 16	1 18	1 67	1 69	-51.879204519907056
873	1 16	1 18	1 69	1 71	-41.35671734725783
874	1 16	1 18	1 71	1 1	403.4398850960746
875	1 16	1 18	1 60	1 62	-64.64395247159703
876	1 16	1 18	1 62	1 64	-40.98580197148024
877	1 16	1 18	1 64	1 66	147.96509431834562
878	1 16	1 18	1 66	1 68	-48.316165525981845
879	1 16	1 18	1 68	1 70	-51.00784313845723
880	1 16	1 18	1 70	1 72	-23.860275520642986
881	1 16	1 18	1 72	1 2	351.8715261274065
882	1 17	1 19	1 18	1 20	214.37137834752394
883	1 17	1 19	1 20	1 22	-53.050513556242066
884	1 17	1 19	1 22	1 24	-13.81104917298202
885	1 17	1 19	1 26	1 28	154.22072622180337
886	1 17	1 19	1 28	1 30	-22.380648302033308
887	1 17	1 19	1 30	1 32	-9.268861019331762
888	1 17	1 19	1 32	1 34	-104.48395402013904
889	1 17	1 19	1 34	1 36	93.86663602469642
890	1 17	1 19	1 36	1 38	6.212733171507423
891	1 17	1 19	1 21	1 23	-23.054179768626213
892	1 17	1 19	1 25	1 27	336.1754899150253
893	1 17	1 19	1 27	1 29	1.871625367966685
894	1 17	1 19	1 29	1 31	-14.803450451970718
895	1 17	1 19	1 33	1 35	153.7582234358676
896	1 17	1 19	1 35	1 37	37.12907174680565
897	1 17	1 19	1 37	1 39	-1.7398667362870126
898	1 17	1 19	1 39	1 41	-120.60002015011838
899	1 17	1 19	1 40	1 42	-86.0101937378141
900	1 17	1 19	1 42	1 44	59.26158742859414
901	1 17	1 19	1 44	1 46	17.260304467597386
902	1 17	1 19	1 46	1 48	2.3790470878306307
903	1 17	1 19	1 48	1 50	-68.6610469001471
904	1 17	1 19	1 50	1 52	39.51091420488761
905	1 17	1 19	1 52	1 54	18.605473503684706
906	1 17	1 19	1 54	1 56	4.908248939570724
907	1 17	1 19	1 56	1 58	-55.55931464694484
908	1 17	1 19	1 41	1 43	74.71506697426159
909	1 17	1 19	1 43	1 45	35.112447727371446
910	1 17	1 19	1 45	1 47	6.864998808273869
911	1 17	1 19	1 47	1 49	-84.17884742454484
912	1 17	1 19	1 49	1 51	38.46512585797771
913	1 17	1 19	1 51	1 53	29.315551364404463
914	1 17	1 19	1 53	1 55	10.70436058631938
915	1 17	1 19	1 55	1 57	-62.04937227862174
916	1 17	1 19	1 57	1 59	21.38205259540066
917	1 17	1 19	1 59	1 61	24.09587439108401
918	1 17	1 19	1 58	1 60	28.350966041961456
919	1 17	1 19	1 60	1 62	16.790901906335417
920	1 17	1 19	1 62	1 64	5.80803146306348
921	1 17	1 19	1 64	1 66	-45.06974869124873
922	1 17	1 19	1 66	1 68	20.731213997018113
923	1 17	1 19	1 68	1 70	14.54002125766759
924	1 17	1 19	1 70	1 72	4.689577647823262
925	1 17	1 19	1 61	1 63	11.032574422711289
926	1 17	1 19	1 63	1 65	-48.16055897261888
927	1 17	1 19	1 65	1 67	15.117425979636714
928	1 17	1 19	1 67	1 69	18.63560586320485
929	1 17	1 19	1 69	1 71	9.907175440562522
930	1 18	1 20	1 19	1 21	194.20448480051215
931	1 18	1 20	1 21	1 23	-51.11167390445349
932	1 18	1 20	1 25	1 27	158.78603577174715
933	1 18	1 20	1 27	1 29	134.36358661378273
934	1 18	1 20	1 29	1 31	-22.304305689305508
935	1 18	1 20	1 33	1 35	95.79088040505852
936	1 18	1 20	1 35	1 37	79.89398223261438
937	1 18	1 20	1 37	1 39	5.030997238719391
938	1 18	1 20	1 22	1 24	-24.856241113133123
939	1 18	1 20	1 30	1 32	-14.964552367797966
940	1 18	1 20	1 34	1 36	109.44059804082349
941	1 18	1 20	1 36	1 38	31.186439323708925
942	1 18	1 20	1 39	1 41	-132.4278784402613
943	1 18	1 20	1 41	1 43	54.89276269144276
944	1 18	1 20	1 43	1 45	50.488665334344454
945	1 18	1 20	1 45	1 47	14.60967367732962
946	1 18	1 20	1 47	1 49	-92.41581025975287
947	1 18	1 20	1 49	1 51	32.00377404456209
948	1 18	1 20	1 51	1 53	36.23544755701738
949	1 18	1 20	1 53	1 55	16.648173449257442
950	1 18	1 20	1 55	1 57	-69.50112002091757
951	1 18	1 20	1 57	1 59	19.547978628326888
952	1 18	1 20	1 42	1 44	60.87488030791058
953	1 18	1 20	1 44	1 46	31.480364468764
954	1 18	1 20	1 46	1 48	5.815917743882409
955	1 18	1 20	1 48	1 50	-82.7841548595846
956	1 18	1 20	1 50	1 52	39.82563785501277
957	1 18	1 20	1 52	1 54	26.53083590113001
958	1 18	1 20	1 54	1 56	8.29022279092499
959	1 18	1 20	1 56	1 58	-64.90046840868452
960	1 18	1 20	1 58	1 60	29.01997476019396
961	1 18	1 20	1 60	1 62	21.426893874619516
962	1 18	1 20	1 59	1 61	27.52188256541225
963	1 18	1 20	1 61	1 63	15.193412552665405
964	1 18	1 20	1 63	1 65	-54.04864564741738
965	1 18	1 20	1 65	1 67	14.95397196348153
966	1 18	1 20	1 67	1 69	20.880368906481444
967	1 18	1 20	1 69	1 71	12.487293092006603
968	1 18	1 20	1 71	1 1	-220.5422954290441
969	1 18	1 20	1 62	1 64	8.385796240405142
970	1 18	1 20	1 64	1 66	-52.10972126725215
971	1 18	1 20	1 66	1 68	21.756759775576718
972	1 18	1 20	1 68	1 70	17.58271997970062
973	1 18	1 20	1 70	1 72	6.188189136976462
974	1 19	1 21	1 20	1 22	184.24233718369499
975	1 19	1 21	1 22	1 24	-59.07495910657731
976	1 19	1 21	1 24	1 26	-251.88730524567438
977	1 19	1 21	1 26	1 28	130.39367760840236
978	1 19	1 21	1 28	1 30	134.55532129428573
979	1 19	1 21	1 30	1 32	-24.744122338566566
980	1 19	1 21	1 32	1 34	-176.81117385333528
981	1 19	1 21	1 34	1 36	76.9157327606143
982	1 19	1 21	1 36	1 38	75.72693589502741
983	1 19	1 21	1 38	1 40	8.915882092066965
984	1 19	1 21	1 25	1 27	1.7057458202189246
985	1 19	1 21	1 27	1 29	237.01405186739652
986	1 19	1 21	1 29	1 31	-3.3152127142311834
987	1 19	1 21	1 33	1 35	35.17206590407463
988	1 19	1 21	1 35	1 37	103.85773497776403
989	1 19	1 21	1 37	1 39	29.311390724816455
990	1 19	1 21	1 39	1 41	-137.4456441071148
991	1 19	1 21	1 41	1 43	30.6620083341953
992	1 19	1 21	1 40	1 42	-129.69919916539072
993	1 19	1 21	1 42	1 44	49.022354188322325
994	1 19	1 21	1 44	1 46	49.59829924533721
995	1 19	1 21	1 46	1 48	13.740615975444717
996	1 19	1 21	1 48	1 50	-95.28263922584952
997	1 19	1 21	1 50	1 52	34.56190684260362
998	1 19	1 21	1 52	1 54	34.769228238741945
999	1 19	1 21	1 54	1 56	14.141438481946658
1000	1 19	1 21	1 56	1 58	-73.25445767827577
1001	1 19	1 21	1 58	1 60	26.857122791960467
1002	1 19	1 21	1 43	1 45	58.80947366896177
1003	1 19	1 21	1 45	1 47	28.94739346000555
1004	1 19	1 21	1 47	1 49	-97.27159413375631
1005	1 19	1 21	1 49	1 51	22.420788222260708
1006	1 19	1 21	1 51	1 53	39.674632538303214
1007	1 19	1 21	1 53	1 55	25.11639713977769
1008	1 19	1 21	1 55	1 57	-74.00890649685057
1009	1 19	1 21	1 57	1 59	15.924385318551593
1010	1 19	1 21	1 59	1 61	28.932052280814126
1011	1 19	1 21	1 61	1 63	20.281328487044618
1012	1 19	1 21	1 60	1 62	25.86818350415225
1013	1 19	1 21	1 62	1 64	12.086316642895921
1014	1 19	1 21	1 64	1 66	-57.56085425900467
1015	1 19	1 21	1 66	1 68	21.029914935683294
1016	1 19	1 21	1 68	1 70	20.117299676724798
1017	1 19	1 21	1 70	1 72	8.00311252482177
1018	1 19	1 21	1 63	1 65	-57.50452693335569
1019	1 19	1 21	1 65	1 67	13.5952019534571
1020	1 19	1 21	1 67	1 69	21.948631056702514
1021	1 19	1 21	1 69	1 71	15.275303741550584
1022	1 20	1 22	1 21	1 23	177.63176216023015
1023	1 20	1 22	1 25	1 27	-22.424273310717552
1024	1 20	1 22	1 27	1 29	128.00175659324037
1025	1 20	1 22	1 29	1 31	130.84943518237185
1026	1 20	1 22	1 33	1 35	6.34619114801273
1027	1 20	1 22	1 35	1 37	75.35883548721031
1028	1 20	1 22	1 37	1 39	76.75632017959103
1029	1 20	1 22	1 39	1 41	-138.82749908168034
1030	1 20	1 22	1 24	1 26	-243.9064421023508
1031	1 20	1 22	1 28	1 30	234.99932837403338
1032	1 20	1 22	1 34	1 36	29.32187695992241
1033	1 20	1 22	1 36	1 38	100.57859468841852
1034	1 20	1 22	1 38	1 40	38.75363108694873
1035	1 20	1 22	1 42	1 44	29.666931125364865
1036	1 20	1 22	1 41	1 43	13.723492631623326
1037	1 20	1 22	1 43	1 45	49.23467039013353
1038	1 20	1 22	1 45	1 47	46.29694927882932
1039	1 20	1 22	1 47	1 49	-94.5009951208296
1040	1 20	1 22	1 49	1 51	13.588114659174856
1041	1 20	1 22	1 51	1 53	35.623473789727036
1042	1 20	1 22	1 53	1 55	33.006341729921736
1043	1 20	1 22	1 55	1 57	-71.88037254629631
1044	1 20	1 22	1 57	1 59	11.592786701548597
1045	1 20	1 22	1 59	1 61	26.35774188476722
1046	1 20	1 22	1 44	1 46	57.34575232013481
1047	1 20	1 22	1 46	1 48	29.524297698545062
1048	1 20	1 22	1 48	1 50	-101.50778299190651
1049	1 20	1 22	1 50	1 52	25.135789472449147
1050	1 20	1 22	1 52	1 54	37.59253535087461
1051	1 20	1 22	1 54	1 56	22.435185714904094
1052	1 20	1 22	1 56	1 58	-75.67521071352132
1053	1 20	1 22	1 58	1 60	21.78736327994386
1054	1 20	1 22	1 60	1 62	27.232212520505257
1055	1 20	1 22	1 62	1 64	16.245476564031478
1056	1 20	1 22	1 61	1 63	24.20451956857086
1057	1 20	1 22	1 63	1 65	-55.87472314485709
1058	1 20	1 22	1 65	1 67	11.183505618871253
1059	1 20	1 22	1 67	1 69	20.600123749489583
1060	1 20	1 22	1 69	1 71	16.90750641818343
1061	1 20	1 22	1 71	1 1	-134.22858036133405
1062	1 20	1 22	1 64	1 66	-58.75087096392311
1063	1 20	1 22	1 66	1 68	18.329341982185834
1064	1 20	1 22	1 68	1 70	20.79618625685756
1065	1 20	1 22	1 70	1 72	9.60521149202299
1066	1 21	1 23	1 22	1 24	247.76457539565877
1067	1 21	1 23	1 26	1 28	-22.56239587718585
1068	1 21	1 23	1 28	1 30	141.2215028292042
1069	1 21	1 23	1 30	1 32	169.86470404058275
1070	1 21	1 23	1 34	1 36	5.057365907590963
1071	1 21	1 23	1 36	1 38	84.44471470571497
1072	1 21	1 23	1 38	1 40	106.16726540289565
1073	1 21	1 23	1 40	1 42	-171.04951654704945
1074	1 21	1 23	1 25	1 27	-14.941431391386804
1075	1 21	1 23	1 29	1 31	290.46799971753694
1076	1 21	1 23	1 31	1 33	-241.77201649701652
1077	1 21	1 23	1 35	1 37	32.30374227091285
1078	1 21	1 23	1 37	1 39	124.45622197909574
1079	1 21	1 23	1 39	1 41	-140.68327153395074
1080	1 21	1 23	1 41	1 43	6.182204644763564
1081	1 21	1 23	1 43	1 45	34.85782214918413
1082	1 21	1 23	1 42	1 44	16.32111499364421
1083	1 21	1 23	1 44	1 46	55.820344593747066
1084	1 21	1 23	1 46	1 48	57.30590193258983
1085	1 21	1 23	1 48	1 50	-116.76630423845634
1086	1 21	1 23	1 50	1 52	18.273126785892956
1087	1 21	1 23	1 52	1 54	38.28340634115363
1088	1 21	1 23	1 54	1 56	35.245636169145314
1089	1 21	1 23	1 56	1 58	-83.24841045507952
1090	1 21	1 23	1 58	1 60	18.18867391884026
1091	1 21	1 23	1 60	1 62	28.555433648044293
1092	1 21	1 23	1 45	1 47	63.677548032926275
1093	1 21	1 23	1 47	1 49	-92.68092531895996
1094	1 21	1 23	1 49	1 51	8.666625351577885
1095	1 21	1 23	1 51	1 53	30.28679395139326
1096	1 21	1 23	1 53	1 55	41.67245585345452
1097	1 21	1 23	1 55	1 57	-71.85021556587276
1098	1 21	1 23	1 57	1 59	8.937356508718025
1099	1 21	1 23	1 59	1 61	24.073157387789678
1100	1 21	1 23	1 61	1 63	29.001267182530086
1101	1 21	1 23	1 63	1 65	-56.31475111778596
1102	1 21	1 23	1 62	1 64	22.334451398977578
1103	1 21	1 23	1 64	1 66	-62.757091048491255
1104	1 21	1 23	1 66	1 68	16.577643474560794
1105	1 21	1 23	1 68	1 70	21.960575132620363
1106	1 21	1 23	1 70	1 72	11.914451677692346
1107	1 21	1 23	1 72	1 2	-123.9021812037366
1108	1 21	1 23	1 65	1 67	9.715649593461851
1109	1 21	1 23	1 67	1 69	19.901223811228842
1110	1 21	1 23	1 69	1 71	19.264408520621096
1111	1 22	1 24	1 25	1 27	-9.306190301105383
1112	1 22	1 24	1 27	1 29	-22.419462509210685
1113	1 22	1 24	1 29	1 31	186.83604945870758
1114	1 22	1 24	1 35	1 37	9.286523788299654
1115	1 22	1 24	1 37	1 39	106.27722777050627
1116	1 22	1 24	1 39	1 41	-103.5154567571081
1117	1 22	1 24	1 41	1 43	3.1100705068446577
1118	1 22	1 24	1 26	1 28	-14.179841486467376
1119	1 22	1 24	1 28	1 30	4.84675013845019
1120	1 22	1 24	1 30	1 32	330.23926741851346
1121	1 22	1 24	1 32	1 34	-302.61422649965067
1122	1 22	1 24	1 34	1 36	-0.6157310951959606
1123	1 22	1 24	1 36	1 38	42.71827331426707
1124	1 22	1 24	1 38	1 40	150.06920126810712
1125	1 22	1 24	1 42	1 44	8.815324498425326
1126	1 22	1 24	1 44	1 46	39.82038686045367
1127	1 22	1 24	1 43	1 45	20.981601003265798
1128	1 22	1 24	1 45	1 47	59.31827237385932
1129	1 22	1 24	1 47	1 49	-74.70097794914071
1130	1 22	1 24	1 49	1 51	5.546944699794405
1131	1 22	1 24	1 51	1 53	22.11829852397124
1132	1 22	1 24	1 53	1 55	39.8028016728729
1133	1 22	1 24	1 55	1 57	-60.72801788130431
1134	1 22	1 24	1 57	1 59	6.47924149072737
1135	1 22	1 24	1 59	1 61	18.97910528426459
1136	1 22	1 24	1 61	1 63	27.64778609722849
1137	1 22	1 24	1 46	1 48	72.95849072329376
1138	1 22	1 24	1 48	1 50	-111.11459849634045
1139	1 22	1 24	1 50	1 52	12.29233359681191
1140	1 22	1 24	1 52	1 54	30.856281283037973
1141	1 22	1 24	1 54	1 56	40.551715738401356
1142	1 22	1 24	1 56	1 58	-76.67728223860249
1143	1 22	1 24	1 58	1 60	13.660721749283557
1144	1 22	1 24	1 60	1 62	24.51144121047605
1145	1 22	1 24	1 62	1 64	23.774367693387614
1146	1 22	1 24	1 64	1 66	-56.78292412160802
1147	1 22	1 24	1 63	1 65	-48.66263536754359
1148	1 22	1 24	1 65	1 67	7.609230291757169
1149	1 22	1 24	1 67	1 69	16.552792899930466
1150	1 22	1 24	1 69	1 71	18.011351843343178
1151	1 22	1 24	1 71	1 1	-92.4189305849923
1152	1 22	1 24	1 66	1 68	13.243163890352022
1153	1 22	1 24	1 68	1 70	19.382964103176974
1154	1 22	1 24	1 70	1 72	11.959949413125152
1155	1 23	1 25	1 24	1 26	737.7151761796827
1156	1 23	1 25	1 28	1 30	-243.74456982235876
1157	1 23	1 25	1 32	1 34	586.40212356301
1158	1 23	1 25	1 34	1 36	-217.11968113522875
1159	1 23	1 25	1 40	1 42	430.8356988485707
1160	1 23	1 25	1 27	1 29	-232.19298262705314
1161	1 23	1 25	1 29	1 31	-261.317334147672
1162	1 23	1 25	1 31	1 33	737.9374862237025
1163	1 23	1 25	1 33	1 35	-270.79605263157896
1164	1 23	1 25	1 35	1 37	-187.27609899833647
1165	1 23	1 25	1 37	1 39	-149.7403372518454
1166	1 23	1 25	1 39	1 41	461.9907492207926
1167	1 23	1 25	1 41	1 43	-150.67135374728684
1168	1 23	1 25	1 43	1 45	-144.26421468662127
1169	1 23	1 25	1 44	1 46	-131.9034254019941
1170	1 23	1 25	1 46	1 48	-75.04504887538369
1171	1 23	1 25	1 48	1 50	317.8153423346611
1172	1 23	1 25	1 50	1 52	-113.8007800470368
1173	1 23	1 25	1 52	1 54	-101.75960113519834
1174	1 23	1 25	1 54	1 56	-57.01643427055339
1175	1 23	1 25	1 56	1 58	242.06145661235928
1176	1 23	1 25	1 58	1 60	-88.67793998613641
1177	1 23	1 25	1 60	1 62	-80.24805059969347
1178	1 23	1 25	1 62	1 64	-43.42152299282401
1179	1 23	1 25	1 47	1 49	318.0803706386899
1180	1 23	1 25	1 49	1 51	-90.54189606127198
1181	1 23	1 25	1 51	1 53	-114.26021285300112
1182	1 23	1 25	1 53	1 55	-83.2278229828996
1183	1 23	1 25	1 55	1 57	240.96559246671703
1184	1 23	1 25	1 57	1 59	-57.79546167210599
1185	1 23	1 25	1 59	1 61	-89.89997344570516
1186	1 23	1 25	1 61	1 63	-66.22660789600576
1187	1 23	1 25	1 63	1 65	187.71216468612613
1188	1 23	1 25	1 65	1 67	-46.53444743801775
1189	1 23	1 25	1 64	1 66	190.23788200241992
1190	1 23	1 25	1 66	1 68	-69.71714989312056
1191	1 23	1 25	1 68	1 70	-64.62929333837488
1192	1 23	1 25	1 70	1 72	-27.253420236931554
1193	1 23	1 25	1 72	1 2	246.8404568418273
1194	1 23	1 25	1 67	1 69	-70.2061979112471
1195	1 23	1 25	1 69	1 71	-49.575024507683885
1196	1 23	1 25	1 71	1 1	320.4135425278034
1197	1 24	1 26	1 25	1 27	-113.12134418257327
1198	1 24	1 26	1 27	1 29	-272.10200336805076
1199	1 24	1 26	1 29	1 31	-288.6523873047206
1200	1 24	1 26	1 31	1 33	591.3893249577229
1201	1 24	1 26	1 33	1 35	-99.38394426755576
1202	1 24	1 26	1 35	1 37	-201.50297219987485
1203	1 24	1 26	1 37	1 39	-190.1976367654499
1204	1 24	1 26	1 39	1 41	411.80900197105905
1205	1 24	1 26	1 41	1 43	-77.16114061476881
1206	1 24	1 26	1 43	1 45	-141.84900946906754
1207	1 24	1 26	1 28	1 30	-243.9038077546155
1208	1 24	1 26	1 30	1 32	-302.34931248092516
1209	1 24	1 26	1 32	1 34	712.7893886638321
1210	1 24	1 26	1 34	1 36	-192.98591285083882
1211	1 24	1 26	1 36	1 38	-185.29974469225263
1212	1 24	1 26	1 38	1 40	-187.85038770631758
1213	1 24	1 26	1 40	1 42	464.77905861817953
1214	1 24	1 26	1 42	1 44	-120.05315982287168
1215	1 24	1 26	1 44	1 46	-140.49046678885406
1216	1 24	1 26	1 45	1 47	-127.2667802112839
1217	1 24	1 26	1 47	1 49	292.5613049198307
1218	1 24	1 26	1 49	1 51	-57.36770944481205
1219	1 24	1 26	1 51	1 53	-108.26166547020819
1220	1 24	1 26	1 53	1 55	-96.67265752816604
1221	1 24	1 26	1 55	1 57	224.12988888102484
1222	1 24	1 26	1 57	1 59	-42.48109835924873
1223	1 24	1 26	1 59	1 61	-82.73505299081077
1224	1 24	1 26	1 61	1 63	-73.25882857815247
1225	1 24	1 26	1 63	1 65	177.1729202436472
1226	1 24	1 26	1 48	1 50	324.27545649425997
1227	1 24	1 26	1 50	1 52	-89.39525801099143
1228	1 24	1 26	1 52	1 54	-105.82755866170382
1229	1 24	1 26	1 54	1 56	-74.79305001247042
1230	1 24	1 26	1 56	1 58	239.6804502930821
1231	1 24	1 26	1 58	1 60	-73.32865580339784
1232	1 24	1 26	1 60	1 62	-81.23881399838614
1233	1 24	1 26	1 62	1 64	-51.76556933698842
1234	1 24	1 26	1 64	1 66	185.2693440446601
1235	1 24	1 26	1 66	1 68	-59.96511619481768
1236	1 24	1 26	1 65	1 67	-38.12240681342877
1237	1 24	1 26	1 67	1 69	-65.34582853658603
1238	1 24	1 26	1 69	1 71	-52.26777802259735
1239	1 24	1 26	1 71	1 1	288.4222854492444
1240	1 24	1 26	1 68	1 70	-64.22958801280727
1241	1 24	1 26	1 70	1 72	-30.198170793652636
1242	1 24	1 26	1 72	1 2	247.5327450122586
1243	1 25	1 27	1 26	1 28	178.5004048474581
1244	1 25	1 27	1 28	1 30	-56.106016585952645
1245	1 25	1 27	1 30	1 32	-10.998643806682232
1246	1 25	1 27	1 34	1 36	132.30745527432188
1247	1 25	1 27	1 36	1 38	-22.22683198056788
1248	1 25	1 27	1 38	1 40	-6.554338519010171
1249	1 25	1 27	1 40	1 42	-97.55655613895443
1250	1 25	1 27	1 42	1 44	87.458348966138
1251	1 25	1 27	1 44	1 46	7.1031980119685745
1252	1 25	1 27	1 29	1 31	-21.45884735575288
1253	1 25	1 27	1 33	1 35	302.5557543352465
1254	1 25	1 27	1 37	1 39	-13.447909069102696
1255	1 25	1 27	1 39	1 41	-167.2433892373097
1256	1 25	1 27	1 41	1 43	130.6934563821544
1257	1 25	1 27	1 43	1 45	32.95217770196329
1258	1 25	1 27	1 45	1 47	-0.6011585727012686
1259	1 25	1 27	1 47	1 49	-110.46004199991515
1260	1 25	1 27	1 46	1 48	-2.007131571730091
1261	1 25	1 27	1 48	1 50	-82.43081293893954
1262	1 25	1 27	1 50	1 52	58.18812674633626
1263	1 25	1 27	1 52	1 54	17.323780874681013
1264	1 25	1 27	1 54	1 56	2.333765673347799
1265	1 25	1 27	1 56	1 58	-68.37447785070579
1266	1 25	1 27	1 58	1 60	40.55182833560921
1267	1 25	1 27	1 60	1 62	18.609095292591427
1268	1 25	1 27	1 62	1 64	4.9667638206928455
1269	1 25	1 27	1 64	1 66	-56.65612541573974
1270	1 25	1 27	1 49	1 51	63.500764962830864
1271	1 25	1 27	1 51	1 53	34.64254772452678
1272	1 25	1 27	1 53	1 55	7.742935489880994
1273	1 25	1 27	1 55	1 57	-80.87465510718789
1274	1 25	1 27	1 57	1 59	33.164931071209296
1275	1 25	1 27	1 59	1 61	31.000923076923076
1276	1 25	1 27	1 61	1 63	10.70734452962578
1277	1 25	1 27	1 63	1 65	-62.78173630678822
1278	1 25	1 27	1 65	1 67	22.125331508242823
1279	1 25	1 27	1 67	1 69	24.261247170610666
1280	1 25	1 27	1 66	1 68	28.94683641667615
1281	1 25	1 27	1 68	1 70	17.41043534738666
1282	1 25	1 27	1 70	1 72	4.892241431906838
1283	1 25	1 27	1 72	1 2	-85.12764554979083
1284	1 25	1 27	1 69	1 71	11.073783465269367
1285	1 25	1 27	1 71	1 1	-142.6867403633433
1286	1 26	1 28	1 27	1 29	157.88297120273342
1287	1 26	1 28	1 29	1 31	-49.01957926083891
1288	1 26	1 28	1 33	1 35	130.24557778601292
1289	1 26	1 28	1 35	1 37	113.47225127470912
1290	1 26	1 28	1 37	1 39	-21.74725071445311
1291	1 26	1 28	1 39	1 41	-161.87536352660175
1292	1 26	1 28	1 41	1 43	77.85561544685822
1293	1 26	1 28	1 43	1 45	69.53665662568469
1294	1 26	1 28	1 45	1 47	5.197248711179629
1295	1 26	1 28	1 30	1 32	-20.42444838179339
1296	1 26	1 28	1 34	1 36	219.52976318935035
1297	1 26	1 28	1 38	1 40	-11.25762885351602
1298	1 26	1 28	1 42	1 44	96.89980812795045
1299	1 26	1 28	1 44	1 46	28.274777536720222
1300	1 26	1 28	1 48	1 50	-98.28951828748276
1301	1 26	1 28	1 47	1 49	-115.61502993199915
1302	1 26	1 28	1 49	1 51	45.2640244676555
1303	1 26	1 28	1 51	1 53	47.977362378800514
1304	1 26	1 28	1 53	1 55	14.586054374591326
1305	1 26	1 28	1 55	1 57	-86.32624317332568
1306	1 26	1 28	1 57	1 59	26.98672810132772
1307	1 26	1 28	1 59	1 61	35.928910131908495
1308	1 26	1 28	1 61	1 63	15.837989054712594
1309	1 26	1 28	1 63	1 65	-67.83195262269473
1310	1 26	1 28	1 65	1 67	20.10115217841911
1311	1 26	1 28	1 50	1 52	57.33012693608572
1312	1 26	1 28	1 52	1 54	29.71686269883595
1313	1 26	1 28	1 54	1 56	5.002006395364605
1314	1 26	1 28	1 56	1 58	-78.64685723404223
1315	1 26	1 28	1 58	1 60	39.79836916991195
1316	1 26	1 28	1 60	1 62	25.280134184731686
1317	1 26	1 28	1 62	1 64	7.629882216789357
1318	1 26	1 28	1 64	1 66	-63.819891848933466
1319	1 26	1 28	1 66	1 68	28.879388545407743
1320	1 26	1 28	1 68	1 70	21.185948608876487
1321	1 26	1 28	1 67	1 69	26.800401326140427
1322	1 26	1 28	1 69	1 71	14.229340150341729
1323	1 26	1 28	1 71	1 1	-139.98626127983744
1324	1 26	1 28	1 70	1 72	6.530807149237633
1325	1 27	1 29	1 28	1 30	172.62857842695615
1326	1 27	1 29	1 30	1 32	-57.25868030254537
1327	1 27	1 29	1 32	1 34	-217.31160067829524
1328	1 27	1 29	1 34	1 36	118.34717971901517
1329	1 27	1 29	1 36	1 38	115.48296970625137
1330	1 27	1 29	1 38	1 40	-21.654015845330143
1331	1 27	1 29	1 40	1 42	-161.00002775927157
1332	1 27	1 29	1 42	1 44	71.72344276296539
1333	1 27	1 29	1 44	1 46	72.40798889928637
1334	1 27	1 29	1 46	1 48	3.3131417334015056
1335	1 27	1 29	1 33	1 35	-3.3489876114618022
1336	1 27	1 29	1 35	1 37	214.25775040895468
1337	1 27	1 29	1 37	1 39	-7.311294567061991
1338	1 27	1 29	1 39	1 41	-173.10854947420194
1339	1 27	1 29	1 41	1 43	28.238023530968356
1340	1 27	1 29	1 43	1 45	97.65738007651721
1341	1 27	1 29	1 45	1 47	27.56794547232057
1342	1 27	1 29	1 47	1 49	-128.3834232817629
1343	1 27	1 29	1 49	1 51	26.723717990293707
1344	1 27	1 29	1 48	1 50	-121.53227449695598
1345	1 27	1 29	1 50	1 52	48.48635830751624
1346	1 27	1 29	1 52	1 54	49.08895814608307
1347	1 27	1 29	1 54	1 56	12.327823819575165
1348	1 27	1 29	1 56	1 58	-94.57986822782422
1349	1 27	1 29	1 58	1 60	36.875427692770884
1350	1 27	1 29	1 60	1 62	35.20546052288881
1351	1 27	1 29	1 62	1 64	13.326284402246275
1352	1 27	1 29	1 64	1 66	-75.40669497379942
1353	1 27	1 29	1 66	1 68	28.556432296829637
1354	1 27	1 29	1 51	1 53	58.68998719492112
1355	1 27	1 29	1 53	1 55	29.61705358239371
1356	1 27	1 29	1 55	1 57	-97.08874323684145
1357	1 27	1 29	1 57	1 59	20.51066289433381
1358	1 27	1 29	1 59	1 61	40.54848215775547
1359	1 27	1 29	1 61	1 63	25.301981194182254
1360	1 27	1 29	1 63	1 65	-76.25936586208778
1361	1 27	1 29	1 65	1 67	18.00332234813298
1362	1 27	1 29	1 67	1 69	29.812377225304687
1363	1 27	1 29	1 69	1 71	19.544688987801784
1364	1 27	1 29	1 68	1 70	26.877029380072358
1365	1 27	1 29	1 70	1 72	9.712071414249971
1366	1 27	1 29	1 72	1 2	-115.81308753567563
1367	1 27	1 29	1 71	1 1	-130.84977772242854
1368	1 28	1 30	1 29	1 31	163.8407318149078
1369	1 28	1 30	1 33	1 35	-21.547358260882362
1370	1 28	1 30	1 35	1 37	121.82642744875389
1371	1 28	1 30	1 37	1 39	116.25659783502832
1372	1 28	1 30	1 41	1 43	5.066483576922863
1373	1 28	1 30	1 43	1 45	77.02728585060676
1374	1 28	1 30	1 45	1 47	69.53099593802997
1375	1 28	1 30	1 47	1 49	-134.90044512605033
1376	1 28	1 30	1 36	1 38	215.2595357651477
1377	1 28	1 30	1 40	1 42	-185.27141951538965
1378	1 28	1 30	1 42	1 44	31.767297452934663
1379	1 28	1 30	1 44	1 46	99.1579538188277
1380	1 28	1 30	1 46	1 48	27.013808235093116
1381	1 28	1 30	1 48	1 50	-137.35710944741533
1382	1 28	1 30	1 50	1 52	31.876021220159153
1383	1 28	1 30	1 49	1 51	13.347351526104696
1384	1 28	1 30	1 51	1 53	53.03366825312886
1385	1 28	1 30	1 53	1 55	47.96029780923664
1386	1 28	1 30	1 55	1 57	-100.55625237410715
1387	1 28	1 30	1 57	1 59	14.050343797478352
1388	1 28	1 30	1 59	1 61	37.740685585322296
1389	1 28	1 30	1 61	1 63	34.53821833680229
1390	1 28	1 30	1 63	1 65	-78.01247204465082
1391	1 28	1 30	1 65	1 67	14.713966624588458
1392	1 28	1 30	1 67	1 69	28.985213588666156
1393	1 28	1 30	1 52	1 54	58.832007152335336
1394	1 28	1 30	1 54	1 56	27.176088996917528
1395	1 28	1 30	1 58	1 60	29.22782477310978
1396	1 28	1 30	1 60	1 62	40.1651737000334
1397	1 28	1 30	1 62	1 64	21.42664657069431
1398	1 28	1 30	1 64	1 66	-81.54198986695565
1399	1 28	1 30	1 66	1 68	25.025691104681606
1400	1 28	1 30	1 68	1 70	29.686255707031158
1401	1 28	1 30	1 70	1 72	13.132347801841373
1402	1 28	1 30	1 69	1 71	23.866202114542425
1403	1 28	1 30	1 71	1 1	-123.05986174594555
1404	1 28	1 30	1 72	1 2	-118.9605083260629
1405	1 29	1 31	1 30	1 32	226.97705934009076
1406	1 29	1 31	1 34	1 36	-22.689068342559782
1407	1 29	1 31	1 36	1 38	119.35017762370606
1408	1 29	1 31	1 38	1 40	167.23076336751544
1409	1 29	1 31	1 40	1 42	-244.9510335472555
1410	1 29	1 31	1 42	1 44	6.8139464678850326
1411	1 29	1 31	1 44	1 46	79.88373381835079
1412	1 29	1 31	1 46	1 48	87.56772635686511
1413	1 29	1 31	1 48	1 50	-159.58650926796452
1414	1 29	1 31	1 33	1 35	-12.491089259251638
1415	1 29	1 31	1 35	1 37	-5.768179448637019
1416	1 29	1 31	1 37	1 39	247.77338159176347
1417	1 29	1 31	1 39	1 41	-215.50477592330776
1418	1 29	1 31	1 41	1 43	-1.3558527744031825
1419	1 29	1 31	1 43	1 45	33.76424076871669
1420	1 29	1 31	1 45	1 47	105.24244066281783
1421	1 29	1 31	1 47	1 49	-125.32300975785108
1422	1 29	1 31	1 49	1 51	5.7909468990340764
1423	1 29	1 31	1 51	1 53	35.782865272914464
1424	1 29	1 31	1 50	1 52	16.989441398595616
1425	1 29	1 31	1 52	1 54	53.06035779751605
1426	1 29	1 31	1 54	1 56	52.608123355389324
1427	1 29	1 31	1 56	1 58	-111.71949274287624
1428	1 29	1 31	1 58	1 60	20.269219824057384
1429	1 29	1 31	1 60	1 62	38.93878556432995
1430	1 29	1 31	1 62	1 64	32.53661595871098
1431	1 29	1 31	1 64	1 66	-83.76400322177147
1432	1 29	1 31	1 66	1 68	19.884929139775803
1433	1 29	1 31	1 68	1 70	29.544775905064757
1434	1 29	1 31	1 53	1 55	62.7668874575089
1435	1 29	1 31	1 55	1 57	-93.63763700955431
1436	1 29	1 31	1 57	1 59	8.857537445766878
1437	1 29	1 31	1 59	1 61	29.757617181893856
1438	1 29	1 31	1 61	1 63	41.740899522940666
1439	1 29	1 31	1 63	1 65	-73.67109046865336
1440	1 29	1 31	1 65	1 67	11.160632550338324
1441	1 29	1 31	1 67	1 69	25.309339108601378
1442	1 29	1 31	1 69	1 71	26.813206203079623
1443	1 29	1 31	1 71	1 1	-108.2874861658712
1444	1 29	1 31	1 70	1 72	16.902922205420378
1445	1 29	1 31	1 72	1 2	-112.82624712080786
1446	1 30	1 32	1 33	1 35	-6.901456836600822
1447	1 30	1 32	1 35	1 37	-22.626732111116134
1448	1 30	1 32	1 37	1 39	153.86533600603562
1449	1 30	1 32	1 41	1 43	-1.7685805209056884
1450	1 30	1 32	1 43	1 45	10.042357687593388
1451	1 30	1 32	1 45	1 47	85.50604164717278
1452	1 30	1 32	1 47	1 49	-85.96559874167107
1453	1 30	1 32	1 49	1 51	2.7240481123059173
1454	1 30	1 32	1 34	1 36	-13.203845722830067
1455	1 30	1 32	1 38	1 40	295.26359321981136
1456	1 30	1 32	1 40	1 42	-258.58531780071394
1457	1 30	1 32	1 42	1 44	0.3312049513887876
1458	1 30	1 32	1 44	1 46	37.88345650014375
1459	1 30	1 32	1 46	1 48	126.71251810730209
1460	1 30	1 32	1 48	1 50	-154.05033147068838
1461	1 30	1 32	1 50	1 52	8.699145043255854
1462	1 30	1 32	1 52	1 54	35.63802782736335
1463	1 30	1 32	1 51	1 53	20.455832227521736
1464	1 30	1 32	1 53	1 55	56.48306881513115
1465	1 30	1 32	1 55	1 57	-72.35347710771896
1466	1 30	1 32	1 57	1 59	5.510419737731432
1467	1 30	1 32	1 59	1 61	20.309656739337242
1468	1 30	1 32	1 61	1 63	38.48403996464097
1469	1 30	1 32	1 63	1 65	-59.521129791099014
1470	1 30	1 32	1 65	1 67	7.875334909364764
1471	1 30	1 32	1 67	1 69	19.22805513821647
1472	1 30	1 32	1 69	1 71	24.36955187752201
1473	1 30	1 32	1 54	1 56	65.22541840871286
1474	1 30	1 32	1 56	1 58	-100.34636048578024
1475	1 30	1 32	1 58	1 60	13.037948838421618
1476	1 30	1 32	1 60	1 62	30.254105274610744
1477	1 30	1 32	1 62	1 64	36.11450065303101
1478	1 30	1 32	1 64	1 66	-73.45734295607173
1479	1 30	1 32	1 66	1 68	14.29745393567697
1480	1 30	1 32	1 68	1 70	24.449244395015455
1481	1 30	1 32	1 70	1 72	17.182232573158505
1482	1 30	1 32	1 72	1 2	-91.72009677258558
1483	1 30	1 32	1 71	1 1	-85.38263431260154
1484	1 31	1 33	1 32	1 34	671.7585166362264
1485	1 31	1 33	1 34	1 36	-257.9934150388491
1486	1 31	1 33	1 36	1 38	-208.83446065722705
1487	1 31	1 33	1 38	1 40	-135.5495685302083
1488	1 31	1 33	1 40	1 42	555.6778543506955
1489	1 31	1 33	1 42	1 44	-210.32068148436335
1490	1 31	1 33	1 44	1 46	-165.57536659768803
1491	1 31	1 33	1 46	1 48	-88.46708064747915
1492	1 31	1 33	1 48	1 50	409.6859662713253
1493	1 31	1 33	1 50	1 52	-155.11826282237035
1494	1 31	1 33	1 35	1 37	-213.16700875937988
1495	1 31	1 33	1 37	1 39	-221.0789723295888
1496	1 31	1 33	1 39	1 41	648.5660562014358
1497	1 31	1 33	1 41	1 43	-237.7325912650973
1498	1 31	1 33	1 43	1 45	-182.2257450569597
1499	1 31	1 33	1 45	1 47	-133.42355400620207
1500	1 31	1 33	1 47	1 49	426.3141317049993
1501	1 31	1 33	1 49	1 51	-131.40917908866913
1502	1 31	1 33	1 51	1 53	-148.20250269928903
1503	1 31	1 33	1 53	1 55	-105.27802428166353
1504	1 31	1 33	1 52	1 54	-131.51257815658795
1505	1 31	1 33	1 54	1 56	-70.1417408392805
1506	1 31	1 33	1 56	1 58	317.6279383301733
1507	1 31	1 33	1 58	1 60	-121.63410732027427
1508	1 31	1 33	1 60	1 62	-104.76292357015595
1509	1 31	1 33	1 62	1 64	-54.668491256554205
1510	1 31	1 33	1 64	1 66	251.1434707363319
1511	1 31	1 33	1 66	1 68	-94.64335445465734
1512	1 31	1 33	1 68	1 70	-84.808755060407
1513	1 31	1 33	1 70	1 72	-34.9507045517902
1514	1 31	1 33	1 55	1 57	317.8412800417973
1515	1 31	1 33	1 57	1 59	-81.39353837119683
1516	1 31	1 33	1 59	1 61	-119.46993473531546
1517	1 31	1 33	1 61	1 63	-84.76609720515971
1518	1 31	1 33	1 63	1 65	249.62953610542252
1519	1 31	1 33	1 65	1 67	-63.996921961741094
1520	1 31	1 33	1 67	1 69	-93.59991059294758
1521	1 31	1 33	1 69	1 71	-64.3048051948052
1522	1 31	1 33	1 71	1 1	235.0834575260805
1523	1 31	1 33	1 72	1 2	189.59642873711192
1524	1 32	1 34	1 33	1 35	-98.43351681439302
1525	1 32	1 34	1 35	1 37	-249.23980299151026
1526	1 32	1 34	1 37	1 39	-244.88836000740224
1527	1 32	1 34	1 39	1 41	532.1441335713658
1528	1 32	1 34	1 41	1 43	-89.47808609961845
1529	1 32	1 34	1 43	1 45	-196.77836479860537
1530	1 32	1 34	1 45	1 47	-165.8517647771864
1531	1 32	1 34	1 47	1 49	386.32118294360384
1532	1 32	1 34	1 49	1 51	-71.9130588610903
1533	1 32	1 34	1 51	1 53	-147.57358386834562
1534	1 32	1 34	1 36	1 38	-213.82375077798523
1535	1 32	1 34	1 38	1 40	-279.96913748777104
1536	1 32	1 34	1 42	1 44	-185.27441553544492
1537	1 32	1 34	1 44	1 46	-181.71619269184234
1538	1 32	1 34	1 46	1 48	-152.4663825055291
1539	1 32	1 34	1 48	1 50	439.01876501588777
1540	1 32	1 34	1 50	1 52	-124.28518288932456
1541	1 32	1 34	1 52	1 54	-140.31096905947834
1542	1 32	1 34	1 54	1 56	-100.84056322612123
1543	1 32	1 34	1 53	1 55	-128.57235066343503
1544	1 32	1 34	1 55	1 57	299.3851528684301
1545	1 32	1 34	1 57	1 59	-55.148618900452114
1546	1 32	1 34	1 59	1 61	-112.10738900172896
1547	1 32	1 34	1 61	1 63	-98.1511904198099
1548	1 32	1 34	1 63	1 65	235.0651715357813
1549	1 32	1 34	1 65	1 67	-50.348914938707146
1550	1 32	1 34	1 67	1 69	-87.8267797368442
1551	1 32	1 34	1 69	1 71	-70.08179258575456
1552	1 32	1 34	1 71	1 1	217.89172438696124
1553	1 32	1 34	1 56	1 58	321.1753608107819
1554	1 32	1 34	1 58	1 60	-99.6719375258892
1555	1 32	1 34	1 60	1 62	-109.91014453687282
1556	1 32	1 34	1 62	1 64	-70.1594782439596
1557	1 32	1 34	1 64	1 66	250.4455210473347
1558	1 32	1 34	1 66	1 68	-80.95302731283329
1559	1 32	1 34	1 68	1 70	-86.43960150093693
1560	1 32	1 34	1 70	1 72	-40.67680243640079
1561	1 32	1 34	1 72	1 2	193.6178591569794
1562	1 33	1 35	1 34	1 36	158.95191012865402
1563	1 33	1 35	1 36	1 38	-50.84429426061729
1564	1 33	1 35	1 38	1 40	-9.46186140607551
1565	1 33	1 35	1 40	1 42	-101.33802601151362
1566	1 33	1 35	1 42	1 44	129.00076935398798
1567	1 33	1 35	1 44	1 46	-21.500407088631594
1568	1 33	1 35	1 46	1 48	-7.1286524086773735
1569	1 33	1 35	1 48	1 50	-94.28601582962729
1570	1 33	1 35	1 50	1 52	87.65479091348712
1571	1 33	1 35	1 52	1 54	6.613924244337792
1572	1 33	1 35	1 37	1 39	-19.844266307466405
1573	1 33	1 35	1 41	1 43	264.7994524188106
1574	1 33	1 35	1 43	1 45	-3.3409652311108955
1575	1 33	1 35	1 45	1 47	-12.887906148935826
1576	1 33	1 35	1 49	1 51	113.95866360145548
1577	1 33	1 35	1 51	1 53	32.79124259758207
1578	1 33	1 35	1 53	1 55	-0.3922479937754893
1579	1 33	1 35	1 55	1 57	-101.76576494361515
1580	1 33	1 35	1 54	1 56	-2.338372058948318
1581	1 33	1 35	1 56	1 58	-82.11123942656661
1582	1 33	1 35	1 58	1 60	59.6099380144421
1583	1 33	1 35	1 60	1 62	16.867782459679532
1584	1 33	1 35	1 62	1 64	2.3845126545616924
1585	1 33	1 35	1 64	1 66	-69.31391144472609
1586	1 33	1 35	1 66	1 68	41.30414072566497
1587	1 33	1 35	1 68	1 70	19.241969997690138
1588	1 33	1 35	1 70	1 72	4.233209805473603
1589	1 33	1 35	1 72	1 2	-70.91397953194488
1590	1 33	1 35	1 57	1 59	54.91462730723263
1591	1 33	1 35	1 59	1 61	37.99628993186805
1592	1 33	1 35	1 61	1 63	7.142085854973871
1593	1 33	1 35	1 63	1 65	-81.48774082126674
1594	1 33	1 35	1 65	1 67	33.93642714132227
1595	1 33	1 35	1 67	1 69	31.13609000409612
1596	1 33	1 35	1 69	1 71	10.937148341742436
1597	1 33	1 35	1 71	1 1	-100.76888555463819
1598	1 34	1 36	1 35	1 37	158.10528896936773
1599	1 34	1 36	1 37	1 39	-52.148818758715606
1600	1 34	1 36	1 41	1 43	121.68866347976524
1601	1 34	1 36	1 43	1 45	113.09078219794151
1602	1 34	1 36	1 45	1 47	-19.168181985333746
1603	1 34	1 36	1 47	1 49	-163.49434423679213
1604	1 34	1 36	1 49	1 51	73.99193737733583
1605	1 34	1 36	1 51	1 53	75.19729270894845
1606	1 34	1 36	1 53	1 55	7.496112995870641
1607	1 34	1 36	1 38	1 40	-20.030517151458035
1608	1 34	1 36	1 42	1 44	208.35368411438316
1609	1 34	1 36	1 46	1 48	-12.51275027170707
1610	1 34	1 36	1 48	1 50	-136.92251658131931
1611	1 34	1 36	1 50	1 52	102.36950124730069
1612	1 34	1 36	1 52	1 54	32.142754697753745
1613	1 34	1 36	1 54	1 56	-1.4953239730830266
1614	1 34	1 36	1 55	1 57	-123.28586650727595
1615	1 34	1 36	1 57	1 59	43.38345783861314
1616	1 34	1 36	1 59	1 61	55.049050860157294
1617	1 34	1 36	1 61	1 63	16.04911210498784
1618	1 34	1 36	1 63	1 65	-96.6507131987349
1619	1 34	1 36	1 65	1 67	31.44637496057907
1620	1 34	1 36	1 67	1 69	39.81760504852478
1621	1 34	1 36	1 69	1 71	17.520412288306886
1622	1 34	1 36	1 71	1 1	-99.39303011901768
1623	1 34	1 36	1 58	1 60	65.1123856185113
1624	1 34	1 36	1 60	1 62	32.39245061093069
1625	1 34	1 36	1 62	1 64	5.772216841073767
1626	1 34	1 36	1 64	1 66	-89.06222223461546
1627	1 34	1 36	1 66	1 68	45.036408635296795
1628	1 34	1 36	1 68	1 70	28.729798369257942
1629	1 34	1 36	1 70	1 72	7.204809884566583
1630	1 35	1 37	1 36	1 38	152.39600266242692
1631	1 35	1 37	1 38	1 40	-55.18805577932539
1632	1 35	1 37	1 40	1 42	-209.07245592130562
1633	1 35	1 37	1 42	1 44	114.69296338968317
1634	1 35	1 37	1 44	1 46	113.291901966294
1635	1 35	1 37	1 46	1 48	-22.717332174381063
1636	1 35	1 37	1 48	1 50	-163.11017061159106
1637	1 35	1 37	1 50	1 52	74.06687082103522
1638	1 35	1 37	1 52	1 54	76.02520524751031
1639	1 35	1 37	1 54	1 56	4.005049776370969
1640	1 35	1 37	1 41	1 43	-5.570833710278684
1641	1 35	1 37	1 43	1 45	206.34271763409077
1642	1 35	1 37	1 47	1 49	-174.6518244237866
1643	1 35	1 37	1 49	1 51	26.713671961416463
1644	1 35	1 37	1 51	1 53	101.20103019268296
1645	1 35	1 37	1 53	1 55	31.423958116077564
1646	1 35	1 37	1 55	1 57	-136.25330781656015
1647	1 35	1 37	1 57	1 59	26.504409439895237
1648	1 35	1 37	1 56	1 58	-129.6785869497734
1649	1 35	1 37	1 58	1 60	54.82896174778588
1650	1 35	1 37	1 60	1 62	51.87818205646843
1651	1 35	1 37	1 62	1 64	13.029027725928032
1652	1 35	1 37	1 64	1 66	-103.83259595157185
1653	1 35	1 37	1 66	1 68	41.65886200320163
1654	1 35	1 37	1 68	1 70	38.50724246884755
1655	1 35	1 37	1 70	1 72	11.814808009265446
1656	1 35	1 37	1 72	1 2	-95.9689952670962
1657	1 35	1 37	1 59	1 61	63.22121842503761
1658	1 35	1 37	1 61	1 63	31.99697715290901
1659	1 35	1 37	1 63	1 65	-106.00839583965711
1660	1 35	1 37	1 65	1 67	25.03849986450225
1661	1 35	1 37	1 67	1 69	44.0093304632813
1662	1 35	1 37	1 69	1 71	26.253567567219697
1663	1 35	1 37	1 71	1 1	-107.59550317633105
1664	1 36	1 38	1 37	1 39	153.72739329573307
1665	1 36	1 38	1 41	1 43	-21.514312532500867
1666	1 36	1 38	1 43	1 45	119.29398244613989
1667	1 36	1 38	1 45	1 47	109.12040964096126
1668	1 36	1 38	1 47	1 49	-191.37929595350374
1669	1 36	1 38	1 49	1 51	4.8849661212067055
1670	1 36	1 38	1 51	1 53	80.55850430735774
1671	1 36	1 38	1 53	1 55	72.0234680491769
1672	1 36	1 38	1 55	1 57	-141.74410891741388
1673	1 36	1 38	1 44	1 46	208.68981527224543
1674	1 36	1 38	1 46	1 48	-11.828368653358117
1675	1 36	1 38	1 48	1 50	-175.94338756963145
1676	1 36	1 38	1 50	1 52	32.90656759039847
1677	1 36	1 38	1 52	1 54	100.55517596542
1678	1 36	1 38	1 54	1 56	24.713150797644886
1679	1 36	1 38	1 58	1 60	36.34370233508704
1680	1 36	1 38	1 57	1 59	14.080395103146385
1681	1 36	1 38	1 59	1 61	54.29761220928361
1682	1 36	1 38	1 61	1 63	50.134750632473455
1683	1 36	1 38	1 63	1 65	-107.28283089405028
1684	1 36	1 38	1 65	1 67	18.008844793495157
1685	1 36	1 38	1 67	1 69	40.65025359196969
1686	1 36	1 38	1 69	1 71	33.76655904222753
1687	1 36	1 38	1 71	1 1	-115.90815596645155
1688	1 36	1 38	1 60	1 62	61.57619871254191
1689	1 36	1 38	1 62	1 64	25.788343302447842
1690	1 36	1 38	1 64	1 66	-109.14197404574705
1691	1 36	1 38	1 66	1 68	32.72833649445327
1692	1 36	1 38	1 68	1 70	42.735798240919806
1693	1 36	1 38	1 70	1 72	17.285044803755852
1694	1 36	1 38	1 72	1 2	-112.07913346490653
1695	1 37	1 39	1 38	1 40	191.0496898164618
1696	1 37	1 39	1 40	1 42	-279.1092618274132
1697	1 37	1 39	1 42	1 44	-19.451962376960527
1698	1 37	1 39	1 44	1 46	123.50097531336468
1699	1 37	1 39	1 46	1 48	120.5107787830319
1700	1 37	1 39	1 50	1 52	8.352246995236527
1701	1 37	1 39	1 52	1 54	77.37568581236688
1702	1 37	1 39	1 54	1 56	75.02375218675795
1703	1 37	1 39	1 56	1 58	-148.29057661297156
1704	1 37	1 39	1 41	1 43	-12.866244993961558
1705	1 37	1 39	1 43	1 45	5.188154337958993
1706	1 37	1 39	1 45	1 47	210.2260299950218
1707	1 37	1 39	1 47	1 49	-191.42105952687345
1708	1 37	1 39	1 51	1 53	37.37659313257156
1709	1 37	1 39	1 53	1 55	102.42694888060363
1710	1 37	1 39	1 55	1 57	-127.58368056975863
1711	1 37	1 39	1 57	1 59	6.709731879408922
1712	1 37	1 39	1 59	1 61	35.213466118383295
1713	1 37	1 39	1 58	1 60	19.616468142010014
1714	1 37	1 39	1 60	1 62	54.48280289812036
1715	1 37	1 39	1 62	1 64	46.29964297165837
1716	1 37	1 39	1 64	1 66	-110.02799462618407
1717	1 37	1 39	1 66	1 68	22.56436586081544
1718	1 37	1 39	1 68	1 70	40.07346235364474
1719	1 37	1 39	1 70	1 72	23.725657851890446
1720	1 37	1 39	1 72	1 2	-106.77446437277669
1721	1 37	1 39	1 61	1 63	61.920428800329915
1722	1 37	1 39	1 65	1 67	11.76955015314692
1723	1 37	1 39	1 67	1 69	31.559542869547137
1724	1 37	1 39	1 69	1 71	37.6383627141194
1725	1 37	1 39	1 71	1 1	-102.44880897854284
1726	1 38	1 40	1 39	1 41	-121.11465307741904
1727	1 38	1 40	1 41	1 43	-7.568638660609464
1728	1 38	1 40	1 43	1 45	-21.68152781267574
1729	1 38	1 40	1 45	1 47	123.73352753688889
1730	1 38	1 40	1 47	1 49	-89.15343851363428
1731	1 38	1 40	1 49	1 51	-2.5396185408682186
1732	1 38	1 40	1 51	1 53	7.8569943717484705
1733	1 38	1 40	1 53	1 55	80.94089281354277
1734	1 38	1 40	1 55	1 57	-80.30739354542172
1735	1 38	1 40	1 57	1 59	2.4123539325708583
1736	1 38	1 40	1 42	1 44	-13.611317388046135
1737	1 38	1 40	1 44	1 46	-1.3701233475300707
1738	1 38	1 40	1 46	1 48	252.17204305168727
1739	1 38	1 40	1 48	1 50	-227.35872859954623
1740	1 38	1 40	1 50	1 52	-1.081092539953696
1741	1 38	1 40	1 52	1 54	31.028484233259896
1742	1 38	1 40	1 54	1 56	112.82944029400872
1743	1 38	1 40	1 56	1 58	-133.80752583131346
1744	1 38	1 40	1 58	1 60	8.146176816440288
1745	1 38	1 40	1 60	1 62	34.12297665726061
1746	1 38	1 40	1 59	1 61	16.574293826083824
1747	1 38	1 40	1 61	1 63	53.770535295886916
1748	1 38	1 40	1 63	1 65	-67.89638178782468
1749	1 38	1 40	1 65	1 67	6.493921184218282
1750	1 38	1 40	1 67	1 69	19.81198070220853
1751	1 38	1 40	1 69	1 71	32.85558366421479
1752	1 38	1 40	1 71	1 1	-69.50137486851371
1753	1 38	1 40	1 62	1 64	57.7105670297011
1754	1 38	1 40	1 64	1 66	-92.48075383968757
1755	1 38	1 40	1 66	1 68	12.83955294023562
1756	1 38	1 40	1 68	1 70	29.487345390977758
1757	1 38	1 40	1 70	1 72	25.5351199161408
1758	1 38	1 40	1 72	1 2	-76.9476924676473
1759	1 39	1 41	1 40	1 42	626.2638059701493
1760	1 39	1 41	1 42	1 44	-258.2669180001361
1761	1 39	1 41	1 44	1 46	-215.09731537119592
1762	1 39	1 41	1 46	1 48	-88.89233826301242
1763	1 39	1 41	1 48	1 50	527.0088152985074
1764	1 39	1 41	1 50	1 52	-219.86648939807418
1765	1 39	1 41	1 52	1 54	-169.2478855884898
1766	1 39	1 41	1 54	1 56	-77.81034745308673
1767	1 39	1 41	1 56	1 58	416.7146879682423
1768	1 39	1 41	1 58	1 60	-171.42173818349414
1769	1 39	1 41	1 43	1 45	-212.8264814762654
1770	1 39	1 41	1 45	1 47	-193.73970720648293
1771	1 39	1 41	1 47	1 49	604.5519135103186
1772	1 39	1 41	1 49	1 51	-218.00634216141583
1773	1 39	1 41	1 51	1 53	-191.43648012712123
1774	1 39	1 41	1 53	1 55	-136.59659395490945
1775	1 39	1 41	1 55	1 57	435.83885348181946
1776	1 39	1 41	1 57	1 59	-122.73272328509185
1777	1 39	1 41	1 59	1 61	-160.1098664514691
1778	1 39	1 41	1 61	1 63	-107.58198209747522
1779	1 39	1 41	1 60	1 62	-137.7495011824001
1780	1 39	1 41	1 62	1 64	-65.75421380147026
1781	1 39	1 41	1 64	1 66	334.2762657261407
1782	1 39	1 41	1 66	1 68	-133.5647165175467
1783	1 39	1 41	1 68	1 70	-112.72863941838267
1784	1 39	1 41	1 70	1 72	-43.966680960548885
1785	1 39	1 41	1 72	1 2	177.14750797072548
1786	1 39	1 41	1 63	1 65	335.3995534313921
1787	1 39	1 41	1 65	1 67	-92.66433557155081
1788	1 39	1 41	1 67	1 69	-127.03962658255722
1789	1 39	1 41	1 69	1 71	-83.40042487136768
1790	1 39	1 41	1 71	1 1	197.18397754241943
1791	1 40	1 42	1 41	1 43	-102.21180871190911
1792	1 40	1 42	1 43	1 45	-241.7760736629479
1793	1 40	1 42	1 45	1 47	-212.4912171195851
1794	1 40	1 42	1 47	1 49	514.3555831805605
1795	1 40	1 42	1 49	1 51	-93.5008818931294
1796	1 40	1 42	1 51	1 53	-205.16445803137924
1797	1 40	1 42	1 53	1 55	-167.57052463757765
1798	1 40	1 42	1 55	1 57	403.07399015828116
1799	1 40	1 42	1 57	1 59	-73.04773895345286
1800	1 40	1 42	1 59	1 61	-155.59477675558134
1801	1 40	1 42	1 44	1 46	-211.46741423236497
1802	1 40	1 42	1 46	1 48	-223.09359440044355
1803	1 40	1 42	1 48	1 50	611.8478246462772
1804	1 40	1 42	1 50	1 52	-198.68916834620177
1805	1 40	1 42	1 52	1 54	-180.0667355494499
1806	1 40	1 42	1 56	1 58	434.1821298393645
1807	1 40	1 42	1 58	1 60	-140.90510972507855
1808	1 40	1 42	1 60	1 62	-145.04477640201915
1809	1 40	1 42	1 62	1 64	-93.01614800594109
1810	1 40	1 42	1 61	1 63	-129.9095118103567
1811	1 40	1 42	1 63	1 65	317.8492418840701
1812	1 40	1 42	1 65	1 67	-67.77951314540351
1813	1 40	1 42	1 67	1 69	-120.54433618355623
1814	1 40	1 42	1 69	1 71	-93.97324021479169
1815	1 40	1 42	1 71	1 1	188.71487368773901
1816	1 40	1 42	1 64	1 66	335.1946236943769
1817	1 40	1 42	1 66	1 68	-111.81867418877843
1818	1 40	1 42	1 68	1 70	-116.84386069832547
1819	1 40	1 42	1 70	1 72	-54.57849398511212
1820	1 40	1 42	1 72	1 2	179.43485019294292
1821	1 41	1 43	1 42	1 44	162.31905291067125
1822	1 41	1 43	1 44	1 46	-49.585276759018086
1823	1 41	1 43	1 46	1 48	-9.33580971102942
1824	1 41	1 43	1 48	1 50	-111.88748395893487
1825	1 41	1 43	1 50	1 52	138.45476179118504
1826	1 41	1 43	1 52	1 54	-19.18461267468699
1827	1 41	1 43	1 54	1 56	-6.795170960304253
1828	1 41	1 43	1 56	1 58	-104.75359041702168
1829	1 41	1 43	1 58	1 60	94.3817570360223
1830	1 41	1 43	1 60	1 62	9.400917571319376
1831	1 41	1 43	1 45	1 47	-19.76045238745528
1832	1 41	1 43	1 49	1 51	242.22271099695158
1833	1 41	1 43	1 53	1 55	-11.454607563800014
1834	1 41	1 43	1 55	1 57	-148.98127497410093
1835	1 41	1 43	1 57	1 59	102.64769527723728
1836	1 41	1 43	1 59	1 61	43.634547679045625
1837	1 41	1 43	1 63	1 65	-109.73783339012172
1838	1 41	1 43	1 62	1 64	-0.9689447492240246
1839	1 41	1 43	1 64	1 66	-91.44903492263197
1840	1 41	1 43	1 66	1 68	64.21369926710395
1841	1 41	1 43	1 68	1 70	20.5276103596687
1842	1 41	1 43	1 70	1 72	3.1639693732467435
1843	1 41	1 43	1 72	1 2	-55.67591938992779
1844	1 41	1 43	1 65	1 67	57.89284023039238
1845	1 41	1 43	1 67	1 69	41.23417974367989
1846	1 41	1 43	1 69	1 71	9.915771586372399
1847	1 41	1 43	1 71	1 1	-70.69002607249878
1848	1 42	1 44	1 43	1 45	156.17144747554434
1849	1 42	1 44	1 45	1 47	-52.377456515819475
1850	1 42	1 44	1 47	1 49	-229.1064805378225
1851	1 42	1 44	1 49	1 51	126.5609821123794
1852	1 42	1 44	1 51	1 53	121.05359408950628
1853	1 42	1 44	1 53	1 55	-19.250943817503327
1854	1 42	1 44	1 55	1 57	-176.93142870536212
1855	1 42	1 44	1 57	1 59	74.21735956266116
1856	1 42	1 44	1 59	1 61	88.7870711212691
1857	1 42	1 44	1 61	1 63	6.912285630040866
1858	1 42	1 44	1 46	1 48	-19.907802705669866
1859	1 42	1 44	1 50	1 52	223.43249627583012
1860	1 42	1 44	1 54	1 56	-13.334767475036887
1861	1 42	1 44	1 58	1 60	118.94480616056114
1862	1 42	1 44	1 60	1 62	33.47157478694007
1863	1 42	1 44	1 63	1 65	-140.72910819634572
1864	1 42	1 44	1 65	1 67	52.06378544684034
1865	1 42	1 44	1 67	1 69	61.63032912811069
1866	1 42	1 44	1 69	1 71	18.525427911226032
1867	1 42	1 44	1 71	1 1	-89.80607920421258
1868	1 42	1 44	1 66	1 68	75.23298272432669
1869	1 42	1 44	1 68	1 70	36.873800877708774
1870	1 42	1 44	1 70	1 72	5.945537079564243
1871	1 43	1 45	1 44	1 46	144.21057460798522
1872	1 43	1 45	1 46	1 48	-49.77339251420766
1873	1 43	1 45	1 50	1 52	115.26857518366938
1874	1 43	1 45	1 52	1 54	116.76929956923769
1875	1 43	1 45	1 54	1 56	-22.18050019724914
1876	1 43	1 45	1 56	1 58	-172.08205710107018
1877	1 43	1 45	1 58	1 60	83.82010685494058
1878	1 43	1 45	1 60	1 62	76.49053723741014
1879	1 43	1 45	1 62	1 64	4.428619045085517
1880	1 43	1 45	1 51	1 53	210.3692371616081
1881	1 43	1 45	1 55	1 57	-183.11313032482644
1882	1 43	1 45	1 57	1 59	29.083551631882628
1883	1 43	1 45	1 59	1 61	106.31137672272322
1884	1 43	1 45	1 61	1 63	31.820869128840855
1885	1 43	1 45	1 63	1 65	-146.2398887362444
1886	1 43	1 45	1 65	1 67	33.575814930837325
1887	1 43	1 45	1 64	1 66	-140.0497452361077
1888	1 43	1 45	1 66	1 68	61.60337720695007
1889	1 43	1 45	1 68	1 70	54.809250428008625
1890	1 43	1 45	1 70	1 72	11.787485552384187
1891	1 43	1 45	1 72	1 2	-101.78051581225913
1892	1 43	1 45	1 67	1 69	66.64667019479299
1893	1 43	1 45	1 69	1 71	32.625774924792154
1894	1 43	1 45	1 71	1 1	-109.04229396654577
1895	1 44	1 46	1 45	1 47	161.0600147251476
1896	1 44	1 46	1 47	1 49	-246.85696983001708
1897	1 44	1 46	1 49	1 51	-22.302389796022887
1898	1 44	1 46	1 51	1 53	119.68005162294375
1899	1 44	1 46	1 53	1 55	117.08474288741749
1900	1 44	1 46	1 57	1 59	5.531649270340552
1901	1 44	1 46	1 59	1 61	77.66720511009609
1902	1 44	1 46	1 61	1 63	78.93019507580024
1903	1 44	1 46	1 63	1 65	-149.78774444812728
1904	1 44	1 46	1 52	1 54	206.13304489872593
1905	1 44	1 46	1 56	1 58	-183.2814727792166
1906	1 44	1 46	1 58	1 60	34.791247051937546
1907	1 44	1 46	1 60	1 62	104.59086533606558
1908	1 44	1 46	1 62	1 64	28.482506169871208
1909	1 44	1 46	1 64	1 66	-149.16227582247913
1910	1 44	1 46	1 66	1 68	39.18906192458611
1911	1 44	1 46	1 65	1 67	18.379341177796146
1912	1 44	1 46	1 67	1 69	56.89198836537129
1913	1 44	1 46	1 69	1 71	50.67564531955003
1914	1 44	1 46	1 71	1 1	-112.48741356572569
1915	1 44	1 46	1 68	1 70	65.19685332521345
1916	1 44	1 46	1 70	1 72	23.24157391725
1917	1 44	1 46	1 72	1 2	-110.425629646962
1918	1 45	1 47	1 46	1 48	150.18655367880865
1919	1 45	1 47	1 50	1 52	-19.83812251916325
1920	1 45	1 47	1 52	1 54	116.90507279089579
1921	1 45	1 47	1 54	1 56	118.81609222985895
1922	1 45	1 47	1 58	1 60	9.418750094354412
1923	1 45	1 47	1 60	1 62	81.82891410119554
1924	1 45	1 47	1 62	1 64	73.50606073433963
1925	1 45	1 47	1 64	1 66	-153.04880909777725
1926	1 45	1 47	1 49	1 51	-12.736356557297405
1927	1 45	1 47	1 51	1 53	7.776497448040622
1928	1 45	1 47	1 53	1 55	215.0308439219104
1929	1 45	1 47	1 55	1 57	-200.0788134317121
1930	1 45	1 47	1 59	1 61	33.73256362177775
1931	1 45	1 47	1 61	1 63	106.94775187069787
1932	1 45	1 47	1 65	1 67	9.911500388992966
1933	1 45	1 47	1 67	1 69	37.80728189750055
1934	1 45	1 47	1 66	1 68	21.90823575444437
1935	1 45	1 47	1 68	1 70	57.69584810683453
1936	1 45	1 47	1 70	1 72	36.484865610537554
1937	1 45	1 47	1 72	1 2	-111.51652845404746
1938	1 45	1 47	1 69	1 71	58.41771719582796
1939	1 45	1 47	1 71	1 1	-103.13079485480233
1940	1 46	1 48	1 47	1 49	-87.53636615269906
1941	1 46	1 48	1 49	1 51	-6.54366486211512
1942	1 46	1 48	1 51	1 53	-17.743966456535134
1943	1 46	1 48	1 53	1 55	127.8961411248175
1944	1 46	1 48	1 55	1 57	-97.77014257616722
1945	1 46	1 48	1 57	1 59	-0.6675184704420479
1946	1 46	1 48	1 59	1 61	8.642262908520694
1947	1 46	1 48	1 61	1 63	85.73435466182114
1948	1 46	1 48	1 63	1 65	-88.77375150294998
1949	1 46	1 48	1 65	1 67	5.378684226813489
1950	1 46	1 48	1 50	1 52	-11.792382445391171
1951	1 46	1 48	1 54	1 56	236.7593158462417
1952	1 46	1 48	1 56	1 58	-216.97572128728746
1953	1 46	1 48	1 58	1 60	1.6265125844679655
1954	1 46	1 48	1 60	1 62	37.34418125739215
1955	1 46	1 48	1 62	1 64	108.89666529963826
1956	1 46	1 48	1 64	1 66	-139.17607747675171
1957	1 46	1 48	1 66	1 68	11.566354411304648
1958	1 46	1 48	1 68	1 70	39.37140499689362
1959	1 46	1 48	1 67	1 69	21.360312751861315
1960	1 46	1 48	1 69	1 71	50.90450252132606
1961	1 46	1 48	1 71	1 1	-78.18626662368507
1962	1 46	1 48	1 70	1 72	44.2051936890245
1963	1 46	1 48	1 72	1 2	-94.10979520253629
1964	1 47	1 49	1 48	1 50	620.5878311657034
1965	1 47	1 49	1 50	1 52	-279.7081653116596
1966	1 47	1 49	1 52	1 54	-217.85140622347697
1967	1 47	1 49	1 54	1 56	-89.2347204602558
1968	1 47	1 49	1 56	1 58	547.4793680743115
1969	1 47	1 49	1 58	1 60	-241.30351030504323
1970	1 47	1 49	1 60	1 62	-179.7427101085995
1971	1 47	1 49	1 62	1 64	-79.48524558432965
1972	1 47	1 49	1 64	1 66	445.60043739505227
1973	1 47	1 49	1 66	1 68	-186.0491329479769
1974	1 47	1 49	1 51	1 53	-229.57384605146368
1975	1 47	1 49	1 53	1 55	-203.72419239623855
1976	1 47	1 49	1 55	1 57	618.2971009853661
1977	1 47	1 49	1 57	1 59	-189.71993957569106
1978	1 47	1 49	1 59	1 61	-210.21346973502182
1979	1 47	1 49	1 63	1 65	459.3019193751259
1980	1 47	1 49	1 65	1 67	-134.16879616689957
1981	1 47	1 49	1 67	1 69	-170.7269552341017
1982	1 47	1 49	1 69	1 71	-109.17852403498655
1983	1 47	1 49	1 68	1 70	-149.40503629006662
1984	1 47	1 49	1 70	1 72	-55.50887606551097
1985	1 47	1 49	1 72	1 2	194.74092895447848
1986	1 47	1 49	1 71	1 1	200.0646472575982
1987	1 48	1 50	1 49	1 51	-119.34270949640701
1988	1 48	1 50	1 51	1 53	-254.09385871222756
1989	1 48	1 50	1 53	1 55	-225.13301272946944
1990	1 48	1 50	1 55	1 57	546.9478114478114
1991	1 48	1 50	1 57	1 59	-95.98689383578417
1992	1 48	1 50	1 59	1 61	-221.0102002587918
1993	1 48	1 50	1 61	1 63	-178.5303693429907
1994	1 48	1 50	1 63	1 65	441.90647084397085
1995	1 48	1 50	1 65	1 67	-92.25670461645353
1996	1 48	1 50	1 67	1 69	-170.87638892230052
1997	1 48	1 50	1 52	1 54	-217.74597791447317
1998	1 48	1 50	1 54	1 56	-221.93538033173428
1999	1 48	1 50	1 56	1 58	639.7690949504753
2000	1 48	1 50	1 58	1 60	-225.6181511373627
2001	1 48	1 50	1 60	1 62	-195.51688224200967
2002	1 48	1 50	1 62	1 64	-139.39401631663208
2003	1 48	1 50	1 64	1 66	477.3080655222317
2004	1 48	1 50	1 66	1 68	-161.88093453010882
2005	1 48	1 50	1 68	1 70	-162.1681278893069
2006	1 48	1 50	1 70	1 72	-78.06657295652722
2007	1 48	1 50	1 69	1 71	-132.08618163378833
2008	1 48	1 50	1 71	1 1	208.61211047293168
2009	1 48	1 50	1 72	1 2	213.4062796027502
2010	1 49	1 51	1 50	1 52	183.02746488650075
2011	1 49	1 51	1 52	1 54	-51.905284126189386
2012	1 49	1 51	1 54	1 56	-8.599468072310893
2013	1 49	1 51	1 58	1 60	143.8211677228952
2014	1 49	1 51	1 60	1 62	-17.6918405344095
2015	1 49	1 51	1 62	1 64	-5.047847991499607
2016	1 49	1 51	1 64	1 66	-109.40669505655083
2017	1 49	1 51	1 66	1 68	96.49808246042633
2018	1 49	1 51	1 68	1 70	11.847548685660358
2019	1 49	1 51	1 53	1 55	-19.10190117691178
2020	1 49	1 51	1 57	1 59	214.88813693933747
2021	1 49	1 51	1 59	1 61	12.72575442911022
2022	1 49	1 51	1 61	1 63	-11.388999214793593
2023	1 49	1 51	1 65	1 67	102.52373819457159
2024	1 49	1 51	1 67	1 69	43.89298850545747
2025	1 49	1 51	1 69	1 71	3.547827986182896
2026	1 49	1 51	1 71	1 1	-59.090211136554004
2027	1 49	1 51	1 72	1 2	-50.36892927443604
2028	1 50	1 52	1 51	1 53	159.46249527965384
2029	1 50	1 52	1 53	1 55	-53.87731075211524
2030	1 50	1 52	1 55	1 57	-241.5884203434967
2031	1 50	1 52	1 57	1 59	129.19834355163874
2032	1 50	1 52	1 59	1 61	140.79675582261729
2033	1 50	1 52	1 61	1 63	-25.701012506716786
2034	1 50	1 52	1 63	1 65	-198.56614603091683
2035	1 50	1 52	1 65	1 67	89.12452778956337
2036	1 50	1 52	1 67	1 69	95.30194395810923
2037	1 50	1 52	1 69	1 71	9.275970517022476
2038	1 50	1 52	1 54	1 56	-20.18268088040255
2039	1 50	1 52	1 58	1 60	252.3742389246419
2040	1 50	1 52	1 60	1 62	-6.860498718781695
2041	1 50	1 52	1 62	1 64	-12.456166164909842
2042	1 50	1 52	1 64	1 66	-170.45763341600514
2043	1 50	1 52	1 66	1 68	134.23959639300506
2044	1 50	1 52	1 68	1 70	35.72623103704217
2045	1 50	1 52	1 72	1 2	-82.4260769172534
2046	1 50	1 52	1 71	1 1	-94.50441244162539
2047	1 51	1 53	1 52	1 54	161.91860068815902
2048	1 51	1 53	1 54	1 56	-54.575395193806216
2049	1 51	1 53	1 58	1 60	137.86366414800787
2050	1 51	1 53	1 60	1 62	120.28864561504307
2051	1 51	1 53	1 62	1 64	-24.630593978966033
2052	1 51	1 53	1 64	1 66	-192.71450599599666
2053	1 51	1 53	1 66	1 68	98.598915849332
2054	1 51	1 53	1 68	1 70	83.10032356842763
2055	1 51	1 53	1 70	1 72	4.814975551320053
2056	1 51	1 53	1 59	1 61	235.0247225395638
2057	1 51	1 53	1 63	1 65	-205.39388039695754
2058	1 51	1 53	1 65	1 67	40.91004935723119
2059	1 51	1 53	1 67	1 69	117.63155787460065
2060	1 51	1 53	1 69	1 71	34.10534945984283
2061	1 51	1 53	1 71	1 1	-125.16425075770105
2062	1 51	1 53	1 72	1 2	-117.08465976627319
2063	1 52	1 54	1 53	1 55	146.30610931176707
2064	1 52	1 54	1 57	1 59	-22.216768983464725
2065	1 52	1 54	1 59	1 61	120.0727773971415
2066	1 52	1 54	1 61	1 63	126.4280270180837
2067	1 52	1 54	1 65	1 67	10.732315072848042
2068	1 52	1 54	1 67	1 69	85.09806345297515
2069	1 52	1 54	1 69	1 71	79.86882075343517
2070	1 52	1 54	1 71	1 1	-128.78403752839148
2071	1 52	1 54	1 60	1 62	229.8550727206989
2072	1 52	1 54	1 64	1 66	-198.27353051746724
2073	1 52	1 54	1 66	1 68	39.35546786425718
2074	1 52	1 54	1 68	1 70	113.71400462663425
2075	1 52	1 54	1 70	1 72	25.02281419615817
2076	1 52	1 54	1 72	1 2	-125.25855981819856
2077	1 53	1 55	1 54	1 56	175.98395800112638
2078	1 53	1 55	1 58	1 60	-24.815415373349634
2079	1 53	1 55	1 60	1 62	123.80857969702768
2080	1 53	1 55	1 62	1 64	127.92820569974107
2081	1 53	1 55	1 66	1 68	8.76630022052682
2082	1 53	1 55	1 68	1 70	85.98579990318015
2083	1 53	1 55	1 70	1 72	61.78440773860254
2084	1 53	1 55	1 72	1 2	-123.22374163565648
2085	1 53	1 55	1 57	1 59	-11.985415931510909
2086	1 53	1 55	1 59	1 61	-12.001224802195383
2087	1 53	1 55	1 61	1 63	229.50306660947143
2088	1 53	1 55	1 65	1 67	1.8343037762068568
2089	1 53	1 55	1 67	1 69	34.656122406466125
2090	1 53	1 55	1 69	1 71	101.63685964398351
2091	1 53	1 55	1 71	1 1	-108.66800671248913
2092	1 54	1 56	1 55	1 57	-109.57795939104605
2093	1 54	1 56	1 57	1 59	-5.100867548858062
2094	1 54	1 56	1 59	1 61	-20.20317257747473
2095	1 54	1 56	1 61	1 63	135.19419109502903
2096	1 54	1 56	1 63	1 65	-105.79044535318081
2097	1 54	1 56	1 65	1 67	1.440849132850358
2098	1 54	1 56	1 67	1 69	13.425513956939117
2099	1 54	1 56	1 69	1 71	78.91497954190586
2100	1 54	1 56	1 71	1 1	-81.01324733066386
2101	1 54	1 56	1 58	1 60	-11.471671898923827
2102	1 54	1 56	1 62	1 64	241.34231803071958
2103	1 54	1 56	1 64	1 66	-225.1692744802745
2104	1 54	1 56	1 66	1 68	3.8673484798858295
2105	1 54	1 56	1 68	1 70	43.83529782212749
2106	1 54	1 56	1 70	1 72	83.36444671542088
2107	1 54	1 56	1 72	1 2	-115.33493287904987
2108	1 55	1 57	1 56	1 58	674.7989033346566
2109	1 55	1 57	1 58	1 60	-309.1660483539564
2110	1 55	1 57	1 60	1 62	-234.16829853456102
2111	1 55	1 57	1 62	1 64	-99.97530517185996
2112	1 55	1 57	1 64	1 66	608.795819154108
2113	1 55	1 57	1 66	1 68	-273.6721768105117
2114	1 55	1 57	1 68	1 70	-199.50192352596667
2115	1 55	1 57	1 70	1 72	-71.0052237642289
2116	1 55	1 57	1 72	1 2	231.08989686083711
2117	1 55	1 57	1 59	1 61	-254.98267757654864
2118	1 55	1 57	1 61	1 63	-215.37557956481425
2119	1 55	1 57	1 65	1 67	-231.8897728692286
2120	1 55	1 57	1 67	1 69	-232.73000112771086
2121	1 55	1 57	1 69	1 71	-150.22942843936846
2122	1 55	1 57	1 71	1 1	229.02999808054756
2123	1 56	1 58	1 57	1 59	-126.68046316803824
2124	1 56	1 58	1 59	1 61	-284.67627925227714
2125	1 56	1 58	1 61	1 63	-240.56751488273767
2126	1 56	1 58	1 63	1 65	611.6803240778704
2127	1 56	1 58	1 65	1 67	-128.53807390319275
2128	1 56	1 58	1 67	1 69	-244.59249065795007
2129	1 56	1 58	1 69	1 71	-180.73124989901618
2130	1 56	1 58	1 71	1 1	247.03563930230825
2131	1 56	1 58	1 60	1 62	-237.6070632816606
2132	1 56	1 58	1 62	1 64	-221.28292335189724
2133	1 56	1 58	1 66	1 68	-255.0248105124756
2134	1 56	1 58	1 68	1 70	-217.01267650247928
2135	1 56	1 58	1 70	1 72	-112.90350866164026
2136	1 56	1 58	1 72	1 2	270.1813064076653
2137	1 57	1 59	1 58	1 60	189.91071942595266
2138	1 57	1 59	1 60	1 62	-53.75018848895472
2139	1 57	1 59	1 62	1 64	-6.841877931667824
2140	1 57	1 59	1 66	1 68	156.2019532628937
2141	1 57	1 59	1 68	1 70	-20.635132012541376
2142	1 57	1 59	1 70	1 72	-3.8356340908030746
2143	1 57	1 59	1 72	1 2	-53.28628898415601
2144	1 57	1 59	1 61	1 63	-19.09874158460486
2145	1 57	1 59	1 65	1 67	247.42654020920975
2146	1 57	1 59	1 69	1 71	-9.528942392872594
2147	1 57	1 59	1 71	1 1	-59.294831028669236
2148	1 58	1 60	1 59	1 61	198.04139765060955
2149	1 58	1 60	1 61	1 63	-65.9430562479229
2150	1 58	1 60	1 63	1 65	-282.4923576396962
2151	1 58	1 60	1 65	1 67	161.64571539913035
2152	1 58	1 60	1 67	1 69	153.05485972472164
2153	1 58	1 60	1 69	1 71	-24.078880526267113
2154	1 58	1 60	1 71	1 1	-112.4138221718328
2155	1 58	1 60	1 62	1 64	-19.36930862309388
2156	1 58	1 60	1 66	1 68	291.8832582073852
2157	1 58	1 60	1 68	1 70	-11.804331749830023
2158	1 58	1 60	1 70	1 72	-10.63503410075203
2159	1 58	1 60	1 72	1 2	-101.77796336371117
2160	1 59	1 61	1 60	1 62	147.96407855818757
2161	1 59	1 61	1 62	1 64	-50.60905671082889
2162	1 59	1 61	1 66	1 68	163.01877638900538
2163	1 59	1 61	1 68	1 70	127.85883468988413
2164	1 59	1 61	1 70	1 72	-18.178798533434538
2165	1 59	1 61	1 72	1 2	-130.69341549779327
2166	1 59	1 61	1 65	1 67	6.0210479260197225
2167	1 59	1 61	1 67	1 69	263.1101717232101
2168	1 59	1 61	1 71	1 1	-142.14052947045923
2169	1 60	1 62	1 61	1 63	191.32899690477916
2170	1 60	1 62	1 65	1 67	-20.985539559674617
2171	1 60	1 62	1 67	1 69	128.41889007418936
2172	1 60	1 62	1 69	1 71	144.78186107532042
2173	1 60	1 62	1 71	1 1	-176.44070042220346
2174	1 60	1 62	1 66	1 68	-11.431299491708735
2175	1 60	1 62	1 68	1 70	255.98004921596646
2176	1 60	1 62	1 70	1 72	4.804186090936064
2177	1 60	1 62	1 72	1 2	-160.02824568921054
2178	1 61	1 63	1 62	1 64	157.0083435006619
2179	1 61	1 63	1 66	1 68	-24.6250302734884
2180	1 61	1 63	1 68	1 70	149.18858001336895
2181	1 61	1 63	1 70	1 72	104.45989212500714
2182	1 61	1 63	1 72	1 2	-174.28949185873444
2183	1 61	1 63	1 65	1 67	-10.871085999132186
2184	1 61	1 63	1 67	1 69	2.1418930506682523
2185	1 61	1 63	1 69	1 71	225.44624820572005
2186	1 61	1 63	1 71	1 1	-168.30045972071485
2187	1 62	1 64	1 63	1 65	-98.71133295789141
2188	1 62	1 64	1 65	1 67	-4.534747560194743
2189	1 62	1 64	1 67	1 69	-15.945616046685833
2190	1 62	1 64	1 69	1 71	110.91787960796461
2191	1 62	1 64	1 71	1 1	-65.86212714344019
2192	1 62	1 64	1 66	1 68	-10.423277625031155
2193	1 62	1 64	1 68	1 70	7.856826671393208
2194	1 62	1 64	1 70	1 72	180.48243537197624
2195	1 62	1 64	1 72	1 2	-147.83080456917423
2196	1 63	1 65	1 64	1 66	742.6833638201598
2197	1 63	1 65	1 66	1 68	-354.7870014267105
2198	1 63	1 65	1 68	1 70	-269.6513558785704
2199	1 63	1 65	1 70	1 72	-85.4405945205115
2200	1 63	1 65	1 72	1 2	317.51412065236894
2201	1 63	1 65	1 67	1 69	-290.8560237123188
2202	1 63	1 65	1 69	1 71	-221.35674648324368
2203	1 63	1 65	1 71	1 1	324.84518849206347
2204	1 64	1 66	1 67	1 69	-318.82153837588316
2205	1 64	1 66	1 69	1 71	-242.26212786834782
2206	1 64	1 66	1 71	1 1	306.4949635841095
2207	1 64	1 66	1 68	1 70	-271.68153962485275
2208	1 64	1 66	1 70	1 72	-178.11205885035326
2209	1 64	1 66	1 72	1 2	360.88040114336513
2210	1 65	1 67	1 66	1 68	225.13949962984378
2211	1 65	1 67	1 68	1 70	-58.24586639598273
2212	1 65	1 67	1 70	1 72	-7.303839279728495
2213	1 65	1 67	1 72	1 2	-67.33763268171353
2214	1 65	1 67	1 69	1 71	-20.895968550303085
2215	1 65	1 67	1 71	1 1	-72.79811366267208
2216	1 66	1 68	1 67	1 69	210.62825645061378
2217	1 66	1 68	1 69	1 71	-62.512686801600324
2218	1 66	1 68	1 71	1 1	-125.53640340945059
2219	1 66	1 68	1 70	1 72	-17.20637758669088
2220	1 67	1 69	1 68	1 70	177.74312271986759
2221	1 67	1 69	1 70	1 72	-44.557004996934964
2222	1 67	1 69	1 72	1 2	-149.3983715184873
2223	1 67	1 69	1 71	1 1	-162.25581034470343
2224	1 68	1 70	1 69	1 71	208.18682484996665
2225	1 68	1 70	1 71	1 1	-228.25003680840697
2226	1 69	1 71	1 70	1 72	174.74620742817973
2227	1 69	1 71	1 72	1 2	-249.44153100511068
2228	1 70	1 72	1 71	1 1	-94.82404092071613
2229	1 71	1 1	1 72	1 2	1533.5277170252953
