1493
1	1 1	1 3	1 2	1 4	307.6986273174021
2	1 1	1 3	1 4	1 6	-155.43471414861415
3	1 1	1 3	1 6	1 8	-35.87971957343063
4	1 1	1 3	1 20	1 22	8.65415227377915
5	1 1	1 3	1 5	1 7	-63.51649148198622
6	1 1	1 3	1 7	1 9	-246.24001706643406
7	1 1	1 3	1 13	1 15	-22.106619009607346
8	1 1	1 3	1 28	1 30	17.50116842566443
9	1 1	1 3	1 36	1 38	16.491802557260847
10	1 1	1 3	1 38	1 40	4.5407214897256525
11	1 1	1 3	1 37	1 39	8.601595871173412
12	1 1	1 3	1 46	1 48	5.431450876631928
13	1 1	1 3	1 54	1 56	5.734938385053875
14	1 1	1 3	1 60	1 62	10.395066385628951
15	1 1	1 3	1 45	1 47	9.402685809483126
16	1 1	1 3	1 53	1 55	9.31728783629229
17	1 1	1 3	1 61	1 63	8.36830249685243
18	1 1	1 3	1 63	1 65	-25.119466398049592
19	1 1	1 3	1 62	1 64	5.150245546848939
20	1 1	1 3	1 64	1 66	-25.61157250206308
21	1 1	1 3	1 68	1 70	8.960876602560752
22	1 1	1 3	1 70	1 72	3.8160083163273217
23	1 1	1 3	1 67	1 69	9.826706901050576
24	1 1	1 3	1 69	1 71	7.047173462200822
25	1 2	1 4	1 3	1 5	364.3369415306915
26	1 2	1 4	1 5	1 7	-214.0008326148737
27	1 2	1 4	1 7	1 9	-329.1238446738447
28	1 2	1 4	1 11	1 13	157.49926718162013
29	1 2	1 4	1 13	1 15	-31.040324380074082
30	1 2	1 4	1 15	1 17	-230.27689456756622
31	1 2	1 4	1 19	1 21	100.78901616778387
32	1 2	1 4	1 6	1 8	-100.1003166978566
33	1 2	1 4	1 12	1 14	15.293009214050581
34	1 2	1 4	1 14	1 16	-37.18430333046558
35	1 2	1 4	1 16	1 18	-180.10360396117915
36	1 2	1 4	1 20	1 22	49.52054811431919
37	1 2	1 4	1 22	1 24	-11.169752156038314
38	1 2	1 4	1 24	1 26	-130.36216583987328
39	1 2	1 4	1 23	1 25	-158.9553172864959
40	1 2	1 4	1 27	1 29	63.60362695475985
41	1 2	1 4	1 31	1 33	-110.58690691322376
42	1 2	1 4	1 35	1 37	41.64331928045124
43	1 2	1 4	1 39	1 41	-79.19627607720803
44	1 2	1 4	1 28	1 30	43.34002317886663
45	1 2	1 4	1 32	1 34	-95.69223880036905
46	1 2	1 4	1 36	1 38	31.975456818441067
47	1 2	1 4	1 40	1 42	-74.71135699519445
48	1 2	1 4	1 42	1 44	28.098283309277875
49	1 2	1 4	1 43	1 45	29.40721396416066
50	1 2	1 4	1 47	1 49	-58.56510826014471
51	1 2	1 4	1 51	1 53	22.44597747097579
52	1 2	1 4	1 55	1 57	-46.43512804164841
53	1 2	1 4	1 50	1 52	20.99575231101103
54	1 2	1 4	1 58	1 60	16.762780683364483
55	1 2	1 4	1 65	1 67	7.719064887334753
56	1 2	1 4	1 66	1 68	13.45528135794552
57	1 3	1 5	1 4	1 6	397.88961671394634
58	1 3	1 5	1 6	1 8	-271.50905668940607
59	1 3	1 5	1 8	1 10	-351.4385909964569
60	1 3	1 5	1 10	1 12	185.92104415276677
61	1 3	1 5	1 12	1 14	190.47486428799516
62	1 3	1 5	1 16	1 18	-254.73723626100747
63	1 3	1 5	1 18	1 20	104.22333922315764
64	1 3	1 5	1 20	1 22	117.22192860856003
65	1 3	1 5	1 11	1 13	295.3641035297426
66	1 3	1 5	1 13	1 15	14.340582409524565
67	1 3	1 5	1 15	1 17	-300.0130095055683
68	1 3	1 5	1 19	1 21	144.0403594598256
69	1 3	1 5	1 21	1 23	42.33044836548866
70	1 3	1 5	1 24	1 26	-184.6262510135574
71	1 3	1 5	1 26	1 28	61.71629347317525
72	1 3	1 5	1 34	1 36	40.3496131957909
73	1 3	1 5	1 41	1 43	19.61883707039198
74	1 3	1 5	1 49	1 51	14.189921293793502
75	1 3	1 5	1 72	1 2	-335.9714092639298
76	1 3	1 5	1 71	1 1	-230.36091549722704
77	1 4	1 6	1 5	1 7	418.65523495185664
78	1 4	1 6	1 7	1 9	-641.8539534668162
79	1 4	1 6	1 9	1 11	-21.759074960998507
80	1 4	1 6	1 11	1 13	199.9023998932513
81	1 4	1 6	1 13	1 15	202.27259642820096
82	1 4	1 6	1 17	1 19	12.085133098178229
83	1 4	1 6	1 19	1 21	113.7684334620055
84	1 4	1 6	1 21	1 23	108.76475389736584
85	1 4	1 6	1 23	1 25	-211.0577571767381
86	1 4	1 6	1 10	1 12	24.201600732886817
87	1 4	1 6	1 16	1 18	-323.62167137795313
88	1 4	1 6	1 18	1 20	47.894780203676575
89	1 4	1 6	1 20	1 22	153.4119416749367
90	1 4	1 6	1 22	1 24	49.38897865965473
91	1 4	1 6	1 24	1 26	-221.0476608061673
92	1 4	1 6	1 26	1 28	38.564791224369074
93	1 4	1 6	1 25	1 27	18.495272590015023
94	1 4	1 6	1 29	1 31	71.55567356879064
95	1 4	1 6	1 33	1 35	17.78018234308167
96	1 4	1 6	1 41	1 43	14.364298997004477
97	1 4	1 6	1 34	1 36	29.988735825909494
98	1 4	1 6	1 71	1 1	-153.5597274932012
99	1 4	1 6	1 72	1 2	-192.39490319775177
100	1 5	1 7	1 6	1 8	772.1097247130367
101	1 5	1 7	1 8	1 10	-944.5125623042185
102	1 5	1 7	1 10	1 12	-37.89935461185391
103	1 5	1 7	1 12	1 14	235.68817382035576
104	1 5	1 7	1 14	1 16	362.5116443012405
105	1 5	1 7	1 18	1 20	8.00958975486001
106	1 5	1 7	1 20	1 22	129.16917697250852
107	1 5	1 7	1 22	1 24	204.62510604746825
108	1 5	1 7	1 24	1 26	-320.90993738631073
109	1 5	1 7	1 13	1 15	457.6997173901536
110	1 5	1 7	1 15	1 17	-440.2190616080274
111	1 5	1 7	1 17	1 19	-3.317072046729959
112	1 5	1 7	1 19	1 21	51.68067966787054
113	1 5	1 7	1 21	1 23	192.47710605843235
114	1 5	1 7	1 23	1 25	-222.6282777553236
115	1 5	1 7	1 25	1 27	6.360687327407388
116	1 5	1 7	1 27	1 29	47.62928767314105
117	1 5	1 7	1 26	1 28	18.779392722598487
118	1 5	1 7	1 28	1 30	86.29547149637298
119	1 5	1 7	1 30	1 32	102.68284224931631
120	1 5	1 7	1 34	1 36	20.60432817217066
121	1 5	1 7	1 38	1 40	65.74976114718513
122	1 5	1 7	1 29	1 31	110.87852226948104
123	1 5	1 7	1 33	1 35	10.537455478126212
124	1 5	1 7	1 37	1 39	68.06900921658986
125	1 5	1 7	1 41	1 43	10.688348547117002
126	1 5	1 7	1 49	1 51	9.910218766772365
127	1 5	1 7	1 72	1 2	-145.95658372056866
128	1 5	1 7	1 71	1 1	-123.13293972618034
129	1 6	1 8	1 7	1 9	-461.2215586426996
130	1 6	1 8	1 9	1 11	-19.757740217419357
131	1 6	1 8	1 11	1 13	-47.726195754502115
132	1 6	1 8	1 13	1 15	345.06536568781945
133	1 6	1 8	1 19	1 21	8.31765754488709
134	1 6	1 8	1 21	1 23	191.28512633981376
135	1 6	1 8	1 23	1 25	-180.81197835501797
136	1 6	1 8	1 10	1 12	-37.320428625410656
137	1 6	1 8	1 14	1 16	754.7132608891809
138	1 6	1 8	1 16	1 18	-729.7795116210082
139	1 6	1 8	1 18	1 20	-6.792186452510906
140	1 6	1 8	1 20	1 22	62.31127624189658
141	1 6	1 8	1 22	1 24	343.95488672512687
142	1 6	1 8	1 24	1 26	-382.835553713942
143	1 6	1 8	1 26	1 28	7.157706987369288
144	1 6	1 8	1 28	1 30	67.09768338986409
145	1 6	1 8	1 27	1 29	26.75016513134853
146	1 6	1 8	1 29	1 31	123.15207490303584
147	1 6	1 8	1 33	1 35	6.1630416181242555
148	1 6	1 8	1 37	1 39	75.05865356289394
149	1 6	1 8	1 41	1 43	7.845841831135949
150	1 6	1 8	1 45	1 47	47.73795612755948
151	1 6	1 8	1 30	1 32	152.11748530515956
152	1 6	1 8	1 34	1 36	13.493809741297047
153	1 6	1 8	1 36	1 38	52.74585166008998
154	1 6	1 8	1 38	1 40	87.11725841893798
155	1 6	1 8	1 42	1 44	16.633005621947454
156	1 6	1 8	1 46	1 48	50.15087947266563
157	1 6	1 8	1 49	1 51	8.201040543852642
158	1 6	1 8	1 71	1 1	-104.03840661514266
159	1 6	1 8	1 72	1 2	-118.93650488465624
160	1 7	1 9	1 8	1 10	1359.6419940931082
161	1 7	1 9	1 12	1 14	-375.9740381487752
162	1 7	1 9	1 16	1 18	872.2467804570646
163	1 7	1 9	1 11	1 13	-305.9266474642169
164	1 7	1 9	1 13	1 15	-430.786284053567
165	1 7	1 9	1 15	1 17	895.3455128205128
166	1 7	1 9	1 21	1 23	-220.02793842545026
167	1 7	1 9	1 23	1 25	542.509227743741
168	1 7	1 9	1 27	1 29	-164.51829620288638
169	1 7	1 9	1 29	1 31	-152.3420988408496
170	1 7	1 9	1 28	1 30	-178.15685628261966
171	1 7	1 9	1 30	1 32	-115.38039746065056
172	1 7	1 9	1 32	1 34	387.37837580597136
173	1 7	1 9	1 36	1 38	-122.37436661490096
174	1 7	1 9	1 38	1 40	-91.13455172469232
175	1 7	1 9	1 40	1 42	286.09056040253296
176	1 7	1 9	1 42	1 44	-76.43554101564179
177	1 7	1 9	1 44	1 46	-92.94806652229951
178	1 7	1 9	1 46	1 48	-64.33933297727415
179	1 7	1 9	1 31	1 33	380.9828323269966
180	1 7	1 9	1 35	1 37	-120.65000500899862
181	1 7	1 9	1 37	1 39	-111.44328492837496
182	1 7	1 9	1 39	1 41	269.01107564723856
183	1 7	1 9	1 43	1 45	-90.88770648281326
184	1 7	1 9	1 45	1 47	-80.62074659646146
185	1 7	1 9	1 47	1 49	197.80116641856722
186	1 7	1 9	1 50	1 52	-60.664873370902875
187	1 7	1 9	1 58	1 60	-50.59757500566433
188	1 7	1 9	1 66	1 68	-41.96112395281057
189	1 7	1 9	1 51	1 53	-71.83248179034192
190	1 7	1 9	1 57	1 59	-28.270027734113462
191	1 7	1 9	1 65	1 67	-23.681917748295053
192	1 8	1 10	1 9	1 11	-118.34660445379984
193	1 8	1 10	1 11	1 13	-312.1471240923554
194	1 8	1 10	1 13	1 15	-501.84226896493584
195	1 8	1 10	1 19	1 21	-240.6639378018025
196	1 8	1 10	1 21	1 23	-298.8327153942442
197	1 8	1 10	1 23	1 25	557.2607376067422
198	1 8	1 10	1 27	1 29	-168.3934880345571
199	1 8	1 10	1 12	1 14	-356.92095559363173
200	1 8	1 10	1 14	1 16	-695.7536499851379
201	1 8	1 10	1 20	1 22	-263.615404040404
202	1 8	1 10	1 22	1 24	-371.60520120208514
203	1 8	1 10	1 24	1 26	735.718650064639
204	1 8	1 10	1 28	1 30	-197.76980359974095
205	1 8	1 10	1 30	1 32	-191.26023657977254
206	1 8	1 10	1 29	1 31	-212.21890475180206
207	1 8	1 10	1 31	1 33	395.5475155979451
208	1 8	1 10	1 35	1 37	-121.7907117139656
209	1 8	1 10	1 37	1 39	-141.95881450015088
210	1 8	1 10	1 43	1 45	-93.42395041231705
211	1 8	1 10	1 45	1 47	-98.75383254454219
212	1 8	1 10	1 47	1 49	210.0177371616017
213	1 8	1 10	1 32	1 34	453.1277926465427
214	1 8	1 10	1 34	1 36	-88.21436942122918
215	1 8	1 10	1 36	1 38	-138.34549126695867
216	1 8	1 10	1 38	1 40	-134.16052489177488
217	1 8	1 10	1 40	1 42	328.57624999999996
218	1 8	1 10	1 42	1 44	-71.01891033644768
219	1 8	1 10	1 44	1 46	-104.16406796048646
220	1 8	1 10	1 46	1 48	-86.692990430622
221	1 8	1 10	1 50	1 52	-58.41055218855219
222	1 8	1 10	1 49	1 51	-34.915277517306244
223	1 8	1 10	1 57	1 59	-27.11475930829662
224	1 9	1 11	1 10	1 12	183.08323113258447
225	1 9	1 11	1 12	1 14	-52.38128491501506
226	1 9	1 11	1 22	1 24	-11.306849760941574
227	1 9	1 11	1 24	1 26	-81.56510661726176
228	1 9	1 11	1 28	1 30	7.286228494727977
229	1 9	1 11	1 13	1 15	-23.31863209881451
230	1 9	1 11	1 21	1 23	-14.483391223868107
231	1 9	1 11	1 23	1 25	-137.55610755141095
232	1 9	1 11	1 27	1 29	31.624630376245356
233	1 9	1 11	1 36	1 38	14.415002349386784
234	1 9	1 11	1 44	1 46	15.52575088523161
235	1 9	1 11	1 46	1 48	4.473785180390291
236	1 9	1 11	1 48	1 50	-44.74887302754658
237	1 9	1 11	1 37	1 39	5.4422707485387285
238	1 9	1 11	1 43	1 45	23.179424539683655
239	1 9	1 11	1 45	1 47	8.7496115739178
240	1 9	1 11	1 52	1 54	13.978688278419849
241	1 9	1 11	1 54	1 56	5.638154345490598
242	1 9	1 11	1 56	1 58	-36.958877490075835
243	1 9	1 11	1 60	1 62	12.181485447157076
244	1 9	1 11	1 62	1 64	5.510901458575752
245	1 9	1 11	1 64	1 66	-30.780243972311535
246	1 9	1 11	1 68	1 70	10.51701630404146
247	1 9	1 11	1 53	1 55	9.846578860547147
248	1 9	1 11	1 59	1 61	14.894651205882784
249	1 9	1 11	1 61	1 63	9.289984516117315
250	1 9	1 11	1 63	1 65	-30.673165221689715
251	1 9	1 11	1 69	1 71	8.08576288124679
252	1 9	1 11	1 70	1 72	4.375948180244302
253	1 10	1 12	1 11	1 13	173.68337319240857
254	1 10	1 12	1 13	1 15	-58.859387595594114
255	1 10	1 12	1 15	1 17	-242.1126917624788
256	1 10	1 12	1 19	1 21	130.6558768641093
257	1 10	1 12	1 21	1 23	-24.023247782460466
258	1 10	1 12	1 23	1 25	-174.25356385595234
259	1 10	1 12	1 27	1 29	78.96100877961482
260	1 10	1 12	1 14	1 16	-31.237362938673577
261	1 10	1 12	1 16	1 18	-211.81249258562542
262	1 10	1 12	1 20	1 22	7.849858040244069
263	1 10	1 12	1 22	1 24	-20.895764966762485
264	1 10	1 12	1 24	1 26	-140.28799708254553
265	1 10	1 12	1 26	1 28	95.32844855072885
266	1 10	1 12	1 28	1 30	36.95531983304166
267	1 10	1 12	1 32	1 34	-101.52762207585737
268	1 10	1 12	1 31	1 33	-123.0630430478079
269	1 10	1 12	1 35	1 37	50.03754527820805
270	1 10	1 12	1 39	1 41	-88.69931872447067
271	1 10	1 12	1 43	1 45	33.946627764118944
272	1 10	1 12	1 45	1 47	16.68732389017117
273	1 10	1 12	1 47	1 49	-65.40172858189257
274	1 10	1 12	1 36	1 38	32.05668595664388
275	1 10	1 12	1 40	1 42	-80.30745519713263
276	1 10	1 12	1 42	1 44	34.5166768050939
277	1 10	1 12	1 44	1 46	26.652731969084876
278	1 10	1 12	1 48	1 50	-63.305946084783955
279	1 10	1 12	1 50	1 52	24.849672640382316
280	1 10	1 12	1 52	1 54	21.221878484986163
281	1 10	1 12	1 51	1 53	25.46203066144004
282	1 10	1 12	1 55	1 57	-51.410905970989624
283	1 10	1 12	1 57	1 59	11.529425776663942
284	1 10	1 12	1 59	1 61	19.864843964577403
285	1 10	1 12	1 63	1 65	-41.216058581753444
286	1 10	1 12	1 65	1 67	8.912751348013803
287	1 10	1 12	1 67	1 69	15.883370963862825
288	1 10	1 12	1 56	1 58	-51.03888829806783
289	1 10	1 12	1 58	1 60	19.355215774171782
290	1 10	1 12	1 60	1 62	17.53482946181073
291	1 10	1 12	1 64	1 66	-42.20416886625013
292	1 10	1 12	1 66	1 68	15.223735829955167
293	1 11	1 13	1 12	1 14	202.67614245446975
294	1 11	1 13	1 14	1 16	-72.13519375923542
295	1 11	1 13	1 16	1 18	-254.05814242284197
296	1 11	1 13	1 18	1 20	121.4488692298286
297	1 11	1 13	1 20	1 22	152.5479848691347
298	1 11	1 13	1 22	1 24	-35.805296736446465
299	1 11	1 13	1 24	1 26	-191.9788787732513
300	1 11	1 13	1 26	1 28	72.22855852891271
301	1 11	1 13	1 28	1 30	92.13799126637554
302	1 11	1 13	1 19	1 21	243.66388367791086
303	1 11	1 13	1 23	1 25	-209.8034972852979
304	1 11	1 13	1 25	1 27	29.282373454390132
305	1 11	1 13	1 27	1 29	111.59113286028872
306	1 11	1 13	1 34	1 36	46.62756425921035
307	1 11	1 13	1 42	1 44	33.355151046184034
308	1 11	1 13	1 50	1 52	25.396106495237774
309	1 11	1 13	1 35	1 37	62.446445725978975
310	1 11	1 13	1 41	1 43	20.746610287803662
311	1 11	1 13	1 43	1 45	41.08901507602302
312	1 11	1 13	1 49	1 51	15.47069089526293
313	1 11	1 13	1 57	1 59	11.400815024096172
314	1 11	1 13	1 71	1 1	-170.64194597779664
315	1 11	1 13	1 72	1 2	-183.0816593724501
316	1 12	1 14	1 13	1 15	248.81475372413493
317	1 12	1 14	1 17	1 19	-16.91226373550465
318	1 12	1 14	1 19	1 21	140.0962163624758
319	1 12	1 14	1 25	1 27	6.3963237710601195
320	1 12	1 14	1 27	1 29	86.96172537901109
321	1 12	1 14	1 29	1 31	96.68712119812812
322	1 12	1 14	1 18	1 20	2.376920316193571
323	1 12	1 14	1 20	1 22	272.4703328465286
324	1 12	1 14	1 24	1 26	-248.89397394731083
325	1 12	1 14	1 26	1 28	31.135326237480925
326	1 12	1 14	1 28	1 30	126.11614380366271
327	1 12	1 14	1 30	1 32	36.76758043438472
328	1 12	1 14	1 34	1 36	30.180030027685255
329	1 12	1 14	1 33	1 35	14.142139680809734
330	1 12	1 14	1 41	1 43	14.031059321350734
331	1 12	1 14	1 49	1 51	12.3318858061922
332	1 12	1 14	1 42	1 44	26.832020423563264
333	1 12	1 14	1 71	1 1	-134.87319760729736
334	1 12	1 14	1 72	1 2	-150.76901793858315
335	1 13	1 15	1 14	1 16	325.41696810347116
336	1 13	1 15	1 18	1 20	-22.37103018797371
337	1 13	1 15	1 20	1 22	148.30902059723715
338	1 13	1 15	1 22	1 24	239.40629032063572
339	1 13	1 15	1 26	1 28	4.482806504576889
340	1 13	1 15	1 28	1 30	99.5286132463041
341	1 13	1 15	1 30	1 32	122.67849485672558
342	1 13	1 15	1 21	1 23	313.3372849754088
343	1 13	1 15	1 23	1 25	-286.7230858378414
344	1 13	1 15	1 27	1 29	34.55625378780749
345	1 13	1 15	1 29	1 31	147.27365469978014
346	1 13	1 15	1 33	1 35	5.722911847890005
347	1 13	1 15	1 34	1 36	14.718662640995397
348	1 13	1 15	1 36	1 38	63.552807397319675
349	1 13	1 15	1 38	1 40	76.44475562740952
350	1 13	1 15	1 46	1 48	46.43367400844371
351	1 13	1 15	1 41	1 43	8.338639175542035
352	1 13	1 15	1 45	1 47	49.67261865948902
353	1 13	1 15	1 49	1 51	8.906067772695504
354	1 13	1 15	1 72	1 2	-117.7111841966028
355	1 13	1 15	1 71	1 1	-104.92918647550994
356	1 14	1 16	1 19	1 21	-28.488947000911267
357	1 14	1 16	1 21	1 23	209.26674106317017
358	1 14	1 16	1 27	1 29	8.24683030438797
359	1 14	1 16	1 29	1 31	139.60003494946974
360	1 14	1 16	1 18	1 20	-16.982392532902338
361	1 14	1 16	1 22	1 24	503.7950226544825
362	1 14	1 16	1 24	1 26	-467.7338997605841
363	1 14	1 16	1 26	1 28	-2.1625509104644403
364	1 14	1 16	1 28	1 30	50.24243838200406
365	1 14	1 16	1 30	1 32	201.26114771280777
366	1 14	1 16	1 36	1 38	48.83515154924872
367	1 14	1 16	1 35	1 37	22.15045139220251
368	1 14	1 16	1 37	1 39	84.29249084855678
369	1 14	1 16	1 41	1 43	5.650399146597422
370	1 14	1 16	1 49	1 51	6.948873296676281
371	1 14	1 16	1 38	1 40	106.65228183577065
372	1 14	1 16	1 44	1 46	40.71009223951535
373	1 14	1 16	1 46	1 48	59.46702075745674
374	1 14	1 16	1 71	1 1	-91.51684757724638
375	1 14	1 16	1 72	1 2	-101.89253754940711
376	1 15	1 17	1 16	1 18	843.5324605483174
377	1 15	1 17	1 20	1 22	-270.6606829155537
378	1 15	1 17	1 22	1 24	-183.0629734252853
379	1 15	1 17	1 24	1 26	633.9788306451613
380	1 15	1 17	1 28	1 30	-196.50695227027282
381	1 15	1 17	1 30	1 32	-115.47606719276385
382	1 15	1 17	1 32	1 34	431.03209372023684
383	1 15	1 17	1 19	1 21	-237.7627462176634
384	1 15	1 17	1 21	1 23	-283.90722865694954
385	1 15	1 17	1 23	1 25	674.3361344537815
386	1 15	1 17	1 25	1 27	-178.73807754484773
387	1 15	1 17	1 27	1 29	-183.58468840405015
388	1 15	1 17	1 29	1 31	-175.02848780830257
389	1 15	1 17	1 31	1 33	446.78879310344826
390	1 15	1 17	1 35	1 37	-136.68086723806815
391	1 15	1 17	1 37	1 39	-120.02279860114777
392	1 15	1 17	1 36	1 38	-137.38122106732695
393	1 15	1 17	1 38	1 40	-96.55972887694284
394	1 15	1 17	1 40	1 42	322.6966554997208
395	1 15	1 17	1 42	1 44	-93.17360843042775
396	1 15	1 17	1 44	1 46	-104.52223482646829
397	1 15	1 17	1 46	1 48	-68.58353100208278
398	1 15	1 17	1 48	1 50	244.3901246353347
399	1 15	1 17	1 50	1 52	-72.0480574213754
400	1 15	1 17	1 52	1 54	-79.54297738374694
401	1 15	1 17	1 54	1 56	-53.658085174179575
402	1 15	1 17	1 39	1 41	313.1712108890582
403	1 15	1 17	1 43	1 45	-105.03117929181121
404	1 15	1 17	1 45	1 47	-89.44799494334958
405	1 15	1 17	1 47	1 49	229.47090875033612
406	1 15	1 17	1 51	1 53	-83.03131091361502
407	1 15	1 17	1 53	1 55	-72.97517021142995
408	1 15	1 17	1 55	1 57	180.3174269121065
409	1 15	1 17	1 57	1 59	-34.033640989096035
410	1 15	1 17	1 56	1 58	190.12367467388748
411	1 15	1 17	1 58	1 60	-59.649782325204995
412	1 15	1 17	1 60	1 62	-64.7702209396368
413	1 15	1 17	1 66	1 68	-48.893758282469705
414	1 15	1 17	1 68	1 70	-53.499154903824504
415	1 15	1 17	1 72	1 2	276.4822302422315
416	1 15	1 17	1 59	1 61	-65.4931760961953
417	1 15	1 17	1 65	1 67	-27.889089170504718
418	1 15	1 17	1 67	1 69	-53.76777557683424
419	1 15	1 17	1 71	1 1	338.4004982728263
420	1 16	1 18	1 19	1 21	-255.24414560656186
421	1 16	1 18	1 21	1 23	-329.602221509096
422	1 16	1 18	1 23	1 25	607.8766590056252
423	1 16	1 18	1 27	1 29	-195.41095375986657
424	1 16	1 18	1 29	1 31	-239.6421980023149
425	1 16	1 18	1 31	1 33	444.98956209567393
426	1 16	1 18	1 35	1 37	-139.83684396282143
427	1 16	1 18	1 20	1 22	-261.24530430586634
428	1 16	1 18	1 22	1 24	-463.6932628119377
429	1 16	1 18	1 24	1 26	856.2623918637998
430	1 16	1 18	1 26	1 28	-155.1241335853812
431	1 16	1 18	1 28	1 30	-216.51413533787132
432	1 16	1 18	1 30	1 32	-226.77912716062445
433	1 16	1 18	1 32	1 34	516.7823842611176
434	1 16	1 18	1 36	1 38	-154.10569406835947
435	1 16	1 18	1 38	1 40	-151.85719533870525
436	1 16	1 18	1 37	1 39	-162.09043551290756
437	1 16	1 18	1 39	1 41	319.3594154642989
438	1 16	1 18	1 43	1 45	-106.6072107196527
439	1 16	1 18	1 45	1 47	-111.88424807370305
440	1 16	1 18	1 49	1 51	-39.070560221327
441	1 16	1 18	1 51	1 53	-84.6629720484351
442	1 16	1 18	1 53	1 55	-87.94969310382209
443	1 16	1 18	1 55	1 57	189.5856603773585
444	1 16	1 18	1 42	1 44	-81.0132644780073
445	1 16	1 18	1 44	1 46	-117.43867159889658
446	1 16	1 18	1 46	1 48	-99.73466791979949
447	1 16	1 18	1 48	1 50	272.96969884248483
448	1 16	1 18	1 50	1 52	-66.10855257936508
449	1 16	1 18	1 52	1 54	-87.78055930278641
450	1 16	1 18	1 54	1 56	-70.33934071074191
451	1 16	1 18	1 56	1 58	206.52980813257255
452	1 16	1 18	1 58	1 60	-56.62086389547238
453	1 16	1 18	1 57	1 59	-30.495251590968802
454	1 16	1 18	1 59	1 61	-66.85267989891518
455	1 16	1 18	1 65	1 67	-26.657535658050115
456	1 16	1 18	1 67	1 69	-55.2386587671883
457	1 16	1 18	1 71	1 1	320.4536610815305
458	1 16	1 18	1 60	1 62	-70.80276016413671
459	1 16	1 18	1 66	1 68	-48.3913918498686
460	1 16	1 18	1 68	1 70	-57.91024803759725
461	1 16	1 18	1 72	1 2	298.99910006187076
462	1 17	1 19	1 30	1 32	-7.16110903421926
463	1 17	1 19	1 36	1 38	5.630965519777809
464	1 17	1 19	1 21	1 23	-17.062493545859716
465	1 17	1 19	1 35	1 37	27.64443104020161
466	1 17	1 19	1 40	1 42	-62.23827941970687
467	1 17	1 19	1 44	1 46	13.889920112176531
468	1 17	1 19	1 48	1 50	-52.60679164835916
469	1 17	1 19	1 52	1 54	14.791600630218682
470	1 17	1 19	1 54	1 56	4.707748267507127
471	1 17	1 19	1 45	1 47	6.146732930968707
472	1 17	1 19	1 47	1 49	-60.47722018104429
473	1 17	1 19	1 51	1 53	22.344973658575
474	1 17	1 19	1 53	1 55	9.270270343146386
475	1 17	1 19	1 55	1 57	-47.021966035282404
476	1 17	1 19	1 59	1 61	18.579979685701915
477	1 17	1 19	1 60	1 62	13.74142580467252
478	1 17	1 19	1 62	1 64	5.4246800726185285
479	1 17	1 19	1 64	1 66	-36.94823875058671
480	1 17	1 19	1 68	1 70	12.32667452673748
481	1 17	1 19	1 70	1 72	4.704248388624105
482	1 17	1 19	1 61	1 63	9.757932062622432
483	1 17	1 19	1 63	1 65	-37.64275127742667
484	1 17	1 19	1 67	1 69	14.895160356019606
485	1 17	1 19	1 69	1 71	9.00439120410991
486	1 18	1 20	1 19	1 21	142.38165918624054
487	1 18	1 20	1 21	1 23	-42.280952570132094
488	1 18	1 20	1 23	1 25	-195.74591835030347
489	1 18	1 20	1 27	1 29	104.0113461959645
490	1 18	1 20	1 29	1 31	-18.29706319100714
491	1 18	1 20	1 31	1 33	-140.68885454473389
492	1 18	1 20	1 35	1 37	64.45507798546994
493	1 18	1 20	1 22	1 24	-21.716494263355827
494	1 18	1 20	1 24	1 26	-172.83308984534193
495	1 18	1 20	1 28	1 30	6.337522600957904
496	1 18	1 20	1 30	1 32	-13.06769668317428
497	1 18	1 20	1 32	1 34	-114.0681323547177
498	1 18	1 20	1 34	1 36	79.57160251672447
499	1 18	1 20	1 36	1 38	27.80830821180768
500	1 18	1 20	1 40	1 42	-89.0687230519375
501	1 18	1 20	1 39	1 41	-103.455738177624
502	1 18	1 20	1 43	1 45	42.32251795174082
503	1 18	1 20	1 45	1 47	14.213717669391318
504	1 18	1 20	1 47	1 49	-76.58016928133483
505	1 18	1 20	1 51	1 53	30.765404650797176
506	1 18	1 20	1 53	1 55	16.15529634807017
507	1 18	1 20	1 55	1 57	-59.97234673054742
508	1 18	1 20	1 57	1 59	14.644020879726765
509	1 18	1 20	1 42	1 44	46.92033832488221
510	1 18	1 20	1 44	1 46	28.01985856922282
511	1 18	1 20	1 48	1 50	-71.42616007514552
512	1 18	1 20	1 50	1 52	31.89486343223958
513	1 18	1 20	1 52	1 54	23.607250850563936
514	1 18	1 20	1 54	1 56	8.802742452132836
515	1 18	1 20	1 56	1 58	-58.2159537122487
516	1 18	1 20	1 58	1 60	24.059626183244525
517	1 18	1 20	1 60	1 62	19.740128528347658
518	1 18	1 20	1 59	1 61	23.815450076897633
519	1 18	1 20	1 61	1 63	15.102372827715248
520	1 18	1 20	1 63	1 65	-47.86588199225588
521	1 18	1 20	1 65	1 67	11.042335466545776
522	1 18	1 20	1 67	1 69	18.85011025206976
523	1 18	1 20	1 69	1 71	12.85402934354856
524	1 18	1 20	1 71	1 1	-146.48689812562324
525	1 18	1 20	1 62	1 64	8.782690667147802
526	1 18	1 20	1 64	1 66	-48.21651368446855
527	1 18	1 20	1 66	1 68	18.574577371791722
528	1 18	1 20	1 68	1 70	16.69854327036927
529	1 18	1 20	1 70	1 72	7.016276415454396
530	1 18	1 20	1 72	1 2	-116.37300510132447
531	1 19	1 21	1 20	1 22	164.45335921438135
532	1 19	1 21	1 22	1 24	-55.428318303310036
533	1 19	1 21	1 24	1 26	-208.20833516564062
534	1 19	1 21	1 26	1 28	98.7592954483811
535	1 19	1 21	1 28	1 30	120.64963329161006
536	1 19	1 21	1 30	1 32	-23.138236878563408
537	1 19	1 21	1 32	1 34	-157.1890367530255
538	1 19	1 21	1 34	1 36	61.87358130675288
539	1 19	1 21	1 36	1 38	72.10813851361414
540	1 19	1 21	1 27	1 29	197.27723822036953
541	1 19	1 21	1 29	1 31	-1.1410648391087157
542	1 19	1 21	1 33	1 35	24.666594256986677
543	1 19	1 21	1 35	1 37	91.61953184435735
544	1 19	1 21	1 37	1 39	29.99129011917428
545	1 19	1 21	1 41	1 43	23.054594411946077
546	1 19	1 21	1 42	1 44	42.51064619974447
547	1 19	1 21	1 44	1 46	48.56239906281212
548	1 19	1 21	1 50	1 52	31.41826761019918
549	1 19	1 21	1 52	1 54	34.648069342478784
550	1 19	1 21	1 58	1 60	25.227361575744926
551	1 19	1 21	1 43	1 45	54.10857568334022
552	1 19	1 21	1 49	1 51	18.314822931480663
553	1 19	1 21	1 51	1 53	37.89695098427868
554	1 19	1 21	1 57	1 59	13.71454730058802
555	1 19	1 21	1 72	1 2	-128.12533066706706
556	1 19	1 21	1 71	1 1	-133.4201753769334
557	1 20	1 22	1 21	1 23	169.98913091958806
558	1 20	1 22	1 27	1 29	115.20905324231511
559	1 20	1 22	1 29	1 31	124.35647984571233
560	1 20	1 22	1 33	1 35	5.88511161412069
561	1 20	1 22	1 35	1 37	72.01676061694519
562	1 20	1 22	1 37	1 39	77.10966089450366
563	1 20	1 22	1 28	1 30	216.61571426628913
564	1 20	1 22	1 34	1 36	27.259615174276234
565	1 20	1 22	1 36	1 38	99.51126784826276
566	1 20	1 22	1 42	1 44	28.90355184126464
567	1 20	1 22	1 41	1 43	12.150655856605367
568	1 20	1 22	1 43	1 45	49.413191670275204
569	1 20	1 22	1 49	1 51	12.761024895407871
570	1 20	1 22	1 57	1 59	11.260992161980251
571	1 20	1 22	1 50	1 52	25.571460973370066
572	1 20	1 22	1 71	1 1	-116.83931051887564
573	1 21	1 23	1 22	1 24	238.12732563517199
574	1 21	1 23	1 26	1 28	-17.360422749355045
575	1 21	1 23	1 28	1 30	141.6154059403745
576	1 21	1 23	1 30	1 32	152.65858900955587
577	1 21	1 23	1 36	1 38	87.98174421014073
578	1 21	1 23	1 38	1 40	101.17495188084713
579	1 21	1 23	1 29	1 31	274.346784348208
580	1 21	1 23	1 35	1 37	34.88403955891663
581	1 21	1 23	1 37	1 39	123.40988450976297
582	1 21	1 23	1 41	1 43	6.421587166000611
583	1 21	1 23	1 42	1 44	17.79623638602449
584	1 21	1 23	1 44	1 46	59.67487443218293
585	1 21	1 23	1 54	1 56	40.02069645186209
586	1 21	1 23	1 72	1 2	-117.28619380028249
587	1 22	1 24	1 27	1 29	-18.42345671491463
588	1 22	1 24	1 29	1 31	184.3674081592956
589	1 22	1 24	1 35	1 37	13.0046337134883
590	1 22	1 24	1 37	1 39	112.3314511060519
591	1 22	1 24	1 26	1 28	-11.484653876802312
592	1 22	1 24	1 28	1 30	11.920031157848584
593	1 22	1 24	1 30	1 32	338.2886536137811
594	1 22	1 24	1 36	1 38	48.3393477486713
595	1 22	1 24	1 38	1 40	160.44642272547037
596	1 22	1 24	1 43	1 45	24.707718443324115
597	1 22	1 24	1 45	1 47	68.19441857868631
598	1 22	1 24	1 57	1 59	7.301363814141419
599	1 22	1 24	1 61	1 63	35.670133098138294
600	1 22	1 24	1 46	1 48	83.91140764163359
601	1 22	1 24	1 52	1 54	36.375064293274406
602	1 22	1 24	1 54	1 56	49.497892853686906
603	1 22	1 24	1 60	1 62	30.226721600610546
604	1 22	1 24	1 71	1 1	-94.71478538833645
605	1 23	1 25	1 24	1 26	647.5439236111112
606	1 23	1 25	1 28	1 30	-238.23428234501347
607	1 23	1 25	1 30	1 32	-116.1454033794625
608	1 23	1 25	1 32	1 34	516.0874213836478
609	1 23	1 25	1 36	1 38	-166.5526916321124
610	1 23	1 25	1 38	1 40	-106.29814930991218
611	1 23	1 25	1 40	1 42	393.30618055555556
612	1 23	1 25	1 27	1 29	-200.30238966039062
613	1 23	1 25	1 29	1 31	-252.77861880668064
614	1 23	1 25	1 31	1 33	612.4196908315564
615	1 23	1 25	1 35	1 37	-164.9229998736667
616	1 23	1 25	1 37	1 39	-150.50160765322323
617	1 23	1 25	1 39	1 41	399.6847970047374
618	1 23	1 25	1 43	1 45	-129.67409609423174
619	1 23	1 25	1 45	1 47	-105.94557021855144
620	1 23	1 25	1 44	1 46	-129.28572435229916
621	1 23	1 25	1 46	1 48	-78.70634919100138
622	1 23	1 25	1 48	1 50	302.2386533036962
623	1 23	1 25	1 50	1 52	-95.37786543880516
624	1 23	1 25	1 52	1 54	-98.68240427270277
625	1 23	1 25	1 54	1 56	-62.98417960885466
626	1 23	1 25	1 56	1 58	236.2432819412485
627	1 23	1 25	1 58	1 60	-77.10653078457187
628	1 23	1 25	1 60	1 62	-80.23679208679383
629	1 23	1 25	1 62	1 64	-48.687788274350055
630	1 23	1 25	1 47	1 49	289.68850964645065
631	1 23	1 25	1 51	1 53	-104.7804156502607
632	1 23	1 25	1 53	1 55	-88.61200689191998
633	1 23	1 25	1 55	1 57	227.84275448791118
634	1 23	1 25	1 57	1 59	-45.26966322446694
635	1 23	1 25	1 59	1 61	-83.12085960836376
636	1 23	1 25	1 61	1 63	-71.99565704192051
637	1 23	1 25	1 63	1 65	181.32968294908235
638	1 23	1 25	1 65	1 67	-36.22972576098767
639	1 23	1 25	1 64	1 66	191.18304207540226
640	1 23	1 25	1 66	1 68	-62.839168484349074
641	1 23	1 25	1 68	1 70	-66.33397874951453
642	1 23	1 25	1 72	1 2	218.34458674153487
643	1 23	1 25	1 67	1 69	-67.3132592149888
644	1 23	1 25	1 69	1 71	-55.12751918119679
645	1 24	1 26	1 27	1 29	-222.63094432836795
646	1 24	1 26	1 29	1 31	-284.50552588194836
647	1 24	1 26	1 31	1 33	527.1435575676203
648	1 24	1 26	1 35	1 37	-176.4074362850164
649	1 24	1 26	1 37	1 39	-196.39212158806706
650	1 24	1 26	1 39	1 41	386.0499650913047
651	1 24	1 26	1 43	1 45	-132.33622061559674
652	1 24	1 26	1 28	1 30	-232.29670196984853
653	1 24	1 26	1 30	1 32	-311.2639279758182
654	1 24	1 26	1 32	1 34	664.3540115532735
655	1 24	1 26	1 36	1 38	-183.0733487586616
656	1 24	1 26	1 38	1 40	-194.69154833531405
657	1 24	1 26	1 40	1 42	457.74685432611227
658	1 24	1 26	1 44	1 46	-142.0824799103068
659	1 24	1 26	1 46	1 48	-122.16486866791746
660	1 24	1 26	1 45	1 47	-137.34793077269964
661	1 24	1 26	1 47	1 49	287.90414934183593
662	1 24	1 26	1 49	1 51	-46.55217327372938
663	1 24	1 26	1 51	1 53	-104.4894163828647
664	1 24	1 26	1 53	1 55	-107.75700757127265
665	1 24	1 26	1 57	1 59	-36.64464139346637
666	1 24	1 26	1 59	1 61	-81.80368724135545
667	1 24	1 26	1 61	1 63	-84.41542756237565
668	1 24	1 26	1 63	1 65	185.3607400802754
669	1 24	1 26	1 48	1 50	331.9209872242418
670	1 24	1 26	1 50	1 52	-81.10781421708994
671	1 24	1 26	1 52	1 54	-107.39554337431565
672	1 24	1 26	1 54	1 56	-87.03980624404761
673	1 24	1 26	1 56	1 58	253.3178518957825
674	1 24	1 26	1 58	1 60	-69.00711975417398
675	1 24	1 26	1 60	1 62	-86.40700760458643
676	1 24	1 26	1 62	1 64	-61.20218476788173
677	1 24	1 26	1 64	1 66	200.41051895622365
678	1 24	1 26	1 66	1 68	-58.37101562176048
679	1 24	1 26	1 65	1 67	-32.34713507005549
680	1 24	1 26	1 67	1 69	-67.59159510691086
681	1 24	1 26	1 69	1 71	-62.356446836742386
682	1 24	1 26	1 71	1 1	249.66647000413892
683	1 24	1 26	1 68	1 70	-70.3554678958047
684	1 24	1 26	1 72	1 2	235.81375338121444
685	1 25	1 27	1 32	1 34	-74.77322226205948
686	1 25	1 27	1 40	1 42	-71.03983900765373
687	1 25	1 27	1 44	1 46	6.466568781965575
688	1 25	1 27	1 29	1 31	-15.673937551330003
689	1 25	1 27	1 43	1 45	26.20788186844282
690	1 25	1 27	1 47	1 49	-80.5513096111148
691	1 25	1 27	1 48	1 50	-63.32642208293423
692	1 25	1 27	1 52	1 54	14.170518201844168
693	1 25	1 27	1 54	1 56	2.7215511024280117
694	1 25	1 27	1 56	1 58	-54.349402828168365
695	1 25	1 27	1 58	1 60	30.403932494394606
696	1 25	1 27	1 60	1 62	15.409272197669273
697	1 25	1 27	1 62	1 64	4.815935400373413
698	1 25	1 27	1 64	1 66	-46.56414536662014
699	1 25	1 27	1 51	1 53	27.16431337075651
700	1 25	1 27	1 53	1 55	7.085432630294063
701	1 25	1 27	1 55	1 57	-61.239870691314174
702	1 25	1 27	1 59	1 61	24.25444091007867
703	1 25	1 27	1 61	1 63	9.626870432172685
704	1 25	1 27	1 63	1 65	-48.99866626056881
705	1 25	1 27	1 67	1 69	19.830824005114557
706	1 25	1 27	1 66	1 68	22.313442364495977
707	1 25	1 27	1 68	1 70	14.844438661086187
708	1 25	1 27	1 70	1 72	5.0041373572759005
709	1 25	1 27	1 69	1 71	10.165441670617756
710	1 26	1 28	1 27	1 29	122.20066756067017
711	1 26	1 28	1 29	1 31	-39.950403717536645
712	1 26	1 28	1 31	1 33	-167.86975841650275
713	1 26	1 28	1 35	1 37	92.55676140146551
714	1 26	1 28	1 37	1 39	-16.784142745349243
715	1 26	1 28	1 39	1 41	-127.14251080155219
716	1 26	1 28	1 43	1 45	58.96207246520156
717	1 26	1 28	1 45	1 47	6.239569923659507
718	1 26	1 28	1 30	1 32	-16.5413388558927
719	1 26	1 28	1 32	1 34	-151.07788042372636
720	1 26	1 28	1 34	1 36	162.34432415005358
721	1 26	1 28	1 38	1 40	-8.979614104903447
722	1 26	1 28	1 40	1 42	-106.932344195068
723	1 26	1 28	1 42	1 44	75.99809830624645
724	1 26	1 28	1 44	1 46	25.623475468617812
725	1 26	1 28	1 48	1 50	-83.55773767968977
726	1 26	1 28	1 47	1 49	-96.21347997376456
727	1 26	1 28	1 51	1 53	41.44903738491746
728	1 26	1 28	1 53	1 55	14.510236696714916
729	1 26	1 28	1 55	1 57	-74.9137077424551
730	1 26	1 28	1 57	1 59	20.829618062538025
731	1 26	1 28	1 59	1 61	31.377950247492766
732	1 26	1 28	1 61	1 63	15.86707436793588
733	1 26	1 28	1 63	1 65	-60.15932454390439
734	1 26	1 28	1 65	1 67	15.076257453222219
735	1 26	1 28	1 50	1 52	46.94150626511388
736	1 26	1 28	1 52	1 54	26.648593653520642
737	1 26	1 28	1 54	1 56	5.990743598038972
738	1 26	1 28	1 56	1 58	-70.6696147177943
739	1 26	1 28	1 58	1 60	33.4542682570964
740	1 26	1 28	1 60	1 62	23.389620125187914
741	1 26	1 28	1 62	1 64	8.215360741356328
742	1 26	1 28	1 64	1 66	-59.14516695441787
743	1 26	1 28	1 66	1 68	24.95479651795661
744	1 26	1 28	1 68	1 70	20.236057072106938
745	1 26	1 28	1 67	1 69	24.47961745877476
746	1 26	1 28	1 69	1 71	14.671243485403895
747	1 26	1 28	1 71	1 1	-98.08956432861136
748	1 26	1 28	1 70	1 72	7.517750620344607
749	1 26	1 28	1 72	1 2	-79.46114470640057
750	1 27	1 29	1 28	1 30	149.84293783900705
751	1 27	1 29	1 30	1 32	-49.211291406294016
752	1 27	1 29	1 32	1 34	-187.42496505939903
753	1 27	1 29	1 34	1 36	95.1779908371131
754	1 27	1 29	1 36	1 38	105.27583251180292
755	1 27	1 29	1 38	1 40	-18.33419546979559
756	1 27	1 29	1 40	1 42	-148.53272070812955
757	1 27	1 29	1 42	1 44	62.131643757319196
758	1 27	1 29	1 44	1 46	68.46541569579729
759	1 27	1 29	1 31	1 33	-184.5513806528901
760	1 27	1 29	1 35	1 37	179.25527691972903
761	1 27	1 29	1 37	1 39	-2.6627987379506037
762	1 27	1 29	1 39	1 41	-158.54209156635784
763	1 27	1 29	1 41	1 43	22.407540989856862
764	1 27	1 29	1 43	1 45	87.41407563202662
765	1 27	1 29	1 45	1 47	29.124593374707203
766	1 27	1 29	1 49	1 51	22.511843174512002
767	1 27	1 29	1 48	1 50	-117.8435359054066
768	1 27	1 29	1 50	1 52	43.906969423692914
769	1 27	1 29	1 52	1 54	47.26180511624527
770	1 27	1 29	1 54	1 56	14.764951823235638
771	1 27	1 29	1 58	1 60	34.2782487394968
772	1 27	1 29	1 60	1 62	35.5159409100945
773	1 27	1 29	1 62	1 64	15.408493160559338
774	1 27	1 29	1 64	1 66	-78.01870909836181
775	1 27	1 29	1 66	1 68	27.276806399009537
776	1 27	1 29	1 51	1 53	54.863756541399994
777	1 27	1 29	1 53	1 55	31.250756872508738
778	1 27	1 29	1 57	1 59	17.92134260681602
779	1 27	1 29	1 59	1 61	38.79371751976345
780	1 27	1 29	1 61	1 63	27.514612487908103
781	1 27	1 29	1 63	1 65	-76.28349884136942
782	1 27	1 29	1 65	1 67	15.144887662920503
783	1 27	1 29	1 67	1 69	29.888259905766166
784	1 27	1 29	1 69	1 71	22.14784673338493
785	1 27	1 29	1 68	1 70	28.227815597500978
786	1 27	1 29	1 72	1 2	-101.94819578513953
787	1 27	1 29	1 71	1 1	-108.62469945355191
788	1 28	1 30	1 29	1 31	161.85251863072926
789	1 28	1 30	1 35	1 37	111.06381308110382
790	1 28	1 30	1 37	1 39	117.63236257130458
791	1 28	1 30	1 43	1 45	74.36410365218131
792	1 28	1 30	1 45	1 47	73.99985322061559
793	1 28	1 30	1 36	1 38	204.53384017585768
794	1 28	1 30	1 42	1 44	31.22586907630174
795	1 28	1 30	1 44	1 46	99.13764323025099
796	1 28	1 30	1 46	1 48	30.83061151548052
797	1 28	1 30	1 50	1 52	31.909681210773755
798	1 28	1 30	1 49	1 51	12.995087823465955
799	1 28	1 30	1 51	1 53	53.37681035353248
800	1 28	1 30	1 53	1 55	53.32196083662743
801	1 28	1 30	1 57	1 59	13.661542747124301
802	1 28	1 30	1 59	1 61	38.98270266449108
803	1 28	1 30	1 61	1 63	40.171927347899
804	1 28	1 30	1 65	1 67	13.556627400102734
805	1 28	1 30	1 67	1 69	31.38388489619575
806	1 28	1 30	1 52	1 54	60.29447707464949
807	1 28	1 30	1 54	1 56	32.193473193473196
808	1 28	1 30	1 58	1 60	29.667844651111242
809	1 28	1 30	1 60	1 62	43.60065968777867
810	1 28	1 30	1 66	1 68	25.907763532763532
811	1 28	1 30	1 68	1 70	33.4977749737774
812	1 28	1 30	1 71	1 1	-115.00146613946708
813	1 28	1 30	1 72	1 2	-116.8211612703531
814	1 29	1 31	1 30	1 32	210.40039194234137
815	1 29	1 31	1 34	1 36	-16.879849178696087
816	1 29	1 31	1 36	1 38	121.12304531961335
817	1 29	1 31	1 38	1 40	157.84430214470697
818	1 29	1 31	1 42	1 44	9.498098009457518
819	1 29	1 31	1 44	1 46	83.28714406598047
820	1 29	1 31	1 46	1 48	90.74832186695643
821	1 29	1 31	1 35	1 37	0.12987784604264546
822	1 29	1 31	1 37	1 39	230.13836477987422
823	1 29	1 31	1 39	1 41	-211.5827295003063
824	1 29	1 31	1 43	1 45	35.93928473316306
825	1 29	1 31	1 45	1 47	108.74136745687306
826	1 29	1 31	1 50	1 52	18.73220801223192
827	1 29	1 31	1 52	1 54	56.026966997488216
828	1 29	1 31	1 54	1 56	58.21724759558256
829	1 29	1 31	1 60	1 62	43.16188534654408
830	1 29	1 31	1 62	1 64	37.79740363893744
831	1 29	1 31	1 66	1 68	21.286036001855948
832	1 29	1 31	1 68	1 70	33.974894903913174
833	1 29	1 31	1 53	1 55	69.15126939367326
834	1 29	1 31	1 59	1 61	31.985753227472888
835	1 29	1 31	1 61	1 63	48.55426165260306
836	1 29	1 31	1 67	1 69	28.037104183777224
837	1 29	1 31	1 71	1 1	-108.20170345728175
838	1 29	1 31	1 72	1 2	-115.6614705527116
839	1 30	1 32	1 35	1 37	-17.001986170066743
840	1 30	1 32	1 37	1 39	150.9072470432478
841	1 30	1 32	1 43	1 45	13.345959239899372
842	1 30	1 32	1 45	1 47	91.72433015930002
843	1 30	1 32	1 34	1 36	-9.501491232243868
844	1 30	1 32	1 36	1 38	7.086512241694855
845	1 30	1 32	1 38	1 40	293.78770207567754
846	1 30	1 32	1 44	1 46	42.20893835884637
847	1 30	1 32	1 46	1 48	136.05738929857256
848	1 30	1 32	1 52	1 54	39.63062082622478
849	1 30	1 32	1 51	1 53	23.303234236438954
850	1 30	1 32	1 53	1 55	64.60457993768095
851	1 30	1 32	1 61	1 63	46.12234344268681
852	1 30	1 32	1 65	1 67	7.864733020994812
853	1 30	1 32	1 67	1 69	22.1632734900931
854	1 30	1 32	1 54	1 56	73.30862805776599
855	1 30	1 32	1 60	1 62	35.26570513252407
856	1 30	1 32	1 62	1 64	42.54733653285602
857	1 30	1 32	1 66	1 68	15.96828308637959
858	1 30	1 32	1 68	1 70	29.191239808640404
859	1 30	1 32	1 72	1 2	-99.74582398900738
860	1 31	1 33	1 32	1 34	597.2793257276583
861	1 31	1 33	1 36	1 38	-207.166566525699
862	1 31	1 33	1 38	1 40	-130.89730082389707
863	1 31	1 33	1 40	1 42	502.99702421907244
864	1 31	1 33	1 44	1 46	-162.43813952456568
865	1 31	1 33	1 46	1 48	-94.5966327754344
866	1 31	1 33	1 48	1 50	387.19671369950277
867	1 31	1 33	1 35	1 37	-184.14432969123035
868	1 31	1 33	1 37	1 39	-219.76628673634002
869	1 31	1 33	1 39	1 41	552.8358100176091
870	1 31	1 33	1 43	1 45	-162.78099260923625
871	1 31	1 33	1 45	1 47	-138.76645254790685
872	1 31	1 33	1 47	1 49	383.0304826794213
873	1 31	1 33	1 51	1 53	-134.49106211736415
874	1 31	1 33	1 53	1 55	-111.37792245236423
875	1 31	1 33	1 52	1 54	-126.94953219410652
876	1 31	1 33	1 54	1 56	-78.2390266284697
877	1 31	1 33	1 56	1 58	306.142040178295
878	1 31	1 33	1 58	1 60	-104.8445888435693
879	1 31	1 33	1 60	1 62	-104.02564134089266
880	1 31	1 33	1 62	1 64	-61.15478979924077
881	1 31	1 33	1 64	1 66	249.43952722920406
882	1 31	1 33	1 66	1 68	-84.23443803078942
883	1 31	1 33	1 68	1 70	-86.18227489806182
884	1 31	1 33	1 70	1 72	-42.243429449326726
885	1 31	1 33	1 55	1 57	298.09528309248105
886	1 31	1 33	1 59	1 61	-109.58162263462526
887	1 31	1 33	1 61	1 63	-91.90305076244948
888	1 31	1 33	1 63	1 65	238.44805504520178
889	1 31	1 33	1 65	1 67	-49.28717792147991
890	1 31	1 33	1 67	1 69	-89.65301487093727
891	1 31	1 33	1 69	1 71	-71.47472413614463
892	1 31	1 33	1 71	1 1	209.21931240903973
893	1 31	1 33	1 72	1 2	188.64067804753057
894	1 32	1 34	1 35	1 37	-212.62069660384918
895	1 32	1 34	1 37	1 39	-248.80739279515385
896	1 32	1 34	1 39	1 41	491.79968108608887
897	1 32	1 34	1 43	1 45	-176.64961205385308
898	1 32	1 34	1 45	1 47	-176.3042876732151
899	1 32	1 34	1 47	1 49	372.23419895234093
900	1 32	1 34	1 49	1 51	-57.96223257646749
901	1 32	1 34	1 51	1 53	-138.07834477255784
902	1 32	1 34	1 36	1 38	-209.57629906288008
903	1 32	1 34	1 38	1 40	-280.98817863563846
904	1 32	1 34	1 40	1 42	616.2649150948614
905	1 32	1 34	1 44	1 46	-178.196077161317
906	1 32	1 34	1 46	1 48	-165.4342366430039
907	1 32	1 34	1 48	1 50	435.3082440256703
908	1 32	1 34	1 52	1 54	-137.93682496328452
909	1 32	1 34	1 54	1 56	-113.47701539384707
910	1 32	1 34	1 53	1 55	-140.28147914312234
911	1 32	1 34	1 55	1 57	299.2035392259093
912	1 32	1 34	1 57	1 59	-46.964508389715505
913	1 32	1 34	1 59	1 61	-107.43937899744793
914	1 32	1 34	1 61	1 63	-109.92316063272881
915	1 32	1 34	1 63	1 65	238.87385620915032
916	1 32	1 34	1 65	1 67	-41.80875228704198
917	1 32	1 34	1 67	1 69	-88.42533400016565
918	1 32	1 34	1 69	1 71	-81.28886481494635
919	1 32	1 34	1 71	1 1	212.95750716830307
920	1 32	1 34	1 56	1 58	328.22548923661657
921	1 32	1 34	1 58	1 60	-90.83990108208172
922	1 32	1 34	1 60	1 62	-113.2955330175308
923	1 32	1 34	1 62	1 64	-80.71968596027222
924	1 32	1 34	1 64	1 66	263.19600707504014
925	1 32	1 34	1 66	1 68	-76.58917899404204
926	1 32	1 34	1 68	1 70	-92.02180612490156
927	1 32	1 34	1 70	1 72	-50.81146443346273
928	1 32	1 34	1 72	1 2	209.04923371908018
929	1 33	1 35	1 34	1 36	116.02458178799677
930	1 33	1 35	1 36	1 38	-38.202370209036786
931	1 33	1 35	1 38	1 40	-6.8623665636605296
932	1 33	1 35	1 40	1 42	-75.29437072638171
933	1 33	1 35	1 42	1 44	95.82209672995154
934	1 33	1 35	1 44	1 46	-15.721589244234115
935	1 33	1 35	1 46	1 48	-5.227510702012037
936	1 33	1 35	1 48	1 50	-73.43213599666629
937	1 33	1 35	1 50	1 52	66.40928909289732
938	1 33	1 35	1 52	1 54	6.219067586090503
939	1 33	1 35	1 37	1 39	-14.958060139633448
940	1 33	1 35	1 39	1 41	-168.1731688631378
941	1 33	1 35	1 45	1 47	-9.614056893395853
942	1 33	1 35	1 47	1 49	-108.94607536865732
943	1 33	1 35	1 51	1 53	26.993458852477005
944	1 33	1 35	1 55	1 57	-80.18567090730495
945	1 33	1 35	1 54	1 56	-1.2656316010660897
946	1 33	1 35	1 56	1 58	-66.2585747973679
947	1 33	1 35	1 58	1 60	46.574168074841026
948	1 33	1 35	1 60	1 62	14.563277534998448
949	1 33	1 35	1 62	1 64	2.6380707009914675
950	1 33	1 35	1 64	1 66	-58.23452926553047
951	1 33	1 35	1 66	1 68	32.738861978103714
952	1 33	1 35	1 68	1 70	16.839264856185622
953	1 33	1 35	1 70	1 72	4.511999125042603
954	1 33	1 35	1 72	1 2	-52.44189974211433
955	1 33	1 35	1 59	1 61	30.902054732875985
956	1 33	1 35	1 61	1 63	6.806979068216261
957	1 33	1 35	1 63	1 65	-64.05607903963136
958	1 33	1 35	1 65	1 67	23.185567547606286
959	1 33	1 35	1 67	1 69	26.241309170123742
960	1 33	1 35	1 69	1 71	10.229261265522561
961	1 34	1 36	1 35	1 37	129.32957392793787
962	1 34	1 36	1 37	1 39	-44.02951900157353
963	1 34	1 36	1 39	1 41	-171.71584019897404
964	1 34	1 36	1 41	1 43	90.08407063612901
965	1 34	1 36	1 43	1 45	96.66096303189491
966	1 34	1 36	1 45	1 47	-16.29470603800795
967	1 34	1 36	1 47	1 49	-135.62385397661728
968	1 34	1 36	1 49	1 51	57.168637505422524
969	1 34	1 36	1 51	1 53	65.4080539875896
970	1 34	1 36	1 53	1 55	7.547051752193885
971	1 34	1 36	1 38	1 40	-16.251613683702555
972	1 34	1 36	1 40	1 42	-154.55375095631126
973	1 34	1 36	1 42	1 44	166.27574402309546
974	1 34	1 36	1 46	1 48	-10.357712758997403
975	1 34	1 36	1 48	1 50	-116.74410947684797
976	1 34	1 36	1 50	1 52	85.40700019383945
977	1 34	1 36	1 52	1 54	28.665461135234715
978	1 34	1 36	1 54	1 56	-0.36283146418973145
979	1 34	1 36	1 56	1 58	-93.84062847274598
980	1 34	1 36	1 55	1 57	-106.52215866937897
981	1 34	1 36	1 57	1 59	34.52614272507708
982	1 34	1 36	1 59	1 61	48.51021945729832
983	1 34	1 36	1 61	1 63	15.8368516587133
984	1 34	1 36	1 63	1 65	-85.3628961748634
985	1 34	1 36	1 65	1 67	24.159166726614796
986	1 34	1 36	1 67	1 69	36.7028474129681
987	1 34	1 36	1 69	1 71	17.802055416520613
988	1 34	1 36	1 71	1 1	-78.61017870547496
989	1 34	1 36	1 58	1 60	55.75789859595079
990	1 34	1 36	1 60	1 62	29.86127180938255
991	1 34	1 36	1 62	1 64	6.296063446098749
992	1 34	1 36	1 64	1 66	-82.25589226913611
993	1 34	1 36	1 66	1 68	39.553685387988494
994	1 34	1 36	1 68	1 70	27.412623837897918
995	1 34	1 36	1 70	1 72	8.227073970931318
996	1 34	1 36	1 72	1 2	-67.92930987681234
997	1 35	1 37	1 36	1 38	137.21381381651923
998	1 35	1 37	1 38	1 40	-49.05854338163196
999	1 35	1 37	1 40	1 42	-186.41978912218508
1000	1 35	1 37	1 42	1 44	100.0406636226941
1001	1 35	1 37	1 44	1 46	103.66244473298808
1002	1 35	1 37	1 46	1 48	-20.04482365247268
1003	1 35	1 37	1 48	1 50	-153.49864136845827
1004	1 35	1 37	1 50	1 52	67.41493431924448
1005	1 35	1 37	1 52	1 54	71.08945425157685
1006	1 35	1 37	1 54	1 56	6.020613256068781
1007	1 35	1 37	1 39	1 41	-183.37575856902038
1008	1 35	1 37	1 43	1 45	182.0705039733969
1009	1 35	1 37	1 47	1 49	-163.98851169403775
1010	1 35	1 37	1 49	1 51	24.25825093967957
1011	1 35	1 37	1 51	1 53	93.14491121603706
1012	1 35	1 37	1 53	1 55	31.654978252364554
1013	1 35	1 37	1 55	1 57	-130.95515188834153
1014	1 35	1 37	1 57	1 59	23.775668916271403
1015	1 35	1 37	1 56	1 58	-125.87723236384606
1016	1 35	1 37	1 58	1 60	50.896146718593556
1017	1 35	1 37	1 60	1 62	50.84439891229894
1018	1 35	1 37	1 62	1 64	14.699537235901895
1019	1 35	1 37	1 64	1 66	-104.86955908882953
1020	1 35	1 37	1 66	1 68	39.486783859425735
1021	1 35	1 37	1 68	1 70	39.32412600984121
1022	1 35	1 37	1 70	1 72	14.297033279170119
1023	1 35	1 37	1 72	1 2	-95.35512356769053
1024	1 35	1 37	1 59	1 61	59.381693399099206
1025	1 35	1 37	1 61	1 63	33.30102916063346
1026	1 35	1 37	1 65	1 67	21.197932756739107
1027	1 35	1 37	1 67	1 69	43.429956841679825
1028	1 35	1 37	1 69	1 71	28.696804243139198
1029	1 35	1 37	1 71	1 1	-100.48036134926045
1030	1 36	1 38	1 37	1 39	154.37265008748656
1031	1 36	1 38	1 43	1 45	110.7984077183117
1032	1 36	1 38	1 45	1 47	112.87911014409754
1033	1 36	1 38	1 51	1 53	77.96673475147549
1034	1 36	1 38	1 53	1 55	77.25059794041036
1035	1 36	1 38	1 42	1 44	5.392603378976242
1036	1 36	1 38	1 44	1 46	201.51320733229403
1037	1 36	1 38	1 46	1 48	-6.824508907823786
1038	1 36	1 38	1 50	1 52	32.56661379835328
1039	1 36	1 38	1 52	1 54	99.25149327793117
1040	1 36	1 38	1 54	1 56	30.837323801790458
1041	1 36	1 38	1 58	1 60	35.62139075060071
1042	1 36	1 38	1 57	1 59	13.702515453966615
1043	1 36	1 38	1 59	1 61	54.03372563219936
1044	1 36	1 38	1 61	1 63	55.9879657679377
1045	1 36	1 38	1 65	1 67	16.122134297332753
1046	1 36	1 38	1 67	1 69	42.36621211103398
1047	1 36	1 38	1 69	1 71	39.77898295772039
1048	1 36	1 38	1 60	1 62	64.2938393421575
1049	1 36	1 38	1 62	1 64	30.817084665116163
1050	1 36	1 38	1 66	1 68	32.88808413311547
1051	1 36	1 38	1 68	1 70	46.64698683252754
1052	1 36	1 38	1 70	1 72	22.331549488435716
1053	1 36	1 38	1 72	1 2	-116.33430741443986
1054	1 37	1 39	1 38	1 40	179.69292978584724
1055	1 37	1 39	1 42	1 44	-15.803172629026708
1056	1 37	1 39	1 44	1 46	124.81911719008417
1057	1 37	1 39	1 46	1 48	122.27209640603397
1058	1 37	1 39	1 52	1 54	79.09173376865729
1059	1 37	1 39	1 54	1 56	82.4694111409363
1060	1 37	1 39	1 41	1 43	-9.61235551740095
1061	1 37	1 39	1 45	1 47	211.32548630999074
1062	1 37	1 39	1 51	1 53	38.051347674539265
1063	1 37	1 39	1 53	1 55	109.83646813345806
1064	1 37	1 39	1 59	1 61	36.20755385926578
1065	1 37	1 39	1 58	1 60	19.990891120439855
1066	1 37	1 39	1 60	1 62	58.6832463466694
1067	1 37	1 39	1 62	1 64	52.89267008320596
1068	1 37	1 39	1 66	1 68	23.09543291061307
1069	1 37	1 39	1 68	1 70	44.69504798083676
1070	1 37	1 39	1 61	1 63	69.90604046730206
1071	1 37	1 39	1 67	1 69	33.72864887925651
1072	1 37	1 39	1 69	1 71	45.08525418074705
1073	1 38	1 40	1 41	1 43	-5.411300710654311
1074	1 38	1 40	1 43	1 45	-18.19742093918206
1075	1 38	1 40	1 45	1 47	125.40058422203086
1076	1 38	1 40	1 51	1 53	9.855461518007012
1077	1 38	1 40	1 53	1 55	88.54677243231268
1078	1 38	1 40	1 42	1 44	-10.710025030333764
1079	1 38	1 40	1 46	1 48	257.7883751694342
1080	1 38	1 40	1 48	1 50	-230.6040789669176
1081	1 38	1 40	1 52	1 54	33.794634644946974
1082	1 38	1 40	1 54	1 56	120.84026481251169
1083	1 38	1 40	1 58	1 60	9.011077731660636
1084	1 38	1 40	1 60	1 62	38.15952540744474
1085	1 38	1 40	1 59	1 61	18.204303245055613
1086	1 38	1 40	1 61	1 63	61.7365618374312
1087	1 38	1 40	1 65	1 67	6.167630715004204
1088	1 38	1 40	1 67	1 69	21.67969320672023
1089	1 38	1 40	1 69	1 71	39.544462458230406
1090	1 38	1 40	1 62	1 64	64.34566446239674
1091	1 38	1 40	1 66	1 68	13.614724022416329
1092	1 38	1 40	1 68	1 70	33.71955863091951
1093	1 38	1 40	1 70	1 72	31.6750032402727
1094	1 38	1 40	1 72	1 2	-88.95349760614661
1095	1 39	1 41	1 40	1 42	567.3838929406907
1096	1 39	1 41	1 44	1 46	-211.8781661483235
1097	1 39	1 41	1 46	1 48	-95.15048750357559
1098	1 39	1 41	1 48	1 50	493.6676621979502
1099	1 39	1 41	1 52	1 54	-163.47829829633181
1100	1 39	1 41	1 54	1 56	-88.04313939265063
1101	1 39	1 41	1 56	1 58	398.4863499321448
1102	1 39	1 41	1 58	1 60	-147.332456234335
1103	1 39	1 41	1 43	1 45	-193.52824008155858
1104	1 39	1 41	1 45	1 47	-199.42818784978812
1105	1 39	1 41	1 47	1 49	544.0359961835371
1106	1 39	1 41	1 49	1 51	-157.4185137169622
1107	1 39	1 41	1 51	1 53	-174.00986492091835
1108	1 39	1 41	1 53	1 55	-144.26775956284152
1109	1 39	1 41	1 55	1 57	403.64121383882605
1110	1 39	1 41	1 59	1 61	-145.96553770131112
1111	1 39	1 41	1 61	1 63	-115.65061644316886
1112	1 39	1 41	1 60	1 62	-135.92316972354942
1113	1 39	1 41	1 62	1 64	-73.6842827550492
1114	1 39	1 41	1 64	1 66	328.9020237845492
1115	1 39	1 41	1 66	1 68	-118.0239198931981
1116	1 39	1 41	1 68	1 70	-113.70502366741158
1117	1 39	1 41	1 70	1 72	-52.79819318572903
1118	1 39	1 41	1 72	1 2	189.97099738757228
1119	1 39	1 41	1 63	1 65	318.71804671626705
1120	1 39	1 41	1 65	1 67	-71.25235216527751
1121	1 39	1 41	1 67	1 69	-121.30712282648054
1122	1 39	1 41	1 69	1 71	-92.30770459051678
1123	1 39	1 41	1 71	1 1	194.6589254219037
1124	1 40	1 42	1 43	1 45	-214.36012628835763
1125	1 40	1 42	1 45	1 47	-221.14590396829186
1126	1 40	1 42	1 47	1 49	479.86486327398904
1127	1 40	1 42	1 49	1 51	-73.4617656778678
1128	1 40	1 42	1 51	1 53	-185.62943757244642
1129	1 40	1 42	1 53	1 55	-179.41495116453794
1130	1 40	1 42	1 55	1 57	391.56311322356134
1131	1 40	1 42	1 57	1 59	-60.88800612464897
1132	1 40	1 42	1 59	1 61	-144.18729826069267
1133	1 40	1 42	1 44	1 46	-206.19229063029505
1134	1 40	1 42	1 46	1 48	-235.0932161722225
1135	1 40	1 42	1 48	1 50	588.9837873566204
1136	1 40	1 42	1 50	1 52	-161.63312253757005
1137	1 40	1 42	1 52	1 54	-173.88948122155492
1138	1 40	1 42	1 54	1 56	-151.20550807612483
1139	1 40	1 42	1 56	1 58	430.7467957957856
1140	1 40	1 42	1 58	1 60	-123.76399688650291
1141	1 40	1 42	1 60	1 62	-145.64698428545373
1142	1 40	1 42	1 62	1 64	-104.26693067476155
1143	1 40	1 42	1 61	1 63	-142.6307933710841
1144	1 40	1 42	1 63	1 65	314.8011420828494
1145	1 40	1 42	1 65	1 67	-54.95817469600509
1146	1 40	1 42	1 67	1 69	-117.88667668479798
1147	1 40	1 42	1 69	1 71	-106.27768431810395
1148	1 40	1 42	1 71	1 1	201.3411866268092
1149	1 40	1 42	1 64	1 66	340.74418285858013
1150	1 40	1 42	1 66	1 68	-102.48203304277746
1151	1 40	1 42	1 68	1 70	-121.09533757981842
1152	1 40	1 42	1 70	1 72	-66.59958803800023
1153	1 40	1 42	1 72	1 2	207.42552873317666
1154	1 41	1 43	1 42	1 44	124.80898480905913
1155	1 41	1 43	1 44	1 46	-40.13068783178754
1156	1 41	1 43	1 46	1 48	-7.535800422656951
1157	1 41	1 43	1 48	1 50	-87.95540551274766
1158	1 41	1 43	1 50	1 52	110.04304340559867
1159	1 41	1 43	1 52	1 54	-16.09500013899094
1160	1 41	1 43	1 54	1 56	-5.698476637038736
1161	1 41	1 43	1 56	1 58	-85.80190105506946
1162	1 41	1 43	1 58	1 60	77.25196730867245
1163	1 41	1 43	1 45	1 47	-16.250225621377496
1164	1 41	1 43	1 47	1 49	-170.78912220338538
1165	1 41	1 43	1 49	1 51	176.32990335987182
1166	1 41	1 43	1 53	1 55	-9.79790591332442
1167	1 41	1 43	1 55	1 57	-114.81019519844273
1168	1 41	1 43	1 59	1 61	36.28753011561565
1169	1 41	1 43	1 63	1 65	-90.24088791174637
1170	1 41	1 43	1 64	1 66	-78.02750793507937
1171	1 41	1 43	1 66	1 68	53.28738098626829
1172	1 41	1 43	1 68	1 70	18.384816632933408
1173	1 41	1 43	1 70	1 72	3.395203518955527
1174	1 41	1 43	1 72	1 2	-46.21404586404586
1175	1 41	1 43	1 65	1 67	41.51741598122382
1176	1 41	1 43	1 67	1 69	36.18142185934511
1177	1 41	1 43	1 69	1 71	9.205991626455408
1178	1 41	1 43	1 71	1 1	-54.35201292427453
1179	1 42	1 44	1 43	1 45	138.32475948810372
1180	1 42	1 44	1 45	1 47	-48.24301032048247
1181	1 42	1 44	1 47	1 49	-189.53423986946487
1182	1 42	1 44	1 49	1 51	101.8349980219104
1183	1 42	1 44	1 51	1 53	107.15250207626815
1184	1 42	1 44	1 53	1 55	-18.62500878557799
1185	1 42	1 44	1 55	1 57	-152.9630461298862
1186	1 42	1 44	1 57	1 59	61.618530003720835
1187	1 42	1 44	1 59	1 61	79.48554386979868
1188	1 42	1 44	1 46	1 48	-18.043266764809722
1189	1 42	1 44	1 48	1 50	-172.90725994541395
1190	1 42	1 44	1 50	1 52	184.30527087760206
1191	1 42	1 44	1 54	1 56	-12.682060067978702
1192	1 42	1 44	1 56	1 58	-135.1481648959942
1193	1 42	1 44	1 58	1 60	104.09650121333911
1194	1 42	1 44	1 60	1 62	30.60985117768371
1195	1 42	1 44	1 63	1 65	-124.67717072762287
1196	1 42	1 44	1 65	1 67	41.46560769738512
1197	1 42	1 44	1 67	1 69	57.98197234893502
1198	1 42	1 44	1 69	1 71	18.45996829798408
1199	1 42	1 44	1 71	1 1	-82.87278718650433
1200	1 42	1 44	1 66	1 68	67.68170949509141
1201	1 42	1 44	1 68	1 70	35.410050300708946
1202	1 42	1 44	1 70	1 72	6.745824332117863
1203	1 43	1 45	1 44	1 46	133.79435808281448
1204	1 43	1 45	1 46	1 48	-48.5663570895022
1205	1 43	1 45	1 48	1 50	-194.05423342709997
1206	1 43	1 45	1 50	1 52	105.90136031236673
1207	1 43	1 45	1 52	1 54	110.66211330276091
1208	1 43	1 45	1 54	1 56	-22.130497565556375
1209	1 43	1 45	1 56	1 58	-164.92120821986413
1210	1 43	1 45	1 58	1 60	78.50745191632134
1211	1 43	1 45	1 60	1 62	75.17076147440395
1212	1 43	1 45	1 62	1 64	5.08465257396298
1213	1 43	1 45	1 47	1 49	-193.58225736397378
1214	1 43	1 45	1 51	1 53	190.53801410523582
1215	1 43	1 45	1 55	1 57	-174.7419579905993
1216	1 43	1 45	1 57	1 59	27.129703245824416
1217	1 43	1 45	1 59	1 61	100.79634027591948
1218	1 43	1 45	1 61	1 63	32.397612340437114
1219	1 43	1 45	1 63	1 65	-143.78645911681627
1220	1 43	1 45	1 65	1 67	29.01158280838939
1221	1 43	1 45	1 64	1 66	-140.1384715104307
1222	1 43	1 45	1 66	1 68	58.847808318149816
1223	1 43	1 45	1 68	1 70	55.77863507233856
1224	1 43	1 45	1 70	1 72	14.134762994799924
1225	1 43	1 45	1 67	1 69	66.19454247223337
1226	1 43	1 45	1 69	1 71	35.13538005850397
1227	1 43	1 45	1 71	1 1	-110.07089648936717
1228	1 44	1 46	1 45	1 47	162.54152845484595
1229	1 44	1 46	1 49	1 51	-18.6980458317868
1230	1 44	1 46	1 51	1 53	113.84762793515989
1231	1 44	1 46	1 53	1 55	120.5515791407064
1232	1 44	1 46	1 59	1 61	75.41736257833537
1233	1 44	1 46	1 61	1 63	84.86332831882541
1234	1 44	1 46	1 48	1 50	-203.66697148475907
1235	1 44	1 46	1 52	1 54	201.74343450305037
1236	1 44	1 46	1 58	1 60	32.81838061863402
1237	1 44	1 46	1 60	1 62	107.08309590926191
1238	1 44	1 46	1 62	1 64	33.48333712984876
1239	1 44	1 46	1 66	1 68	37.98222016371439
1240	1 44	1 46	1 65	1 67	15.849028764132463
1241	1 44	1 46	1 67	1 69	57.49562658674884
1242	1 44	1 46	1 69	1 71	57.66494895411826
1243	1 44	1 46	1 68	1 70	69.04728528969517
1244	1 44	1 46	1 70	1 72	29.17479448151606
1245	1 45	1 47	1 46	1 48	154.79237487092556
1246	1 45	1 47	1 50	1 52	-18.6967183072622
1247	1 45	1 47	1 52	1 54	117.47704430525228
1248	1 45	1 47	1 54	1 56	132.00441072856208
1249	1 45	1 47	1 58	1 60	8.639407025926893
1250	1 45	1 47	1 60	1 62	86.99960173295274
1251	1 45	1 47	1 62	1 64	84.62690659530102
1252	1 45	1 47	1 49	1 51	-11.11484696736025
1253	1 45	1 47	1 51	1 53	7.113407806558853
1254	1 45	1 47	1 53	1 55	228.61280271995366
1255	1 45	1 47	1 59	1 61	33.55800420906154
1256	1 45	1 47	1 61	1 63	119.37999725018761
1257	1 45	1 47	1 65	1 67	8.502154365436464
1258	1 45	1 47	1 67	1 69	39.10738325669865
1259	1 45	1 47	1 66	1 68	21.421635136623077
1260	1 45	1 47	1 68	1 70	63.75290218436598
1261	1 45	1 47	1 70	1 72	46.186190418624534
1262	1 45	1 47	1 69	1 71	69.3470244452239
1263	1 46	1 48	1 49	1 51	-5.65568632889145
1264	1 46	1 48	1 51	1 53	-17.377891157149904
1265	1 46	1 48	1 53	1 55	138.676664171622
1266	1 46	1 48	1 59	1 61	9.071045363980268
1267	1 46	1 48	1 61	1 63	97.38121421835602
1268	1 46	1 48	1 65	1 67	4.550231122827476
1269	1 46	1 48	1 50	1 52	-11.059407154991485
1270	1 46	1 48	1 52	1 54	2.7910622233593236
1271	1 46	1 48	1 54	1 56	249.89660500833617
1272	1 46	1 48	1 60	1 62	41.30963193273707
1273	1 46	1 48	1 62	1 64	119.08377405413228
1274	1 46	1 48	1 66	1 68	11.22138207304602
1275	1 46	1 48	1 68	1 70	43.36961024932618
1276	1 46	1 48	1 67	1 69	22.214663002885302
1277	1 46	1 48	1 69	1 71	60.191927341688896
1278	1 46	1 48	1 70	1 72	53.483071000384975
1279	1 47	1 49	1 48	1 50	583.2652548305587
1280	1 47	1 49	1 52	1 54	-213.6713303671637
1281	1 47	1 49	1 54	1 56	-103.1452352645701
1282	1 47	1 49	1 56	1 58	527.3351694812882
1283	1 47	1 49	1 58	1 60	-208.92672323455207
1284	1 47	1 49	1 60	1 62	-179.9533105301179
1285	1 47	1 49	1 62	1 64	-90.91580201104011
1286	1 47	1 49	1 64	1 66	442.37424980267764
1287	1 47	1 49	1 66	1 68	-166.25169398685608
1288	1 47	1 49	1 51	1 53	-212.88827960793563
1289	1 47	1 49	1 53	1 55	-219.03755500647134
1290	1 47	1 49	1 55	1 57	581.3493103448277
1291	1 47	1 49	1 57	1 59	-150.74160493827162
1292	1 47	1 49	1 59	1 61	-195.29125255382684
1293	1 47	1 49	1 61	1 63	-157.4528118256366
1294	1 47	1 49	1 63	1 65	440.48613481756337
1295	1 47	1 49	1 65	1 67	-104.56742930921106
1296	1 47	1 49	1 67	1 69	-165.39775510204083
1297	1 47	1 49	1 69	1 71	-122.35197714285715
1298	1 47	1 49	1 68	1 70	-153.78631569841536
1299	1 47	1 49	1 70	1 72	-68.33458243159112
1300	1 47	1 49	1 72	1 2	218.96752201639842
1301	1 47	1 49	1 71	1 1	213.99104108899263
1302	1 48	1 50	1 49	1 51	-95.85075599357921
1303	1 48	1 50	1 51	1 53	-232.4431241352753
1304	1 48	1 50	1 53	1 55	-242.16127999113888
1305	1 48	1 50	1 55	1 57	535.1586038477052
1306	1 48	1 50	1 57	1 59	-82.07390592132828
1307	1 48	1 50	1 59	1 61	-204.99063216227893
1308	1 48	1 50	1 61	1 63	-196.75194971948156
1309	1 48	1 50	1 63	1 65	439.89420877521314
1310	1 48	1 50	1 65	1 67	-75.97917204218177
1311	1 48	1 50	1 67	1 69	-167.41743141701832
1312	1 48	1 50	1 52	1 54	-211.91435828645098
1313	1 48	1 50	1 54	1 56	-239.08793536373764
1314	1 48	1 50	1 56	1 58	628.0935368307405
1315	1 48	1 50	1 58	1 60	-196.31166729844165
1316	1 48	1 50	1 60	1 62	-195.62117902863884
1317	1 48	1 50	1 62	1 64	-153.76489180400824
1318	1 48	1 50	1 64	1 66	480.62539988181845
1319	1 48	1 50	1 66	1 68	-147.37570566463626
1320	1 48	1 50	1 68	1 70	-166.85206584404835
1321	1 48	1 50	1 70	1 72	-94.03969558616322
1322	1 48	1 50	1 69	1 71	-148.7350510542929
1323	1 49	1 51	1 50	1 52	153.73199931985408
1324	1 49	1 51	1 52	1 54	-47.31948051948052
1325	1 49	1 51	1 54	1 56	-8.255729685951744
1326	1 49	1 51	1 56	1 58	-101.78157700864782
1327	1 49	1 51	1 58	1 60	125.83266627113949
1328	1 49	1 51	1 60	1 62	-17.49209484434502
1329	1 49	1 51	1 62	1 64	-5.206146483230313
1330	1 49	1 51	1 64	1 66	-97.01250601625952
1331	1 49	1 51	1 66	1 68	85.57919897747533
1332	1 49	1 51	1 68	1 70	10.745398006201327
1333	1 49	1 51	1 53	1 55	-18.11458266814001
1334	1 49	1 51	1 55	1 57	-167.76281908250513
1335	1 49	1 51	1 57	1 59	173.04815436062137
1336	1 49	1 51	1 59	1 61	10.9096434771544
1337	1 49	1 51	1 61	1 63	-11.578903076455653
1338	1 49	1 51	1 63	1 65	-123.19851010087115
1339	1 49	1 51	1 65	1 67	78.53209277691474
1340	1 49	1 51	1 67	1 69	41.114753596234934
1341	1 49	1 51	1 71	1 1	-52.05756765914656
1342	1 49	1 51	1 72	1 2	-46.95674983776149
1343	1 50	1 52	1 51	1 53	145.59937585396165
1344	1 50	1 52	1 53	1 55	-54.25075260912918
1345	1 50	1 52	1 55	1 57	-213.06505291800602
1346	1 50	1 52	1 57	1 59	114.74140155343528
1347	1 50	1 52	1 59	1 61	129.97657428145567
1348	1 50	1 52	1 61	1 63	-27.7147452571662
1349	1 50	1 52	1 63	1 65	-180.08429911951987
1350	1 50	1 52	1 65	1 67	75.74162047101964
1351	1 50	1 52	1 67	1 69	93.61713826447706
1352	1 50	1 52	1 69	1 71	8.02354790377802
1353	1 50	1 52	1 54	1 56	-20.85302649886493
1354	1 50	1 52	1 58	1 60	229.98012651338615
1355	1 50	1 52	1 62	1 64	-13.667931466417645
1356	1 50	1 52	1 66	1 68	126.27537727627174
1357	1 50	1 52	1 68	1 70	34.80933249246422
1358	1 50	1 52	1 72	1 2	-85.14231024173803
1359	1 51	1 53	1 52	1 54	157.8595924263434
1360	1 51	1 53	1 54	1 56	-58.05057132400134
1361	1 51	1 53	1 56	1 58	-216.70616670644944
1362	1 51	1 53	1 58	1 60	128.14881129996596
1363	1 51	1 53	1 60	1 62	119.54136699580448
1364	1 51	1 53	1 62	1 64	-27.041317046421305
1365	1 51	1 53	1 64	1 66	-190.5904133843078
1366	1 51	1 53	1 66	1 68	94.51411795109082
1367	1 51	1 53	1 68	1 70	85.28836877062602
1368	1 51	1 53	1 70	1 72	5.814729379427301
1369	1 51	1 53	1 59	1 61	226.230367382589
1370	1 51	1 53	1 65	1 67	35.675887319362886
1371	1 51	1 53	1 67	1 69	117.94669041338864
1372	1 51	1 53	1 69	1 71	35.72132218091697
1373	1 51	1 53	1 72	1 2	-125.96458621137518
1374	1 52	1 54	1 53	1 55	147.8047764310734
1375	1 52	1 54	1 57	1 59	-21.461515589780642
1376	1 52	1 54	1 59	1 61	118.17010903701794
1377	1 52	1 54	1 61	1 63	133.95720358589713
1378	1 52	1 54	1 65	1 67	8.160206620855696
1379	1 52	1 54	1 67	1 69	86.19391757546774
1380	1 52	1 54	1 69	1 71	90.35421543905338
1381	1 52	1 54	1 58	1 60	-5.547187245734692
1382	1 52	1 54	1 60	1 62	239.07073142095527
1383	1 52	1 54	1 62	1 64	-9.426783992543841
1384	1 52	1 54	1 66	1 68	36.87918453500606
1385	1 52	1 54	1 68	1 70	121.26859801486766
1386	1 52	1 54	1 70	1 72	31.31145175756594
1387	1 53	1 55	1 54	1 56	198.68949904690257
1388	1 53	1 55	1 58	1 60	-27.597656379540958
1389	1 53	1 55	1 60	1 62	131.59803389639146
1390	1 53	1 55	1 62	1 64	148.82635824763204
1391	1 53	1 55	1 66	1 68	6.295126983993221
1392	1 53	1 55	1 68	1 70	95.58396394816654
1393	1 53	1 55	1 70	1 72	79.19361403136018
1394	1 53	1 55	1 57	1 59	-12.45648331027248
1395	1 53	1 55	1 59	1 61	-14.7391608244826
1396	1 53	1 55	1 61	1 63	255.3755600288896
1397	1 53	1 55	1 67	1 69	34.409375893706894
1398	1 53	1 55	1 69	1 71	121.9562535395189
1399	1 54	1 56	1 57	1 59	-5.6319830467166785
1400	1 54	1 56	1 59	1 61	-22.798770574590066
1401	1 54	1 56	1 61	1 63	157.46164587984924
1402	1 54	1 56	1 67	1 69	12.36135546889452
1403	1 54	1 56	1 69	1 71	95.52421573505023
1404	1 54	1 56	1 58	1 60	-13.449565189436504
1405	1 54	1 56	1 60	1 62	3.518150986978473
1406	1 54	1 56	1 62	1 64	271.12233241454663
1407	1 54	1 56	1 66	1 68	1.9343734288926528
1408	1 54	1 56	1 68	1 70	49.03117767628973
1409	1 54	1 56	1 70	1 72	102.82874000149593
1410	1 55	1 57	1 56	1 58	670.8773890385662
1411	1 55	1 57	1 58	1 60	-277.1077477961484
1412	1 55	1 57	1 60	1 62	-243.26105550226418
1413	1 55	1 57	1 62	1 64	-119.4520036590778
1414	1 55	1 57	1 64	1 66	621.2614037121554
1415	1 55	1 57	1 66	1 68	-250.41302230763966
1416	1 55	1 57	1 68	1 70	-211.71496229358797
1417	1 55	1 57	1 70	1 72	-90.68689558224126
1418	1 55	1 57	1 59	1 61	-243.59730305323572
1419	1 55	1 57	1 61	1 63	-241.45892209023685
1420	1 55	1 57	1 65	1 67	-176.43438992755688
1421	1 55	1 57	1 67	1 69	-230.33323539532546
1422	1 55	1 57	1 69	1 71	-172.80668088197146
1423	1 56	1 58	1 57	1 59	-109.49929146537843
1424	1 56	1 58	1 59	1 61	-267.18126115562507
1425	1 56	1 58	1 61	1 63	-269.9542763030746
1426	1 56	1 58	1 65	1 67	-107.88989657689739
1427	1 56	1 58	1 67	1 69	-241.48565990279053
1428	1 56	1 58	1 69	1 71	-207.9053427601026
1429	1 56	1 58	1 60	1 62	-245.45785354492725
1430	1 56	1 58	1 62	1 64	-249.54416994735283
1431	1 56	1 58	1 66	1 68	-234.66020243193492
1432	1 56	1 58	1 68	1 70	-229.54307454295662
1433	1 56	1 58	1 70	1 72	-139.58078520644156
1434	1 57	1 59	1 58	1 60	174.90483563242003
1435	1 57	1 59	1 60	1 62	-54.57692990516358
1436	1 57	1 59	1 62	1 64	-7.774943828017248
1437	1 57	1 59	1 64	1 66	-115.16503755672178
1438	1 57	1 59	1 66	1 68	147.37442665604806
1439	1 57	1 59	1 68	1 70	-22.600091252873355
1440	1 57	1 59	1 61	1 63	-20.563082797694726
1441	1 57	1 59	1 65	1 67	204.172027623104
1442	1 57	1 59	1 69	1 71	-11.56329639604153
1443	1 58	1 60	1 59	1 61	186.6942147490829
1444	1 58	1 60	1 61	1 63	-71.33828103178328
1445	1 58	1 60	1 65	1 67	144.25248310607492
1446	1 58	1 60	1 67	1 69	155.3828473875857
1447	1 58	1 60	1 69	1 71	-29.162078678107314
1448	1 58	1 60	1 62	1 64	-22.33793900014301
1449	1 58	1 60	1 66	1 68	280.9377922028867
1450	1 59	1 61	1 60	1 62	149.58672091769392
1451	1 59	1 61	1 62	1 64	-56.47688621842869
1452	1 59	1 61	1 66	1 68	156.1861576447148
1453	1 59	1 61	1 68	1 70	133.75672911333504
1454	1 59	1 61	1 70	1 72	-22.051180682175833
1455	1 59	1 61	1 67	1 69	271.1190877955657
1456	1 60	1 62	1 61	1 63	208.42882510795704
1457	1 60	1 62	1 65	1 67	-23.05425987199213
1458	1 60	1 62	1 67	1 69	132.07889243532247
1459	1 60	1 62	1 69	1 71	166.53388423274185
1460	1 60	1 62	1 66	1 68	-15.776372576438874
1461	1 60	1 62	1 68	1 70	279.20489359993417
1462	1 61	1 63	1 62	1 64	188.076342639657
1463	1 61	1 63	1 66	1 68	-31.177127493178837
1464	1 61	1 63	1 68	1 70	168.3769756110158
1465	1 61	1 63	1 70	1 72	137.23062952322167
1466	1 61	1 63	1 65	1 67	-13.141824220605999
1467	1 61	1 63	1 67	1 69	-3.6984882850439664
1468	1 61	1 63	1 69	1 71	271.46691035736103
1469	1 62	1 64	1 67	1 69	-21.760124215620408
1470	1 62	1 64	1 69	1 71	136.05674006079875
1471	1 62	1 64	1 66	1 68	-14.37788390997475
1472	1 62	1 64	1 68	1 70	6.417116138299923
1473	1 62	1 64	1 70	1 72	224.59101705437118
1474	1 63	1 65	1 66	1 68	-330.1264792267657
1475	1 63	1 65	1 68	1 70	-294.1390348803936
1476	1 63	1 65	1 70	1 72	-114.31512099481644
1477	1 63	1 65	1 67	1 69	-295.92940745491353
1478	1 63	1 65	1 69	1 71	-263.0347875686691
1479	1 64	1 66	1 65	1 67	-135.18590374973348
1480	1 64	1 66	1 67	1 69	-315.80354166763436
1481	1 64	1 66	1 69	1 71	-285.05871903567555
1482	1 64	1 66	1 68	1 70	-292.3424818126936
1483	1 64	1 66	1 70	1 72	-223.98005069915138
1484	1 65	1 67	1 66	1 68	216.2798370701056
1485	1 65	1 67	1 68	1 70	-63.65002516869649
1486	1 65	1 67	1 69	1 71	-24.079201791899038
1487	1 66	1 68	1 67	1 69	210.6255306345597
1488	1 66	1 68	1 69	1 71	-75.70491461859433
1489	1 67	1 69	1 68	1 70	193.70956795383012
1490	1 67	1 69	1 70	1 72	-58.944638158033385
1491	1 68	1 70	1 69	1 71	241.03739986205323
1492	1 69	1 71	1 70	1 72	226.1979252623507
1493	1 71	1 1	1 72	1 2	1291.4601945277702
