2048
1	1 1	1 3	1 2	1 4	554.3941695247427
2	1 1	1 3	1 6	1 8	-36.11350326312787
3	1 1	1 3	1 8	1 10	-202.09295574359095
4	1 1	1 3	1 10	1 12	250.86071907806456
5	1 1	1 3	1 12	1 14	-36.87237724769069
6	1 1	1 3	1 14	1 16	-17.161401030388646
7	1 1	1 3	1 16	1 18	-163.32725475895165
8	1 1	1 3	1 20	1 22	10.755466796078586
9	1 1	1 3	1 5	1 7	-88.5085697089716
10	1 1	1 3	1 9	1 11	463.32218687745
11	1 1	1 3	1 11	1 13	24.25178621763964
12	1 1	1 3	1 13	1 15	-26.831631391760457
13	1 1	1 3	1 17	1 19	207.92544159603926
14	1 1	1 3	1 19	1 21	66.37427332742142
15	1 1	1 3	1 21	1 23	-6.514851557240191
16	1 1	1 3	1 22	1 24	-7.322454756107437
17	1 1	1 3	1 24	1 26	-127.06217501983414
18	1 1	1 3	1 26	1 28	93.42762022916398
19	1 1	1 3	1 28	1 30	24.413644617453407
20	1 1	1 3	1 30	1 32	0.6450142269911291
21	1 1	1 3	1 32	1 34	-96.30167600433688
22	1 1	1 3	1 34	1 36	57.423385386665316
23	1 1	1 3	1 36	1 38	24.635277209698252
24	1 1	1 3	1 38	1 40	7.135903191595766
25	1 1	1 3	1 40	1 42	-75.50258688392894
26	1 1	1 3	1 25	1 27	122.29888363540846
27	1 1	1 3	1 27	1 29	55.60021535671492
28	1 1	1 3	1 29	1 31	6.570603039003117
29	1 1	1 3	1 31	1 33	-136.00113146894546
30	1 1	1 3	1 33	1 35	70.42881186820813
31	1 1	1 3	1 35	1 37	41.52064265174364
32	1 1	1 3	1 37	1 39	13.480530177799029
33	1 1	1 3	1 39	1 41	-93.13351715169831
34	1 1	1 3	1 41	1 43	39.35525913232827
35	1 1	1 3	1 43	1 45	29.789273746510908
36	1 1	1 3	1 42	1 44	37.4660805525768
37	1 1	1 3	1 44	1 46	21.376672450783186
38	1 1	1 3	1 46	1 48	9.142194697181536
39	1 1	1 3	1 48	1 50	-59.32953812109744
40	1 1	1 3	1 52	1 54	17.1022901995466
41	1 1	1 3	1 54	1 56	9.407751861806883
42	1 1	1 3	1 56	1 58	-46.30121654187889
43	1 1	1 3	1 58	1 60	18.649930994690017
44	1 1	1 3	1 60	1 62	14.047919627668072
45	1 1	1 3	1 45	1 47	14.618229587391326
46	1 1	1 3	1 47	1 49	-66.47820253971628
47	1 1	1 3	1 49	1 51	24.17588245921643
48	1 1	1 3	1 51	1 53	22.049908668190437
49	1 1	1 3	1 53	1 55	13.595894499627887
50	1 1	1 3	1 55	1 57	-49.495184801546884
51	1 1	1 3	1 57	1 59	15.142206823164747
52	1 1	1 3	1 59	1 61	16.772570619401208
53	1 1	1 3	1 61	1 63	11.453909483898887
54	1 1	1 3	1 63	1 65	-37.20544574104946
55	1 1	1 3	1 62	1 64	8.074467401157264
56	1 1	1 3	1 64	1 66	-36.44846008394916
57	1 1	1 3	1 66	1 68	13.368727274186192
58	1 1	1 3	1 68	1 70	11.682284709848611
59	1 1	1 3	1 70	1 72	5.943241414022314
60	1 1	1 3	1 65	1 67	10.528993405767235
61	1 1	1 3	1 67	1 69	13.18541207164869
62	1 1	1 3	1 69	1 71	9.111293942899113
63	1 2	1 4	1 3	1 5	464.8326873385013
64	1 2	1 4	1 5	1 7	-267.08543417366946
65	1 2	1 4	1 7	1 9	-484.34418402777777
66	1 2	1 4	1 11	1 13	178.4827828612792
67	1 2	1 4	1 13	1 15	-26.855250743444607
68	1 2	1 4	1 15	1 17	-317.9677151882074
69	1 2	1 4	1 6	1 8	-81.60037998140649
70	1 2	1 4	1 10	1 12	349.951326277774
71	1 2	1 4	1 12	1 14	12.346887303183376
72	1 2	1 4	1 14	1 16	-27.19627310930396
73	1 2	1 4	1 18	1 20	172.14084228256456
74	1 2	1 4	1 20	1 22	47.75559084466376
75	1 2	1 4	1 23	1 25	-219.86502818292027
76	1 2	1 4	1 25	1 27	98.68383110599169
77	1 2	1 4	1 31	1 33	-156.37060020751855
78	1 2	1 4	1 33	1 35	62.53174938184464
79	1 2	1 4	1 35	1 37	52.781412246767786
80	1 2	1 4	1 37	1 39	23.41460571773571
81	1 2	1 4	1 39	1 41	-108.20963072900523
82	1 2	1 4	1 41	1 43	37.46924018496691
83	1 2	1 4	1 26	1 28	99.92657039821455
84	1 2	1 4	1 28	1 30	47.21933154511362
85	1 2	1 4	1 30	1 32	5.808518908556991
86	1 2	1 4	1 32	1 34	-122.84031702291041
87	1 2	1 4	1 34	1 36	60.69607454949921
88	1 2	1 4	1 36	1 38	37.6834065520102
89	1 2	1 4	1 38	1 40	13.157073743766782
90	1 2	1 4	1 40	1 42	-93.81702203085011
91	1 2	1 4	1 42	1 44	40.04624506403255
92	1 2	1 4	1 44	1 46	28.850329808904842
93	1 2	1 4	1 43	1 45	35.97625782677099
94	1 2	1 4	1 45	1 47	21.37890741043051
95	1 2	1 4	1 47	1 49	-77.42522509304574
96	1 2	1 4	1 49	1 51	24.35632365147122
97	1 2	1 4	1 51	1 53	26.076297569217473
98	1 2	1 4	1 53	1 55	18.416679790356923
99	1 2	1 4	1 55	1 57	-57.883442913602494
100	1 2	1 4	1 57	1 59	15.919162655328382
101	1 2	1 4	1 59	1 61	19.482774446596345
102	1 2	1 4	1 61	1 63	14.837435790624827
103	1 2	1 4	1 46	1 48	14.195187786831507
104	1 2	1 4	1 48	1 50	-72.79471419995998
105	1 2	1 4	1 50	1 52	28.00422667114097
106	1 2	1 4	1 52	1 54	21.7254205585302
107	1 2	1 4	1 54	1 56	13.36690781795999
108	1 2	1 4	1 56	1 58	-56.00970400567175
109	1 2	1 4	1 58	1 60	20.539187612322117
110	1 2	1 4	1 60	1 62	17.349606479728116
111	1 2	1 4	1 62	1 64	10.867900334217348
112	1 2	1 4	1 64	1 66	-43.72972309752639
113	1 2	1 4	1 63	1 65	-43.62570339350039
114	1 2	1 4	1 65	1 67	11.467235891621257
115	1 2	1 4	1 67	1 69	15.317050197484036
116	1 2	1 4	1 69	1 71	11.385311835840621
117	1 2	1 4	1 71	1 1	-642.0758339006127
118	1 2	1 4	1 66	1 68	14.991898834896277
119	1 2	1 4	1 68	1 70	14.135907744137809
120	1 2	1 4	1 70	1 72	7.9151138716356115
121	1 3	1 5	1 4	1 6	354.9335662470663
122	1 3	1 5	1 6	1 8	-229.6189276485788
123	1 3	1 5	1 8	1 10	-386.5750590106732
124	1 3	1 5	1 10	1 12	200.6718856509884
125	1 3	1 5	1 12	1 14	182.88113765373697
126	1 3	1 5	1 14	1 16	-34.84425803609575
127	1 3	1 5	1 16	1 18	-272.47475418275417
128	1 3	1 5	1 18	1 20	116.0023886925795
129	1 3	1 5	1 20	1 22	106.64031583851715
130	1 3	1 5	1 9	1 11	40.9764568525138
131	1 3	1 5	1 11	1 13	275.4568856978789
132	1 3	1 5	1 17	1 19	56.813328256029436
133	1 3	1 5	1 19	1 21	141.2427023717583
134	1 3	1 5	1 21	1 23	47.026667665154875
135	1 3	1 5	1 25	1 27	53.886410161548895
136	1 3	1 5	1 24	1 26	-194.42358433595018
137	1 3	1 5	1 26	1 28	74.5916822749997
138	1 3	1 5	1 28	1 30	72.45785486972494
139	1 3	1 5	1 30	1 32	18.99424654962544
140	1 3	1 5	1 32	1 34	-137.59975858838547
141	1 3	1 5	1 34	1 36	49.14242536756328
142	1 3	1 5	1 36	1 38	48.795292295274955
143	1 3	1 5	1 38	1 40	23.040496716164697
144	1 3	1 5	1 40	1 42	-103.60116401056288
145	1 3	1 5	1 42	1 44	34.63283816817645
146	1 3	1 5	1 27	1 29	84.8447113882055
147	1 3	1 5	1 29	1 31	43.74200289148565
148	1 3	1 5	1 33	1 35	41.07339131674195
149	1 3	1 5	1 35	1 37	54.0887653405815
150	1 3	1 5	1 37	1 39	36.938304590620554
151	1 3	1 5	1 39	1 41	-108.87377706575668
152	1 3	1 5	1 41	1 43	27.94799181465039
153	1 3	1 5	1 43	1 45	36.478395968781626
154	1 3	1 5	1 45	1 47	28.382844963214154
155	1 3	1 5	1 44	1 46	33.90212531046561
156	1 3	1 5	1 46	1 48	20.655712180027557
157	1 3	1 5	1 48	1 50	-78.79466789162694
158	1 3	1 5	1 50	1 52	25.166819337223245
159	1 3	1 5	1 52	1 54	24.160668418329706
160	1 3	1 5	1 54	1 56	17.55160877693013
161	1 3	1 5	1 56	1 58	-59.75716824130906
162	1 3	1 5	1 58	1 60	19.057326991774293
163	1 3	1 5	1 60	1 62	18.78041651914509
164	1 3	1 5	1 62	1 64	13.321292011247525
165	1 3	1 5	1 47	1 49	-78.20218487918675
166	1 3	1 5	1 49	1 51	19.931830011046014
167	1 3	1 5	1 51	1 53	26.35110529339566
168	1 3	1 5	1 53	1 55	22.406308114940103
169	1 3	1 5	1 55	1 57	-58.8746219822537
170	1 3	1 5	1 57	1 59	13.900428141633881
171	1 3	1 5	1 59	1 61	19.416568600620323
172	1 3	1 5	1 61	1 63	17.203055950452388
173	1 3	1 5	1 65	1 67	10.533268060897381
174	1 3	1 5	1 64	1 66	-46.218772833715946
175	1 3	1 5	1 66	1 68	14.295391523902225
176	1 3	1 5	1 68	1 70	15.012010397450016
177	1 3	1 5	1 70	1 72	9.151165019231993
178	1 3	1 5	1 72	1 2	-450.0998664737955
179	1 3	1 5	1 67	1 69	15.385558583517803
180	1 3	1 5	1 69	1 71	12.663365377905633
181	1 3	1 5	1 71	1 1	-295.3100344530577
182	1 4	1 6	1 5	1 7	550.6478892103289
183	1 4	1 6	1 7	1 9	-682.3163036155402
184	1 4	1 6	1 9	1 11	-26.806665322653583
185	1 4	1 6	1 11	1 13	188.78724967222925
186	1 4	1 6	1 15	1 17	-400.49428571428575
187	1 4	1 6	1 17	1 19	12.642119922900196
188	1 4	1 6	1 19	1 21	117.48730134222042
189	1 4	1 6	1 21	1 23	131.87635871378876
190	1 4	1 6	1 23	1 25	-245.31658027458673
191	1 4	1 6	1 12	1 14	356.16796226113274
192	1 4	1 6	1 14	1 16	22.68521998812507
193	1 4	1 6	1 18	1 20	53.09947294504637
194	1 4	1 6	1 20	1 22	165.34452037695812
195	1 4	1 6	1 22	1 24	65.94480607482836
196	1 4	1 6	1 26	1 28	49.740464517656754
197	1 4	1 6	1 25	1 27	27.090643438519663
198	1 4	1 6	1 27	1 29	80.92047404682518
199	1 4	1 6	1 29	1 31	86.614712857475
200	1 4	1 6	1 31	1 33	-172.4651524306509
201	1 4	1 6	1 33	1 35	28.071452305416386
202	1 4	1 6	1 35	1 37	55.84306527788176
203	1 4	1 6	1 37	1 39	59.998493327870506
204	1 4	1 6	1 39	1 41	-123.32046811380613
205	1 4	1 6	1 41	1 43	22.537128712871286
206	1 4	1 6	1 43	1 45	39.4919746813391
207	1 4	1 6	1 28	1 30	101.99230382293761
208	1 4	1 6	1 30	1 32	49.37507188849671
209	1 4	1 6	1 32	1 34	-175.12775026386294
210	1 4	1 6	1 34	1 36	40.17148267742279
211	1 4	1 6	1 36	1 38	64.96541733528178
212	1 4	1 6	1 38	1 40	42.77736417561677
213	1 4	1 6	1 40	1 42	-129.67970513245785
214	1 4	1 6	1 42	1 44	32.23657933542225
215	1 4	1 6	1 44	1 46	43.03423348537868
216	1 4	1 6	1 46	1 48	33.07793693861388
217	1 4	1 6	1 45	1 47	40.99600052512189
218	1 4	1 6	1 47	1 49	-89.6004252685907
219	1 4	1 6	1 49	1 51	18.051565263124502
220	1 4	1 6	1 51	1 53	29.16670319553075
221	1 4	1 6	1 53	1 55	30.3339422725612
222	1 4	1 6	1 55	1 57	-67.83859710999957
223	1 4	1 6	1 59	1 61	25.88150524413605
224	1 4	1 6	1 61	1 63	22.343019731040567
225	1 4	1 6	1 63	1 65	-51.26864906939395
226	1 4	1 6	1 48	1 50	-97.08239733286466
227	1 4	1 6	1 50	1 52	25.031826096170654
228	1 4	1 6	1 52	1 54	29.631443805536257
229	1 4	1 6	1 54	1 56	25.549643205169446
230	1 4	1 6	1 56	1 58	-72.68022231854854
231	1 4	1 6	1 58	1 60	19.802614384817097
232	1 4	1 6	1 60	1 62	22.745554143923712
233	1 4	1 6	1 62	1 64	18.319364784868835
234	1 4	1 6	1 64	1 66	-55.32030234153143
235	1 4	1 6	1 66	1 68	15.375487747566297
236	1 4	1 6	1 65	1 67	10.899642925653252
237	1 4	1 6	1 67	1 69	17.330768916596313
238	1 4	1 6	1 69	1 71	15.82849307537196
239	1 4	1 6	1 71	1 1	-202.14357734783067
240	1 4	1 6	1 68	1 70	17.92364155614075
241	1 4	1 6	1 70	1 72	11.77821583178726
242	1 4	1 6	1 72	1 2	-264.6780978403495
243	1 5	1 7	1 6	1 8	550.5748279252705
244	1 5	1 7	1 8	1 10	-814.4315058637312
245	1 5	1 7	1 10	1 12	-32.66547206197038
246	1 5	1 7	1 12	1 14	267.6406529377196
247	1 5	1 7	1 16	1 18	-512.2523757058257
248	1 5	1 7	1 22	1 24	163.06782454361056
249	1 5	1 7	1 24	1 26	-308.4564773886433
250	1 5	1 7	1 9	1 11	-28.92183930423373
251	1 5	1 7	1 13	1 15	445.10058403634
252	1 5	1 7	1 15	1 17	-437.40440698018335
253	1 5	1 7	1 19	1 21	64.23168899017912
254	1 5	1 7	1 21	1 23	198.67278111739745
255	1 5	1 7	1 23	1 25	-244.24080955706305
256	1 5	1 7	1 25	1 27	12.347474870851626
257	1 5	1 7	1 27	1 29	60.16790605454801
258	1 5	1 7	1 26	1 28	27.994577445279287
259	1 5	1 7	1 28	1 30	100.85373286482735
260	1 5	1 7	1 30	1 32	86.22451836783534
261	1 5	1 7	1 32	1 34	-197.45510058750222
262	1 5	1 7	1 34	1 36	29.242893197413956
263	1 5	1 7	1 36	1 38	67.24972449375728
264	1 5	1 7	1 38	1 40	60.703719269508746
265	1 5	1 7	1 40	1 42	-142.58230046365293
266	1 5	1 7	1 42	1 44	27.039518611519973
267	1 5	1 7	1 44	1 46	44.94040222294104
268	1 5	1 7	1 29	1 31	116.96955985915493
269	1 5	1 7	1 31	1 33	-171.10810538116593
270	1 5	1 7	1 33	1 35	18.23565643946604
271	1 5	1 7	1 35	1 37	47.81071443176706
272	1 5	1 7	1 37	1 39	74.68377748989852
273	1 5	1 7	1 39	1 41	-124.49757746117932
274	1 5	1 7	1 41	1 43	17.103061158463774
275	1 5	1 7	1 43	1 45	36.72019299696719
276	1 5	1 7	1 45	1 47	47.916125191264435
277	1 5	1 7	1 47	1 49	-90.20374375177056
278	1 5	1 7	1 46	1 48	42.42211664551262
279	1 5	1 7	1 48	1 50	-104.47206086309824
280	1 5	1 7	1 50	1 52	22.330254304420563
281	1 5	1 7	1 52	1 54	30.849210520676586
282	1 5	1 7	1 54	1 56	30.766603034369425
283	1 5	1 7	1 56	1 58	-76.7744578722228
284	1 5	1 7	1 58	1 60	18.386014879605515
285	1 5	1 7	1 60	1 62	23.703277102221456
286	1 5	1 7	1 62	1 64	21.15891613750772
287	1 5	1 7	1 64	1 66	-58.01434765645509
288	1 5	1 7	1 49	1 51	15.12805907054062
289	1 5	1 7	1 51	1 53	28.218893418590923
290	1 5	1 7	1 53	1 55	34.317087819686805
291	1 5	1 7	1 55	1 57	-68.7731017597525
292	1 5	1 7	1 57	1 59	12.123200526779815
293	1 5	1 7	1 59	1 61	21.121864896283462
294	1 5	1 7	1 61	1 63	24.650631971452782
295	1 5	1 7	1 66	1 68	14.745345844544758
296	1 5	1 7	1 68	1 70	18.65073431470845
297	1 5	1 7	1 70	1 72	13.067747615402304
298	1 5	1 7	1 72	1 2	-194.16870245263178
299	1 5	1 7	1 69	1 71	17.096358727814042
300	1 5	1 7	1 71	1 1	-160.75387964861648
301	1 6	1 8	1 9	1 11	-17.4774756436088
302	1 6	1 8	1 11	1 13	-28.50736954934218
303	1 6	1 8	1 17	1 19	-5.4984503494934085
304	1 6	1 8	1 19	1 21	14.358816215610851
305	1 6	1 8	1 21	1 23	150.0962604898836
306	1 6	1 8	1 25	1 27	3.3259877783656915
307	1 6	1 8	1 10	1 12	-27.268305560381506
308	1 6	1 8	1 12	1 14	25.445716949535218
309	1 6	1 8	1 22	1 24	230.0870469399881
310	1 6	1 8	1 24	1 26	-276.61383845292875
311	1 6	1 8	1 26	1 28	10.135494318911341
312	1 6	1 8	1 28	1 30	63.74533305799752
313	1 6	1 8	1 27	1 29	28.765467408518795
314	1 6	1 8	1 29	1 31	98.48798646812818
315	1 6	1 8	1 31	1 33	-118.68124233854232
316	1 6	1 8	1 33	1 35	8.88097714402562
317	1 6	1 8	1 35	1 37	28.977347449395175
318	1 6	1 8	1 37	1 39	63.19942329528477
319	1 6	1 8	1 39	1 41	-89.54686158339335
320	1 6	1 8	1 41	1 43	9.837057621748988
321	1 6	1 8	1 43	1 45	24.856741108354008
322	1 6	1 8	1 45	1 47	39.71581055651387
323	1 6	1 8	1 30	1 32	98.72297094938605
324	1 6	1 8	1 32	1 34	-160.16759467620642
325	1 6	1 8	1 38	1 40	60.57167829949239
326	1 6	1 8	1 40	1 42	-113.34396464646464
327	1 6	1 8	1 42	1 44	16.75001886737256
328	1 6	1 8	1 44	1 46	33.538581550418115
329	1 6	1 8	1 46	1 48	39.37109080968612
330	1 6	1 8	1 48	1 50	-82.54918001083004
331	1 6	1 8	1 47	1 49	-66.49297330341837
332	1 6	1 8	1 49	1 51	9.54971840493544
333	1 6	1 8	1 51	1 53	20.016393170269232
334	1 6	1 8	1 53	1 55	28.082771427314604
335	1 6	1 8	1 55	1 57	-51.371387082147656
336	1 6	1 8	1 57	1 59	8.114086196562873
337	1 6	1 8	1 61	1 63	19.879438437391002
338	1 6	1 8	1 63	1 65	-39.15745380910501
339	1 6	1 8	1 65	1 67	7.114813375578141
340	1 6	1 8	1 50	1 52	14.83946043942085
341	1 6	1 8	1 52	1 54	23.359141720793986
342	1 6	1 8	1 54	1 56	26.98265826546718
343	1 6	1 8	1 56	1 58	-60.087216894593055
344	1 6	1 8	1 58	1 60	12.772020114869836
345	1 6	1 8	1 60	1 62	18.196171778451863
346	1 6	1 8	1 62	1 64	17.917472966668488
347	1 6	1 8	1 64	1 66	-44.959358967663135
348	1 6	1 8	1 66	1 68	10.557899695295
349	1 6	1 8	1 68	1 70	14.328541039437688
350	1 6	1 8	1 67	1 69	12.771528527232174
351	1 6	1 8	1 71	1 1	-101.08114123385667
352	1 6	1 8	1 70	1 72	10.84114639806782
353	1 6	1 8	1 72	1 2	-117.03345936951277
354	1 7	1 9	1 12	1 14	-423.4481989708405
355	1 7	1 9	1 16	1 18	1023.6481596040829
356	1 7	1 9	1 18	1 20	-338.339857514938
357	1 7	1 9	1 20	1 22	-269.59633388950687
358	1 7	1 9	1 22	1 24	-164.11364568318504
359	1 7	1 9	1 24	1 26	684.8441210065419
360	1 7	1 9	1 26	1 28	-231.62575819235315
361	1 7	1 9	1 11	1 13	-354.9494047619048
362	1 7	1 9	1 13	1 15	-438.39161336176255
363	1 7	1 9	1 15	1 17	1143.1123053049025
364	1 7	1 9	1 21	1 23	-239.47272727272724
365	1 7	1 9	1 23	1 25	732.6565181000209
366	1 7	1 9	1 27	1 29	-216.56431025656173
367	1 7	1 9	1 29	1 31	-172.7015519040167
368	1 7	1 9	1 28	1 30	-205.37695192534846
369	1 7	1 9	1 30	1 32	-105.76989114479632
370	1 7	1 9	1 36	1 38	-148.1746527471234
371	1 7	1 9	1 38	1 40	-92.69076173404987
372	1 7	1 9	1 40	1 42	347.20931989924435
373	1 7	1 9	1 42	1 44	-111.16702049236909
374	1 7	1 9	1 44	1 46	-106.62056905969436
375	1 7	1 9	1 46	1 48	-74.82974322024505
376	1 7	1 9	1 31	1 33	511.85716055939105
377	1 7	1 9	1 35	1 37	-156.15734198270127
378	1 7	1 9	1 37	1 39	-129.8838115847513
379	1 7	1 9	1 39	1 41	356.45484866077015
380	1 7	1 9	1 41	1 43	-97.40125549144864
381	1 7	1 9	1 43	1 45	-111.92965846244238
382	1 7	1 9	1 45	1 47	-95.33234745762712
383	1 7	1 9	1 47	1 49	253.75078218769806
384	1 7	1 9	1 49	1 51	-66.66840573441823
385	1 7	1 9	1 48	1 50	262.2642996310575
386	1 7	1 9	1 50	1 52	-81.43210857368283
387	1 7	1 9	1 52	1 54	-76.98060215493726
388	1 7	1 9	1 54	1 56	-60.15580680659187
389	1 7	1 9	1 56	1 58	196.40284168320233
390	1 7	1 9	1 58	1 60	-61.50513649005792
391	1 7	1 9	1 60	1 62	-60.48268788410886
392	1 7	1 9	1 62	1 64	-44.70006514090849
393	1 7	1 9	1 64	1 66	151.1006228331309
394	1 7	1 9	1 66	1 68	-46.284259799006335
395	1 7	1 9	1 55	1 57	190.97172065852362
396	1 7	1 9	1 57	1 59	-45.671577082907554
397	1 7	1 9	1 63	1 65	144.11262152207271
398	1 7	1 9	1 65	1 67	-34.23841115135947
399	1 7	1 9	1 67	1 69	-49.63262429168198
400	1 7	1 9	1 69	1 71	-41.4717139067981
401	1 7	1 9	1 68	1 70	-48.57968227845976
402	1 7	1 9	1 70	1 72	-29.89595904931788
403	1 7	1 9	1 72	1 2	582.0267779027621
404	1 7	1 9	1 71	1 1	823.7724399494311
405	1 8	1 10	1 11	1 13	-367.99568854568855
406	1 8	1 10	1 13	1 15	-506.78969314998733
407	1 8	1 10	1 15	1 17	986.4777034901551
408	1 8	1 10	1 19	1 21	-301.67459207459206
409	1 8	1 10	1 25	1 27	-132.06003810863547
410	1 8	1 10	1 27	1 29	-214.9873028158632
411	1 8	1 10	1 12	1 14	-413.24307437518814
412	1 8	1 10	1 14	1 16	-546.7771401243424
413	1 8	1 10	1 16	1 18	1260.7248445449404
414	1 8	1 10	1 22	1 24	-298.69250645994833
415	1 8	1 10	1 24	1 26	750.4520718232044
416	1 8	1 10	1 28	1 30	-226.77560857492256
417	1 8	1 10	1 30	1 32	-158.1512607934541
418	1 8	1 10	1 29	1 31	-214.28868268938243
419	1 8	1 10	1 31	1 33	481.68077521389677
420	1 8	1 10	1 33	1 35	-103.77144024520837
421	1 8	1 10	1 35	1 37	-150.64364195752816
422	1 8	1 10	1 37	1 39	-154.66057429918135
423	1 8	1 10	1 39	1 41	345.4186077847819
424	1 8	1 10	1 45	1 47	-107.53269756279335
425	1 8	1 10	1 47	1 49	249.25600040140841
426	1 8	1 10	1 32	1 34	489.8086848635236
427	1 8	1 10	1 34	1 36	-127.9729096747482
428	1 8	1 10	1 36	1 38	-160.0073428108583
429	1 8	1 10	1 38	1 40	-120.42108077806667
430	1 8	1 10	1 40	1 42	356.21885005991317
431	1 8	1 10	1 42	1 44	-95.35814096457216
432	1 8	1 10	1 48	1 50	266.35365783410134
433	1 8	1 10	1 50	1 52	-72.11111812525864
434	1 8	1 10	1 49	1 51	-54.978527390393396
435	1 8	1 10	1 51	1 53	-79.91825133768481
436	1 8	1 10	1 53	1 55	-80.89837342996485
437	1 8	1 10	1 55	1 57	187.6329056820773
438	1 8	1 10	1 57	1 59	-39.79827808175088
439	1 8	1 10	1 61	1 63	-59.828043698434946
440	1 8	1 10	1 63	1 65	141.91623244580782
441	1 8	1 10	1 65	1 67	-31.13108168982796
442	1 8	1 10	1 67	1 69	-47.94946753326866
443	1 8	1 10	1 52	1 54	-78.87357142327679
444	1 8	1 10	1 54	1 56	-68.65093864166056
445	1 8	1 10	1 56	1 58	198.55782100241575
446	1 8	1 10	1 58	1 60	-56.29258291233565
447	1 8	1 10	1 64	1 66	151.90176881782722
448	1 8	1 10	1 66	1 68	-43.24441492820394
449	1 8	1 10	1 68	1 70	-48.79355808385961
450	1 8	1 10	1 70	1 72	-31.90855112142229
451	1 9	1 11	1 10	1 12	270.82826442805015
452	1 9	1 11	1 12	1 14	-56.32425881450069
453	1 9	1 11	1 14	1 16	-13.562385915192625
454	1 9	1 11	1 20	1 22	-19.008914277627625
455	1 9	1 11	1 22	1 24	-9.854057567055202
456	1 9	1 11	1 13	1 15	-26.219277234766377
457	1 9	1 11	1 17	1 19	342.18313834251535
458	1 9	1 11	1 19	1 21	22.420683053159365
459	1 9	1 11	1 21	1 23	-15.685981718934425
460	1 9	1 11	1 25	1 27	182.07522068470973
461	1 9	1 11	1 27	1 29	49.499277387435285
462	1 9	1 11	1 30	1 32	-2.8052831143966976
463	1 9	1 11	1 32	1 34	-105.24085152652354
464	1 9	1 11	1 34	1 36	73.32528916736337
465	1 9	1 11	1 36	1 38	20.81524876301766
466	1 9	1 11	1 42	1 44	47.07540572861066
467	1 9	1 11	1 44	1 46	21.506693582660432
468	1 9	1 11	1 46	1 48	7.822317798288365
469	1 9	1 11	1 48	1 50	-66.53931848616392
470	1 9	1 11	1 39	1 41	-110.16495443378341
471	1 9	1 11	1 41	1 43	53.3333530196021
472	1 9	1 11	1 43	1 45	33.598426788378404
473	1 9	1 11	1 45	1 47	13.393526805632234
474	1 9	1 11	1 47	1 49	-77.62833041534124
475	1 9	1 11	1 49	1 51	31.479202456152734
476	1 9	1 11	1 51	1 53	25.461811222762556
477	1 9	1 11	1 50	1 52	32.00806731246895
478	1 9	1 11	1 52	1 54	18.434580086580084
479	1 9	1 11	1 54	1 56	9.009654308046727
480	1 9	1 11	1 56	1 58	-52.46075537141867
481	1 9	1 11	1 58	1 60	22.812192804779976
482	1 9	1 11	1 60	1 62	15.558864920280392
483	1 9	1 11	1 62	1 64	8.2235226434701
484	1 9	1 11	1 64	1 66	-41.581954614384756
485	1 9	1 11	1 66	1 68	16.16194525727824
486	1 9	1 11	1 53	1 55	13.7320336496335
487	1 9	1 11	1 55	1 57	-57.51092391211344
488	1 9	1 11	1 57	1 59	19.177671185288254
489	1 9	1 11	1 59	1 61	19.650185386478004
490	1 9	1 11	1 61	1 63	12.124444807386487
491	1 9	1 11	1 63	1 65	-43.37386794852199
492	1 9	1 11	1 65	1 67	13.017497704869154
493	1 9	1 11	1 67	1 69	15.455198600620864
494	1 9	1 11	1 69	1 71	9.979769874469369
495	1 9	1 11	1 70	1 72	6.373469138316651
496	1 9	1 11	1 72	1 2	-185.3864280560709
497	1 10	1 12	1 11	1 13	207.52497550460515
498	1 10	1 12	1 13	1 15	-58.97841600435607
499	1 10	1 12	1 15	1 17	-347.90998175182483
500	1 10	1 12	1 23	1 25	-252.81131407533275
501	1 10	1 12	1 25	1 27	121.37603448818402
502	1 10	1 12	1 27	1 29	102.890244164092
503	1 10	1 12	1 29	1 31	6.660037310645512
504	1 10	1 12	1 14	1 16	-24.201714574898787
505	1 10	1 12	1 18	1 20	281.8339297390264
506	1 10	1 12	1 22	1 24	-15.567139091017303
507	1 10	1 12	1 28	1 30	42.41404069425026
508	1 10	1 12	1 30	1 32	-1.6663753670127526
509	1 10	1 12	1 31	1 33	-179.6958706051822
510	1 10	1 12	1 33	1 35	77.35772117484512
511	1 10	1 12	1 35	1 37	65.01427102664744
512	1 10	1 12	1 37	1 39	19.634488305814457
513	1 10	1 12	1 39	1 41	-125.01729558172556
514	1 10	1 12	1 41	1 43	46.20913070669168
515	1 10	1 12	1 43	1 45	42.8887380952381
516	1 10	1 12	1 45	1 47	21.350641470466748
517	1 10	1 12	1 47	1 49	-89.36523954358563
518	1 10	1 12	1 49	1 51	29.675074574406025
519	1 10	1 12	1 34	1 36	78.77300749197839
520	1 10	1 12	1 36	1 38	39.37527658171287
521	1 10	1 12	1 38	1 40	9.37827988686152
522	1 10	1 12	1 40	1 42	-105.32857231267502
523	1 10	1 12	1 42	1 44	49.537350051858084
524	1 10	1 12	1 44	1 46	31.762570096461808
525	1 10	1 12	1 46	1 48	12.895344496547182
526	1 10	1 12	1 48	1 50	-81.71728334181725
527	1 10	1 12	1 50	1 52	33.808120675025044
528	1 10	1 12	1 52	1 54	24.395121465655894
529	1 10	1 12	1 51	1 53	30.579016934417943
530	1 10	1 12	1 53	1 55	19.487035730082084
531	1 10	1 12	1 55	1 57	-66.46610820832632
532	1 10	1 12	1 57	1 59	19.146184996969026
533	1 10	1 12	1 61	1 63	16.14436982747511
534	1 10	1 12	1 63	1 65	-50.34945911465378
535	1 10	1 12	1 65	1 67	13.620556530354603
536	1 10	1 12	1 67	1 69	17.779697454728055
537	1 10	1 12	1 69	1 71	12.649341965612397
538	1 10	1 12	1 54	1 56	13.376692167030441
539	1 10	1 12	1 56	1 58	-63.24044183937083
540	1 10	1 12	1 58	1 60	24.473052729867838
541	1 10	1 12	1 60	1 62	19.605401193380374
542	1 10	1 12	1 66	1 68	17.653674200006787
543	1 10	1 12	1 68	1 70	16.05763805102233
544	1 10	1 12	1 70	1 72	8.37064088514615
545	1 10	1 12	1 72	1 2	-284.13069852329335
546	1 11	1 13	1 12	1 14	194.37723669325854
547	1 11	1 13	1 14	1 16	-55.014903986073534
548	1 11	1 13	1 16	1 18	-295.5983613645207
549	1 11	1 13	1 18	1 20	147.71162083824964
550	1 11	1 13	1 24	1 26	-218.828056908485
551	1 11	1 13	1 26	1 28	95.27738193888382
552	1 11	1 13	1 28	1 30	92.98437562432252
553	1 11	1 13	1 30	1 32	6.1299702392787925
554	1 11	1 13	1 17	1 19	7.8623749006263965
555	1 11	1 13	1 19	1 21	252.59057960496958
556	1 11	1 13	1 25	1 27	46.50060302595078
557	1 11	1 13	1 27	1 29	125.01354817597962
558	1 11	1 13	1 29	1 31	35.21001584839365
559	1 11	1 13	1 33	1 35	43.57298295030195
560	1 11	1 13	1 32	1 34	-156.96984725043757
561	1 11	1 13	1 34	1 36	61.15603484847408
562	1 11	1 13	1 36	1 38	60.04448381743404
563	1 11	1 13	1 38	1 40	19.55268207481778
564	1 11	1 13	1 40	1 42	-118.63253868582507
565	1 11	1 13	1 42	1 44	42.16032166490254
566	1 11	1 13	1 44	1 46	40.51188417282484
567	1 11	1 13	1 46	1 48	20.69923607680166
568	1 11	1 13	1 48	1 50	-90.55141236709923
569	1 11	1 13	1 50	1 52	30.133756360855976
570	1 11	1 13	1 35	1 37	71.63289975530068
571	1 11	1 13	1 39	1 41	-127.05938722416667
572	1 11	1 13	1 41	1 43	31.67403158712831
573	1 11	1 13	1 43	1 45	45.281388584921956
574	1 11	1 13	1 45	1 47	31.285562448979867
575	1 11	1 13	1 47	1 49	-91.61528882565923
576	1 11	1 13	1 49	1 51	23.200519064609033
577	1 11	1 13	1 51	1 53	31.669864519501864
578	1 11	1 13	1 53	1 55	25.31900986622186
579	1 11	1 13	1 52	1 54	28.479431045145333
580	1 11	1 13	1 54	1 56	18.784089064633182
581	1 11	1 13	1 60	1 62	21.915780278888967
582	1 11	1 13	1 62	1 64	14.727055016624844
583	1 11	1 13	1 64	1 66	-53.513246556538476
584	1 11	1 13	1 66	1 68	16.880484650714916
585	1 11	1 13	1 68	1 70	20.907217736005393
586	1 11	1 13	1 55	1 57	-68.8025082299801
587	1 11	1 13	1 57	1 59	16.331271017413865
588	1 11	1 13	1 59	1 61	23.018010040193737
589	1 11	1 13	1 61	1 63	19.609926129527203
590	1 11	1 13	1 63	1 65	-51.89939492117322
591	1 11	1 13	1 65	1 67	12.425108769216482
592	1 11	1 13	1 67	1 69	18.042340622499307
593	1 11	1 13	1 69	1 71	14.52544563629397
594	1 11	1 13	1 71	1 1	-220.78523575090088
595	1 11	1 13	1 72	1 2	-244.08137829912022
596	1 12	1 14	1 15	1 17	-407.9821428571429
597	1 12	1 14	1 17	1 19	-16.762150970487294
598	1 12	1 14	1 19	1 21	141.48659494669198
599	1 12	1 14	1 23	1 25	-282.50424654967844
600	1 12	1 14	1 25	1 27	12.035102626350522
601	1 12	1 14	1 27	1 29	96.76353885188482
602	1 12	1 14	1 29	1 31	107.59454919941658
603	1 12	1 14	1 31	1 33	-197.97205484237185
604	1 12	1 14	1 18	1 20	7.3880393165094365
605	1 12	1 14	1 20	1 22	270.29100465565205
606	1 12	1 14	1 28	1 30	138.5660431228005
607	1 12	1 14	1 30	1 32	44.289993292466505
608	1 12	1 14	1 32	1 34	-196.82374534529453
609	1 12	1 14	1 34	1 36	40.16470957968025
610	1 12	1 14	1 33	1 35	22.87220661137328
611	1 12	1 14	1 35	1 37	65.43729481346024
612	1 12	1 14	1 37	1 39	72.2848019833051
613	1 12	1 14	1 39	1 41	-141.24942966236011
614	1 12	1 14	1 41	1 43	21.705652933768533
615	1 12	1 14	1 43	1 45	45.63058890360304
616	1 12	1 14	1 45	1 47	48.192344164713866
617	1 12	1 14	1 49	1 51	18.691575354466547
618	1 12	1 14	1 51	1 53	33.20022074359199
619	1 12	1 14	1 36	1 38	81.15889205793073
620	1 12	1 14	1 38	1 40	45.997875121474515
621	1 12	1 14	1 40	1 42	-147.00016973495235
622	1 12	1 14	1 42	1 44	34.500187413691066
623	1 12	1 14	1 48	1 50	-110.40720482990753
624	1 12	1 14	1 50	1 52	27.319415015318057
625	1 12	1 14	1 52	1 54	34.479553508675195
626	1 12	1 14	1 54	1 56	29.145618287056568
627	1 12	1 14	1 53	1 55	35.26142266061693
628	1 12	1 14	1 55	1 57	-76.78672262375927
629	1 12	1 14	1 57	1 59	14.567220183142833
630	1 12	1 14	1 61	1 63	25.7257212818056
631	1 12	1 14	1 63	1 65	-57.91519657258065
632	1 12	1 14	1 65	1 67	11.926861823460289
633	1 12	1 14	1 67	1 69	19.526552271547217
634	1 12	1 14	1 69	1 71	18.12420219850088
635	1 12	1 14	1 71	1 1	-175.60835605478005
636	1 12	1 14	1 56	1 58	-82.40575216249245
637	1 12	1 14	1 58	1 60	21.819452807417363
638	1 12	1 14	1 60	1 62	26.12920441940953
639	1 12	1 14	1 62	1 64	20.925567152407325
640	1 12	1 14	1 64	1 66	-62.58699572042736
641	1 12	1 14	1 66	1 68	17.08657511837901
642	1 12	1 14	1 70	1 72	13.487135249856605
643	1 12	1 14	1 72	1 2	-196.90015928024155
644	1 13	1 15	1 16	1 18	-498.9786085150571
645	1 13	1 15	1 18	1 20	-20.05172288668492
646	1 13	1 15	1 20	1 22	165.06560487318686
647	1 13	1 15	1 24	1 26	-349.8699235547062
648	1 13	1 15	1 26	1 28	9.776353042610902
649	1 13	1 15	1 28	1 30	116.50290172090689
650	1 13	1 15	1 30	1 32	108.17299257131712
651	1 13	1 15	1 32	1 34	-219.65237416904085
652	1 13	1 15	1 17	1 19	-13.898725977249622
653	1 13	1 15	1 19	1 21	6.177505013112946
654	1 13	1 15	1 21	1 23	321.4332127902551
655	1 13	1 15	1 23	1 25	-299.77476657699003
656	1 13	1 15	1 27	1 29	46.18618287278103
657	1 13	1 15	1 29	1 31	158.58735985780692
658	1 13	1 15	1 31	1 33	-192.6986937590711
659	1 13	1 15	1 33	1 35	11.110330919921944
660	1 13	1 15	1 35	1 37	45.63668631027966
661	1 13	1 15	1 34	1 36	21.85268638976673
662	1 13	1 15	1 36	1 38	76.7962257164117
663	1 13	1 15	1 38	1 40	74.56184960944512
664	1 13	1 15	1 40	1 42	-159.07385357513584
665	1 13	1 15	1 42	1 44	24.778083140804704
666	1 13	1 15	1 44	1 46	50.51984226112897
667	1 13	1 15	1 46	1 48	50.884655808008795
668	1 13	1 15	1 48	1 50	-115.83957492691277
669	1 13	1 15	1 50	1 52	21.84099046891966
670	1 13	1 15	1 37	1 39	93.39004172156346
671	1 13	1 15	1 39	1 41	-135.67347231617572
672	1 13	1 15	1 41	1 43	13.816192700665631
673	1 13	1 15	1 43	1 45	37.67827426423147
674	1 13	1 15	1 45	1 47	56.7562243768142
675	1 13	1 15	1 47	1 49	-97.27617074401678
676	1 13	1 15	1 49	1 51	13.821983617269035
677	1 13	1 15	1 51	1 53	29.620367529621326
678	1 13	1 15	1 53	1 55	39.501832932617134
679	1 13	1 15	1 55	1 57	-74.29368248897003
680	1 13	1 15	1 54	1 56	36.07578297180992
681	1 13	1 15	1 58	1 60	18.640958938799788
682	1 13	1 15	1 60	1 62	26.16974585191908
683	1 13	1 15	1 62	1 64	24.475444818087954
684	1 13	1 15	1 64	1 66	-64.00144782479845
685	1 13	1 15	1 66	1 68	15.304707912317603
686	1 13	1 15	1 68	1 70	20.471218751020587
687	1 13	1 15	1 70	1 72	14.89356659278328
688	1 13	1 15	1 57	1 59	11.812550655267477
689	1 13	1 15	1 59	1 61	22.318392786465786
690	1 13	1 15	1 61	1 63	27.947620236414526
691	1 13	1 15	1 63	1 65	-56.207416257140956
692	1 13	1 15	1 65	1 67	10.296867863979578
693	1 13	1 15	1 67	1 69	18.394206416667306
694	1 14	1 16	1 17	1 19	-8.081582500449796
695	1 14	1 16	1 19	1 21	-17.98039411439131
696	1 14	1 16	1 25	1 27	-1.3678258630297369
697	1 14	1 16	1 27	1 29	13.298348906536704
698	1 14	1 16	1 22	1 24	383.8520143975752
699	1 14	1 16	1 26	1 28	0.9276073364252899
700	1 14	1 16	1 28	1 30	53.617365913208005
701	1 14	1 16	1 30	1 32	142.5178048780488
702	1 14	1 16	1 32	1 34	-186.47042455868026
703	1 14	1 16	1 34	1 36	10.006331596454153
704	1 14	1 16	1 36	1 38	47.89680800765709
705	1 14	1 16	1 35	1 37	23.37317580943963
706	1 14	1 16	1 37	1 39	74.52594350517369
707	1 14	1 16	1 39	1 41	-93.31771547821364
708	1 14	1 16	1 41	1 43	7.578275898848078
709	1 14	1 16	1 43	1 45	23.590863086246536
710	1 14	1 16	1 45	1 47	46.11299158113252
711	1 14	1 16	1 49	1 51	8.37109859172892
712	1 14	1 16	1 51	1 53	20.014541599533715
713	1 14	1 16	1 53	1 55	31.985127615655816
714	1 14	1 16	1 38	1 40	79.59876663579193
715	1 14	1 16	1 40	1 42	-127.88270668935994
716	1 14	1 16	1 42	1 44	14.324909045961249
717	1 14	1 16	1 44	1 46	35.31226309523595
718	1 14	1 16	1 46	1 48	49.12290736846623
719	1 14	1 16	1 48	1 50	-91.90875514869322
720	1 14	1 16	1 52	1 54	24.898707661003566
721	1 14	1 16	1 54	1 56	32.43806870569868
722	1 14	1 16	1 56	1 58	-66.25528488076053
723	1 14	1 16	1 55	1 57	-54.44164548268098
724	1 14	1 16	1 57	1 59	7.660941048745629
725	1 14	1 16	1 63	1 65	-41.59962038090594
726	1 14	1 16	1 65	1 67	7.006664499349805
727	1 14	1 16	1 67	1 69	13.298301837060261
728	1 14	1 16	1 69	1 71	15.034147166624024
729	1 14	1 16	1 71	1 1	-90.12047851745919
730	1 14	1 16	1 62	1 64	20.980563001242388
731	1 14	1 16	1 64	1 66	-48.89865699389692
732	1 14	1 16	1 66	1 68	10.65064672542885
733	1 15	1 17	1 16	1 18	1009.6511780966171
734	1 15	1 17	1 18	1 20	-363.5268784653623
735	1 15	1 17	1 20	1 22	-296.2314937415038
736	1 15	1 17	1 24	1 26	775.8125159533736
737	1 15	1 17	1 26	1 28	-287.0670810880997
738	1 15	1 17	1 28	1 30	-229.91543442218935
739	1 15	1 17	1 30	1 32	-111.31143684258899
740	1 15	1 17	1 32	1 34	541.5113391181989
741	1 15	1 17	1 34	1 36	-195.5299101412067
742	1 15	1 17	1 19	1 21	-301.13844926186994
743	1 15	1 17	1 21	1 23	-296.4468900407257
744	1 15	1 17	1 23	1 25	935.0200617283951
745	1 15	1 17	1 25	1 27	-350.08168859649123
746	1 15	1 17	1 29	1 31	-194.21617196209587
747	1 15	1 17	1 31	1 33	623.7731242202816
748	1 15	1 17	1 36	1 38	-168.01000046287726
749	1 15	1 17	1 38	1 40	-100.65616138108176
750	1 15	1 17	1 40	1 42	407.37167967549624
751	1 15	1 17	1 42	1 44	-138.33513635607125
752	1 15	1 17	1 44	1 46	-123.08808295417614
753	1 15	1 17	1 46	1 48	-83.05815144065468
754	1 15	1 17	1 48	1 50	306.6620923625948
755	1 15	1 17	1 50	1 52	-99.60394478699551
756	1 15	1 17	1 54	1 56	-67.96782819095895
757	1 15	1 17	1 39	1 41	429.45291338093114
758	1 15	1 17	1 41	1 43	-125.57678601104196
759	1 15	1 17	1 43	1 45	-133.24404676637874
760	1 15	1 17	1 45	1 47	-108.83440559245798
761	1 15	1 17	1 47	1 49	304.43799762459855
762	1 15	1 17	1 49	1 51	-83.77888527833434
763	1 15	1 17	1 51	1 53	-99.0530772450967
764	1 15	1 17	1 53	1 55	-85.32016909334644
765	1 15	1 17	1 55	1 57	227.68739756160682
766	1 15	1 17	1 57	1 59	-56.381146197826496
767	1 15	1 17	1 58	1 60	-74.96772732324375
768	1 15	1 17	1 60	1 62	-70.90027104710136
769	1 15	1 17	1 62	1 64	-51.127822660801314
770	1 15	1 17	1 64	1 66	178.78066536711285
771	1 15	1 17	1 66	1 68	-55.84471425295355
772	1 15	1 17	1 68	1 70	-57.12101477641796
773	1 15	1 17	1 70	1 72	-34.503959899749375
774	1 15	1 17	1 59	1 61	-74.14654715754497
775	1 15	1 17	1 61	1 63	-65.30070354990247
776	1 15	1 17	1 63	1 65	171.40132873166522
777	1 15	1 17	1 65	1 67	-41.69058711521264
778	1 15	1 17	1 67	1 69	-59.12094372290403
779	1 15	1 17	1 69	1 71	-48.241005928707615
780	1 15	1 17	1 71	1 1	526.8270890183642
781	1 16	1 18	1 19	1 21	-328.8499253731343
782	1 16	1 18	1 21	1 23	-335.9033996299722
783	1 16	1 18	1 23	1 25	754.7676008381351
784	1 16	1 18	1 27	1 29	-258.105
785	1 16	1 18	1 29	1 31	-241.93125105914248
786	1 16	1 18	1 31	1 33	551.7321428571429
787	1 16	1 18	1 33	1 35	-114.50341668818962
788	1 16	1 18	1 35	1 37	-177.76068134763787
789	1 16	1 18	1 24	1 26	919.8380858272162
790	1 16	1 18	1 26	1 28	-256.4467754467754
791	1 16	1 18	1 30	1 32	-188.90217040358743
792	1 16	1 18	1 32	1 34	573.9747120074722
793	1 16	1 18	1 34	1 36	-154.83715697297424
794	1 16	1 18	1 36	1 38	-182.90587187338653
795	1 16	1 18	1 38	1 40	-140.08016011099855
796	1 16	1 18	1 37	1 39	-176.59964026941526
797	1 16	1 18	1 41	1 43	-83.57290308561494
798	1 16	1 18	1 43	1 45	-126.46324591742919
799	1 16	1 18	1 49	1 51	-62.943808008665485
800	1 16	1 18	1 51	1 53	-92.87104151568485
801	1 16	1 18	1 53	1 55	-93.0829054343175
802	1 16	1 18	1 55	1 57	217.01300528739554
803	1 16	1 18	1 40	1 42	415.9147151898734
804	1 16	1 18	1 42	1 44	-112.26496936686567
805	1 16	1 18	1 44	1 46	-129.0613371414937
806	1 16	1 18	1 46	1 48	-104.02064206072767
807	1 16	1 18	1 48	1 50	370.1341128720526
808	1 16	1 18	1 50	1 52	-100.5322943498323
809	1 16	1 18	1 54	1 56	-79.55231040633771
810	1 16	1 18	1 56	1 58	228.52432457973265
811	1 16	1 18	1 58	1 60	-64.81173007445359
812	1 16	1 18	1 57	1 59	-45.717134693360975
813	1 16	1 18	1 59	1 61	-69.02924705198942
814	1 16	1 18	1 63	1 65	164.32454415954413
815	1 16	1 18	1 65	1 67	-35.93814701096236
816	1 16	1 18	1 67	1 69	-55.540443273161685
817	1 16	1 18	1 69	1 71	-49.524282629080616
818	1 16	1 18	1 60	1 62	-71.07294194339846
819	1 16	1 18	1 62	1 64	-56.964259393301305
820	1 16	1 18	1 64	1 66	175.44573555374308
821	1 16	1 18	1 66	1 68	-49.947589952080236
822	1 16	1 18	1 68	1 70	-56.437654964250996
823	1 16	1 18	1 70	1 72	-36.980937276759384
824	1 17	1 19	1 18	1 20	199.95034578636512
825	1 17	1 19	1 20	1 22	-40.37626816561557
826	1 17	1 19	1 22	1 24	-9.363263923741574
827	1 17	1 19	1 26	1 28	158.3922466783195
828	1 17	1 19	1 28	1 30	-17.23213290639498
829	1 17	1 19	1 30	1 32	-5.759109806407894
830	1 17	1 19	1 32	1 34	-113.49630320698893
831	1 17	1 19	1 34	1 36	98.55933148179044
832	1 17	1 19	1 36	1 38	9.378342654273531
833	1 17	1 19	1 21	1 23	-17.68468511721637
834	1 17	1 19	1 25	1 27	323.721984783427
835	1 17	1 19	1 27	1 29	8.737502144450161
836	1 17	1 19	1 29	1 31	-10.902561814040439
837	1 17	1 19	1 33	1 35	159.999002348704
838	1 17	1 19	1 35	1 37	40.34705891484761
839	1 17	1 19	1 37	1 39	1.9278869533650966
840	1 17	1 19	1 39	1 41	-137.57290969152533
841	1 17	1 19	1 40	1 42	-93.59790754434715
842	1 17	1 19	1 42	1 44	63.00665468206092
843	1 17	1 19	1 44	1 46	19.089150636785597
844	1 17	1 19	1 46	1 48	5.322615382312708
845	1 17	1 19	1 48	1 50	-76.28339352465173
846	1 17	1 19	1 50	1 52	42.228257828294986
847	1 17	1 19	1 54	1 56	7.768072189102314
848	1 17	1 19	1 56	1 58	-60.991455720163515
849	1 17	1 19	1 41	1 43	80.46368251262166
850	1 17	1 19	1 43	1 45	37.06524737025682
851	1 17	1 19	1 49	1 51	45.16259959194742
852	1 17	1 19	1 51	1 53	29.992389748188124
853	1 17	1 19	1 53	1 55	12.9404120496479
854	1 17	1 19	1 55	1 57	-70.08800377935157
855	1 17	1 19	1 57	1 59	26.355760495749788
856	1 17	1 19	1 59	1 61	23.92528975414614
857	1 17	1 19	1 58	1 60	29.710721160259954
858	1 17	1 19	1 60	1 62	17.349540887972545
859	1 17	1 19	1 62	1 64	7.991316140465832
860	1 17	1 19	1 64	1 66	-48.91998919842539
861	1 17	1 19	1 66	1 68	20.656171100298828
862	1 17	1 19	1 68	1 70	15.246647367455063
863	1 17	1 19	1 70	1 72	6.6845289834622115
864	1 17	1 19	1 72	1 2	-113.66975821905748
865	1 17	1 19	1 65	1 67	17.2789817450524
866	1 17	1 19	1 67	1 69	18.91433173484016
867	1 17	1 19	1 69	1 71	11.01074585222998
868	1 18	1 20	1 21	1 23	-40.872755461592675
869	1 18	1 20	1 23	1 25	-300.04636353633714
870	1 18	1 20	1 29	1 31	-17.136689086900137
871	1 18	1 20	1 31	1 33	-216.10061553030306
872	1 18	1 20	1 33	1 35	104.29372733218383
873	1 18	1 20	1 35	1 37	84.29500359393545
874	1 18	1 20	1 37	1 39	9.598606080320922
875	1 18	1 20	1 22	1 24	-17.52736893419882
876	1 18	1 20	1 30	1 32	-9.769884010980382
877	1 18	1 20	1 34	1 36	116.30733936457129
878	1 18	1 20	1 36	1 38	34.8920820856945
879	1 18	1 20	1 38	1 40	3.1053560354325676
880	1 18	1 20	1 40	1 42	-121.6812580539688
881	1 18	1 20	1 41	1 43	61.84549814989273
882	1 18	1 20	1 43	1 45	54.14233804772822
883	1 18	1 20	1 45	1 47	19.243916667770105
884	1 18	1 20	1 47	1 49	-108.35775513077762
885	1 18	1 20	1 49	1 51	39.07521422220208
886	1 18	1 20	1 51	1 53	37.78792620655575
887	1 18	1 20	1 53	1 55	20.106406859097902
888	1 18	1 20	1 55	1 57	-80.31730769230771
889	1 18	1 20	1 57	1 59	24.7434944273001
890	1 18	1 20	1 42	1 44	67.02612051908481
891	1 18	1 20	1 44	1 46	34.11372397841173
892	1 18	1 20	1 46	1 48	9.96205860174559
893	1 18	1 20	1 50	1 52	43.9078380413774
894	1 18	1 20	1 54	1 56	12.60652841518613
895	1 18	1 20	1 56	1 58	-73.74902672238741
896	1 18	1 20	1 58	1 60	31.065491439249506
897	1 18	1 20	1 60	1 62	22.733975408936068
898	1 18	1 20	1 59	1 61	27.99581159886589
899	1 18	1 20	1 61	1 63	17.625899798445147
900	1 18	1 20	1 63	1 65	-60.42329767974581
901	1 18	1 20	1 65	1 67	17.23903763898462
902	1 18	1 20	1 67	1 69	21.663298380461733
903	1 18	1 20	1 69	1 71	14.325082027644582
904	1 18	1 20	1 71	1 1	-230.0231998092513
905	1 18	1 20	1 62	1 64	11.718974003681879
906	1 18	1 20	1 64	1 66	-58.2493758046155
907	1 18	1 20	1 66	1 68	22.068621031664893
908	1 18	1 20	1 68	1 70	18.851919152791375
909	1 19	1 21	1 20	1 22	169.28177989412814
910	1 19	1 21	1 22	1 24	-44.62745025428332
911	1 19	1 21	1 24	1 26	-270.5157094806991
912	1 19	1 21	1 28	1 30	129.860084187511
913	1 19	1 21	1 30	1 32	-16.24642673460356
914	1 19	1 21	1 32	1 34	-196.35121631816435
915	1 19	1 21	1 34	1 36	86.67498013380916
916	1 19	1 21	1 36	1 38	81.33416977074475
917	1 19	1 21	1 38	1 40	11.653857041974604
918	1 19	1 21	1 25	1 27	14.215753691956873
919	1 19	1 21	1 27	1 29	227.3999600615408
920	1 19	1 21	1 33	1 35	43.988153054717394
921	1 19	1 21	1 35	1 37	111.2010122201464
922	1 19	1 21	1 37	1 39	35.47945878350111
923	1 19	1 21	1 39	1 41	-160.46992059567577
924	1 19	1 21	1 41	1 43	37.766430488794555
925	1 19	1 21	1 40	1 42	-147.72014066684324
926	1 19	1 21	1 42	1 44	57.284258907463695
927	1 19	1 21	1 44	1 46	53.572750300308144
928	1 19	1 21	1 46	1 48	20.064470034375304
929	1 19	1 21	1 48	1 50	-113.15734719811556
930	1 19	1 21	1 50	1 52	39.8812834839392
931	1 19	1 21	1 54	1 56	20.87757130588735
932	1 19	1 21	1 47	1 49	-117.54876007608007
933	1 19	1 21	1 49	1 51	29.29653522374834
934	1 19	1 21	1 51	1 53	42.69636238846945
935	1 19	1 21	1 53	1 55	30.582914760933534
936	1 19	1 21	1 55	1 57	-88.07645854401859
937	1 19	1 21	1 57	1 59	20.926034538937763
938	1 19	1 21	1 59	1 61	30.255123489227536
939	1 19	1 21	1 61	1 63	24.17833512442371
940	1 19	1 21	1 60	1 62	28.228818677073157
941	1 19	1 21	1 62	1 64	17.31750961763069
942	1 19	1 21	1 64	1 66	-67.60565963822066
943	1 19	1 21	1 66	1 68	21.878324353056925
944	1 19	1 21	1 68	1 70	22.251664176959217
945	1 19	1 21	1 70	1 72	12.45313784880215
946	1 19	1 21	1 63	1 65	-66.48454122340425
947	1 19	1 21	1 65	1 67	15.960804183767145
948	1 19	1 21	1 67	1 69	23.409761392800164
949	1 19	1 21	1 69	1 71	18.138598877446274
950	1 19	1 21	1 71	1 1	-191.57616913395808
951	1 20	1 22	1 21	1 23	176.35508435932513
952	1 20	1 22	1 23	1 25	-301.361689291101
953	1 20	1 22	1 25	1 27	-14.962931970956983
954	1 20	1 22	1 27	1 29	130.35624553210135
955	1 20	1 22	1 29	1 31	133.85654801309954
956	1 20	1 22	1 31	1 33	-237.6163652859467
957	1 20	1 22	1 33	1 35	11.912144882418364
958	1 20	1 22	1 35	1 37	84.21129897175706
959	1 20	1 22	1 37	1 39	89.48411340081313
960	1 20	1 22	1 39	1 41	-169.02647352647352
961	1 20	1 22	1 26	1 28	6.894790375113296
962	1 20	1 22	1 28	1 30	229.87509327262472
963	1 20	1 22	1 30	1 32	6.474323126180922
964	1 20	1 22	1 32	1 34	-220.1730654183824
965	1 20	1 22	1 34	1 36	36.68753002824635
966	1 20	1 22	1 36	1 38	114.7643605550607
967	1 20	1 22	1 38	1 40	42.042956147668875
968	1 20	1 22	1 40	1 42	-171.84470034800552
969	1 20	1 22	1 42	1 44	37.685465770537164
970	1 20	1 22	1 41	1 43	19.218417614215735
971	1 20	1 22	1 43	1 45	56.47802546024435
972	1 20	1 22	1 45	1 47	58.89856205715529
973	1 20	1 22	1 47	1 49	-120.76763909972938
974	1 20	1 22	1 49	1 51	19.351560250281125
975	1 20	1 22	1 51	1 53	40.14081938080555
976	1 20	1 22	1 53	1 55	42.25835161519298
977	1 20	1 22	1 55	1 57	-90.54295493187577
978	1 20	1 22	1 57	1 59	16.03291509722081
979	1 20	1 22	1 59	1 61	28.87049033419691
980	1 20	1 22	1 44	1 46	66.12092514920126
981	1 20	1 22	1 46	1 48	39.6607022374892
982	1 20	1 22	1 48	1 50	-129.64258301136903
983	1 20	1 22	1 50	1 52	30.842401173972416
984	1 20	1 22	1 52	1 54	42.496282718385366
985	1 20	1 22	1 54	1 56	33.07580231552876
986	1 20	1 22	1 56	1 58	-96.59673230356421
987	1 20	1 22	1 58	1 60	25.033127656483174
988	1 20	1 22	1 60	1 62	31.463600257918536
989	1 20	1 22	1 62	1 64	24.2684419168014
990	1 20	1 22	1 61	1 63	30.57734225289054
991	1 20	1 22	1 63	1 65	-67.82585321877357
992	1 20	1 22	1 65	1 67	13.517300834732803
993	1 20	1 22	1 67	1 69	22.997554396959398
994	1 20	1 22	1 69	1 71	21.424214270075275
995	1 20	1 22	1 71	1 1	-154.45476409471877
996	1 20	1 22	1 64	1 66	-73.49062226137211
997	1 20	1 22	1 66	1 68	19.767174543815635
998	1 20	1 22	1 68	1 70	24.254311575647233
999	1 20	1 22	1 72	1 2	-162.12514224950095
1000	1 21	1 23	1 22	1 24	211.62070661896243
1001	1 21	1 23	1 24	1 26	-350.1824786324786
1002	1 21	1 23	1 26	1 28	-15.055063592582348
1003	1 21	1 23	1 28	1 30	156.75081350043945
1004	1 21	1 23	1 30	1 32	139.46933363712603
1005	1 21	1 23	1 32	1 34	-268.1300758886965
1006	1 21	1 23	1 34	1 36	12.13275423007423
1007	1 21	1 23	1 36	1 38	100.98336630398947
1008	1 21	1 23	1 38	1 40	98.96794194385117
1009	1 21	1 23	1 40	1 42	-199.1986359761296
1010	1 21	1 23	1 25	1 27	-10.021560889263306
1011	1 21	1 23	1 27	1 29	11.34800957741163
1012	1 21	1 23	1 29	1 31	272.9950032115464
1013	1 21	1 23	1 31	1 33	-263.5687553791055
1014	1 21	1 23	1 35	1 37	43.184759304940314
1015	1 21	1 23	1 37	1 39	137.5711138245912
1016	1 21	1 23	1 39	1 41	-170.8953578838174
1017	1 21	1 23	1 41	1 43	10.847309429282145
1018	1 21	1 23	1 43	1 45	42.236440754250665
1019	1 21	1 23	1 42	1 44	23.534433967419382
1020	1 21	1 23	1 44	1 46	64.61962655521745
1021	1 21	1 23	1 46	1 48	66.37217046004842
1022	1 21	1 23	1 50	1 52	23.294003877618575
1023	1 21	1 23	1 52	1 54	42.66517709367759
1024	1 21	1 23	1 54	1 56	46.72305266345951
1025	1 21	1 23	1 56	1 58	-104.46264650329329
1026	1 21	1 23	1 58	1 60	20.82747094667433
1027	1 21	1 23	1 60	1 62	32.271363322711764
1028	1 21	1 23	1 45	1 47	77.0937274082776
1029	1 21	1 23	1 47	1 49	-119.25890988615436
1030	1 21	1 23	1 49	1 51	13.42661865541341
1031	1 21	1 23	1 51	1 53	34.59077807875005
1032	1 21	1 23	1 53	1 55	51.422929320475006
1033	1 21	1 23	1 55	1 57	-90.25262078814205
1034	1 21	1 23	1 57	1 59	12.564727161530003
1035	1 21	1 23	1 59	1 61	26.191063723286845
1036	1 21	1 23	1 61	1 63	35.46934543047989
1037	1 21	1 23	1 63	1 65	-68.00477192513668
1038	1 21	1 23	1 62	1 64	31.208823307044945
1039	1 21	1 23	1 64	1 66	-78.01304876338304
1040	1 21	1 23	1 66	1 68	17.612572899839492
1041	1 21	1 23	1 68	1 70	25.046076127730785
1042	1 21	1 23	1 70	1 72	18.746271359387556
1043	1 21	1 23	1 72	1 2	-146.42928144085752
1044	1 21	1 23	1 65	1 67	11.544460305495871
1045	1 21	1 23	1 67	1 69	21.87636100320978
1046	1 21	1 23	1 69	1 71	23.810576028990287
1047	1 21	1 23	1 71	1 1	-134.11927372266098
1048	1 22	1 24	1 25	1 27	-5.530599186819218
1049	1 22	1 24	1 27	1 29	-11.886076646558346
1050	1 22	1 24	1 29	1 31	165.03021136064558
1051	1 22	1 24	1 35	1 37	15.238740306145719
1052	1 22	1 24	1 37	1 39	104.53015059351776
1053	1 22	1 24	1 39	1 41	-111.81652958624117
1054	1 22	1 24	1 41	1 43	5.605660106250066
1055	1 22	1 24	1 26	1 28	-8.752454732046361
1056	1 22	1 24	1 28	1 30	23.50377823999051
1057	1 22	1 24	1 32	1 34	-272.2766705376479
1058	1 22	1 24	1 34	1 36	3.728834699991645
1059	1 22	1 24	1 36	1 38	49.928762749162104
1060	1 22	1 24	1 38	1 40	129.40562561415004
1061	1 22	1 24	1 40	1 42	-175.17454009772922
1062	1 22	1 24	1 42	1 44	12.355488936195862
1063	1 22	1 24	1 44	1 46	41.925131001050765
1064	1 22	1 24	1 43	1 45	23.642744777441273
1065	1 22	1 24	1 45	1 47	63.31384568406554
1066	1 22	1 24	1 47	1 49	-85.0151197038747
1067	1 22	1 24	1 49	1 51	7.875848525216621
1068	1 22	1 24	1 51	1 53	22.56107622677989
1069	1 22	1 24	1 55	1 57	-67.36855911415462
1070	1 22	1 24	1 57	1 59	8.045615710822169
1071	1 22	1 24	1 59	1 61	18.315236604991117
1072	1 22	1 24	1 61	1 63	29.9905545466036
1073	1 22	1 24	1 46	1 48	74.73536901688065
1074	1 22	1 24	1 48	1 50	-122.67084551441442
1075	1 22	1 24	1 50	1 52	14.135164782261835
1076	1 22	1 24	1 52	1 54	30.69891163971107
1077	1 22	1 24	1 54	1 56	46.94220873805622
1078	1 22	1 24	1 56	1 58	-86.28708035222894
1079	1 22	1 24	1 58	1 60	13.759777820918604
1080	1 22	1 24	1 60	1 62	24.62440017587678
1081	1 22	1 24	1 63	1 65	-51.58598463937557
1082	1 22	1 24	1 65	1 67	7.878418896995154
1083	1 22	1 24	1 67	1 69	16.094405814868303
1084	1 22	1 24	1 69	1 71	19.818092173882885
1085	1 22	1 24	1 71	1 1	-93.23576767486568
1086	1 22	1 24	1 66	1 68	12.336270875375913
1087	1 22	1 24	1 68	1 70	19.55395326379162
1088	1 22	1 24	1 70	1 72	16.86378734524385
1089	1 22	1 24	1 72	1 2	-104.5287117636241
1090	1 23	1 25	1 24	1 26	811.5357374918779
1091	1 23	1 25	1 26	1 28	-329.6496581830162
1092	1 23	1 25	1 28	1 30	-273.2329486379705
1093	1 23	1 25	1 30	1 32	-113.62001420852374
1094	1 23	1 25	1 32	1 34	662.1416256157636
1095	1 23	1 25	1 34	1 36	-263.43614866575524
1096	1 23	1 25	1 36	1 38	-204.43314431295204
1097	1 23	1 25	1 38	1 40	-113.50029212868579
1098	1 23	1 25	1 40	1 42	512.2282354436817
1099	1 23	1 25	1 42	1 44	-186.9845356397988
1100	1 23	1 25	1 27	1 29	-267.4648691611641
1101	1 23	1 25	1 29	1 31	-260.1602281565984
1102	1 23	1 25	1 35	1 37	-226.52151515151513
1103	1 23	1 25	1 37	1 39	-180.63138086642599
1104	1 23	1 25	1 39	1 41	573.9192961334938
1105	1 23	1 25	1 43	1 45	-167.93670067678
1106	1 23	1 25	1 45	1 47	-132.30252051703619
1107	1 23	1 25	1 44	1 46	-152.6529517445831
1108	1 23	1 25	1 46	1 48	-96.83500774051399
1109	1 23	1 25	1 50	1 52	-135.3036890504705
1110	1 23	1 25	1 52	1 54	-112.64583911180966
1111	1 23	1 25	1 54	1 56	-81.1499469408665
1112	1 23	1 25	1 56	1 58	295.76281715524766
1113	1 23	1 25	1 58	1 60	-100.24279361678943
1114	1 23	1 25	1 60	1 62	-89.46138457819313
1115	1 23	1 25	1 62	1 64	-62.11470428240183
1116	1 23	1 25	1 47	1 49	400.5236286919831
1117	1 23	1 25	1 49	1 51	-117.92552494234737
1118	1 23	1 25	1 51	1 53	-127.20906027001917
1119	1 23	1 25	1 53	1 55	-104.5067424803176
1120	1 23	1 25	1 55	1 57	295.0077168343139
1121	1 23	1 25	1 57	1 59	-76.83883608301082
1122	1 23	1 25	1 59	1 61	-96.43136737506256
1123	1 23	1 25	1 61	1 63	-81.15544254452266
1124	1 23	1 25	1 64	1 66	227.97819278248681
1125	1 23	1 25	1 66	1 68	-73.99705096510007
1126	1 23	1 25	1 68	1 70	-72.40454356886045
1127	1 23	1 25	1 70	1 72	-42.44925839343368
1128	1 23	1 25	1 72	1 2	326.2200029663321
1129	1 23	1 25	1 67	1 69	-76.67285387860578
1130	1 23	1 25	1 69	1 71	-60.42360240526568
1131	1 23	1 25	1 71	1 1	397.779156952933
1132	1 24	1 26	1 27	1 29	-304.4323536630261
1133	1 24	1 26	1 29	1 31	-288.63832274950653
1134	1 24	1 26	1 31	1 33	677.0749092619976
1135	1 24	1 26	1 35	1 37	-238.45449449156672
1136	1 24	1 26	1 37	1 39	-218.8900269636166
1137	1 24	1 26	1 39	1 41	505.78527709602156
1138	1 24	1 26	1 41	1 43	-97.32091143253419
1139	1 24	1 26	1 43	1 45	-165.32928962799193
1140	1 24	1 26	1 28	1 30	-285.7400584795322
1141	1 24	1 26	1 30	1 32	-258.1864429399917
1142	1 24	1 26	1 32	1 34	771.4527929231112
1143	1 24	1 26	1 38	1 40	-181.25166828960937
1144	1 24	1 26	1 40	1 42	532.051125258279
1145	1 24	1 26	1 42	1 44	-148.5805259559621
1146	1 24	1 26	1 44	1 46	-162.52116086518112
1147	1 24	1 26	1 46	1 48	-132.64143480632845
1148	1 24	1 26	1 45	1 47	-155.86587803165344
1149	1 24	1 26	1 47	1 49	365.5300655457395
1150	1 24	1 26	1 49	1 51	-76.50086843018784
1151	1 24	1 26	1 51	1 53	-119.6144783096941
1152	1 24	1 26	1 55	1 57	276.54014325535445
1153	1 24	1 26	1 57	1 59	-56.409588015194515
1154	1 24	1 26	1 59	1 61	-87.66221819687506
1155	1 24	1 26	1 61	1 63	-87.60843360063022
1156	1 24	1 26	1 63	1 65	207.27451953762147
1157	1 24	1 26	1 50	1 52	-106.64000592943515
1158	1 24	1 26	1 52	1 54	-116.23485787705971
1159	1 24	1 26	1 54	1 56	-100.74608631315948
1160	1 24	1 26	1 56	1 58	290.2767862173095
1161	1 24	1 26	1 58	1 60	-81.95014340690777
1162	1 24	1 26	1 60	1 62	-89.84235786875539
1163	1 24	1 26	1 62	1 64	-71.84940973221998
1164	1 24	1 26	1 64	1 66	222.0557498373455
1165	1 24	1 26	1 66	1 68	-62.67111313497601
1166	1 24	1 26	1 65	1 67	-44.693452734016006
1167	1 24	1 26	1 69	1 71	-62.471276870446346
1168	1 24	1 26	1 71	1 1	342.2499546260116
1169	1 24	1 26	1 68	1 70	-71.32817828147219
1170	1 24	1 26	1 70	1 72	-46.51584489983771
1171	1 24	1 26	1 72	1 2	317.0402823729437
1172	1 25	1 27	1 26	1 28	196.76265551643192
1173	1 25	1 27	1 28	1 30	-52.336056654676256
1174	1 25	1 27	1 30	1 32	-7.125581222216551
1175	1 25	1 27	1 32	1 34	-121.71675188328732
1176	1 25	1 27	1 34	1 36	146.17823984336758
1177	1 25	1 27	1 36	1 38	-20.7768917094792
1178	1 25	1 27	1 38	1 40	-4.0242123959988785
1179	1 25	1 27	1 40	1 42	-109.71448773568682
1180	1 25	1 27	1 42	1 44	95.59946460428071
1181	1 25	1 27	1 44	1 46	8.799212681115776
1182	1 25	1 27	1 29	1 31	-17.314866614123737
1183	1 25	1 27	1 33	1 35	348.62239675646936
1184	1 25	1 27	1 37	1 39	-10.027345986361702
1185	1 25	1 27	1 39	1 41	-200.89992960535
1186	1 25	1 27	1 43	1 45	35.37562904459936
1187	1 25	1 27	1 45	1 47	2.2476286804956906
1188	1 25	1 27	1 47	1 49	-134.57164018314035
1189	1 25	1 27	1 48	1 50	-93.57362078148452
1190	1 25	1 27	1 50	1 52	64.20922880266863
1191	1 25	1 27	1 54	1 56	4.782768547567496
1192	1 25	1 27	1 56	1 58	-76.62336704057061
1193	1 25	1 27	1 58	1 60	44.20679327643619
1194	1 25	1 27	1 60	1 62	19.458872423131744
1195	1 25	1 27	1 62	1 64	6.906291726678382
1196	1 25	1 27	1 64	1 66	-62.46761304392522
1197	1 25	1 27	1 49	1 51	77.38685792983078
1198	1 25	1 27	1 51	1 53	36.298518583825896
1199	1 25	1 27	1 53	1 55	9.757099251732432
1200	1 25	1 27	1 55	1 57	-94.79672822256428
1201	1 25	1 27	1 57	1 59	42.688912773848045
1202	1 25	1 27	1 59	1 61	31.744586489227608
1203	1 25	1 27	1 61	1 63	12.198107020059417
1204	1 25	1 27	1 63	1 65	-71.07184372516534
1205	1 25	1 27	1 65	1 67	26.57417514844741
1206	1 25	1 27	1 67	1 69	25.55817894476285
1207	1 25	1 27	1 66	1 68	30.1544313204005
1208	1 25	1 27	1 70	1 72	6.91847347488435
1209	1 25	1 27	1 72	1 2	-101.80590709400428
1210	1 25	1 27	1 69	1 71	12.387439153053993
1211	1 25	1 27	1 71	1 1	-160.256677930889
1212	1 26	1 28	1 27	1 29	165.86352095848127
1213	1 26	1 28	1 29	1 31	-42.54090522103847
1214	1 26	1 28	1 31	1 33	-270.292666797296
1215	1 26	1 28	1 35	1 37	124.00208975133461
1216	1 26	1 28	1 37	1 39	-17.204115757715698
1217	1 26	1 28	1 39	1 41	-193.71043963309813
1218	1 26	1 28	1 41	1 43	90.95737478329121
1219	1 26	1 28	1 43	1 45	76.62052840437173
1220	1 26	1 28	1 45	1 47	9.585427704635073
1221	1 26	1 28	1 30	1 32	-14.34494241223997
1222	1 26	1 28	1 34	1 36	237.4817120707126
1223	1 26	1 28	1 38	1 40	-7.42050986072535
1224	1 26	1 28	1 40	1 42	-152.4903631155824
1225	1 26	1 28	1 42	1 44	109.79115981549545
1226	1 26	1 28	1 44	1 46	31.417769728140392
1227	1 26	1 28	1 46	1 48	2.590416640886019
1228	1 26	1 28	1 47	1 49	-139.56751007613076
1229	1 26	1 28	1 49	1 51	57.01559541324313
1230	1 26	1 28	1 51	1 53	51.796466716335935
1231	1 26	1 28	1 53	1 55	18.238221084236972
1232	1 26	1 28	1 55	1 57	-103.59654054093164
1233	1 26	1 28	1 59	1 61	37.72221974340029
1234	1 26	1 28	1 61	1 63	18.675287810255476
1235	1 26	1 28	1 63	1 65	-78.14516508525912
1236	1 26	1 28	1 65	1 67	24.03343258557392
1237	1 26	1 28	1 50	1 52	65.29218424661013
1238	1 26	1 28	1 52	1 54	31.972624512849613
1239	1 26	1 28	1 54	1 56	9.14827406002708
1240	1 26	1 28	1 56	1 58	-91.04339760654119
1241	1 26	1 28	1 58	1 60	44.09073341339986
1242	1 26	1 28	1 60	1 62	27.388695489644054
1243	1 26	1 28	1 62	1 64	10.955638195642523
1244	1 26	1 28	1 64	1 66	-72.795670995671
1245	1 26	1 28	1 66	1 68	30.343525869741185
1246	1 26	1 28	1 68	1 70	23.384954297852573
1247	1 26	1 28	1 69	1 71	16.578873082918342
1248	1 26	1 28	1 71	1 1	-162.2083477959042
1249	1 26	1 28	1 70	1 72	9.907324382874963
1250	1 26	1 28	1 72	1 2	-124.10537621712825
1251	1 27	1 29	1 28	1 30	175.8881078052131
1252	1 27	1 29	1 30	1 32	-43.06116395469411
1253	1 27	1 29	1 32	1 34	-255.82482993197277
1254	1 27	1 29	1 34	1 36	133.34373541360839
1255	1 27	1 29	1 36	1 38	124.52256895583156
1256	1 27	1 29	1 38	1 40	-14.685655003444005
1257	1 27	1 29	1 40	1 42	-190.61147762345678
1258	1 27	1 29	1 42	1 44	84.18866473812423
1259	1 27	1 29	1 44	1 46	78.11836501404403
1260	1 27	1 29	1 46	1 48	11.326020129902325
1261	1 27	1 29	1 31	1 33	-255.57223858959972
1262	1 27	1 29	1 45	1 47	36.19039495105453
1263	1 27	1 29	1 49	1 51	35.08503775532377
1264	1 27	1 29	1 48	1 50	-146.56252077562328
1265	1 27	1 29	1 50	1 52	56.18447493263234
1266	1 27	1 29	1 54	1 56	20.438199898909513
1267	1 27	1 29	1 56	1 58	-113.14043828386093
1268	1 27	1 29	1 58	1 60	40.83448080547057
1269	1 27	1 29	1 60	1 62	38.56617549716661
1270	1 27	1 29	1 62	1 64	19.605924541225775
1271	1 27	1 29	1 64	1 66	-88.54168147892779
1272	1 27	1 29	1 66	1 68	29.794243966764213
1273	1 27	1 29	1 51	1 53	63.93720818676047
1274	1 27	1 29	1 53	1 55	36.65723077914546
1275	1 27	1 29	1 55	1 57	-117.52052458390077
1276	1 27	1 29	1 57	1 59	26.99162228014599
1277	1 27	1 29	1 59	1 61	42.85581507009472
1278	1 27	1 29	1 61	1 63	30.530603426975098
1279	1 27	1 29	1 63	1 65	-88.52872493315508
1280	1 27	1 29	1 65	1 67	21.13003705574014
1281	1 27	1 29	1 67	1 69	32.05337144371288
1282	1 27	1 29	1 69	1 71	23.439199651694906
1283	1 27	1 29	1 70	1 72	15.19542356235582
1284	1 27	1 29	1 72	1 2	-140.4595314850634
1285	1 28	1 30	1 29	1 31	171.61619711338574
1286	1 28	1 30	1 31	1 33	-289.2133781243473
1287	1 28	1 30	1 33	1 35	-18.948120586785297
1288	1 28	1 30	1 35	1 37	131.59419628661885
1289	1 28	1 30	1 37	1 39	134.3850594073171
1290	1 28	1 30	1 39	1 41	-234.70700348882286
1291	1 28	1 30	1 41	1 43	9.466405304763756
1292	1 28	1 30	1 43	1 45	84.75327216798786
1293	1 28	1 30	1 45	1 47	87.30644999018452
1294	1 28	1 30	1 47	1 49	-168.07096991193737
1295	1 28	1 30	1 36	1 38	229.80738853038213
1296	1 28	1 30	1 38	1 40	12.931621675789344
1297	1 28	1 30	1 44	1 46	110.30610886045486
1298	1 28	1 30	1 46	1 48	42.42840134101816
1299	1 28	1 30	1 48	1 50	-175.38021432521242
1300	1 28	1 30	1 50	1 52	38.24665850433888
1301	1 28	1 30	1 49	1 51	19.135094911667984
1302	1 28	1 30	1 51	1 53	58.08146997325254
1303	1 28	1 30	1 53	1 55	60.992680085677065
1304	1 28	1 30	1 55	1 57	-125.0377176037874
1305	1 28	1 30	1 57	1 59	22.63441058540497
1306	1 28	1 30	1 61	1 63	43.343041713130745
1307	1 28	1 30	1 63	1 65	-93.07885175022865
1308	1 28	1 30	1 65	1 67	17.13541039519999
1309	1 28	1 30	1 67	1 69	31.634934675168036
1310	1 28	1 30	1 52	1 54	64.7324965601959
1311	1 28	1 30	1 54	1 56	42.185948831181676
1312	1 28	1 30	1 56	1 58	-131.9719250588341
1313	1 28	1 30	1 58	1 60	32.48739615872414
1314	1 28	1 30	1 60	1 62	45.58300318871389
1315	1 28	1 30	1 62	1 64	32.41423849849451
1316	1 28	1 30	1 64	1 66	-100.54930463683004
1317	1 28	1 30	1 66	1 68	26.188447763009613
1318	1 28	1 30	1 68	1 70	34.029059546731276
1319	1 28	1 30	1 70	1 72	21.524891698072818
1320	1 28	1 30	1 69	1 71	29.987038971161986
1321	1 28	1 30	1 72	1 2	-148.34957968809434
1322	1 29	1 31	1 30	1 32	189.988579171506
1323	1 29	1 31	1 32	1 34	-318.0613240418119
1324	1 29	1 31	1 34	1 36	-17.55289582574795
1325	1 29	1 31	1 36	1 38	134.1148644103555
1326	1 29	1 31	1 40	1 42	-267.7185322461082
1327	1 29	1 31	1 42	1 44	12.024303620202698
1328	1 29	1 31	1 44	1 46	86.46637911089076
1329	1 29	1 31	1 46	1 48	99.22464554764342
1330	1 29	1 31	1 48	1 50	-189.42588105009446
1331	1 29	1 31	1 33	1 35	-9.102529069886337
1332	1 29	1 31	1 37	1 39	250.2665509259259
1333	1 29	1 31	1 39	1 41	-235.45089424270643
1334	1 29	1 31	1 41	1 43	1.9007162891314042
1335	1 29	1 31	1 43	1 45	38.11713764129604
1336	1 29	1 31	1 45	1 47	121.3089802931482
1337	1 29	1 31	1 49	1 51	9.142902600555239
1338	1 29	1 31	1 51	1 53	37.79942334288255
1339	1 29	1 31	1 50	1 52	20.177134897717416
1340	1 29	1 31	1 52	1 54	55.35746558807628
1341	1 29	1 31	1 54	1 56	67.46301681054067
1342	1 29	1 31	1 56	1 58	-134.69110941443446
1343	1 29	1 31	1 58	1 60	21.138873754980388
1344	1 29	1 31	1 60	1 62	41.51645055872706
1345	1 29	1 31	1 62	1 64	44.01649525316456
1346	1 29	1 31	1 64	1 66	-100.13686047077132
1347	1 29	1 31	1 66	1 68	19.411710310119233
1348	1 29	1 31	1 68	1 70	31.790554145622366
1349	1 29	1 31	1 53	1 55	73.73190704647675
1350	1 29	1 31	1 55	1 57	-112.29517525773196
1351	1 29	1 31	1 57	1 59	11.396557515897353
1352	1 29	1 31	1 59	1 61	29.95628689370485
1353	1 29	1 31	1 61	1 63	48.73931974085366
1354	1 29	1 31	1 63	1 65	-83.74179600886919
1355	1 29	1 31	1 65	1 67	11.981677789431824
1356	1 29	1 31	1 67	1 69	25.858976994827625
1357	1 29	1 31	1 69	1 71	31.59092981531319
1358	1 29	1 31	1 70	1 72	25.65479897982424
1359	1 29	1 31	1 72	1 2	-130.82090656602492
1360	1 30	1 32	1 31	1 33	-133.20640532263354
1361	1 30	1 32	1 33	1 35	-3.98635133447768
1362	1 30	1 32	1 35	1 37	-15.192599895922463
1363	1 30	1 32	1 37	1 39	144.30630075982018
1364	1 30	1 32	1 43	1 45	11.776577252854008
1365	1 30	1 32	1 45	1 47	86.2853403747585
1366	1 30	1 32	1 47	1 49	-92.20612039112753
1367	1 30	1 32	1 49	1 51	4.234654228720018
1368	1 30	1 32	1 34	1 36	-8.40496459290232
1369	1 30	1 32	1 36	1 38	10.579177235982451
1370	1 30	1 32	1 38	1 40	255.09048162230673
1371	1 30	1 32	1 40	1 42	-246.45281519194003
1372	1 30	1 32	1 42	1 44	3.240474117908386
1373	1 30	1 32	1 44	1 46	37.83759975200623
1374	1 30	1 32	1 46	1 48	125.86284977908689
1375	1 30	1 32	1 48	1 50	-161.7194459746596
1376	1 30	1 32	1 50	1 52	9.401933285408624
1377	1 30	1 32	1 52	1 54	32.972415266087665
1378	1 30	1 32	1 51	1 53	19.17987352890345
1379	1 30	1 32	1 53	1 55	58.05677755281358
1380	1 30	1 32	1 55	1 57	-75.89758618838206
1381	1 30	1 32	1 57	1 59	6.2071770226886205
1382	1 30	1 32	1 59	1 61	17.861586961462464
1383	1 30	1 32	1 61	1 63	39.41671564440888
1384	1 30	1 32	1 63	1 65	-59.245265262062574
1385	1 30	1 32	1 65	1 67	7.272714676151665
1386	1 30	1 32	1 67	1 69	17.22422034998074
1387	1 30	1 32	1 69	1 71	25.39505111868425
1388	1 30	1 32	1 54	1 56	72.00119644545482
1389	1 30	1 32	1 56	1 58	-109.31246460913118
1390	1 30	1 32	1 58	1 60	11.783062799579715
1391	1 30	1 32	1 60	1 62	28.434778345848486
1392	1 30	1 32	1 62	1 64	42.59115050075554
1393	1 30	1 32	1 64	1 66	-78.13754364568891
1394	1 30	1 32	1 66	1 68	12.107382892172748
1395	1 30	1 32	1 68	1 70	23.172803647635725
1396	1 30	1 32	1 70	1 72	23.080451355082587
1397	1 30	1 32	1 72	1 2	-92.51084558156414
1398	1 31	1 33	1 32	1 34	783.2591660110149
1399	1 31	1 33	1 34	1 36	-333.23136691707174
1400	1 31	1 33	1 36	1 38	-249.37625256549558
1401	1 31	1 33	1 38	1 40	-135.80494291418955
1402	1 31	1 33	1 44	1 46	-195.3779646936656
1403	1 31	1 33	1 46	1 48	-117.44853040769334
1404	1 31	1 33	1 48	1 50	534.5779069767442
1405	1 31	1 33	1 50	1 52	-202.44484033116498
1406	1 31	1 33	1 35	1 37	-259.39065577569227
1407	1 31	1 33	1 37	1 39	-244.64523809523808
1408	1 31	1 33	1 39	1 41	855.6709822025961
1409	1 31	1 33	1 43	1 45	-216.67473509586384
1410	1 31	1 33	1 45	1 47	-171.489676152151
1411	1 31	1 33	1 47	1 49	579.3571295010152
1412	1 31	1 33	1 51	1 53	-174.86734859980686
1413	1 31	1 33	1 53	1 55	-135.95497069646996
1414	1 31	1 33	1 52	1 54	-148.67480324279543
1415	1 31	1 33	1 54	1 56	-101.34608753419656
1416	1 31	1 33	1 56	1 58	404.800833781603
1417	1 31	1 33	1 58	1 60	-147.84833992094863
1418	1 31	1 33	1 60	1 62	-120.58996457120233
1419	1 31	1 33	1 62	1 64	-79.67277111746881
1420	1 31	1 33	1 64	1 66	316.18944313440954
1421	1 31	1 33	1 66	1 68	-107.88467253560616
1422	1 31	1 33	1 55	1 57	422.1969312401425
1423	1 31	1 33	1 57	1 59	-119.19415193726982
1424	1 31	1 33	1 59	1 61	-135.8996955475331
1425	1 31	1 33	1 61	1 63	-106.84015755208333
1426	1 31	1 33	1 63	1 65	312.87000888569594
1427	1 31	1 33	1 65	1 67	-83.69547991179898
1428	1 31	1 33	1 67	1 69	-107.96248672870809
1429	1 31	1 33	1 69	1 71	-80.91192198052383
1430	1 31	1 33	1 72	1 2	253.84971332282913
1431	1 32	1 34	1 35	1 37	-309.19782090568606
1432	1 32	1 34	1 37	1 39	-275.5808112216694
1433	1 32	1 34	1 39	1 41	672.1595353117093
1434	1 32	1 34	1 41	1 43	-117.5967943518561
1435	1 32	1 34	1 43	1 45	-243.13403675796764
1436	1 32	1 34	1 49	1 51	-100.6607226107226
1437	1 32	1 34	1 51	1 53	-171.85152625152625
1438	1 32	1 34	1 40	1 42	791.8031829170025
1439	1 32	1 34	1 44	1 46	-219.56459549624685
1440	1 32	1 34	1 46	1 48	-182.84169372294372
1441	1 32	1 34	1 48	1 50	554.4687106801865
1442	1 32	1 34	1 50	1 52	-157.58260518986089
1443	1 32	1 34	1 52	1 54	-158.35222400857447
1444	1 32	1 34	1 54	1 56	-136.38196432737374
1445	1 32	1 34	1 55	1 57	385.0515869042851
1446	1 32	1 34	1 57	1 59	-75.9859515887571
1447	1 32	1 34	1 59	1 61	-123.60982384078434
1448	1 32	1 34	1 61	1 63	-119.57793839261822
1449	1 32	1 34	1 63	1 65	288.2296280891477
1450	1 32	1 34	1 65	1 67	-60.76714899771594
1451	1 32	1 34	1 67	1 69	-97.20865005285376
1452	1 32	1 34	1 69	1 71	-85.54447457168433
1453	1 32	1 34	1 71	1 1	252.29643145885734
1454	1 32	1 34	1 56	1 58	403.59723224708387
1455	1 32	1 34	1 58	1 60	-115.95977487663691
1456	1 32	1 34	1 60	1 62	-124.09670482749709
1457	1 32	1 34	1 62	1 64	-97.80304494872826
1458	1 32	1 34	1 66	1 68	-87.11021533569958
1459	1 32	1 34	1 68	1 70	-98.33718050326925
1460	1 32	1 34	1 70	1 72	-63.34942869914845
1461	1 32	1 34	1 72	1 2	243.03373015873018
1462	1 33	1 35	1 38	1 40	-8.020003053096737
1463	1 33	1 35	1 40	1 42	-127.05616675241524
1464	1 33	1 35	1 44	1 46	-25.89848087991001
1465	1 33	1 35	1 50	1 52	110.36823196547795
1466	1 33	1 35	1 52	1 54	6.51570163638578
1467	1 33	1 35	1 37	1 39	-20.132855354597584
1468	1 33	1 35	1 41	1 43	342.29428415798594
1469	1 33	1 35	1 43	1 45	-8.837575956185985
1470	1 33	1 35	1 45	1 47	-13.88409511067297
1471	1 33	1 35	1 55	1 57	-141.5025580335227
1472	1 33	1 35	1 54	1 56	-2.1508923916049305
1473	1 33	1 35	1 56	1 58	-101.3520148264472
1474	1 33	1 35	1 58	1 60	74.86845794392522
1475	1 33	1 35	1 60	1 62	18.618927649470592
1476	1 33	1 35	1 62	1 64	3.083325568153067
1477	1 33	1 35	1 64	1 66	-84.84624713427743
1478	1 33	1 35	1 66	1 68	49.55218267259911
1479	1 33	1 35	1 68	1 70	22.805884737105103
1480	1 33	1 35	1 70	1 72	6.0653110891757
1481	1 33	1 35	1 72	1 2	-89.38622766398923
1482	1 33	1 35	1 57	1 59	81.54919709231598
1483	1 33	1 35	1 59	1 61	43.50758314215193
1484	1 33	1 35	1 61	1 63	7.968537431807709
1485	1 33	1 35	1 63	1 65	-104.87208459701012
1486	1 33	1 35	1 65	1 67	47.62878006575179
1487	1 33	1 35	1 67	1 69	37.254240440410655
1488	1 33	1 35	1 69	1 71	12.91475862764412
1489	1 34	1 36	1 35	1 37	188.0450981880757
1490	1 34	1 36	1 37	1 39	-56.03982652865632
1491	1 34	1 36	1 39	1 41	-285.21301896044463
1492	1 34	1 36	1 41	1 43	155.64831985995275
1493	1 34	1 36	1 43	1 45	138.10496275877176
1494	1 34	1 36	1 45	1 47	-20.702312638569786
1495	1 34	1 36	1 47	1 49	-216.7587961575244
1496	1 34	1 36	1 49	1 51	101.21215098230832
1497	1 34	1 36	1 51	1 53	88.34921023529725
1498	1 34	1 36	1 53	1 55	9.299660629144253
1499	1 34	1 36	1 38	1 40	-17.750893011495528
1500	1 34	1 36	1 42	1 44	258.00410364075356
1501	1 34	1 36	1 46	1 48	-11.837192999533624
1502	1 34	1 36	1 50	1 52	127.55143823929976
1503	1 34	1 36	1 52	1 54	36.32981408897338
1504	1 34	1 36	1 56	1 58	-132.9479712476924
1505	1 34	1 36	1 55	1 57	-160.28106848574902
1506	1 34	1 36	1 57	1 59	61.76403001851766
1507	1 34	1 36	1 59	1 61	63.01892201028614
1508	1 34	1 36	1 61	1 63	19.088672718526308
1509	1 34	1 36	1 63	1 65	-121.32667168626446
1510	1 34	1 36	1 65	1 67	41.06502798400065
1511	1 34	1 36	1 67	1 69	46.29418563181241
1512	1 34	1 36	1 69	1 71	21.076003344481606
1513	1 34	1 36	1 71	1 1	-123.02916742465587
1514	1 34	1 36	1 58	1 60	78.95550334089637
1515	1 34	1 36	1 60	1 62	37.059818733933206
1516	1 34	1 36	1 64	1 66	-127.73842351477786
1517	1 34	1 36	1 66	1 68	51.58469944133412
1518	1 34	1 36	1 68	1 70	33.82895117725215
1519	1 34	1 36	1 70	1 72	10.839262228430186
1520	1 34	1 36	1 72	1 2	-100.91103717931713
1521	1 35	1 37	1 36	1 38	171.1877542397862
1522	1 35	1 37	1 38	1 40	-52.50186357905719
1523	1 35	1 37	1 42	1 44	174.29624922769352
1524	1 35	1 37	1 44	1 46	127.50337895892207
1525	1 35	1 37	1 46	1 48	-20.317897705534484
1526	1 35	1 37	1 48	1 50	-203.87476636847438
1527	1 35	1 37	1 50	1 52	91.71422855740947
1528	1 35	1 37	1 52	1 54	85.15581827297675
1529	1 35	1 37	1 54	1 56	9.53598834727956
1530	1 35	1 37	1 41	1 43	-8.383427039705143
1531	1 35	1 37	1 45	1 47	2.7714051527438386
1532	1 35	1 37	1 49	1 51	36.74400244990554
1533	1 35	1 37	1 51	1 53	118.57178479481979
1534	1 35	1 37	1 53	1 55	38.54920639677165
1535	1 35	1 37	1 55	1 57	-170.3844149678032
1536	1 35	1 37	1 57	1 59	36.2936084150071
1537	1 35	1 37	1 56	1 58	-159.10715341412947
1538	1 35	1 37	1 58	1 60	64.20246103597479
1539	1 35	1 37	1 60	1 62	59.49964653286021
1540	1 35	1 37	1 62	1 64	18.93833412271339
1541	1 35	1 37	1 64	1 66	-125.90753460979369
1542	1 35	1 37	1 66	1 68	45.48759751763819
1543	1 35	1 37	1 68	1 70	44.56657307657094
1544	1 35	1 37	1 70	1 72	18.411739120387182
1545	1 35	1 37	1 72	1 2	-116.52089510748704
1546	1 35	1 37	1 59	1 61	71.26695411190184
1547	1 35	1 37	1 61	1 63	39.09804353332809
1548	1 35	1 37	1 63	1 65	-129.84734464723311
1549	1 35	1 37	1 65	1 67	30.5869848734376
1550	1 35	1 37	1 67	1 69	49.88617752296359
1551	1 35	1 37	1 69	1 71	32.14620778393147
1552	1 35	1 37	1 71	1 1	-126.25505275802601
1553	1 36	1 38	1 37	1 39	174.66072340425532
1554	1 36	1 38	1 39	1 41	-283.3224479495268
1555	1 36	1 38	1 41	1 43	-25.735565304352484
1556	1 36	1 38	1 43	1 45	131.56315014044378
1557	1 36	1 38	1 45	1 47	135.63939453421247
1558	1 36	1 38	1 47	1 49	-234.69836515386788
1559	1 36	1 38	1 49	1 51	6.492338010241495
1560	1 36	1 38	1 51	1 53	86.62324706126407
1561	1 36	1 38	1 53	1 55	90.37741685296655
1562	1 36	1 38	1 55	1 57	-172.7063482665015
1563	1 36	1 38	1 44	1 46	229.47426738961448
1564	1 36	1 38	1 50	1 52	37.00635936235133
1565	1 36	1 38	1 52	1 54	110.38751868284751
1566	1 36	1 38	1 54	1 56	42.31649203550626
1567	1 36	1 38	1 56	1 58	-174.49023760833578
1568	1 36	1 38	1 58	1 60	38.16692644990371
1569	1 36	1 38	1 57	1 59	17.098258943020664
1570	1 36	1 38	1 59	1 61	56.79474041224782
1571	1 36	1 38	1 61	1 63	62.314452765733805
1572	1 36	1 38	1 63	1 65	-126.1072197153766
1573	1 36	1 38	1 65	1 67	19.435079134583702
1574	1 36	1 38	1 67	1 69	43.1882449248289
1575	1 36	1 38	1 69	1 71	41.82864559078786
1576	1 36	1 38	1 71	1 1	-122.50383741855717
1577	1 36	1 38	1 60	1 62	69.5922051293324
1578	1 36	1 38	1 62	1 64	39.32354166503361
1579	1 36	1 38	1 64	1 66	-134.61201982651795
1580	1 36	1 38	1 66	1 68	32.91544805257111
1581	1 36	1 38	1 68	1 70	48.53836007419012
1582	1 36	1 38	1 70	1 72	28.08322319112606
1583	1 36	1 38	1 72	1 2	-125.87496407622
1584	1 37	1 39	1 38	1 40	187.76982168629826
1585	1 37	1 39	1 44	1 46	133.65201756619143
1586	1 37	1 39	1 46	1 48	146.05048150773956
1587	1 37	1 39	1 48	1 50	-257.6648138832998
1588	1 37	1 39	1 50	1 52	6.187065662472094
1589	1 37	1 39	1 52	1 54	78.82242852379761
1590	1 37	1 39	1 54	1 56	101.73396126525714
1591	1 37	1 39	1 56	1 58	-181.884375
1592	1 37	1 39	1 41	1 43	-14.233503872861903
1593	1 37	1 39	1 45	1 47	245.0513402969233
1594	1 37	1 39	1 47	1 49	-226.73888682818267
1595	1 37	1 39	1 51	1 53	34.853844788346585
1596	1 37	1 39	1 53	1 55	125.00620093298441
1597	1 37	1 39	1 55	1 57	-152.1258865248227
1598	1 37	1 39	1 57	1 59	6.2994325547410845
1599	1 37	1 39	1 59	1 61	32.4809891904176
1600	1 37	1 39	1 58	1 60	16.736364844892808
1601	1 37	1 39	1 60	1 62	57.26956108031075
1602	1 37	1 39	1 62	1 64	65.41002377427833
1603	1 37	1 39	1 64	1 66	-133.71402670355698
1604	1 37	1 39	1 66	1 68	19.63832145001959
1605	1 37	1 39	1 68	1 70	42.568169725990955
1606	1 37	1 39	1 70	1 72	36.93182525913075
1607	1 37	1 39	1 72	1 2	-108.96178124011095
1608	1 37	1 39	1 61	1 63	73.75890628000768
1609	1 37	1 39	1 63	1 65	-106.97601062427006
1610	1 37	1 39	1 65	1 67	10.611586511193833
1611	1 37	1 39	1 67	1 69	30.54033312525016
1612	1 37	1 39	1 69	1 71	44.92293335779064
1613	1 37	1 39	1 71	1 1	-96.843859227047
1614	1 38	1 40	1 39	1 41	-124.39970939431251
1615	1 38	1 40	1 41	1 43	-7.273335311891499
1616	1 38	1 40	1 47	1 49	-97.33589245352647
1617	1 38	1 40	1 49	1 51	-3.0384924964176543
1618	1 38	1 40	1 51	1 53	4.7876403167469785
1619	1 38	1 40	1 53	1 55	87.24620509166449
1620	1 38	1 40	1 55	1 57	-86.08891093214035
1621	1 38	1 40	1 57	1 59	1.5521926802236838
1622	1 38	1 40	1 42	1 44	-13.600367392176366
1623	1 38	1 40	1 46	1 48	277.91129469122427
1624	1 38	1 40	1 48	1 50	-252.80273892773891
1625	1 38	1 40	1 50	1 52	-2.50003477661224
1626	1 38	1 40	1 52	1 54	27.651546027007456
1627	1 38	1 40	1 54	1 56	133.10532218965952
1628	1 38	1 40	1 56	1 58	-154.77468206157965
1629	1 38	1 40	1 58	1 60	5.231253752251351
1630	1 38	1 40	1 60	1 62	31.797107046793204
1631	1 38	1 40	1 59	1 61	12.932660201485174
1632	1 38	1 40	1 61	1 63	57.48530160155665
1633	1 38	1 40	1 63	1 65	-68.98483195702624
1634	1 38	1 40	1 65	1 67	4.850205659715555
1635	1 38	1 40	1 67	1 69	17.028719583950547
1636	1 38	1 40	1 69	1 71	35.78265243545053
1637	1 38	1 40	1 71	1 1	-59.971214035459504
1638	1 38	1 40	1 62	1 64	72.17523900933455
1639	1 38	1 40	1 64	1 66	-105.88302469135803
1640	1 38	1 40	1 66	1 68	9.627936546318859
1641	1 38	1 40	1 68	1 70	28.24600267289177
1642	1 38	1 40	1 70	1 72	36.28467326445289
1643	1 38	1 40	1 72	1 2	-75.83911925690666
1644	1 39	1 41	1 40	1 42	826.7106990231989
1645	1 39	1 41	1 42	1 44	-361.71104431871754
1646	1 39	1 41	1 44	1 46	-253.9253445263975
1647	1 39	1 41	1 46	1 48	-122.419437631048
1648	1 39	1 41	1 48	1 50	736.5466600774236
1649	1 39	1 41	1 50	1 52	-312.3607932875667
1650	1 39	1 41	1 52	1 54	-196.5213658745451
1651	1 39	1 41	1 54	1 56	-117.73406346741787
1652	1 39	1 41	1 56	1 58	576.5194852941177
1653	1 39	1 41	1 58	1 60	-234.7321118611379
1654	1 39	1 41	1 43	1 45	-267.2445726514583
1655	1 39	1 41	1 45	1 47	-242.60548603612187
1656	1 39	1 41	1 47	1 49	906.5012028869286
1657	1 39	1 41	1 51	1 53	-233.24527742563936
1658	1 39	1 41	1 53	1 55	-177.88936859147327
1659	1 39	1 41	1 55	1 57	627.230994340108
1660	1 39	1 41	1 59	1 61	-194.00919540229887
1661	1 39	1 41	1 61	1 63	-139.7944018082422
1662	1 39	1 41	1 60	1 62	-163.0860968708855
1663	1 39	1 41	1 62	1 64	-97.7544924595373
1664	1 39	1 41	1 64	1 66	447.5237576512086
1665	1 39	1 41	1 66	1 68	-165.6131102246346
1666	1 39	1 41	1 68	1 70	-137.32392501341548
1667	1 39	1 41	1 70	1 72	-72.06008599798409
1668	1 39	1 41	1 72	1 2	203.79440683430045
1669	1 39	1 41	1 63	1 65	460.3360887096774
1670	1 39	1 41	1 65	1 67	-132.78084374495126
1671	1 39	1 41	1 67	1 69	-156.71935718485963
1672	1 39	1 41	1 69	1 71	-108.4555223948864
1673	1 40	1 42	1 41	1 43	-140.0893724187867
1674	1 40	1 42	1 43	1 45	-311.2928887266237
1675	1 40	1 42	1 47	1 49	710.3001555613171
1676	1 40	1 42	1 49	1 51	-135.6236409828919
1677	1 40	1 42	1 51	1 53	-253.57083333333333
1678	1 40	1 42	1 53	1 55	-212.6282659990792
1679	1 40	1 42	1 55	1 57	544.6133306962025
1680	1 40	1 42	1 57	1 59	-105.36599914536555
1681	1 40	1 42	1 44	1 46	-261.7971288800885
1682	1 40	1 42	1 46	1 48	-274.05249679897565
1683	1 40	1 42	1 48	1 50	841.4048567319394
1684	1 40	1 42	1 54	1 56	-189.56051587301587
1685	1 40	1 42	1 56	1 58	582.2045232969086
1686	1 40	1 42	1 58	1 60	-176.34919254202453
1687	1 40	1 42	1 60	1 62	-172.17837001172924
1688	1 40	1 42	1 62	1 64	-133.6334226167577
1689	1 40	1 42	1 61	1 63	-163.6695051353875
1690	1 40	1 42	1 63	1 65	412.7843757120073
1691	1 40	1 42	1 65	1 67	-86.03427452940196
1692	1 40	1 42	1 67	1 69	-141.2564063852487
1693	1 40	1 42	1 69	1 71	-118.30588287184514
1694	1 40	1 42	1 71	1 1	193.0330188679245
1695	1 40	1 42	1 64	1 66	436.6950894643571
1696	1 40	1 42	1 66	1 68	-127.10843022632287
1697	1 40	1 42	1 68	1 70	-138.15031282517106
1698	1 40	1 42	1 70	1 72	-86.8993150803916
1699	1 40	1 42	1 72	1 2	199.23444854731378
1700	1 41	1 43	1 42	1 44	220.78592216681048
1701	1 41	1 43	1 44	1 46	-63.17161770337546
1702	1 41	1 43	1 46	1 48	-11.523653750367359
1703	1 41	1 43	1 48	1 50	-157.8163532456031
1704	1 41	1 43	1 50	1 52	195.1081001735327
1705	1 41	1 43	1 52	1 54	-25.867197866074708
1706	1 41	1 43	1 54	1 56	-9.607282977810303
1707	1 41	1 43	1 56	1 58	-144.70758770119164
1708	1 41	1 43	1 58	1 60	134.17042881532927
1709	1 41	1 43	1 60	1 62	10.058957083865218
1710	1 41	1 43	1 45	1 47	-24.70122109992211
1711	1 41	1 43	1 49	1 51	369.196991779319
1712	1 41	1 43	1 53	1 55	-15.606657229412512
1713	1 41	1 43	1 57	1 59	169.01385724897858
1714	1 41	1 43	1 59	1 61	55.07849032800673
1715	1 41	1 43	1 62	1 64	-2.219819770073978
1716	1 41	1 43	1 64	1 66	-124.66568850145067
1717	1 41	1 43	1 66	1 68	87.26763811254419
1718	1 41	1 43	1 68	1 70	27.135521470336876
1719	1 41	1 43	1 70	1 72	4.46737580364341
1720	1 41	1 43	1 72	1 2	-74.45070571577614
1721	1 41	1 43	1 65	1 67	92.03511758985516
1722	1 41	1 43	1 67	1 69	56.084174081917695
1723	1 41	1 43	1 69	1 71	12.320800390962832
1724	1 42	1 44	1 43	1 45	207.08237317444502
1725	1 42	1 44	1 45	1 47	-65.28584656631298
1726	1 42	1 44	1 47	1 49	-325.76276512175957
1727	1 42	1 44	1 49	1 51	183.90549402862837
1728	1 42	1 44	1 51	1 53	155.6373571683628
1729	1 42	1 44	1 53	1 55	-25.183466554715626
1730	1 42	1 44	1 55	1 57	-249.3208035222895
1731	1 42	1 44	1 57	1 59	112.76324647959709
1732	1 42	1 44	1 61	1 63	7.07125646993167
1733	1 42	1 44	1 50	1 52	297.29494656738984
1734	1 42	1 44	1 54	1 56	-18.471481240955356
1735	1 42	1 44	1 58	1 60	156.18246880112176
1736	1 42	1 44	1 60	1 62	40.06247390389067
1737	1 42	1 44	1 62	1 64	-2.5777483978933398
1738	1 42	1 44	1 64	1 66	-158.60035809337583
1739	1 42	1 44	1 63	1 65	-190.76719274441194
1740	1 42	1 44	1 65	1 67	73.00714268686056
1741	1 42	1 44	1 67	1 69	77.59998355574193
1742	1 42	1 44	1 69	1 71	22.670890116324543
1743	1 42	1 44	1 71	1 1	-115.95035345463486
1744	1 42	1 44	1 66	1 68	93.18942715603586
1745	1 42	1 44	1 68	1 70	46.54624597510984
1746	1 43	1 45	1 44	1 46	170.6901814144461
1747	1 43	1 45	1 46	1 48	-61.723244666244824
1748	1 43	1 45	1 48	1 50	-275.0544454422991
1749	1 43	1 45	1 50	1 52	153.08995563384877
1750	1 43	1 45	1 52	1 54	141.56704469256528
1751	1 43	1 45	1 54	1 56	-29.03258613373135
1752	1 43	1 45	1 56	1 58	-218.73731320261675
1753	1 43	1 45	1 58	1 60	104.1936858491784
1754	1 43	1 45	1 60	1 62	93.16392030897026
1755	1 43	1 45	1 62	1 64	5.1105875131621366
1756	1 43	1 45	1 51	1 53	257.28526097011763
1757	1 43	1 45	1 57	1 59	40.41722205991552
1758	1 43	1 45	1 59	1 61	128.78947756027867
1759	1 43	1 45	1 61	1 63	39.81195663227195
1760	1 43	1 45	1 63	1 65	-190.05696864044307
1761	1 43	1 45	1 65	1 67	42.293491931611165
1762	1 43	1 45	1 64	1 66	-175.47971863282822
1763	1 43	1 45	1 66	1 68	71.10717562724014
1764	1 43	1 45	1 68	1 70	67.27508491278618
1765	1 43	1 45	1 70	1 72	17.950227581407717
1766	1 43	1 45	1 72	1 2	-118.3190474480943
1767	1 43	1 45	1 67	1 69	80.83525968733792
1768	1 43	1 45	1 69	1 71	41.07939667108115
1769	1 43	1 45	1 71	1 1	-125.38527277079854
1770	1 44	1 46	1 45	1 47	191.63808651542905
1771	1 44	1 46	1 47	1 49	-301.6665835549645
1772	1 44	1 46	1 49	1 51	-30.511234841880004
1773	1 44	1 46	1 51	1 53	139.4947311204974
1774	1 44	1 46	1 55	1 57	-254.3858581538222
1775	1 44	1 46	1 57	1 59	4.218749503442035
1776	1 44	1 46	1 59	1 61	85.39273137226579
1777	1 44	1 46	1 61	1 63	100.2765758847595
1778	1 44	1 46	1 63	1 65	-183.5343154596452
1779	1 44	1 46	1 58	1 60	34.98171794514826
1780	1 44	1 46	1 60	1 62	125.71775491113192
1781	1 44	1 46	1 62	1 64	40.88784576322347
1782	1 44	1 46	1 64	1 66	-189.3701755273408
1783	1 44	1 46	1 66	1 68	39.5057036431795
1784	1 44	1 46	1 65	1 67	18.333899753255082
1785	1 44	1 46	1 67	1 69	62.74916352381154
1786	1 44	1 46	1 69	1 71	63.94068235170853
1787	1 44	1 46	1 71	1 1	-112.60892796301923
1788	1 44	1 46	1 68	1 70	77.2439627013066
1789	1 44	1 46	1 70	1 72	36.91384937238493
1790	1 44	1 46	1 72	1 2	-116.85249526788559
1791	1 45	1 47	1 46	1 48	188.5416941512753
1792	1 45	1 47	1 48	1 50	-321.9553049289891
1793	1 45	1 47	1 50	1 52	-28.691025641025643
1794	1 45	1 47	1 54	1 56	172.08537987104012
1795	1 45	1 47	1 58	1 60	3.2182545714513298
1796	1 45	1 47	1 60	1 62	93.89824728909501
1797	1 45	1 47	1 62	1 64	110.63908861288004
1798	1 45	1 47	1 64	1 66	-205.12665441748933
1799	1 45	1 47	1 49	1 51	-18.465677335818164
1800	1 45	1 47	1 55	1 57	-267.9155233739838
1801	1 45	1 47	1 57	1 59	-3.6863820769643945
1802	1 45	1 47	1 59	1 61	31.038092804684872
1803	1 45	1 47	1 61	1 63	139.9967781260885
1804	1 45	1 47	1 63	1 65	-165.50113435148296
1805	1 45	1 47	1 65	1 67	7.244419876396625
1806	1 45	1 47	1 67	1 69	38.57717097155441
1807	1 45	1 47	1 66	1 68	18.2670354367748
1808	1 45	1 47	1 68	1 70	66.49672260050053
1809	1 45	1 47	1 70	1 72	60.86390452735098
1810	1 45	1 47	1 72	1 2	-116.45054920513851
1811	1 45	1 47	1 69	1 71	76.26721798026432
1812	1 45	1 47	1 71	1 1	-96.48839207340299
1813	1 46	1 48	1 47	1 49	-114.95286741053478
1814	1 46	1 48	1 49	1 51	-10.158005296179184
1815	1 46	1 48	1 51	1 53	-28.043200773204916
1816	1 46	1 48	1 53	1 55	164.2735328994119
1817	1 46	1 48	1 55	1 57	-123.90342016462455
1818	1 46	1 48	1 57	1 59	-3.797602730887621
1819	1 46	1 48	1 59	1 61	2.586240592873515
1820	1 46	1 48	1 61	1 63	107.37991154219498
1821	1 46	1 48	1 63	1 65	-104.51165664426966
1822	1 46	1 48	1 65	1 67	2.573329904157117
1823	1 46	1 48	1 50	1 52	-18.06136699717045
1824	1 46	1 48	1 54	1 56	344.7875875875876
1825	1 46	1 48	1 56	1 58	-309.6626228501229
1826	1 46	1 48	1 58	1 60	-4.200978280094775
1827	1 46	1 48	1 60	1 62	37.266796210500836
1828	1 46	1 48	1 64	1 66	-197.16291127397474
1829	1 46	1 48	1 66	1 68	7.384028874843649
1830	1 46	1 48	1 68	1 70	42.71559339166191
1831	1 46	1 48	1 67	1 69	19.123180191456726
1832	1 46	1 48	1 69	1 71	65.4701309806866
1833	1 46	1 48	1 71	1 1	-69.29211720066546
1834	1 46	1 48	1 70	1 72	74.75553028318289
1835	1 46	1 48	1 72	1 2	-104.7472839275714
1836	1 47	1 49	1 48	1 50	897.9157268170425
1837	1 47	1 49	1 50	1 52	-421.8344155844156
1838	1 47	1 49	1 52	1 54	-271.2950859804156
1839	1 47	1 49	1 54	1 56	-138.20626317111635
1840	1 47	1 49	1 56	1 58	818.6948529411764
1841	1 47	1 49	1 58	1 60	-356.9073142414861
1842	1 47	1 49	1 60	1 62	-228.0299601670817
1843	1 47	1 49	1 62	1 64	-122.64889189201178
1844	1 47	1 49	1 64	1 66	640.3970827849846
1845	1 47	1 49	1 66	1 68	-251.20197774528916
1846	1 47	1 49	1 51	1 53	-306.74264705882354
1847	1 47	1 49	1 53	1 55	-297.01214349376113
1848	1 47	1 49	1 55	1 57	996.5306340238544
1849	1 47	1 49	1 63	1 65	681.3987794546767
1850	1 47	1 49	1 67	1 69	-225.96437127001923
1851	1 47	1 49	1 69	1 71	-150.77131842428346
1852	1 47	1 49	1 68	1 70	-192.6559910734722
1853	1 47	1 49	1 70	1 72	-94.09906229336062
1854	1 47	1 49	1 72	1 2	225.12229609913325
1855	1 47	1 49	1 71	1 1	215.7511821109647
1856	1 48	1 50	1 51	1 53	-342.74992955762184
1857	1 48	1 50	1 55	1 57	818.3512223071046
1858	1 48	1 50	1 57	1 59	-148.83165608076945
1859	1 48	1 50	1 59	1 61	-290.67462093862815
1860	1 48	1 50	1 63	1 65	641.3847741935484
1861	1 48	1 50	1 65	1 67	-124.83457541926441
1862	1 48	1 50	1 67	1 69	-221.97007828410216
1863	1 48	1 50	1 54	1 56	-340.89667477696673
1864	1 48	1 50	1 56	1 58	967.8014705882352
1865	1 48	1 50	1 64	1 66	685.6121212121211
1866	1 48	1 50	1 68	1 70	-206.9813204887218
1867	1 48	1 50	1 70	1 72	-134.41114012968302
1868	1 48	1 50	1 69	1 71	-179.18329769541458
1869	1 48	1 50	1 71	1 1	210.70899449197233
1870	1 48	1 50	1 72	1 2	240.4442245364221
1871	1 49	1 51	1 50	1 52	274.61751046121304
1872	1 49	1 51	1 52	1 54	-70.51452043325834
1873	1 49	1 51	1 54	1 56	-14.138212228470984
1874	1 49	1 51	1 56	1 58	-177.12192558068847
1875	1 49	1 51	1 60	1 62	-25.977813160554216
1876	1 49	1 51	1 62	1 64	-9.378307892317476
1877	1 49	1 51	1 64	1 66	-154.4389513994777
1878	1 49	1 51	1 66	1 68	137.7959956140351
1879	1 49	1 51	1 68	1 70	16.8285
1880	1 49	1 51	1 53	1 55	-27.911299442312085
1881	1 49	1 51	1 59	1 61	14.713800426663418
1882	1 49	1 51	1 65	1 67	167.4814228785748
1883	1 49	1 51	1 67	1 69	63.30558223134719
1884	1 49	1 51	1 69	1 71	3.348647720599229
1885	1 49	1 51	1 71	1 1	-86.11784951358217
1886	1 49	1 51	1 72	1 2	-74.34593460233313
1887	1 50	1 52	1 51	1 53	217.42489241527704
1888	1 50	1 52	1 53	1 55	-70.62292044690004
1889	1 50	1 52	1 55	1 57	-369.8976734798723
1890	1 50	1 52	1 57	1 59	201.1580066511259
1891	1 50	1 52	1 59	1 61	190.73828257517349
1892	1 50	1 52	1 61	1 63	-34.84266616761032
1893	1 50	1 52	1 67	1 69	130.07963821475502
1894	1 50	1 52	1 69	1 71	11.62399126532453
1895	1 50	1 52	1 54	1 56	-30.247380297363296
1896	1 50	1 52	1 58	1 60	348.11134488215475
1897	1 50	1 52	1 60	1 62	-8.01445386801346
1898	1 50	1 52	1 66	1 68	175.70265981168853
1899	1 50	1 52	1 68	1 70	50.24439837134364
1900	1 50	1 52	1 72	1 2	-107.74556842248892
1901	1 51	1 53	1 52	1 54	210.03614228077916
1902	1 51	1 53	1 54	1 56	-78.88406886145486
1903	1 51	1 53	1 56	1 58	-311.42542016806726
1904	1 51	1 53	1 60	1 62	158.44902790713144
1905	1 51	1 53	1 62	1 64	-36.94360731661676
1906	1 51	1 53	1 64	1 66	-251.02309492049375
1907	1 51	1 53	1 66	1 68	120.0960855450623
1908	1 51	1 53	1 68	1 70	109.45185589642557
1909	1 51	1 53	1 70	1 72	7.344955805288622
1910	1 51	1 53	1 59	1 61	297.3857513594939
1911	1 51	1 53	1 61	1 63	-6.407632333259311
1912	1 51	1 53	1 65	1 67	50.66863601673728
1913	1 51	1 53	1 67	1 69	150.91531944425037
1914	1 51	1 53	1 69	1 71	45.623893030366716
1915	1 51	1 53	1 71	1 1	-146.20564485233908
1916	1 51	1 53	1 72	1 2	-136.02150474338623
1917	1 52	1 54	1 53	1 55	185.20842978515748
1918	1 52	1 54	1 55	1 57	-337.1113620962277
1919	1 52	1 54	1 57	1 59	-32.12418142339536
1920	1 52	1 54	1 59	1 61	149.69383816579614
1921	1 52	1 54	1 61	1 63	173.19880628198507
1922	1 52	1 54	1 63	1 65	-292.51415124854447
1923	1 52	1 54	1 65	1 67	9.233703077963977
1924	1 52	1 54	1 67	1 69	104.66275809605101
1925	1 52	1 54	1 69	1 71	108.52221177921399
1926	1 52	1 54	1 71	1 1	-149.61675574965506
1927	1 52	1 54	1 58	1 60	-7.959144721394065
1928	1 52	1 54	1 60	1 62	299.50141442642564
1929	1 52	1 54	1 66	1 68	43.36024709891207
1930	1 52	1 54	1 68	1 70	147.60672212063247
1931	1 52	1 54	1 70	1 72	38.82370682692897
1932	1 52	1 54	1 72	1 2	-149.4278313883902
1933	1 53	1 55	1 54	1 56	266.88906420400497
1934	1 53	1 55	1 56	1 58	-394.47642882085904
1935	1 53	1 55	1 58	1 60	-37.15605590062111
1936	1 53	1 55	1 60	1 62	162.2046128406888
1937	1 53	1 55	1 64	1 66	-342.9062902706185
1938	1 53	1 55	1 66	1 68	4.720348688757296
1939	1 53	1 55	1 68	1 70	111.1278742658278
1940	1 53	1 55	1 70	1 72	109.0445171026157
1941	1 53	1 55	1 72	1 2	-159.83544600938967
1942	1 53	1 55	1 57	1 59	-19.49245448251512
1943	1 53	1 55	1 59	1 61	-20.69242040222018
1944	1 53	1 55	1 61	1 63	355.04120879120876
1945	1 53	1 55	1 63	1 65	-310.8140457733481
1946	1 53	1 55	1 65	1 67	-2.510102087228157
1947	1 53	1 55	1 67	1 69	39.0911804727762
1948	1 53	1 55	1 69	1 71	147.6391123188406
1949	1 53	1 55	1 71	1 1	-124.36348995972041
1950	1 54	1 56	1 57	1 59	-10.443623690330325
1951	1 54	1 56	1 65	1 67	-2.5345127514587
1952	1 54	1 56	1 67	1 69	11.098098388310152
1953	1 54	1 56	1 69	1 71	121.20904796880403
1954	1 54	1 56	1 71	1 1	-92.42971117817589
1955	1 54	1 56	1 58	1 60	-20.995643448657223
1956	1 54	1 56	1 62	1 64	439.26647121535177
1957	1 54	1 56	1 64	1 66	-410.04165797705946
1958	1 54	1 56	1 68	1 70	54.87807847899272
1959	1 54	1 56	1 70	1 72	168.8608739098837
1960	1 54	1 56	1 72	1 2	-181.0571056547619
1961	1 55	1 57	1 56	1 58	1051.3657358037858
1962	1 55	1 57	1 58	1 60	-481.7485719086021
1963	1 55	1 57	1 60	1 62	-324.31824679238787
1964	1 55	1 57	1 62	1 64	-163.34396170839472
1965	1 55	1 57	1 64	1 66	987.658981199187
1966	1 55	1 57	1 66	1 68	-416.7723577235772
1967	1 55	1 57	1 68	1 70	-282.40316480734236
1968	1 55	1 57	1 70	1 72	-128.16183352512468
1969	1 55	1 57	1 72	1 2	297.04567946538936
1970	1 55	1 57	1 59	1 61	-355.8640783606868
1971	1 55	1 57	1 61	1 63	-339.3750757116899
1972	1 55	1 57	1 69	1 71	-226.7934496124031
1973	1 55	1 57	1 71	1 1	273.0392771528674
1974	1 56	1 58	1 65	1 67	-181.2514606052083
1975	1 56	1 58	1 67	1 69	-354.2245726495727
1976	1 56	1 58	1 60	1 62	-341.47179849340864
1977	1 56	1 58	1 62	1 64	-415.69168985580575
1978	1 56	1 58	1 64	1 66	1177.2436974789916
1979	1 56	1 58	1 70	1 72	-225.9587622315415
1980	1 56	1 58	1 72	1 2	362.5468471962404
1981	1 57	1 59	1 58	1 60	296.32309150471144
1982	1 57	1 59	1 60	1 62	-77.05531076421849
1983	1 57	1 59	1 62	1 64	-12.97541789491705
1984	1 57	1 59	1 68	1 70	-29.833537331701347
1985	1 57	1 59	1 70	1 72	-9.109674984160364
1986	1 57	1 59	1 72	1 2	-78.51973828922124
1987	1 57	1 59	1 61	1 63	-29.235893148810312
1988	1 57	1 59	1 71	1 1	-88.894913914435
1989	1 58	1 60	1 61	1 63	-90.25403771166515
1990	1 58	1 60	1 65	1 67	237.99142274553301
1991	1 58	1 60	1 69	1 71	-31.531016116528015
1992	1 58	1 60	1 71	1 1	-141.7352732997771
1993	1 58	1 60	1 62	1 64	-30.72065533459992
1994	1 58	1 60	1 68	1 70	-2.955134075018801
1995	1 58	1 60	1 70	1 72	-18.300614812653315
1996	1 58	1 60	1 72	1 2	-125.47169979094683
1997	1 59	1 61	1 60	1 62	205.89171455501844
1998	1 59	1 61	1 62	1 64	-77.39642888948259
1999	1 59	1 61	1 64	1 66	-383.6814219038953
2000	1 59	1 61	1 68	1 70	188.13599070447026
2001	1 59	1 61	1 70	1 72	-29.558069243081444
2002	1 59	1 61	1 72	1 2	-158.78900634552988
2003	1 59	1 61	1 71	1 1	-179.54232270412848
2004	1 60	1 62	1 61	1 63	283.7844718381077
2005	1 60	1 62	1 63	1 65	-432.59762170108837
2006	1 60	1 62	1 65	1 67	-30.95808349823841
2007	1 60	1 62	1 67	1 69	182.25323454092756
2008	1 60	1 62	1 66	1 68	-11.774630104285535
2009	1 60	1 62	1 68	1 70	360.42977789958854
2010	1 61	1 63	1 62	1 64	260.22148071894264
2011	1 61	1 63	1 64	1 66	-471.39929555738377
2012	1 61	1 63	1 66	1 68	-35.11412697779632
2013	1 61	1 63	1 65	1 67	-18.66776953704933
2014	1 61	1 63	1 69	1 71	391.7901893634166
2015	1 62	1 64	1 65	1 67	-10.64248299283835
2016	1 62	1 64	1 67	1 69	-30.336029720452412
2017	1 62	1 64	1 69	1 71	193.23897345153014
2018	1 62	1 64	1 71	1 1	-97.29884304338239
2019	1 62	1 64	1 70	1 72	423.9966204445683
2020	1 63	1 65	1 64	1 66	1270.1450031625552
2021	1 63	1 65	1 66	1 68	-588.0050485182271
2022	1 63	1 65	1 68	1 70	-429.598277478322
2023	1 63	1 65	1 70	1 72	-165.81278576967298
2024	1 63	1 65	1 71	1 1	471.5513935340022
2025	1 64	1 66	1 67	1 69	-513.2575462512171
2026	1 64	1 66	1 69	1 71	-421.50477909940525
2027	1 64	1 66	1 71	1 1	440.59773853779427
2028	1 64	1 66	1 68	1 70	-435.62622072422437
2029	1 64	1 66	1 70	1 72	-417.73474615742896
2030	1 64	1 66	1 72	1 2	600.2638702049396
2031	1 65	1 67	1 68	1 70	-87.90930456147848
2032	1 65	1 67	1 70	1 72	-16.794924244798544
2033	1 65	1 67	1 72	1 2	-89.35142501104022
2034	1 65	1 67	1 69	1 71	-35.05754295209741
2035	1 65	1 67	1 71	1 1	-100.78478260869565
2036	1 66	1 68	1 67	1 69	329.55769230769226
2037	1 66	1 68	1 69	1 71	-90.98504273504273
2038	1 66	1 68	1 71	1 1	-161.27741499706775
2039	1 66	1 68	1 70	1 72	-32.91679945443172
2040	1 66	1 68	1 72	1 2	-144.14354656992748
2041	1 67	1 69	1 68	1 70	288.7869938101275
2042	1 67	1 69	1 70	1 72	-80.5960289600702
2043	1 67	1 69	1 72	1 2	-202.73949404117008
2044	1 68	1 70	1 69	1 71	340.1573717948718
2045	1 68	1 70	1 71	1 1	-383.37461442066706
2046	1 69	1 71	1 72	1 2	-492.2949775654943
2047	1 70	1 72	1 71	1 1	-173.9668073501502
2048	1 71	1 1	1 72	1 2	1991.317906808741
