2067
1	1 1	1 3	1 2	1 4	728.0083297342503
2	1 1	1 3	1 4	1 6	-238.51562749391928
3	1 1	1 3	1 6	1 8	-52.80749695975683
4	1 1	1 3	1 8	1 10	-309.79222743391864
5	1 1	1 3	1 10	1 12	375.18210424638835
6	1 1	1 3	1 12	1 14	-48.13601865543765
7	1 1	1 3	1 14	1 16	-26.042156449020787
8	1 1	1 3	1 16	1 18	-244.48926207368493
9	1 1	1 3	1 18	1 20	223.56599957118556
10	1 1	1 3	1 20	1 22	19.79847353003818
11	1 1	1 3	1 5	1 7	-95.21693421748964
12	1 1	1 3	1 9	1 11	707.1917378428648
13	1 1	1 3	1 11	1 13	35.11396743172032
14	1 1	1 3	1 13	1 15	-36.8560000201868
15	1 1	1 3	1 15	1 17	-422.18191847903165
16	1 1	1 3	1 17	1 19	319.56023656641713
17	1 1	1 3	1 19	1 21	90.5951323419959
18	1 1	1 3	1 21	1 23	-7.0456333849678305
19	1 1	1 3	1 23	1 25	-273.40287604688604
20	1 1	1 3	1 22	1 24	-11.578871935660962
21	1 1	1 3	1 24	1 26	-181.17504293047176
22	1 1	1 3	1 26	1 28	126.02831181439632
23	1 1	1 3	1 28	1 30	36.51391620333487
24	1 1	1 3	1 30	1 32	2.0135140330517847
25	1 1	1 3	1 34	1 36	72.6253708386514
26	1 1	1 3	1 36	1 38	32.26772614930763
27	1 1	1 3	1 38	1 40	12.275649749735077
28	1 1	1 3	1 40	1 42	-98.64599002371315
29	1 1	1 3	1 25	1 27	170.6803701206261
30	1 1	1 3	1 27	1 29	72.12348802722659
31	1 1	1 3	1 29	1 31	13.485611762425048
32	1 1	1 3	1 31	1 33	-182.67083771672029
33	1 1	1 3	1 33	1 35	94.10347637050631
34	1 1	1 3	1 35	1 37	51.488740572393
35	1 1	1 3	1 37	1 39	19.36648112915641
36	1 1	1 3	1 39	1 41	-120.3189512693351
37	1 1	1 3	1 41	1 43	52.519562113977344
38	1 1	1 3	1 43	1 45	35.84568231707394
39	1 1	1 3	1 42	1 44	45.257898841494864
40	1 1	1 3	1 44	1 46	28.154353040531426
41	1 1	1 3	1 46	1 48	12.6655520310289
42	1 1	1 3	1 48	1 50	-74.60391478033827
43	1 1	1 3	1 50	1 52	29.721373005843418
44	1 1	1 3	1 52	1 54	22.45277074450997
45	1 1	1 3	1 54	1 56	11.89914325128207
46	1 1	1 3	1 56	1 58	-56.47350164706254
47	1 1	1 3	1 58	1 60	21.271638226900805
48	1 1	1 3	1 60	1 62	17.47863160894827
49	1 1	1 3	1 45	1 47	19.22810814085301
50	1 1	1 3	1 47	1 49	-81.59516209823107
51	1 1	1 3	1 49	1 51	28.487605103032088
52	1 1	1 3	1 51	1 53	26.782980943075774
53	1 1	1 3	1 53	1 55	18.076074652105547
54	1 1	1 3	1 55	1 57	-58.76331558361798
55	1 1	1 3	1 57	1 59	15.665288921033511
56	1 1	1 3	1 59	1 61	20.302636789563422
57	1 1	1 3	1 61	1 63	15.389875639607903
58	1 1	1 3	1 63	1 65	-44.33998519744376
59	1 1	1 3	1 62	1 64	10.484063462154747
60	1 1	1 3	1 64	1 66	-44.62291883084269
61	1 1	1 3	1 66	1 68	16.01642854837035
62	1 1	1 3	1 68	1 70	13.462312906637024
63	1 1	1 3	1 70	1 72	5.700285709252576
64	1 1	1 3	1 65	1 67	10.660968459959438
65	1 1	1 3	1 67	1 69	15.945923079624256
66	1 1	1 3	1 69	1 71	10.774062682661718
67	1 2	1 4	1 3	1 5	464.4385630978471
68	1 2	1 4	1 5	1 7	-196.89090133794684
69	1 2	1 4	1 7	1 9	-646.0408400976199
70	1 2	1 4	1 9	1 11	411.64331506134386
71	1 2	1 4	1 11	1 13	240.43239917397756
72	1 2	1 4	1 13	1 15	-33.33448419273813
73	1 2	1 4	1 15	1 17	-423.18449437511214
74	1 2	1 4	1 17	1 19	216.39604974418114
75	1 2	1 4	1 19	1 21	161.91273277553262
76	1 2	1 4	1 21	1 23	12.075771823312145
77	1 2	1 4	1 6	1 8	-96.67305889715804
78	1 2	1 4	1 10	1 12	501.337707645313
79	1 2	1 4	1 12	1 14	25.270219541560934
80	1 2	1 4	1 14	1 16	-36.03852914871128
81	1 2	1 4	1 16	1 18	-323.6792779266866
82	1 2	1 4	1 18	1 20	239.16876931664632
83	1 2	1 4	1 20	1 22	72.28551863559917
84	1 2	1 4	1 22	1 24	-7.626624721548998
85	1 2	1 4	1 23	1 25	-284.586097539549
86	1 2	1 4	1 25	1 27	128.7071511088335
87	1 2	1 4	1 27	1 29	97.15107516892414
88	1 2	1 4	1 29	1 31	31.187803955981515
89	1 2	1 4	1 33	1 35	77.13224486367264
90	1 2	1 4	1 35	1 37	60.346859303473266
91	1 2	1 4	1 37	1 39	30.681894313358356
92	1 2	1 4	1 39	1 41	-129.19572659825445
93	1 2	1 4	1 41	1 43	45.92990421333642
94	1 2	1 4	1 26	1 28	124.8741990643604
95	1 2	1 4	1 28	1 30	64.24300060421137
96	1 2	1 4	1 30	1 32	9.742202634752053
97	1 2	1 4	1 32	1 34	-154.37472312976496
98	1 2	1 4	1 34	1 36	70.54777752124215
99	1 2	1 4	1 36	1 38	45.38033269024167
100	1 2	1 4	1 38	1 40	20.279473941568043
101	1 2	1 4	1 40	1 42	-113.65814925792287
102	1 2	1 4	1 42	1 44	44.235759455906006
103	1 2	1 4	1 44	1 46	34.82220270635092
104	1 2	1 4	1 43	1 45	40.070175543330635
105	1 2	1 4	1 45	1 47	25.977515258439823
106	1 2	1 4	1 47	1 49	-87.79116694501671
107	1 2	1 4	1 49	1 51	26.271800200015132
108	1 2	1 4	1 51	1 53	29.159177899886238
109	1 2	1 4	1 53	1 55	22.436747116083534
110	1 2	1 4	1 55	1 57	-63.50169661530177
111	1 2	1 4	1 57	1 59	15.038159705572996
112	1 2	1 4	1 59	1 61	21.688734916141826
113	1 2	1 4	1 61	1 63	18.289756641230728
114	1 2	1 4	1 46	1 48	18.105577156874382
115	1 2	1 4	1 48	1 50	-83.82297356275791
116	1 2	1 4	1 50	1 52	29.375745943068573
117	1 2	1 4	1 52	1 54	26.327304449816367
118	1 2	1 4	1 54	1 56	15.609499424680347
119	1 2	1 4	1 56	1 58	-62.861889197883194
120	1 2	1 4	1 58	1 60	21.596872135084055
121	1 2	1 4	1 60	1 62	19.81982689559959
122	1 2	1 4	1 62	1 64	12.8970445685345
123	1 2	1 4	1 64	1 66	-49.086251972768
124	1 2	1 4	1 63	1 65	-48.281631828596126
125	1 2	1 4	1 65	1 67	10.757146344560475
126	1 2	1 4	1 67	1 69	17.1232144647326
127	1 2	1 4	1 69	1 71	12.320884084026375
128	1 2	1 4	1 66	1 68	16.556587101707333
129	1 2	1 4	1 68	1 70	15.005963448895068
130	1 2	1 4	1 70	1 72	7.048044331792655
131	1 3	1 5	1 4	1 6	522.8686941707372
132	1 3	1 5	1 6	1 8	-220.72689983839138
133	1 3	1 5	1 8	1 10	-512.0377871309746
134	1 3	1 5	1 10	1 12	272.4173028521234
135	1 3	1 5	1 12	1 14	254.71920395925176
136	1 3	1 5	1 14	1 16	-42.58527152275353
137	1 3	1 5	1 16	1 18	-358.93742077008966
138	1 3	1 5	1 18	1 20	153.78080024130898
139	1 3	1 5	1 20	1 22	158.02186737701197
140	1 3	1 5	1 22	1 24	12.471023692687474
141	1 3	1 5	1 9	1 11	55.18321907549577
142	1 3	1 5	1 11	1 13	390.2861424891003
143	1 3	1 5	1 13	1 15	38.17789389503362
144	1 3	1 5	1 15	1 17	-396.428828896955
145	1 3	1 5	1 17	1 19	76.85244748233768
146	1 3	1 5	1 19	1 21	192.0537543728136
147	1 3	1 5	1 21	1 23	66.65575780484807
148	1 3	1 5	1 23	1 25	-270.58029821811584
149	1 3	1 5	1 25	1 27	65.25223301227646
150	1 3	1 5	1 24	1 26	-252.37047497964136
151	1 3	1 5	1 26	1 28	89.52437375065949
152	1 3	1 5	1 28	1 30	96.85585389773902
153	1 3	1 5	1 30	1 32	27.793317737711995
154	1 3	1 5	1 32	1 34	-168.33974875930522
155	1 3	1 5	1 34	1 36	54.306280777553994
156	1 3	1 5	1 36	1 38	58.057519988971606
157	1 3	1 5	1 38	1 40	33.36201996927804
158	1 3	1 5	1 40	1 42	-123.04117113615753
159	1 3	1 5	1 42	1 44	36.06602459630587
160	1 3	1 5	1 27	1 29	103.04061399403167
161	1 3	1 5	1 29	1 31	63.808695625230456
162	1 3	1 5	1 33	1 35	47.791523183864896
163	1 3	1 5	1 35	1 37	60.62557791125859
164	1 3	1 5	1 37	1 39	47.35959980275578
165	1 3	1 5	1 39	1 41	-124.96983617138812
166	1 3	1 5	1 41	1 43	32.23358255825802
167	1 3	1 5	1 43	1 45	39.3007248357367
168	1 3	1 5	1 45	1 47	33.86862250586873
169	1 3	1 5	1 44	1 46	40.32031038411084
170	1 3	1 5	1 46	1 48	25.976279351067788
171	1 3	1 5	1 48	1 50	-89.45838164289317
172	1 3	1 5	1 50	1 52	25.03163434421033
173	1 3	1 5	1 52	1 54	28.573225888300637
174	1 3	1 5	1 54	1 56	19.990442524496814
175	1 3	1 5	1 56	1 58	-65.451772217784
176	1 3	1 5	1 58	1 60	19.34025176436996
177	1 3	1 5	1 60	1 62	20.843961728257938
178	1 3	1 5	1 62	1 64	15.259306353615528
179	1 3	1 5	1 47	1 49	-86.21459294016306
180	1 3	1 5	1 49	1 51	20.14187319942486
181	1 3	1 5	1 51	1 53	28.545695200241333
182	1 3	1 5	1 53	1 55	26.84164336471555
183	1 3	1 5	1 55	1 57	-63.23548848263027
184	1 3	1 5	1 57	1 59	12.460451697792895
185	1 3	1 5	1 59	1 61	21.05978401063359
186	1 3	1 5	1 61	1 63	20.62754242464505
187	1 3	1 5	1 63	1 65	-47.92047447135209
188	1 3	1 5	1 65	1 67	9.485435072509992
189	1 3	1 5	1 64	1 66	-50.72046569781651
190	1 3	1 5	1 66	1 68	15.40808162009025
191	1 3	1 5	1 68	1 70	15.467185336507814
192	1 3	1 5	1 70	1 72	7.575366741267736
193	1 3	1 5	1 67	1 69	16.636684460558122
194	1 3	1 5	1 69	1 71	13.288898544296808
195	1 4	1 6	1 5	1 7	432.6616435478285
196	1 4	1 6	1 7	1 9	-677.9883976353311
197	1 4	1 6	1 9	1 11	-34.187144179483504
198	1 4	1 6	1 11	1 13	249.33228929708105
199	1 4	1 6	1 13	1 15	255.0152574943108
200	1 4	1 6	1 17	1 19	14.789930783573215
201	1 4	1 6	1 19	1 21	146.46781556881737
202	1 4	1 6	1 21	1 23	151.46499061939699
203	1 4	1 6	1 23	1 25	-273.13002194003144
204	1 4	1 6	1 12	1 14	408.09405271171227
205	1 4	1 6	1 14	1 16	24.984761078938405
206	1 4	1 6	1 16	1 18	-405.24366137934146
207	1 4	1 6	1 18	1 20	63.85155127945485
208	1 4	1 6	1 20	1 22	200.73822432092996
209	1 4	1 6	1 22	1 24	72.97783813763675
210	1 4	1 6	1 24	1 26	-287.25295715832226
211	1 4	1 6	1 26	1 28	53.07120956641023
212	1 4	1 6	1 25	1 27	28.669918914702127
213	1 4	1 6	1 27	1 29	87.59866724909435
214	1 4	1 6	1 29	1 31	102.01283983955332
215	1 4	1 6	1 33	1 35	28.29153772337448
216	1 4	1 6	1 35	1 37	54.34853834728464
217	1 4	1 6	1 37	1 39	64.35961841024705
218	1 4	1 6	1 39	1 41	-124.43916613297174
219	1 4	1 6	1 41	1 43	22.361858349969786
220	1 4	1 6	1 43	1 45	36.91153511147836
221	1 4	1 6	1 28	1 30	113.24108592528074
222	1 4	1 6	1 30	1 32	59.67898993569378
223	1 4	1 6	1 34	1 36	38.4450441845684
224	1 4	1 6	1 36	1 38	65.07739278165833
225	1 4	1 6	1 38	1 40	51.12664901187118
226	1 4	1 6	1 40	1 42	-133.3415763646206
227	1 4	1 6	1 42	1 44	28.691155572080337
228	1 4	1 6	1 44	1 46	43.23743920007723
229	1 4	1 6	1 46	1 48	35.039324596715545
230	1 4	1 6	1 45	1 47	41.52368416329908
231	1 4	1 6	1 47	1 49	-84.91011825227412
232	1 4	1 6	1 49	1 51	15.410722253786716
233	1 4	1 6	1 51	1 53	27.284713699603053
234	1 4	1 6	1 53	1 55	30.730883960748237
235	1 4	1 6	1 55	1 57	-62.93662263254677
236	1 4	1 6	1 57	1 59	10.347118482194066
237	1 4	1 6	1 59	1 61	20.168044716543086
238	1 4	1 6	1 61	1 63	22.759156575903845
239	1 4	1 6	1 63	1 65	-47.74062490100968
240	1 4	1 6	1 48	1 50	-94.48568086786295
241	1 4	1 6	1 50	1 52	21.191766291104038
242	1 4	1 6	1 52	1 54	30.042996543385957
243	1 4	1 6	1 54	1 56	24.799890733290333
244	1 4	1 6	1 56	1 58	-68.07276829965903
245	1 4	1 6	1 58	1 60	17.38042674893152
246	1 4	1 6	1 60	1 62	21.63812641666715
247	1 4	1 6	1 62	1 64	17.74582341519301
248	1 4	1 6	1 64	1 66	-51.81357913304568
249	1 4	1 6	1 66	1 68	14.340431639685766
250	1 4	1 6	1 65	1 67	8.454264141123684
251	1 4	1 6	1 67	1 69	16.23658243096998
252	1 4	1 6	1 69	1 71	14.15830950101029
253	1 4	1 6	1 71	1 1	-236.9361061816537
254	1 4	1 6	1 68	1 70	15.837169295556828
255	1 4	1 6	1 70	1 72	8.469956986507002
256	1 4	1 6	1 72	1 2	-304.66801062523484
257	1 5	1 7	1 6	1 8	644.9080409383496
258	1 5	1 7	1 8	1 10	-839.915260509177
259	1 5	1 7	1 10	1 12	-45.296070943925045
260	1 5	1 7	1 12	1 14	288.8697994144094
261	1 5	1 7	1 14	1 16	324.0393358906863
262	1 5	1 7	1 18	1 20	8.61736695920177
263	1 5	1 7	1 9	1 11	-38.677812663413874
264	1 5	1 7	1 11	1 13	31.162689396169107
265	1 5	1 7	1 13	1 15	472.97921712048003
266	1 5	1 7	1 15	1 17	-440.4657433529197
267	1 5	1 7	1 17	1 19	-8.469183718847432
268	1 5	1 7	1 19	1 21	66.68966361497469
269	1 5	1 7	1 21	1 23	227.44452608694917
270	1 5	1 7	1 23	1 25	-257.94289472050656
271	1 5	1 7	1 25	1 27	8.40072081516068
272	1 5	1 7	1 27	1 29	57.69307995708293
273	1 5	1 7	1 26	1 28	24.39085813735063
274	1 5	1 7	1 28	1 30	106.20535974155283
275	1 5	1 7	1 30	1 32	111.22046480610919
276	1 5	1 7	1 34	1 36	24.46209201984956
277	1 5	1 7	1 36	1 38	65.301102530139
278	1 5	1 7	1 38	1 40	74.39888251727686
279	1 5	1 7	1 40	1 42	-145.27365394529153
280	1 5	1 7	1 42	1 44	21.804193230704442
281	1 5	1 7	1 44	1 46	44.437872249728514
282	1 5	1 7	1 29	1 31	136.79639706944607
283	1 5	1 7	1 33	1 35	15.334524761523962
284	1 5	1 7	1 35	1 37	43.155929669346406
285	1 5	1 7	1 37	1 39	80.6753172985051
286	1 5	1 7	1 41	1 43	15.017209147188609
287	1 5	1 7	1 43	1 45	32.68057412100754
288	1 5	1 7	1 45	1 47	48.83495770860826
289	1 5	1 7	1 47	1 49	-82.99628923725064
290	1 5	1 7	1 46	1 48	46.60110493835448
291	1 5	1 7	1 48	1 50	-101.41306049030486
292	1 5	1 7	1 50	1 52	17.674647725483354
293	1 5	1 7	1 52	1 54	30.832491528390296
294	1 5	1 7	1 54	1 56	30.347160541341808
295	1 5	1 7	1 56	1 58	-71.39630761333362
296	1 5	1 7	1 58	1 60	15.60073187890664
297	1 5	1 7	1 60	1 62	22.186031522210726
298	1 5	1 7	1 62	1 64	20.48269459971687
299	1 5	1 7	1 64	1 66	-53.718550314618795
300	1 5	1 7	1 49	1 51	11.63843537414966
301	1 5	1 7	1 51	1 53	25.39729202025638
302	1 5	1 7	1 53	1 55	34.64244353395742
303	1 5	1 7	1 55	1 57	-62.43438449432587
304	1 5	1 7	1 57	1 59	8.629727450812375
305	1 5	1 7	1 59	1 61	19.209812163797004
306	1 5	1 7	1 61	1 63	24.880731695663343
307	1 5	1 7	1 63	1 65	-47.69937989000604
308	1 5	1 7	1 65	1 67	7.614672145110063
309	1 5	1 7	1 67	1 69	15.760091678847992
310	1 5	1 7	1 66	1 68	13.380140634529901
311	1 5	1 7	1 68	1 70	16.169487698083366
312	1 5	1 7	1 70	1 72	9.434633217463775
313	1 5	1 7	1 69	1 71	15.004793699277133
314	1 6	1 8	1 7	1 9	-359.7481987748204
315	1 6	1 8	1 9	1 11	-27.880513112779166
316	1 6	1 8	1 11	1 13	-33.40812584886577
317	1 6	1 8	1 13	1 15	333.4048235294118
318	1 6	1 8	1 17	1 19	-10.979272960822094
319	1 6	1 8	1 19	1 21	17.424051679048347
320	1 6	1 8	1 21	1 23	200.19161003171558
321	1 6	1 8	1 23	1 25	-189.50294793926247
322	1 6	1 8	1 10	1 12	-39.3902721457507
323	1 6	1 8	1 12	1 14	62.835542218476945
324	1 6	1 8	1 14	1 16	604.6907768067756
325	1 6	1 8	1 16	1 18	-606.431208553757
326	1 6	1 8	1 18	1 20	-6.71103565496051
327	1 6	1 8	1 20	1 22	82.0200195098747
328	1 6	1 8	1 22	1 24	294.3357368807652
329	1 6	1 8	1 24	1 26	-346.38518565718346
330	1 6	1 8	1 26	1 28	9.8246461510473
331	1 6	1 8	1 28	1 30	75.51049829940843
332	1 6	1 8	1 27	1 29	31.72466068524404
333	1 6	1 8	1 29	1 31	129.72511009560068
334	1 6	1 8	1 33	1 35	8.420265976578063
335	1 6	1 8	1 35	1 37	29.864693529810417
336	1 6	1 8	1 37	1 39	77.28777715166744
337	1 6	1 8	1 39	1 41	-102.43262330570259
338	1 6	1 8	1 41	1 43	9.886599622520645
339	1 6	1 8	1 43	1 45	25.48186726767625
340	1 6	1 8	1 45	1 47	46.03335388891219
341	1 6	1 8	1 30	1 32	138.78111830010863
342	1 6	1 8	1 34	1 36	14.586565759913466
343	1 6	1 8	1 36	1 38	53.057699677370444
344	1 6	1 8	1 38	1 40	82.12612509522268
345	1 6	1 8	1 40	1 42	-134.5139613677396
346	1 6	1 8	1 42	1 44	15.490100720498134
347	1 6	1 8	1 44	1 46	37.88288761896822
348	1 6	1 8	1 46	1 48	48.197197714443476
349	1 6	1 8	1 48	1 50	-91.61846562376076
350	1 6	1 8	1 47	1 49	-71.20532670341942
351	1 6	1 8	1 49	1 51	8.389758376442053
352	1 6	1 8	1 51	1 53	20.852861359483626
353	1 6	1 8	1 53	1 55	32.26188949424124
354	1 6	1 8	1 55	1 57	-54.21664345238253
355	1 6	1 8	1 57	1 59	6.687788992044572
356	1 6	1 8	1 59	1 61	16.08469249433909
357	1 6	1 8	1 61	1 63	22.89189180628237
358	1 6	1 8	1 63	1 65	-41.5657354387492
359	1 6	1 8	1 65	1 67	6.191370363825794
360	1 6	1 8	1 50	1 52	13.493412657649944
361	1 6	1 8	1 52	1 54	26.771077198684257
362	1 6	1 8	1 54	1 56	30.02587855838143
363	1 6	1 8	1 56	1 58	-63.86274875494436
364	1 6	1 8	1 58	1 60	12.586394077191928
365	1 6	1 8	1 60	1 62	19.48693437057637
366	1 6	1 8	1 62	1 64	19.563672486813065
367	1 6	1 8	1 64	1 66	-47.55456294735538
368	1 6	1 8	1 66	1 68	11.164635598099197
369	1 6	1 8	1 68	1 70	14.261631157733103
370	1 6	1 8	1 67	1 69	13.435432656539405
371	1 6	1 8	1 69	1 71	13.592852779434384
372	1 6	1 8	1 71	1 1	-120.97376737440479
373	1 6	1 8	1 70	1 72	8.647986897022498
374	1 7	1 9	1 16	1 18	1100.4518359420972
375	1 7	1 9	1 28	1 30	-241.5479473391007
376	1 7	1 9	1 30	1 32	-138.41666380728958
377	1 7	1 9	1 32	1 34	528.709818099913
378	1 7	1 9	1 34	1 36	-168.73641538469337
379	1 7	1 9	1 36	1 38	-159.91605805008763
380	1 7	1 9	1 38	1 40	-120.29686096233806
381	1 7	1 9	1 40	1 42	385.45603415276616
382	1 7	1 9	1 42	1 44	-113.70009090755575
383	1 7	1 9	1 44	1 46	-117.50119110576634
384	1 7	1 9	1 46	1 48	-86.19978437955513
385	1 7	1 9	1 31	1 33	577.6497128794093
386	1 7	1 9	1 33	1 35	-183.16220648386607
387	1 7	1 9	1 35	1 37	-166.36757658140482
388	1 7	1 9	1 37	1 39	-149.30710108933334
389	1 7	1 9	1 39	1 41	392.1274853559937
390	1 7	1 9	1 41	1 43	-113.73655148797741
391	1 7	1 9	1 43	1 45	-115.60477049664416
392	1 7	1 9	1 45	1 47	-104.98172164741624
393	1 7	1 9	1 47	1 49	268.4574192512706
394	1 7	1 9	1 49	1 51	-67.43856475592719
395	1 7	1 9	1 48	1 50	281.77458338750705
396	1 7	1 9	1 50	1 52	-79.84868138171794
397	1 7	1 9	1 52	1 54	-86.63061188906676
398	1 7	1 9	1 54	1 56	-64.38543818049148
399	1 7	1 9	1 56	1 58	206.04738947218056
400	1 7	1 9	1 58	1 60	-61.37792375036425
401	1 7	1 9	1 60	1 62	-64.38399633999234
402	1 7	1 9	1 62	1 64	-48.32542117885392
403	1 7	1 9	1 64	1 66	158.9443671358948
404	1 7	1 9	1 66	1 68	-48.634362415117955
405	1 7	1 9	1 51	1 53	-87.19460314221587
406	1 7	1 9	1 53	1 55	-83.30669063855701
407	1 7	1 9	1 55	1 57	198.42576752687506
408	1 7	1 9	1 57	1 59	-40.92468782047831
409	1 7	1 9	1 59	1 61	-65.55870164957477
410	1 7	1 9	1 61	1 63	-64.33527610814704
411	1 7	1 9	1 63	1 65	150.73357311700047
412	1 7	1 9	1 65	1 67	-30.50098906106114
413	1 7	1 9	1 67	1 69	-52.25451644999518
414	1 7	1 9	1 69	1 71	-41.59477588398926
415	1 7	1 9	1 68	1 70	-48.434748439890456
416	1 7	1 9	1 70	1 72	-24.289358820771916
417	1 8	1 10	1 15	1 17	1075.443893109772
418	1 8	1 10	1 29	1 31	-265.0930827895585
419	1 8	1 10	1 31	1 33	536.5704311009363
420	1 8	1 10	1 33	1 35	-118.50300793110097
421	1 8	1 10	1 35	1 37	-156.8454063302435
422	1 8	1 10	1 37	1 39	-176.67055491532088
423	1 8	1 10	1 39	1 41	368.27301185761206
424	1 8	1 10	1 41	1 43	-82.21759544134119
425	1 8	1 10	1 43	1 45	-109.05723317258685
426	1 8	1 10	1 45	1 47	-117.13785801028294
427	1 8	1 10	1 47	1 49	255.21017851330518
428	1 8	1 10	1 32	1 34	559.0493589743589
429	1 8	1 10	1 34	1 36	-135.14051461074627
430	1 8	1 10	1 36	1 38	-172.4791344620292
431	1 8	1 10	1 38	1 40	-155.9822759958369
432	1 8	1 10	1 40	1 42	398.92360414666234
433	1 8	1 10	1 42	1 44	-94.70559423872342
434	1 8	1 10	1 44	1 46	-122.11041924313628
435	1 8	1 10	1 46	1 48	-104.06477507588968
436	1 8	1 10	1 48	1 50	282.40013304305756
437	1 8	1 10	1 50	1 52	-67.93642468642469
438	1 8	1 10	1 49	1 51	-53.63211962890277
439	1 8	1 10	1 51	1 53	-82.84341393073163
440	1 8	1 10	1 53	1 55	-90.03763466541503
441	1 8	1 10	1 55	1 57	192.31415947379503
442	1 8	1 10	1 57	1 59	-34.35003695021615
443	1 8	1 10	1 59	1 61	-61.93895147192083
444	1 8	1 10	1 61	1 63	-67.59877294861732
445	1 8	1 10	1 63	1 65	146.01045552862558
446	1 8	1 10	1 65	1 67	-27.03435208157838
447	1 8	1 10	1 67	1 69	-49.809215530080294
448	1 8	1 10	1 52	1 54	-88.25799337185569
449	1 8	1 10	1 54	1 56	-73.53553244108234
450	1 8	1 10	1 56	1 58	206.44090742430774
451	1 8	1 10	1 58	1 60	-55.05710719785405
452	1 8	1 10	1 60	1 62	-64.70444572896017
453	1 8	1 10	1 62	1 64	-52.72444997895758
454	1 8	1 10	1 64	1 66	157.31000979235006
455	1 8	1 10	1 66	1 68	-44.83389071801348
456	1 8	1 10	1 68	1 70	-47.81680319608191
457	1 8	1 10	1 70	1 72	-25.827013004621428
458	1 8	1 10	1 69	1 71	-42.16191387269193
459	1 8	1 10	1 71	1 1	733.6644335609873
460	1 9	1 11	1 10	1 12	412.6666041447743
461	1 9	1 11	1 12	1 14	-85.6771813711677
462	1 9	1 11	1 14	1 16	-21.227612046426902
463	1 9	1 11	1 18	1 20	286.26591826094494
464	1 9	1 11	1 20	1 22	-33.35730825461581
465	1 9	1 11	1 22	1 24	-16.056291321370466
466	1 9	1 11	1 24	1 26	-183.272378376721
467	1 9	1 11	1 26	1 28	161.82396426049854
468	1 9	1 11	1 28	1 30	13.56823099468283
469	1 9	1 11	1 13	1 15	-38.107922217375915
470	1 9	1 11	1 17	1 19	540.5673062507922
471	1 9	1 11	1 19	1 21	15.27712551623265
472	1 9	1 11	1 21	1 23	-24.00530485503586
473	1 9	1 11	1 23	1 25	-326.7959384849747
474	1 9	1 11	1 25	1 27	255.7741790660541
475	1 9	1 11	1 27	1 29	60.21658224335549
476	1 9	1 11	1 29	1 31	-1.394141446388286
477	1 9	1 11	1 30	1 32	-4.660262163861616
478	1 9	1 11	1 34	1 36	92.56553352084931
479	1 9	1 11	1 36	1 38	25.272926327265438
480	1 9	1 11	1 38	1 40	6.992869529964311
481	1 9	1 11	1 42	1 44	56.88173917113026
482	1 9	1 11	1 44	1 46	27.209128643335845
483	1 9	1 11	1 46	1 48	9.829731877226358
484	1 9	1 11	1 48	1 50	-81.33578028822937
485	1 9	1 11	1 33	1 35	132.9319894874773
486	1 9	1 11	1 35	1 37	53.535462616635826
487	1 9	1 11	1 37	1 39	11.663468831476653
488	1 9	1 11	1 39	1 41	-139.01443382150214
489	1 9	1 11	1 41	1 43	71.12704755864368
490	1 9	1 11	1 43	1 45	39.59567840834964
491	1 9	1 11	1 45	1 47	16.432400317766174
492	1 9	1 11	1 47	1 49	-93.81721137081337
493	1 9	1 11	1 49	1 51	37.35922249793218
494	1 9	1 11	1 51	1 53	30.375766283524904
495	1 9	1 11	1 50	1 52	36.919059093082666
496	1 9	1 11	1 52	1 54	23.467595692123005
497	1 9	1 11	1 54	1 56	10.78221849009132
498	1 9	1 11	1 56	1 58	-62.56081567242282
499	1 9	1 11	1 58	1 60	25.77329152908727
500	1 9	1 11	1 60	1 62	18.998328774280797
501	1 9	1 11	1 62	1 64	10.377294099457965
502	1 9	1 11	1 64	1 66	-49.84281385415013
503	1 9	1 11	1 66	1 68	19.061604905119943
504	1 9	1 11	1 68	1 70	14.921542027346817
505	1 9	1 11	1 53	1 55	17.47544687841283
506	1 9	1 11	1 55	1 57	-66.95952650509795
507	1 9	1 11	1 57	1 59	19.943558117664132
508	1 9	1 11	1 59	1 61	23.43836066658682
509	1 9	1 11	1 61	1 63	15.857274418818823
510	1 9	1 11	1 63	1 65	-50.5613834841592
511	1 9	1 11	1 65	1 67	13.048877356120368
512	1 9	1 11	1 67	1 69	18.386532104406133
513	1 9	1 11	1 69	1 71	11.516950609740764
514	1 9	1 11	1 70	1 72	6.052865401533241
515	1 10	1 12	1 11	1 13	272.1871877859654
516	1 10	1 12	1 13	1 15	-78.6580174291939
517	1 10	1 12	1 17	1 19	261.4497737814886
518	1 10	1 12	1 19	1 21	217.33106968265804
519	1 10	1 12	1 21	1 23	-31.45397383406278
520	1 10	1 12	1 23	1 25	-324.12956830293774
521	1 10	1 12	1 25	1 27	162.32461038285476
522	1 10	1 12	1 27	1 29	126.33691284392411
523	1 10	1 12	1 29	1 31	12.391035505555404
524	1 10	1 12	1 14	1 16	-34.33276704006674
525	1 10	1 12	1 18	1 20	419.23523182784595
526	1 10	1 12	1 22	1 24	-23.330642843199403
527	1 10	1 12	1 24	1 26	-255.06631661827697
528	1 10	1 12	1 26	1 28	181.2044043931071
529	1 10	1 12	1 28	1 30	56.34438021498068
530	1 10	1 12	1 30	1 32	-2.013949423084795
531	1 10	1 12	1 33	1 35	96.74385407928648
532	1 10	1 12	1 35	1 37	74.83723850402023
533	1 10	1 12	1 37	1 39	25.11130317366421
534	1 10	1 12	1 39	1 41	-146.835205078125
535	1 10	1 12	1 41	1 43	57.23418816401548
536	1 10	1 12	1 43	1 45	47.82338612988063
537	1 10	1 12	1 45	1 47	25.427313855229592
538	1 10	1 12	1 47	1 49	-100.99162286707913
539	1 10	1 12	1 49	1 51	32.34554762411598
540	1 10	1 12	1 34	1 36	92.66970017197386
541	1 10	1 12	1 36	1 38	46.84331984232383
542	1 10	1 12	1 38	1 40	14.453603169738628
543	1 10	1 12	1 40	1 42	-125.30681435147068
544	1 10	1 12	1 42	1 44	55.21160569304076
545	1 10	1 12	1 44	1 46	38.0364061439131
546	1 10	1 12	1 46	1 48	16.05856369412598
547	1 10	1 12	1 48	1 50	-93.40790700629647
548	1 10	1 12	1 50	1 52	35.770645652119754
549	1 10	1 12	1 52	1 54	29.347405008476308
550	1 10	1 12	1 51	1 53	34.32333339993806
551	1 10	1 12	1 53	1 55	23.63408125228813
552	1 10	1 12	1 55	1 57	-73.2949782629565
553	1 10	1 12	1 57	1 59	18.332626419385985
554	1 10	1 12	1 59	1 61	25.439685552271413
555	1 10	1 12	1 61	1 63	19.879735336859568
556	1 10	1 12	1 63	1 65	-55.25069352245083
557	1 10	1 12	1 65	1 67	12.751696380334954
558	1 10	1 12	1 67	1 69	19.838451816851688
559	1 10	1 12	1 69	1 71	13.706520278997676
560	1 10	1 12	1 54	1 56	15.352276749791882
561	1 10	1 12	1 56	1 58	-70.8027763547809
562	1 10	1 12	1 58	1 60	25.800142509648627
563	1 10	1 12	1 60	1 62	22.38891395911918
564	1 10	1 12	1 62	1 64	13.523651400729502
565	1 10	1 12	1 64	1 66	-55.63666640654097
566	1 10	1 12	1 66	1 68	19.540139571541594
567	1 10	1 12	1 68	1 70	17.001174990161104
568	1 10	1 12	1 70	1 72	7.33455084851156
569	1 10	1 12	1 71	1 1	-460.2712727506903
570	1 11	1 13	1 12	1 14	264.84291874264477
571	1 11	1 13	1 14	1 16	-68.62620875730076
572	1 11	1 13	1 18	1 20	185.18203572253054
573	1 11	1 13	1 20	1 22	210.65727618835666
574	1 11	1 13	1 22	1 24	-34.331142913201
575	1 11	1 13	1 24	1 26	-276.93560205134565
576	1 11	1 13	1 26	1 28	110.41913954683721
577	1 11	1 13	1 28	1 30	125.91666753555988
578	1 11	1 13	1 30	1 32	10.00566584105383
579	1 11	1 13	1 17	1 19	-7.79497487459321
580	1 11	1 13	1 23	1 25	-291.38303386609664
581	1 11	1 13	1 25	1 27	48.15579057343852
582	1 11	1 13	1 27	1 29	151.98527278416202
583	1 11	1 13	1 29	1 31	53.92958398201004
584	1 11	1 13	1 33	1 35	46.24740158647787
585	1 11	1 13	1 32	1 34	-186.4924315744648
586	1 11	1 13	1 34	1 36	65.04325605097242
587	1 11	1 13	1 36	1 38	71.37263266415053
588	1 11	1 13	1 38	1 40	29.046727832423997
589	1 11	1 13	1 40	1 42	-135.17003790139785
590	1 11	1 13	1 42	1 44	42.0978517556764
591	1 11	1 13	1 44	1 46	47.5268265587304
592	1 11	1 13	1 46	1 48	25.73585625376019
593	1 11	1 13	1 48	1 50	-99.79578220242041
594	1 11	1 13	1 50	1 52	28.6730848715165
595	1 11	1 13	1 35	1 37	79.61879636382608
596	1 11	1 13	1 37	1 39	48.91626167955211
597	1 11	1 13	1 39	1 41	-140.82822797882162
598	1 11	1 13	1 41	1 43	34.26876579982414
599	1 11	1 13	1 43	1 45	47.96548797036421
600	1 11	1 13	1 45	1 47	37.1424438432401
601	1 11	1 13	1 47	1 49	-97.57830616937068
602	1 11	1 13	1 49	1 51	22.04173932568027
603	1 11	1 13	1 51	1 53	33.36984276618868
604	1 11	1 13	1 53	1 55	29.729345767860046
605	1 11	1 13	1 52	1 54	32.99519919894179
606	1 11	1 13	1 54	1 56	21.216114792495773
607	1 11	1 13	1 56	1 58	-73.55623259574213
608	1 11	1 13	1 58	1 60	22.03163815786312
609	1 11	1 13	1 60	1 62	23.820424140118277
610	1 11	1 13	1 62	1 64	16.633123006743716
611	1 11	1 13	1 64	1 66	-56.92446875905223
612	1 11	1 13	1 66	1 68	17.448468205204684
613	1 11	1 13	1 68	1 70	17.499243112322134
614	1 11	1 13	1 70	1 72	8.635045884278835
615	1 11	1 13	1 55	1 57	-71.52152690191053
616	1 11	1 13	1 57	1 59	14.016281717249958
617	1 11	1 13	1 59	1 61	24.173673964889264
618	1 11	1 13	1 61	1 63	23.05636146963728
619	1 11	1 13	1 63	1 65	-54.15731763473012
620	1 11	1 13	1 65	1 67	10.695154036457193
621	1 11	1 13	1 67	1 69	18.96220726241379
622	1 11	1 13	1 69	1 71	14.922739588083669
623	1 12	1 14	1 13	1 15	322.8523156075963
624	1 12	1 14	1 17	1 19	-33.83888378516453
625	1 12	1 14	1 19	1 21	189.3328427506362
626	1 12	1 14	1 21	1 23	215.42897152488757
627	1 12	1 14	1 25	1 27	7.064208598909113
628	1 12	1 14	1 27	1 29	114.34538434225487
629	1 12	1 14	1 29	1 31	140.43667594512704
630	1 12	1 14	1 18	1 20	-3.748686824970716
631	1 12	1 14	1 20	1 22	369.5016883041667
632	1 12	1 14	1 22	1 24	17.358989834299678
633	1 12	1 14	1 24	1 26	-336.9449906143026
634	1 12	1 14	1 26	1 28	42.07933387424092
635	1 12	1 14	1 28	1 30	171.86275286281239
636	1 12	1 14	1 30	1 32	59.42455188842075
637	1 12	1 14	1 34	1 36	39.10900457382172
638	1 12	1 14	1 33	1 35	21.732804477832804
639	1 12	1 14	1 35	1 37	69.0340250020246
640	1 12	1 14	1 37	1 39	85.73210670422515
641	1 12	1 14	1 41	1 43	21.540290181399453
642	1 12	1 14	1 43	1 45	45.9250271624351
643	1 12	1 14	1 45	1 47	53.5908326505006
644	1 12	1 14	1 47	1 49	-103.40026676328793
645	1 12	1 14	1 49	1 51	16.238855836077413
646	1 12	1 14	1 51	1 53	33.43029169666438
647	1 12	1 14	1 36	1 38	89.42544376888486
648	1 12	1 14	1 38	1 40	61.28308768823635
649	1 12	1 14	1 42	1 44	31.866910462831463
650	1 12	1 14	1 44	1 46	56.16769252912364
651	1 12	1 14	1 46	1 48	43.381266208027675
652	1 12	1 14	1 48	1 50	-115.80824249099558
653	1 12	1 14	1 50	1 52	24.197527608695125
654	1 12	1 14	1 52	1 54	37.82809187528069
655	1 12	1 14	1 54	1 56	30.92433569255065
656	1 12	1 14	1 53	1 55	38.93147188247814
657	1 12	1 14	1 55	1 57	-76.70743707144163
658	1 12	1 14	1 57	1 59	11.624236692392067
659	1 12	1 14	1 59	1 61	24.505965062133903
660	1 12	1 14	1 61	1 63	28.500167745889197
661	1 12	1 14	1 63	1 65	-58.08291114444788
662	1 12	1 14	1 65	1 67	9.86148557266917
663	1 12	1 14	1 67	1 69	19.658206875238015
664	1 12	1 14	1 69	1 71	17.55683580722949
665	1 12	1 14	1 71	1 1	-202.22104457461364
666	1 12	1 14	1 56	1 58	-83.75547596427631
667	1 12	1 14	1 58	1 60	20.4497762920971
668	1 12	1 14	1 60	1 62	26.882232885140176
669	1 12	1 14	1 62	1 64	22.192106533468177
670	1 12	1 14	1 64	1 66	-63.56218446127019
671	1 12	1 14	1 66	1 68	17.099838977721475
672	1 12	1 14	1 68	1 70	19.52373117001276
673	1 12	1 14	1 70	1 72	10.644280474065795
674	1 13	1 15	1 14	1 16	312.4480763295803
675	1 13	1 15	1 18	1 20	-33.34996637827725
676	1 13	1 15	1 20	1 22	200.07996417997907
677	1 13	1 15	1 22	1 24	260.0826575632087
678	1 13	1 15	1 26	1 28	5.902969865901927
679	1 13	1 15	1 32	1 34	-240.87979951596023
680	1 13	1 15	1 17	1 19	-23.519793803395977
681	1 13	1 15	1 21	1 23	379.3408848632582
682	1 13	1 15	1 23	1 25	-333.5422188339232
683	1 13	1 15	1 25	1 27	-4.63996170063721
684	1 13	1 15	1 27	1 29	45.78727058517516
685	1 13	1 15	1 29	1 31	191.29797809297838
686	1 13	1 15	1 33	1 35	8.4533134276775
687	1 13	1 15	1 35	1 37	43.121493365178694
688	1 13	1 15	1 34	1 36	18.19009649227647
689	1 13	1 15	1 36	1 38	78.356373844773
690	1 13	1 15	1 38	1 40	94.65776395735412
691	1 13	1 15	1 42	1 44	20.55562863107329
692	1 13	1 15	1 44	1 46	52.48899209902339
693	1 13	1 15	1 46	1 48	57.88726381517506
694	1 13	1 15	1 48	1 50	-117.8375431499194
695	1 13	1 15	1 50	1 52	17.855390000321123
696	1 13	1 15	1 52	1 54	35.719251336898395
697	1 13	1 15	1 37	1 39	104.1702074574918
698	1 13	1 15	1 41	1 43	12.123294195835179
699	1 13	1 15	1 43	1 45	35.16996188174992
700	1 13	1 15	1 45	1 47	60.38079253836635
701	1 13	1 15	1 47	1 49	-94.08532550870564
702	1 13	1 15	1 49	1 51	10.7780199274257
703	1 13	1 15	1 51	1 53	28.02400318542093
704	1 13	1 15	1 53	1 55	41.72196131964239
705	1 13	1 15	1 55	1 57	-70.77001767543238
706	1 13	1 15	1 54	1 56	37.07521970648718
707	1 13	1 15	1 56	1 58	-82.48734177763006
708	1 13	1 15	1 58	1 60	16.606863330348556
709	1 13	1 15	1 60	1 62	25.612714088869655
710	1 13	1 15	1 62	1 64	24.605917218522343
711	1 13	1 15	1 64	1 66	-61.444763998803836
712	1 13	1 15	1 66	1 68	14.670811855347782
713	1 13	1 15	1 68	1 70	18.59394410448884
714	1 13	1 15	1 70	1 72	11.2084519123702
715	1 13	1 15	1 57	1 59	8.760537614900823
716	1 13	1 15	1 59	1 61	21.35396775762282
717	1 13	1 15	1 61	1 63	29.483766454585343
718	1 13	1 15	1 63	1 65	-54.23445583782376
719	1 13	1 15	1 65	1 67	8.130903084707533
720	1 13	1 15	1 67	1 69	17.688926585909087
721	1 13	1 15	1 69	1 71	17.605783200667105
722	1 14	1 16	1 17	1 19	-13.98125368380779
723	1 14	1 16	1 19	1 21	-28.902667373207407
724	1 14	1 16	1 21	1 23	224.58010765275623
725	1 14	1 16	1 25	1 27	-4.822693834745552
726	1 14	1 16	1 27	1 29	9.937963898185128
727	1 14	1 16	1 29	1 31	149.7129055250923
728	1 14	1 16	1 33	1 35	3.342228671125213
729	1 14	1 16	1 18	1 20	-19.770706785658923
730	1 14	1 16	1 22	1 24	463.17449324419005
731	1 14	1 16	1 24	1 26	-423.33902167699273
732	1 14	1 16	1 28	1 30	56.23779459844964
733	1 14	1 16	1 30	1 32	192.86115096881943
734	1 14	1 16	1 34	1 36	7.563899134111938
735	1 14	1 16	1 36	1 38	49.925696041994854
736	1 14	1 16	1 35	1 37	21.523128925063723
737	1 14	1 16	1 37	1 39	88.22164244664638
738	1 14	1 16	1 39	1 41	-100.65693068783816
739	1 14	1 16	1 41	1 43	6.64215581223959
740	1 14	1 16	1 43	1 45	22.63074421340965
741	1 14	1 16	1 45	1 47	51.78493197860902
742	1 14	1 16	1 47	1 49	-71.73447358935319
743	1 14	1 16	1 49	1 51	6.663835993350921
744	1 14	1 16	1 51	1 53	19.903990312453963
745	1 14	1 16	1 53	1 55	35.515261160973594
746	1 14	1 16	1 38	1 40	103.96015111201238
747	1 14	1 16	1 42	1 44	11.923428934874991
748	1 14	1 16	1 44	1 46	38.28329478154384
749	1 14	1 16	1 46	1 48	58.45517536871749
750	1 14	1 16	1 48	1 50	-98.96293265257526
751	1 14	1 16	1 50	1 52	11.743993171721456
752	1 14	1 16	1 52	1 54	27.51878327486064
753	1 14	1 16	1 54	1 56	34.95925406500661
754	1 14	1 16	1 56	1 58	-67.96215564446031
755	1 14	1 16	1 55	1 57	-55.50314755666868
756	1 14	1 16	1 57	1 59	5.902206232388731
757	1 14	1 16	1 59	1 61	15.85161527347441
758	1 14	1 16	1 61	1 63	24.93559673157663
759	1 14	1 16	1 63	1 65	-42.738412963183606
760	1 14	1 16	1 65	1 67	5.888551051972602
761	1 14	1 16	1 67	1 69	13.577378771811434
762	1 14	1 16	1 69	1 71	14.5908980475307
763	1 14	1 16	1 71	1 1	-99.75051988509932
764	1 14	1 16	1 58	1 60	11.89146904371676
765	1 14	1 16	1 60	1 62	20.250638546588085
766	1 14	1 16	1 62	1 64	22.12304920431681
767	1 14	1 16	1 64	1 66	-50.20682348990784
768	1 14	1 16	1 66	1 68	10.941640289967454
769	1 14	1 16	1 68	1 70	14.893782292828504
770	1 14	1 16	1 70	1 72	9.741375383014395
771	1 14	1 16	1 72	1 2	-112.58396954405393
772	1 15	1 17	1 16	1 18	1117.7410633688391
773	1 15	1 17	1 24	1 26	886.7641225706975
774	1 15	1 17	1 32	1 34	611.3383444925494
775	1 15	1 17	1 19	1 21	-339.1977653349475
776	1 15	1 17	1 25	1 27	-417.4242523228804
777	1 15	1 17	1 27	1 29	-271.8794006238859
778	1 15	1 17	1 31	1 33	701.0094620395328
779	1 15	1 17	1 36	1 38	-184.27697071589432
780	1 15	1 17	1 38	1 40	-132.9335562205207
781	1 15	1 17	1 40	1 42	452.86017602466916
782	1 15	1 17	1 42	1 44	-145.62116277394412
783	1 15	1 17	1 44	1 46	-138.41793840762116
784	1 15	1 17	1 46	1 48	-97.12475598905016
785	1 15	1 17	1 48	1 50	334.2360022505802
786	1 15	1 17	1 50	1 52	-100.18810486113686
787	1 15	1 17	1 52	1 54	-102.17630621734457
788	1 15	1 17	1 54	1 56	-73.28003169867097
789	1 15	1 17	1 39	1 41	477.3988130154239
790	1 15	1 17	1 41	1 43	-151.43519264701166
791	1 15	1 17	1 43	1 45	-140.43486623914646
792	1 15	1 17	1 45	1 47	-120.40688311336491
793	1 15	1 17	1 47	1 49	327.32591894162937
794	1 15	1 17	1 49	1 51	-87.81025989035268
795	1 15	1 17	1 51	1 53	-105.16929379215077
796	1 15	1 17	1 53	1 55	-96.19499909239426
797	1 15	1 17	1 55	1 57	238.93992249054827
798	1 15	1 17	1 57	1 59	-51.879079368120465
799	1 15	1 17	1 56	1 58	247.286884954019
800	1 15	1 17	1 58	1 60	-76.47757847288503
801	1 15	1 17	1 60	1 62	-77.07281358327307
802	1 15	1 17	1 62	1 64	-56.26009973215762
803	1 15	1 17	1 64	1 66	190.4707805355666
804	1 15	1 17	1 66	1 68	-60.14954391881655
805	1 15	1 17	1 68	1 70	-57.857698409423676
806	1 15	1 17	1 70	1 72	-28.64433423735585
807	1 15	1 17	1 59	1 61	-79.85335395127615
808	1 15	1 17	1 61	1 63	-75.50171392628859
809	1 15	1 17	1 63	1 65	181.69555555555556
810	1 15	1 17	1 65	1 67	-38.076345194569626
811	1 15	1 17	1 67	1 69	-63.602335473508035
812	1 15	1 17	1 69	1 71	-49.37779668948893
813	1 16	1 18	1 23	1 25	863.2851116625309
814	1 16	1 18	1 27	1 29	-293.02716596212446
815	1 16	1 18	1 31	1 33	619.4616410753931
816	1 16	1 18	1 33	1 35	-131.1406347812275
817	1 16	1 18	1 24	1 26	1038.6455518968817
818	1 16	1 18	1 32	1 34	649.7236892097264
819	1 16	1 18	1 37	1 39	-207.3283193277311
820	1 16	1 18	1 39	1 41	436.81203125
821	1 16	1 18	1 41	1 43	-95.1502231155937
822	1 16	1 18	1 43	1 45	-131.75298265085576
823	1 16	1 18	1 45	1 47	-139.4898583461324
824	1 16	1 18	1 47	1 49	301.94124183006534
825	1 16	1 18	1 49	1 51	-61.19215455049945
826	1 16	1 18	1 51	1 53	-97.69126189702402
827	1 16	1 18	1 53	1 55	-105.33357220188688
828	1 16	1 18	1 55	1 57	225.09908100184816
829	1 16	1 18	1 40	1 42	466.97457882826257
830	1 16	1 18	1 42	1 44	-113.55328491266599
831	1 16	1 18	1 44	1 46	-144.68023877536072
832	1 16	1 18	1 46	1 48	-122.75717576949069
833	1 16	1 18	1 48	1 50	334.4573669274429
834	1 16	1 18	1 50	1 52	-80.64450691584837
835	1 16	1 18	1 52	1 54	-103.6099435640848
836	1 16	1 18	1 54	1 56	-85.95432723795551
837	1 16	1 18	1 56	1 58	241.70487484375502
838	1 16	1 18	1 58	1 60	-64.42544157705684
839	1 16	1 18	1 57	1 59	-40.20907297294748
840	1 16	1 18	1 59	1 61	-73.12048918722809
841	1 16	1 18	1 61	1 63	-79.63295885942563
842	1 16	1 18	1 63	1 65	171.78032803756747
843	1 16	1 18	1 65	1 67	-31.72645790177226
844	1 16	1 18	1 67	1 69	-58.674133700695876
845	1 16	1 18	1 69	1 71	-50.06049065494075
846	1 16	1 18	1 71	1 1	496.76406807529156
847	1 16	1 18	1 60	1 62	-76.40895850337931
848	1 16	1 18	1 62	1 64	-62.12138034673163
849	1 16	1 18	1 64	1 66	185.13428165861737
850	1 16	1 18	1 66	1 68	-52.87038555928591
851	1 16	1 18	1 68	1 70	-56.4825325586894
852	1 16	1 18	1 70	1 72	-30.307843578541203
853	1 16	1 18	1 72	1 2	420.52508850318145
854	1 17	1 19	1 18	1 20	295.8888522076803
855	1 17	1 19	1 20	1 22	-71.31910717628944
856	1 17	1 19	1 22	1 24	-16.316632202927238
857	1 17	1 19	1 26	1 28	214.06847557870825
858	1 17	1 19	1 28	1 30	-30.619181194828176
859	1 17	1 19	1 30	1 32	-10.809309723625113
860	1 17	1 19	1 34	1 36	127.21122036429551
861	1 17	1 19	1 36	1 38	8.637746267975304
862	1 17	1 19	1 21	1 23	-30.229061556175292
863	1 17	1 19	1 29	1 31	-18.71694017971594
864	1 17	1 19	1 33	1 35	216.27799487508008
865	1 17	1 19	1 35	1 37	47.47773615153676
866	1 17	1 19	1 39	1 41	-168.4270653086555
867	1 17	1 19	1 42	1 44	78.71821079468333
868	1 17	1 19	1 44	1 46	23.68946935148855
869	1 17	1 19	1 46	1 48	5.557598623397632
870	1 17	1 19	1 48	1 50	-93.50301992776662
871	1 17	1 19	1 50	1 52	50.55022312059148
872	1 17	1 19	1 52	1 54	24.591953350351577
873	1 17	1 19	1 54	1 56	8.913602980777686
874	1 17	1 19	1 56	1 58	-73.71329349537089
875	1 17	1 19	1 41	1 43	110.02322130432918
876	1 17	1 19	1 43	1 45	44.28114834545708
877	1 17	1 19	1 45	1 47	11.298310256160368
878	1 17	1 19	1 47	1 49	-117.05506969741819
879	1 17	1 19	1 49	1 51	55.41326273987564
880	1 17	1 19	1 51	1 53	36.387637252838786
881	1 17	1 19	1 53	1 55	16.277148746689058
882	1 17	1 19	1 55	1 57	-82.58685074197658
883	1 17	1 19	1 57	1 59	28.3393783926042
884	1 17	1 19	1 59	1 61	29.054063625054972
885	1 17	1 19	1 58	1 60	34.39156706535329
886	1 17	1 19	1 60	1 62	21.502838643469637
887	1 17	1 19	1 62	1 64	10.176357292431465
888	1 17	1 19	1 64	1 66	-59.208002484967
889	1 17	1 19	1 66	1 68	24.890909707392943
890	1 17	1 19	1 68	1 70	17.531535708567723
891	1 17	1 19	1 70	1 72	6.525693723544441
892	1 17	1 19	1 61	1 63	16.537943779907366
893	1 17	1 19	1 63	1 65	-61.97265530692646
894	1 17	1 19	1 65	1 67	17.76510236564509
895	1 17	1 19	1 67	1 69	22.970266362253433
896	1 17	1 19	1 69	1 71	12.974860874890535
897	1 18	1 20	1 19	1 21	243.16545756425364
898	1 18	1 20	1 21	1 23	-65.2813765252837
899	1 18	1 20	1 25	1 27	220.4391406672633
900	1 18	1 20	1 27	1 29	169.81663850328684
901	1 18	1 20	1 29	1 31	-27.176414350773655
902	1 18	1 20	1 33	1 35	131.93919288508314
903	1 18	1 20	1 35	1 37	99.20569285526126
904	1 18	1 20	1 37	1 39	9.18298325223768
905	1 18	1 20	1 22	1 24	-28.281720579614145
906	1 18	1 20	1 26	1 28	338.23932671237776
907	1 18	1 20	1 30	1 32	-16.790498881339637
908	1 18	1 20	1 34	1 36	141.98510846002296
909	1 18	1 20	1 36	1 38	39.94930971409583
910	1 18	1 20	1 38	1 40	3.2040708495022243
911	1 18	1 20	1 39	1 41	-174.79240000982708
912	1 18	1 20	1 41	1 43	77.22610939095125
913	1 18	1 20	1 43	1 45	60.542016992165955
914	1 18	1 20	1 45	1 47	21.517322530743137
915	1 18	1 20	1 47	1 49	-120.3630472314712
916	1 18	1 20	1 49	1 51	42.92894554174292
917	1 18	1 20	1 51	1 53	42.40109065969068
918	1 18	1 20	1 53	1 55	23.64797108718859
919	1 18	1 20	1 55	1 57	-87.17540083266897
920	1 18	1 20	1 57	1 59	23.80601545692398
921	1 18	1 20	1 42	1 44	76.10569721271158
922	1 18	1 20	1 44	1 46	40.36847502889482
923	1 18	1 20	1 46	1 48	10.81312470397257
924	1 18	1 20	1 48	1 50	-106.51820467798447
925	1 18	1 20	1 50	1 52	47.16602899848777
926	1 18	1 20	1 52	1 54	33.17774250452247
927	1 18	1 20	1 54	1 56	13.718965034131699
928	1 18	1 20	1 56	1 58	-81.93606289590329
929	1 18	1 20	1 58	1 60	32.84754160197889
930	1 18	1 20	1 60	1 62	25.754898718387143
931	1 18	1 20	1 59	1 61	31.22216682294377
932	1 18	1 20	1 61	1 63	21.411254443485227
933	1 18	1 20	1 63	1 65	-65.72066260891168
934	1 18	1 20	1 65	1 67	16.16598898207751
935	1 18	1 20	1 67	1 69	24.071370981214237
936	1 18	1 20	1 69	1 71	15.394341990638889
937	1 18	1 20	1 71	1 1	-280.01632416283076
938	1 18	1 20	1 62	1 64	13.643754715869758
939	1 18	1 20	1 64	1 66	-64.71093704448721
940	1 18	1 20	1 66	1 68	24.3973952243624
941	1 18	1 20	1 68	1 70	19.87404088301779
942	1 18	1 20	1 70	1 72	8.082072205504087
943	1 18	1 20	1 72	1 2	-198.42487758686616
944	1 19	1 21	1 20	1 22	237.30255851038885
945	1 19	1 21	1 22	1 24	-70.06430676674748
946	1 19	1 21	1 26	1 28	165.80499328403204
947	1 19	1 21	1 28	1 30	175.3442037801051
948	1 19	1 21	1 30	1 32	-28.17526018762826
949	1 19	1 21	1 34	1 36	95.15238324720134
950	1 19	1 21	1 36	1 38	98.90001345707024
951	1 19	1 21	1 38	1 40	15.641611619470464
952	1 19	1 21	1 25	1 27	-1.6431394814830762
953	1 19	1 21	1 27	1 29	302.55812604101357
954	1 19	1 21	1 33	1 35	44.0051562324379
955	1 19	1 21	1 35	1 37	129.04638338246582
956	1 19	1 21	1 37	1 39	43.19546867100034
957	1 19	1 21	1 39	1 41	-176.07925293358727
958	1 19	1 21	1 41	1 43	40.135849982587615
959	1 19	1 21	1 42	1 44	58.04167143200047
960	1 19	1 21	1 44	1 46	63.48643200034732
961	1 19	1 21	1 46	1 48	23.24406516457026
962	1 19	1 21	1 48	1 50	-122.53147426101697
963	1 19	1 21	1 50	1 52	38.24079301086431
964	1 19	1 21	1 52	1 54	43.13315137913853
965	1 19	1 21	1 54	1 56	22.69734594942289
966	1 19	1 21	1 56	1 58	-91.56616498492059
967	1 19	1 21	1 58	1 60	28.82524651510736
968	1 19	1 21	1 43	1 45	69.68922939487553
969	1 19	1 21	1 45	1 47	41.73159811798296
970	1 19	1 21	1 49	1 51	27.511547671177652
971	1 19	1 21	1 51	1 53	45.3079119578866
972	1 19	1 21	1 53	1 55	35.468551461245234
973	1 19	1 21	1 55	1 57	-90.81533778432839
974	1 19	1 21	1 57	1 59	17.80950887347946
975	1 19	1 21	1 59	1 61	31.788758513587872
976	1 19	1 21	1 61	1 63	28.13482183571103
977	1 19	1 21	1 60	1 62	30.618134509502283
978	1 19	1 21	1 62	1 64	19.335787994858826
979	1 19	1 21	1 64	1 66	-71.23284296939079
980	1 19	1 21	1 66	1 68	22.662809261373674
981	1 19	1 21	1 68	1 70	22.318646493588453
982	1 19	1 21	1 70	1 72	10.498105345274485
983	1 19	1 21	1 63	1 65	-68.57835837595908
984	1 19	1 21	1 65	1 67	13.750724882491188
985	1 19	1 21	1 67	1 69	24.44016687797975
986	1 19	1 21	1 69	1 71	18.551924280546665
987	1 20	1 22	1 21	1 23	232.04056934923148
988	1 20	1 22	1 25	1 27	-31.794951057200947
989	1 20	1 22	1 27	1 29	162.69484521141402
990	1 20	1 22	1 29	1 31	179.83940043417675
991	1 20	1 22	1 33	1 35	6.969951038025681
992	1 20	1 22	1 35	1 37	94.58776674670486
993	1 20	1 22	1 37	1 39	110.32405085989558
994	1 20	1 22	1 28	1 30	310.6668930402824
995	1 20	1 22	1 34	1 36	35.06730457389044
996	1 20	1 22	1 36	1 38	133.7625649064546
997	1 20	1 22	1 38	1 40	57.21369002817144
998	1 20	1 22	1 42	1 44	35.04233326190464
999	1 20	1 22	1 41	1 43	17.99559903846651
1000	1 20	1 22	1 43	1 45	59.911402341808
1001	1 20	1 22	1 45	1 47	68.25677078401566
1002	1 20	1 22	1 47	1 49	-126.24773607952153
1003	1 20	1 22	1 49	1 51	16.454022604762628
1004	1 20	1 22	1 51	1 53	42.135722144406245
1005	1 20	1 22	1 53	1 55	48.495652209543564
1006	1 20	1 22	1 55	1 57	-93.49688608116887
1007	1 20	1 22	1 57	1 59	12.875704771544456
1008	1 20	1 22	1 59	1 61	30.104861076367907
1009	1 20	1 22	1 44	1 46	75.87471512168374
1010	1 20	1 22	1 46	1 48	47.76986532570265
1011	1 20	1 22	1 48	1 50	-138.11079249720476
1012	1 20	1 22	1 50	1 52	27.832734998926153
1013	1 20	1 22	1 52	1 54	48.58448116942638
1014	1 20	1 22	1 54	1 56	36.21352501132595
1015	1 20	1 22	1 56	1 58	-100.9543159356229
1016	1 20	1 22	1 58	1 60	24.048719688110985
1017	1 20	1 22	1 60	1 62	33.41281462894808
1018	1 20	1 22	1 62	1 64	26.52151344064908
1019	1 20	1 22	1 61	1 63	35.16720567049369
1020	1 20	1 22	1 63	1 65	-70.574881023861
1021	1 20	1 22	1 65	1 67	11.483722937269707
1022	1 20	1 22	1 67	1 69	23.911752042086555
1023	1 20	1 22	1 69	1 71	21.532671271382434
1024	1 20	1 22	1 71	1 1	-165.35986743078792
1025	1 20	1 22	1 64	1 66	-76.88076697086353
1026	1 20	1 22	1 66	1 68	20.419919169073097
1027	1 20	1 22	1 68	1 70	23.90887904939018
1028	1 20	1 22	1 70	1 72	12.955583280793807
1029	1 21	1 23	1 22	1 24	283.00209226468974
1030	1 21	1 23	1 26	1 28	-29.07797390092552
1031	1 21	1 23	1 28	1 30	189.03763069638984
1032	1 21	1 23	1 30	1 32	198.24566877486467
1033	1 21	1 23	1 34	1 36	5.532116930527996
1034	1 21	1 23	1 36	1 38	111.8587708417909
1035	1 21	1 23	1 40	1 42	-220.13744149480766
1036	1 21	1 23	1 25	1 27	-20.030972113353208
1037	1 21	1 23	1 29	1 31	367.1134621480237
1038	1 21	1 23	1 35	1 37	40.50528319840622
1039	1 21	1 23	1 37	1 39	166.5071912126101
1040	1 21	1 23	1 41	1 43	8.154291910682907
1041	1 21	1 23	1 43	1 45	41.80909525268636
1042	1 21	1 23	1 42	1 44	18.896675247646485
1043	1 21	1 23	1 44	1 46	72.44272719013202
1044	1 21	1 23	1 46	1 48	81.86076247636026
1045	1 21	1 23	1 48	1 50	-156.63489490271905
1046	1 21	1 23	1 50	1 52	19.541752863400824
1047	1 21	1 23	1 52	1 54	48.14609464366986
1048	1 21	1 23	1 54	1 56	51.81495599380162
1049	1 21	1 23	1 56	1 58	-109.0178161170343
1050	1 21	1 23	1 58	1 60	19.731337907383946
1051	1 21	1 23	1 60	1 62	33.96858249266612
1052	1 21	1 23	1 45	1 47	88.49365303679782
1053	1 21	1 23	1 49	1 51	10.1284130095016
1054	1 21	1 23	1 51	1 53	34.9786398793123
1055	1 21	1 23	1 53	1 55	58.476873165333586
1056	1 21	1 23	1 55	1 57	-92.2629268428008
1057	1 21	1 23	1 57	1 59	9.609010065079428
1058	1 21	1 23	1 59	1 61	26.91482690432222
1059	1 21	1 23	1 61	1 63	40.302980687368375
1060	1 21	1 23	1 63	1 65	-70.1391884846424
1061	1 21	1 23	1 62	1 64	33.939960632984224
1062	1 21	1 23	1 64	1 66	-80.95396557588768
1063	1 21	1 23	1 66	1 68	18.167339750875794
1064	1 21	1 23	1 68	1 70	24.528274613370986
1065	1 21	1 23	1 70	1 72	15.311257475842474
1066	1 21	1 23	1 72	1 2	-149.7511345310374
1067	1 21	1 23	1 65	1 67	9.700557271065486
1068	1 21	1 23	1 67	1 69	22.56995682028635
1069	1 21	1 23	1 69	1 71	23.648379681013736
1070	1 22	1 24	1 25	1 27	-11.117002093142286
1071	1 22	1 24	1 27	1 29	-25.82980103703142
1072	1 22	1 24	1 29	1 31	221.27187154250538
1073	1 22	1 24	1 35	1 37	10.685974499388976
1074	1 22	1 24	1 37	1 39	131.2474504897092
1075	1 22	1 24	1 39	1 41	-127.13707026750576
1076	1 22	1 24	1 41	1 43	3.938249654478893
1077	1 22	1 24	1 26	1 28	-16.07365466433998
1078	1 22	1 24	1 28	1 30	8.992107776558827
1079	1 22	1 24	1 30	1 32	371.5697301336146
1080	1 22	1 24	1 34	1 36	-0.876690323052807
1081	1 22	1 24	1 36	1 38	52.6439099153595
1082	1 22	1 24	1 38	1 40	176.3132601573221
1083	1 22	1 24	1 42	1 44	9.33891872790849
1084	1 22	1 24	1 44	1 46	47.650227034263175
1085	1 22	1 24	1 43	1 45	22.940535094915305
1086	1 22	1 24	1 45	1 47	75.56615275344814
1087	1 22	1 24	1 47	1 49	-91.79315482867442
1088	1 22	1 24	1 49	1 51	5.954565901934323
1089	1 22	1 24	1 51	1 53	23.418015680676177
1090	1 22	1 24	1 53	1 55	51.15391091681694
1091	1 22	1 24	1 55	1 57	-72.6074130637253
1092	1 22	1 24	1 57	1 59	6.365343443959127
1093	1 22	1 24	1 59	1 61	19.533820377748608
1094	1 22	1 24	1 61	1 63	35.16923149161285
1095	1 22	1 24	1 46	1 48	94.06918898354779
1096	1 22	1 24	1 50	1 52	12.029069491510683
1097	1 22	1 24	1 52	1 54	35.825482777508874
1098	1 22	1 24	1 54	1 56	53.59418553465818
1099	1 22	1 24	1 56	1 58	-93.65495226448972
1100	1 22	1 24	1 58	1 60	13.79134229599055
1101	1 22	1 24	1 60	1 62	26.85792508130109
1102	1 22	1 24	1 62	1 64	32.63561364754757
1103	1 22	1 24	1 64	1 66	-67.96667569294007
1104	1 22	1 24	1 63	1 65	-56.483683565957165
1105	1 22	1 24	1 65	1 67	7.006017562796185
1106	1 22	1 24	1 67	1 69	17.371617330935305
1107	1 22	1 24	1 69	1 71	20.27923832723848
1108	1 22	1 24	1 71	1 1	-103.26426591412903
1109	1 22	1 24	1 66	1 68	13.476547631852176
1110	1 22	1 24	1 68	1 70	19.835090714019394
1111	1 22	1 24	1 70	1 72	14.156302135224365
1112	1 23	1 25	1 24	1 26	924.5906689744074
1113	1 23	1 25	1 32	1 34	746.8686444067871
1114	1 23	1 25	1 40	1 42	558.0814466325496
1115	1 23	1 25	1 31	1 33	957.284954600117
1116	1 23	1 25	1 39	1 41	619.3551198330644
1117	1 23	1 25	1 44	1 46	-172.63256039552576
1118	1 23	1 25	1 46	1 48	-114.4221759981686
1119	1 23	1 25	1 48	1 50	423.88743847251675
1120	1 23	1 25	1 50	1 52	-135.79370163579932
1121	1 23	1 25	1 52	1 54	-129.41297486818243
1122	1 23	1 25	1 54	1 56	-88.59555854643338
1123	1 23	1 25	1 56	1 58	314.5764719802405
1124	1 23	1 25	1 58	1 60	-101.5917858426536
1125	1 23	1 25	1 60	1 62	-97.70080211491998
1126	1 23	1 25	1 62	1 64	-69.04771456343323
1127	1 23	1 25	1 47	1 49	424.98315058195294
1128	1 23	1 25	1 49	1 51	-124.10301500004283
1129	1 23	1 25	1 51	1 53	-136.18771868973238
1130	1 23	1 25	1 53	1 55	-119.59207664721383
1131	1 23	1 25	1 55	1 57	311.5192128831343
1132	1 23	1 25	1 57	1 59	-71.4871787892746
1133	1 23	1 25	1 59	1 61	-103.79742254989384
1134	1 23	1 25	1 61	1 63	-94.33748456575222
1135	1 23	1 25	1 63	1 65	234.95420570623457
1136	1 23	1 25	1 65	1 67	-50.98722743701785
1137	1 23	1 25	1 64	1 66	245.34733752466389
1138	1 23	1 25	1 66	1 68	-79.79875949732687
1139	1 23	1 25	1 68	1 70	-74.41854413934595
1140	1 23	1 25	1 70	1 72	-36.365897977613216
1141	1 23	1 25	1 72	1 2	284.4403616342047
1142	1 23	1 25	1 67	1 69	-82.25361987119592
1143	1 23	1 25	1 69	1 71	-62.19153054348742
1144	1 23	1 25	1 71	1 1	387.1775882393731
1145	1 24	1 26	1 25	1 27	-156.6070489521997
1146	1 24	1 26	1 27	1 29	-351.18393315854985
1147	1 24	1 26	1 29	1 31	-365.2596510612757
1148	1 24	1 26	1 31	1 33	750.8756285178235
1149	1 24	1 26	1 33	1 35	-134.14713836552562
1150	1 24	1 26	1 35	1 37	-253.44249754310732
1151	1 24	1 26	1 37	1 39	-254.74052577153896
1152	1 24	1 26	1 39	1 41	536.4602467606708
1153	1 24	1 26	1 41	1 43	-105.98143439338634
1154	1 24	1 26	1 43	1 45	-170.16216686446904
1155	1 24	1 26	1 32	1 34	879.1015180265654
1156	1 24	1 26	1 34	1 36	-250.07321647028522
1157	1 24	1 26	1 40	1 42	590.8767736392861
1158	1 24	1 26	1 44	1 46	-180.14606945655333
1159	1 24	1 26	1 45	1 47	-176.5282798381285
1160	1 24	1 26	1 47	1 49	379.82837535014005
1161	1 24	1 26	1 49	1 51	-73.08661092530657
1162	1 24	1 26	1 51	1 53	-125.61766469182476
1163	1 24	1 26	1 53	1 55	-134.57036062412965
1164	1 24	1 26	1 55	1 57	280.82023977196513
1165	1 24	1 26	1 57	1 59	-48.62398400071306
1166	1 24	1 26	1 59	1 61	-92.41459783659657
1167	1 24	1 26	1 61	1 63	-100.89682901687927
1168	1 24	1 26	1 63	1 65	215.8826073315064
1169	1 24	1 26	1 48	1 50	419.72858654108654
1170	1 24	1 26	1 50	1 52	-101.19150758688204
1171	1 24	1 26	1 52	1 54	-131.70064405888536
1172	1 24	1 26	1 54	1 56	-109.33141837277174
1173	1 24	1 26	1 56	1 58	305.17257247242463
1174	1 24	1 26	1 58	1 60	-80.44486512278013
1175	1 24	1 26	1 60	1 62	-95.87432649887901
1176	1 24	1 26	1 62	1 64	-78.31116090482288
1177	1 24	1 26	1 64	1 66	231.49205288175875
1178	1 24	1 26	1 66	1 68	-65.53343030068667
1179	1 24	1 26	1 65	1 67	-39.22904086706923
1180	1 24	1 26	1 67	1 69	-73.8736590802275
1181	1 24	1 26	1 69	1 71	-63.41074530717227
1182	1 24	1 26	1 71	1 1	335.6587677980883
1183	1 24	1 26	1 68	1 70	-71.35235969782931
1184	1 24	1 26	1 70	1 72	-38.99184699855916
1185	1 24	1 26	1 72	1 2	278.1884883626632
1186	1 25	1 27	1 26	1 28	247.3276403307505
1187	1 25	1 27	1 28	1 30	-77.697687357587
1188	1 25	1 27	1 30	1 32	-13.780210383772388
1189	1 25	1 27	1 34	1 36	178.19866837115157
1190	1 25	1 27	1 36	1 38	-30.621189631215262
1191	1 25	1 27	1 38	1 40	-8.229588186549552
1192	1 25	1 27	1 42	1 44	116.63395247585473
1193	1 25	1 27	1 44	1 46	9.554152654141655
1194	1 25	1 27	1 29	1 31	-29.568790327967402
1195	1 25	1 27	1 33	1 35	427.3880615965227
1196	1 25	1 27	1 35	1 37	-4.135176757315976
1197	1 25	1 27	1 37	1 39	-17.853997797457303
1198	1 25	1 27	1 39	1 41	-237.3449059262799
1199	1 25	1 27	1 41	1 43	192.4619205629645
1200	1 25	1 27	1 43	1 45	40.669133092205456
1201	1 25	1 27	1 47	1 49	-148.9572381641347
1202	1 25	1 27	1 48	1 50	-110.33316575061556
1203	1 25	1 27	1 50	1 52	75.37730852582938
1204	1 25	1 27	1 52	1 54	22.40787707921441
1205	1 25	1 27	1 54	1 56	4.78139420480608
1206	1 25	1 27	1 56	1 58	-89.29514191942872
1207	1 25	1 27	1 58	1 60	49.69419290158316
1208	1 25	1 27	1 60	1 62	23.81955897624834
1209	1 25	1 27	1 62	1 64	8.854725597384643
1210	1 25	1 27	1 64	1 66	-72.36851059421642
1211	1 25	1 27	1 49	1 51	92.88279975795756
1212	1 25	1 27	1 51	1 53	43.04828411654283
1213	1 25	1 27	1 53	1 55	11.731239703560307
1214	1 25	1 27	1 55	1 57	-107.86457462566179
1215	1 25	1 27	1 57	1 59	44.94971384824326
1216	1 25	1 27	1 59	1 61	37.660494773499835
1217	1 25	1 27	1 61	1 63	16.04720941089614
1218	1 25	1 27	1 63	1 65	-80.67476657329598
1219	1 25	1 27	1 65	1 67	26.524230070406542
1220	1 25	1 27	1 67	1 69	30.189904402127823
1221	1 25	1 27	1 66	1 68	35.08958123040372
1222	1 25	1 27	1 68	1 70	21.03991899408819
1223	1 25	1 27	1 70	1 72	6.7951690924009664
1224	1 25	1 27	1 72	1 2	-106.6627210550649
1225	1 25	1 27	1 69	1 71	14.434993883893032
1226	1 25	1 27	1 71	1 1	-187.12444497664708
1227	1 26	1 28	1 27	1 29	206.09072657802716
1228	1 26	1 28	1 29	1 31	-66.07974332201889
1229	1 26	1 28	1 33	1 35	179.087735301286
1230	1 26	1 28	1 35	1 37	144.26661479192626
1231	1 26	1 28	1 37	1 39	-28.397407021326078
1232	1 26	1 28	1 39	1 41	-213.00100505391498
1233	1 26	1 28	1 41	1 43	109.5407886292605
1234	1 26	1 28	1 43	1 45	84.81533592247423
1235	1 26	1 28	1 45	1 47	8.050306289796907
1236	1 26	1 28	1 30	1 32	-24.949260816924745
1237	1 26	1 28	1 34	1 36	292.78509957330186
1238	1 26	1 28	1 38	1 40	-14.08898175860789
1239	1 26	1 28	1 42	1 44	123.01990302871874
1240	1 26	1 28	1 44	1 46	36.10641744784356
1241	1 26	1 28	1 48	1 50	-120.32070113591851
1242	1 26	1 28	1 47	1 49	-149.60600786208204
1243	1 26	1 28	1 49	1 51	60.85772017837236
1244	1 26	1 28	1 51	1 53	56.68533547737633
1245	1 26	1 28	1 53	1 55	20.45701482238136
1246	1 26	1 28	1 55	1 57	-106.83227302624118
1247	1 26	1 28	1 57	1 59	33.08493893135638
1248	1 26	1 28	1 59	1 61	40.83708705256791
1249	1 26	1 28	1 61	1 63	22.030755552194268
1250	1 26	1 28	1 63	1 65	-81.55213885967774
1251	1 26	1 28	1 65	1 67	21.817715365919526
1252	1 26	1 28	1 50	1 52	68.7338759583749
1253	1 26	1 28	1 52	1 54	36.95138205997391
1254	1 26	1 28	1 54	1 56	8.657252061803245
1255	1 26	1 28	1 56	1 58	-97.32395261130695
1256	1 26	1 28	1 58	1 60	45.19478296540382
1257	1 26	1 28	1 60	1 62	30.28641525082764
1258	1 26	1 28	1 62	1 64	12.447877165392454
1259	1 26	1 28	1 64	1 66	-77.95631222610584
1260	1 26	1 28	1 66	1 68	32.36594230711988
1261	1 26	1 28	1 68	1 70	23.803259485462608
1262	1 26	1 28	1 67	1 69	30.879095576612823
1263	1 26	1 28	1 69	1 71	17.39112013800598
1264	1 26	1 28	1 71	1 1	-176.30426300996476
1265	1 26	1 28	1 70	1 72	8.523036708177987
1266	1 26	1 28	1 72	1 2	-125.48631572537872
1267	1 27	1 29	1 28	1 30	223.24500004048082
1268	1 27	1 29	1 30	1 32	-72.14177976511255
1269	1 27	1 29	1 34	1 36	152.52573975981002
1270	1 27	1 29	1 36	1 38	150.5483959457899
1271	1 27	1 29	1 38	1 40	-27.42643389115631
1272	1 27	1 29	1 42	1 44	87.95206857979949
1273	1 27	1 29	1 44	1 46	93.7005843383129
1274	1 27	1 29	1 46	1 48	7.947746542634601
1275	1 27	1 29	1 33	1 35	-7.736184924292862
1276	1 27	1 29	1 35	1 37	277.97857880197193
1277	1 27	1 29	1 37	1 39	-9.239859528372877
1278	1 27	1 29	1 41	1 43	37.040163113617595
1279	1 27	1 29	1 43	1 45	120.25136945066842
1280	1 27	1 29	1 45	1 47	39.16670169680275
1281	1 27	1 29	1 49	1 51	32.59770756096975
1282	1 27	1 29	1 48	1 50	-154.4751696241426
1283	1 27	1 29	1 50	1 52	54.603613112886194
1284	1 27	1 29	1 52	1 54	61.53991563081936
1285	1 27	1 29	1 54	1 56	20.170514444883068
1286	1 27	1 29	1 56	1 58	-117.20986989651166
1287	1 27	1 29	1 58	1 60	40.168438039566
1288	1 27	1 29	1 60	1 62	41.795238227830936
1289	1 27	1 29	1 62	1 64	21.278416122649464
1290	1 27	1 29	1 64	1 66	-92.45124348284193
1291	1 27	1 29	1 66	1 68	30.851225302854886
1292	1 27	1 29	1 51	1 53	68.87733949563417
1293	1 27	1 29	1 53	1 55	41.51861105074425
1294	1 27	1 29	1 57	1 59	22.867873595598716
1295	1 27	1 29	1 59	1 61	45.29111831853086
1296	1 27	1 29	1 61	1 63	34.97946406215115
1297	1 27	1 29	1 63	1 65	-90.93143981471553
1298	1 27	1 29	1 65	1 67	18.25608881575706
1299	1 27	1 29	1 67	1 69	33.45091823549583
1300	1 27	1 29	1 69	1 71	23.788878841459642
1301	1 27	1 29	1 68	1 70	29.864638052444143
1302	1 27	1 29	1 70	1 72	12.660556487414155
1303	1 27	1 29	1 72	1 2	-133.4545358322917
1304	1 27	1 29	1 71	1 1	-153.37309152910174
1305	1 28	1 30	1 29	1 31	226.08943717332522
1306	1 28	1 30	1 33	1 35	-31.27294656308898
1307	1 28	1 30	1 35	1 37	155.92236561962542
1308	1 28	1 30	1 37	1 39	166.1170367963671
1309	1 28	1 30	1 41	1 43	5.664432839664919
1310	1 28	1 30	1 43	1 45	95.24382522762235
1311	1 28	1 30	1 45	1 47	102.31683838655219
1312	1 28	1 30	1 47	1 49	-180.8768508281584
1313	1 28	1 30	1 38	1 40	7.887442614148622
1314	1 28	1 30	1 42	1 44	37.4538479045996
1315	1 28	1 30	1 44	1 46	132.55597120838675
1316	1 28	1 30	1 46	1 48	47.04303932243898
1317	1 28	1 30	1 50	1 52	35.13416243900172
1318	1 28	1 30	1 49	1 51	15.139217534810115
1319	1 28	1 30	1 51	1 53	63.45760521210329
1320	1 28	1 30	1 53	1 55	70.86677161162629
1321	1 28	1 30	1 55	1 57	-130.9584746260639
1322	1 28	1 30	1 57	1 59	15.138490318341244
1323	1 28	1 30	1 59	1 61	43.426386834954414
1324	1 28	1 30	1 61	1 63	50.32958710302221
1325	1 28	1 30	1 63	1 65	-98.99727114172418
1326	1 28	1 30	1 65	1 67	14.937712295252666
1327	1 28	1 30	1 67	1 69	33.732820398743826
1328	1 28	1 30	1 52	1 54	76.72242202638351
1329	1 28	1 30	1 54	1 56	45.223177555604934
1330	1 28	1 30	1 56	1 58	-138.38744416851677
1331	1 28	1 30	1 58	1 60	32.313148236476195
1332	1 28	1 30	1 60	1 62	49.643289349489905
1333	1 28	1 30	1 62	1 64	35.57784280336058
1334	1 28	1 30	1 64	1 66	-107.00449272024906
1335	1 28	1 30	1 66	1 68	27.889210820041132
1336	1 28	1 30	1 68	1 70	34.276023158785605
1337	1 28	1 30	1 70	1 72	18.178068072197263
1338	1 28	1 30	1 69	1 71	30.525442281838504
1339	1 28	1 30	1 71	1 1	-144.87083530340658
1340	1 28	1 30	1 72	1 2	-139.32468550968028
1341	1 29	1 31	1 30	1 32	279.90668292771375
1342	1 29	1 31	1 34	1 36	-32.331267070341646
1343	1 29	1 31	1 36	1 38	159.86730618859764
1344	1 29	1 31	1 38	1 40	224.45119630042046
1345	1 29	1 31	1 42	1 44	5.776322562354581
1346	1 29	1 31	1 44	1 46	105.43099510674976
1347	1 29	1 31	1 48	1 50	-216.6007738862176
1348	1 29	1 31	1 33	1 35	-18.30829397197899
1349	1 29	1 31	1 35	1 37	-11.77698182441205
1350	1 29	1 31	1 37	1 39	332.94575041641247
1351	1 29	1 31	1 41	1 43	-3.0074716916895374
1352	1 29	1 31	1 43	1 45	39.541811337706946
1353	1 29	1 31	1 45	1 47	148.86342767658152
1354	1 29	1 31	1 49	1 51	5.628345678422832
1355	1 29	1 31	1 51	1 53	41.51090338572265
1356	1 29	1 31	1 50	1 52	17.049697318403645
1357	1 29	1 31	1 52	1 54	68.06962833113101
1358	1 29	1 31	1 54	1 56	80.55911251841125
1359	1 29	1 31	1 56	1 58	-151.77641920898796
1360	1 29	1 31	1 58	1 60	22.131257021567393
1361	1 29	1 31	1 60	1 62	47.43681894741149
1362	1 29	1 31	1 62	1 64	51.20426542643204
1363	1 29	1 31	1 64	1 66	-112.04709972211987
1364	1 29	1 31	1 66	1 68	22.149728296387927
1365	1 29	1 31	1 68	1 70	33.79660528602569
1366	1 29	1 31	1 53	1 55	90.5077243080996
1367	1 29	1 31	1 57	1 59	9.041726309632669
1368	1 29	1 31	1 59	1 61	33.76075545277736
1369	1 29	1 31	1 61	1 63	59.737491864996
1370	1 29	1 31	1 63	1 65	-94.83057510783271
1371	1 29	1 31	1 65	1 67	11.10853888426152
1372	1 29	1 31	1 67	1 69	29.320707570142098
1373	1 29	1 31	1 69	1 71	33.9441016268773
1374	1 29	1 31	1 71	1 1	-123.93247816846093
1375	1 29	1 31	1 70	1 72	22.539169776083
1376	1 29	1 31	1 72	1 2	-128.63354162471572
1377	1 30	1 32	1 33	1 35	-9.275914592022106
1378	1 30	1 32	1 35	1 37	-30.34870105127071
1379	1 30	1 32	1 37	1 39	199.46271510174157
1380	1 30	1 32	1 41	1 43	-2.7026340954914074
1381	1 30	1 32	1 43	1 45	9.706402326571144
1382	1 30	1 32	1 45	1 47	114.89033593879927
1383	1 30	1 32	1 47	1 49	-112.09413189837338
1384	1 30	1 32	1 49	1 51	2.311293942107726
1385	1 30	1 32	1 34	1 36	-17.144590045615445
1386	1 30	1 32	1 36	1 38	-0.7793201132909344
1387	1 30	1 32	1 40	1 42	-320.4648886896757
1388	1 30	1 32	1 42	1 44	-1.1819853482164802
1389	1 30	1 32	1 44	1 46	46.60867023024204
1390	1 30	1 32	1 46	1 48	172.9932681877586
1391	1 30	1 32	1 50	1 52	7.771776193160187
1392	1 30	1 32	1 52	1 54	42.96908590372708
1393	1 30	1 32	1 51	1 53	21.853601723905268
1394	1 30	1 32	1 53	1 55	76.52153757978634
1395	1 30	1 32	1 55	1 57	-91.6279023556544
1396	1 30	1 32	1 57	1 59	5.253776221580203
1397	1 30	1 32	1 59	1 61	21.65759421702404
1398	1 30	1 32	1 61	1 63	51.60314745196324
1399	1 30	1 32	1 63	1 65	-73.33619774519703
1400	1 30	1 32	1 65	1 67	7.399980752922003
1401	1 30	1 32	1 67	1 69	21.100565206750705
1402	1 30	1 32	1 69	1 71	28.831900919601804
1403	1 30	1 32	1 54	1 56	90.72272139953941
1404	1 30	1 32	1 56	1 58	-130.5299002254012
1405	1 30	1 32	1 58	1 60	13.5491492311649
1406	1 30	1 32	1 60	1 62	34.624378739268266
1407	1 30	1 32	1 62	1 64	52.00757977273838
1408	1 30	1 32	1 64	1 66	-93.81745837846748
1409	1 30	1 32	1 66	1 68	15.242017589322813
1410	1 30	1 32	1 68	1 70	26.299491118491627
1411	1 30	1 32	1 70	1 72	21.259598239063223
1412	1 30	1 32	1 72	1 2	-101.53797232363243
1413	1 30	1 32	1 71	1 1	-93.96245731222663
1414	1 31	1 33	1 32	1 34	864.8408047131284
1415	1 31	1 33	1 40	1 42	721.6651624777862
1416	1 31	1 33	1 48	1 50	546.0272282187914
1417	1 31	1 33	1 37	1 39	-296.43994299546597
1418	1 31	1 33	1 39	1 41	859.8008776837542
1419	1 31	1 33	1 47	1 49	567.9921671330511
1420	1 31	1 33	1 52	1 54	-168.82791765877056
1421	1 31	1 33	1 54	1 56	-111.50385696709887
1422	1 31	1 33	1 56	1 58	417.1009433962264
1423	1 31	1 33	1 58	1 60	-142.12955477991562
1424	1 31	1 33	1 60	1 62	-129.31394853341538
1425	1 31	1 33	1 62	1 64	-88.71153290950978
1426	1 31	1 33	1 64	1 66	325.95538855132713
1427	1 31	1 33	1 66	1 68	-109.49025365487941
1428	1 31	1 33	1 68	1 70	-98.49373370148797
1429	1 31	1 33	1 70	1 72	-47.17490579690359
1430	1 31	1 33	1 55	1 57	413.5842756887622
1431	1 31	1 33	1 57	1 59	-102.51887703090156
1432	1 31	1 33	1 59	1 61	-139.36402573829264
1433	1 31	1 33	1 61	1 63	-121.91193692258682
1434	1 31	1 33	1 63	1 65	315.2377276390008
1435	1 31	1 33	1 65	1 67	-71.25404479822288
1436	1 31	1 33	1 67	1 69	-111.0689961519357
1437	1 31	1 33	1 69	1 71	-81.60291047272332
1438	1 31	1 33	1 71	1 1	262.9194733968632
1439	1 31	1 33	1 72	1 2	196.91838835266802
1440	1 32	1 34	1 33	1 35	-128.14097886157532
1441	1 32	1 34	1 35	1 37	-321.7284877752006
1442	1 32	1 34	1 37	1 39	-333.83015160247976
1443	1 32	1 34	1 39	1 41	705.7150648429488
1444	1 32	1 34	1 41	1 43	-121.15849252317753
1445	1 32	1 34	1 43	1 45	-243.46913387036494
1446	1 32	1 34	1 45	1 47	-234.84295862424955
1447	1 32	1 34	1 47	1 49	508.31266820453675
1448	1 32	1 34	1 49	1 51	-90.22927507943305
1449	1 32	1 34	1 51	1 53	-175.14351918804334
1450	1 32	1 34	1 36	1 38	-273.7457136503749
1451	1 32	1 34	1 44	1 46	-237.39882776177194
1452	1 32	1 34	1 48	1 50	578.2381442356061
1453	1 32	1 34	1 53	1 55	-183.82522082081937
1454	1 32	1 34	1 55	1 57	383.2738686215655
1455	1 32	1 34	1 57	1 59	-63.35370539731601
1456	1 32	1 34	1 59	1 61	-128.251488396411
1457	1 32	1 34	1 61	1 63	-138.84578870331566
1458	1 32	1 34	1 63	1 65	294.0862799820038
1459	1 32	1 34	1 65	1 67	-52.377829313184264
1460	1 32	1 34	1 67	1 69	-101.51651706428464
1461	1 32	1 34	1 69	1 71	-87.22438462019772
1462	1 32	1 34	1 71	1 1	233.5628119562231
1463	1 32	1 34	1 56	1 58	417.9632114230983
1464	1 32	1 34	1 58	1 60	-111.47979231850985
1465	1 32	1 34	1 60	1 62	-132.17822743982578
1466	1 32	1 34	1 62	1 64	-108.98361062150767
1467	1 32	1 34	1 64	1 66	320.35048763229145
1468	1 32	1 34	1 66	1 68	-90.08972516964536
1469	1 32	1 34	1 68	1 70	-97.76561105333246
1470	1 32	1 34	1 70	1 72	-53.59673880845707
1471	1 32	1 34	1 72	1 2	197.67396298372404
1472	1 33	1 35	1 34	1 36	214.26783879720895
1473	1 33	1 35	1 36	1 38	-69.27338185697016
1474	1 33	1 35	1 38	1 40	-13.177216441880567
1475	1 33	1 35	1 42	1 44	172.1261693761748
1476	1 33	1 35	1 44	1 46	-28.903604497354497
1477	1 33	1 35	1 46	1 48	-9.987958643306474
1478	1 33	1 35	1 48	1 50	-124.65004532018511
1479	1 33	1 35	1 50	1 52	115.51585681660771
1480	1 33	1 35	1 52	1 54	7.7148732225749495
1481	1 33	1 35	1 37	1 39	-27.909313179423318
1482	1 33	1 35	1 41	1 43	384.6108332126453
1483	1 33	1 35	1 43	1 45	-7.9389717553460555
1484	1 33	1 35	1 45	1 47	-17.986978715122603
1485	1 33	1 35	1 49	1 51	166.98063285523142
1486	1 33	1 35	1 51	1 53	40.362502180130534
1487	1 33	1 35	1 55	1 57	-135.42102796699527
1488	1 33	1 35	1 56	1 58	-106.0228793218167
1489	1 33	1 35	1 58	1 60	74.27364135096853
1490	1 33	1 35	1 60	1 62	21.95398227223054
1491	1 33	1 35	1 62	1 64	4.837804031238244
1492	1 33	1 35	1 66	1 68	50.78857879097931
1493	1 33	1 35	1 68	1 70	23.5792059262968
1494	1 33	1 35	1 70	1 72	5.877467226298746
1495	1 33	1 35	1 72	1 2	-88.44140772734977
1496	1 33	1 35	1 57	1 59	75.55944065050655
1497	1 33	1 35	1 59	1 61	46.39626528575942
1498	1 33	1 35	1 61	1 63	11.062808481932802
1499	1 33	1 35	1 63	1 65	-104.51256198775808
1500	1 33	1 35	1 65	1 67	41.52356630439964
1501	1 33	1 35	1 67	1 69	39.26673664708833
1502	1 33	1 35	1 69	1 71	14.332736743192452
1503	1 33	1 35	1 71	1 1	-130.52375201288245
1504	1 34	1 36	1 35	1 37	205.8005852582228
1505	1 34	1 36	1 37	1 39	-69.66161900389883
1506	1 34	1 36	1 41	1 43	167.0093050723683
1507	1 34	1 36	1 43	1 45	141.7850248475432
1508	1 34	1 36	1 45	1 47	-24.43898596827586
1509	1 34	1 36	1 47	1 49	-209.5037296330085
1510	1 34	1 36	1 49	1 51	97.2947066631285
1511	1 34	1 36	1 51	1 53	90.6819169238895
1512	1 34	1 36	1 53	1 55	11.153273577537286
1513	1 34	1 36	1 38	1 40	-26.92148104119058
1514	1 34	1 36	1 42	1 44	271.0020718489431
1515	1 34	1 36	1 46	1 48	-16.396603033774376
1516	1 34	1 36	1 48	1 50	-168.334767888908
1517	1 34	1 36	1 50	1 52	123.08339322473594
1518	1 34	1 36	1 52	1 54	40.26548868736526
1519	1 34	1 36	1 55	1 57	-151.22613845724953
1520	1 34	1 36	1 57	1 59	52.68389545224882
1521	1 34	1 36	1 59	1 61	63.1697174500471
1522	1 34	1 36	1 61	1 63	22.771920463810126
1523	1 34	1 36	1 63	1 65	-115.63356784156966
1524	1 34	1 36	1 65	1 67	34.07301080411382
1525	1 34	1 36	1 67	1 69	46.05111499950915
1526	1 34	1 36	1 69	1 71	21.52180532380339
1527	1 34	1 36	1 71	1 1	-116.53581885402745
1528	1 34	1 36	1 58	1 60	73.96263223857297
1529	1 34	1 36	1 60	1 62	39.04150454832545
1530	1 34	1 36	1 62	1 64	10.102931243281175
1531	1 34	1 36	1 64	1 66	-107.08841461148523
1532	1 34	1 36	1 66	1 68	50.27681714158058
1533	1 34	1 36	1 68	1 70	32.53280157083128
1534	1 34	1 36	1 70	1 72	9.490783947345468
1535	1 34	1 36	1 72	1 2	-87.27522617540475
1536	1 35	1 37	1 36	1 38	199.67975662998248
1537	1 35	1 37	1 38	1 40	-75.00592132215445
1538	1 35	1 37	1 42	1 44	143.56524959895393
1539	1 35	1 37	1 44	1 46	148.6686042547318
1540	1 35	1 37	1 46	1 48	-29.86529852549179
1541	1 35	1 37	1 48	1 50	-205.20473020924356
1542	1 35	1 37	1 50	1 52	84.47384249992214
1543	1 35	1 37	1 52	1 54	97.69954583990733
1544	1 35	1 37	1 54	1 56	8.50020600877437
1545	1 35	1 37	1 41	1 43	-9.458755204957496
1546	1 35	1 37	1 43	1 45	262.03459252005905
1547	1 35	1 37	1 49	1 51	30.27967677838059
1548	1 35	1 37	1 51	1 53	122.7267755484525
1549	1 35	1 37	1 53	1 55	44.53109978334635
1550	1 35	1 37	1 57	1 59	28.56457164459276
1551	1 35	1 37	1 56	1 58	-159.54259195373544
1552	1 35	1 37	1 58	1 60	60.235839641706804
1553	1 35	1 37	1 60	1 62	62.73328873120646
1554	1 35	1 37	1 62	1 64	21.459057997513938
1555	1 35	1 37	1 64	1 66	-126.34446043084023
1556	1 35	1 37	1 66	1 68	45.052143185569484
1557	1 35	1 37	1 68	1 70	43.318966941236326
1558	1 35	1 37	1 70	1 72	15.585842236282309
1559	1 35	1 37	1 72	1 2	-101.12396621188864
1560	1 35	1 37	1 59	1 61	72.18749502334504
1561	1 35	1 37	1 61	1 63	44.73508771929825
1562	1 35	1 37	1 65	1 67	25.122387387387388
1563	1 35	1 37	1 67	1 69	49.90640362373824
1564	1 35	1 37	1 69	1 71	32.245224859422834
1565	1 35	1 37	1 71	1 1	-116.67247466492317
1566	1 36	1 38	1 37	1 39	209.37621492156654
1567	1 36	1 38	1 41	1 43	-29.823293013920214
1568	1 36	1 38	1 43	1 45	150.1477008534626
1569	1 36	1 38	1 45	1 47	154.29771785663797
1570	1 36	1 38	1 51	1 53	97.51202999395642
1571	1 36	1 38	1 53	1 55	103.4845420031449
1572	1 36	1 38	1 55	1 57	-183.67171717270264
1573	1 36	1 38	1 44	1 46	277.9831790106587
1574	1 36	1 38	1 46	1 48	-10.859800260634614
1575	1 36	1 38	1 48	1 50	-233.7285374965409
1576	1 36	1 38	1 50	1 52	34.78169229696796
1577	1 36	1 38	1 52	1 54	130.25172177700898
1578	1 36	1 38	1 54	1 56	41.66266510293814
1579	1 36	1 38	1 56	1 58	-182.2325383445043
1580	1 36	1 38	1 58	1 60	40.091524902395925
1581	1 36	1 38	1 57	1 59	14.106927294824747
1582	1 36	1 38	1 59	1 61	62.762009976615715
1583	1 36	1 38	1 61	1 63	71.46065797247462
1584	1 36	1 38	1 63	1 65	-135.83687831070668
1585	1 36	1 38	1 65	1 67	17.937176716619746
1586	1 36	1 38	1 67	1 69	47.0347955736514
1587	1 36	1 38	1 69	1 71	42.60242275385836
1588	1 36	1 38	1 71	1 1	-127.55021348267881
1589	1 36	1 38	1 60	1 62	75.52035400508296
1590	1 36	1 38	1 62	1 64	42.60508065112731
1591	1 36	1 38	1 66	1 68	36.594345012256966
1592	1 36	1 38	1 68	1 70	49.1094575223868
1593	1 36	1 38	1 70	1 72	23.682461305775426
1594	1 36	1 38	1 72	1 2	-122.55355529600284
1595	1 37	1 39	1 38	1 40	258.85273176890075
1596	1 37	1 39	1 42	1 44	-28.02152145883518
1597	1 37	1 39	1 44	1 46	164.61952020540673
1598	1 37	1 39	1 46	1 48	179.6353160861749
1599	1 37	1 39	1 50	1 52	5.798158667362744
1600	1 37	1 39	1 52	1 54	100.21743122923183
1601	1 37	1 39	1 54	1 56	116.7118090147666
1602	1 37	1 39	1 56	1 58	-198.40652837711662
1603	1 37	1 39	1 41	1 43	-18.824459915573392
1604	1 37	1 39	1 45	1 47	294.81549602457926
1605	1 37	1 39	1 51	1 53	42.92311403892974
1606	1 37	1 39	1 53	1 55	148.03974179240876
1607	1 37	1 39	1 57	1 59	6.05686642017886
1608	1 37	1 39	1 59	1 61	40.25316948679331
1609	1 37	1 39	1 58	1 60	21.542252314853144
1610	1 37	1 39	1 60	1 62	67.01971911145546
1611	1 37	1 39	1 62	1 64	73.97926896347721
1612	1 37	1 39	1 64	1 66	-150.22100659805147
1613	1 37	1 39	1 66	1 68	25.516644417069006
1614	1 37	1 39	1 68	1 70	46.26204337585842
1615	1 37	1 39	1 70	1 72	32.14909353690053
1616	1 37	1 39	1 72	1 2	-116.12391302366628
1617	1 37	1 39	1 61	1 63	89.65418043375598
1618	1 37	1 39	1 65	1 67	11.628117359640958
1619	1 37	1 39	1 67	1 69	37.08995743756029
1620	1 37	1 39	1 69	1 71	48.214039451488176
1621	1 37	1 39	1 71	1 1	-111.93164287234538
1622	1 38	1 40	1 41	1 43	-11.04427347284589
1623	1 38	1 40	1 43	1 45	-31.193483270213953
1624	1 38	1 40	1 45	1 47	171.46120384632712
1625	1 38	1 40	1 49	1 51	-4.4901845782857315
1626	1 38	1 40	1 51	1 53	6.423070578940338
1627	1 38	1 40	1 53	1 55	114.65631754292099
1628	1 38	1 40	1 55	1 57	-109.1818490155126
1629	1 38	1 40	1 57	1 59	1.7057407357747922
1630	1 38	1 40	1 42	1 44	-19.183098614413737
1631	1 38	1 40	1 44	1 46	-5.313996734801426
1632	1 38	1 40	1 46	1 48	358.10368701879355
1633	1 38	1 40	1 50	1 52	-3.932686971806441
1634	1 38	1 40	1 52	1 54	38.07507399588127
1635	1 38	1 40	1 54	1 56	163.31203182196492
1636	1 38	1 40	1 56	1 58	-186.10778613062934
1637	1 38	1 40	1 58	1 60	8.501691486077263
1638	1 38	1 40	1 60	1 62	40.05139269084437
1639	1 38	1 40	1 59	1 61	17.93755286264247
1640	1 38	1 40	1 61	1 63	75.55720753496644
1641	1 38	1 40	1 63	1 65	-90.18887448522263
1642	1 38	1 40	1 65	1 67	6.140785097471625
1643	1 38	1 40	1 67	1 69	22.773848506212474
1644	1 38	1 40	1 69	1 71	40.70620925735916
1645	1 38	1 40	1 71	1 1	-73.05955491766
1646	1 38	1 40	1 62	1 64	86.62455002990397
1647	1 38	1 40	1 66	1 68	14.425135070463334
1648	1 38	1 40	1 68	1 70	33.14256795335092
1649	1 38	1 40	1 70	1 72	33.049400505067
1650	1 38	1 40	1 72	1 2	-81.51445779409948
1651	1 39	1 41	1 40	1 42	815.7725830275335
1652	1 39	1 41	1 42	1 44	-326.9760498568789
1653	1 39	1 41	1 44	1 46	-282.6282425907426
1654	1 39	1 41	1 46	1 48	-137.76379403494258
1655	1 39	1 41	1 48	1 50	693.159922339871
1656	1 39	1 41	1 50	1 52	-263.91736100778655
1657	1 39	1 41	1 56	1 58	536.7053906877436
1658	1 39	1 41	1 58	1 60	-197.05508163111847
1659	1 39	1 41	1 47	1 49	792.6920986622074
1660	1 39	1 41	1 55	1 57	556.4995410222741
1661	1 39	1 41	1 60	1 62	-169.30853389826788
1662	1 39	1 41	1 62	1 64	-107.25278113929171
1663	1 39	1 41	1 64	1 66	426.5134189031505
1664	1 39	1 41	1 66	1 68	-152.17694632848645
1665	1 39	1 41	1 68	1 70	-129.79740693515896
1666	1 39	1 41	1 70	1 72	-59.09911713226714
1667	1 39	1 41	1 72	1 2	178.2424986768081
1668	1 39	1 41	1 63	1 65	416.27155055570614
1669	1 39	1 41	1 65	1 67	-101.88904155315277
1670	1 39	1 41	1 67	1 69	-149.90687574964625
1671	1 39	1 41	1 69	1 71	-104.76864991751495
1672	1 39	1 41	1 71	1 1	208.89418158567773
1673	1 40	1 42	1 41	1 43	-133.26457329228478
1674	1 40	1 42	1 43	1 45	-301.731651691515
1675	1 40	1 42	1 45	1 47	-302.20636571081275
1676	1 40	1 42	1 47	1 49	671.7038263466022
1677	1 40	1 42	1 49	1 51	-113.19982290570692
1678	1 40	1 42	1 51	1 53	-246.44649592701444
1679	1 40	1 42	1 53	1 55	-240.6403765673246
1680	1 40	1 42	1 55	1 57	515.0241823405331
1681	1 40	1 42	1 57	1 59	-81.96362001496766
1682	1 40	1 42	1 59	1 61	-178.96924113075633
1683	1 40	1 42	1 48	1 50	801.5313520261186
1684	1 40	1 42	1 56	1 58	561.820681149796
1685	1 40	1 42	1 61	1 63	-184.90035852683917
1686	1 40	1 42	1 63	1 65	398.044105524442
1687	1 40	1 42	1 65	1 67	-70.00518428473862
1688	1 40	1 42	1 67	1 69	-139.68604072670635
1689	1 40	1 42	1 69	1 71	-117.51400605197023
1690	1 40	1 42	1 71	1 1	186.76587378452717
1691	1 40	1 42	1 64	1 66	429.8555178575396
1692	1 40	1 42	1 66	1 68	-124.02264267647482
1693	1 40	1 42	1 68	1 70	-132.01363666337673
1694	1 40	1 42	1 70	1 72	-72.26543353830922
1695	1 40	1 42	1 72	1 2	169.42020098790664
1696	1 41	1 43	1 42	1 44	214.07092533494045
1697	1 41	1 43	1 44	1 46	-65.33907103825138
1698	1 41	1 43	1 46	1 48	-13.727421165548321
1699	1 41	1 43	1 50	1 52	177.86132634079095
1700	1 41	1 43	1 52	1 54	-26.158142998855308
1701	1 41	1 43	1 54	1 56	-9.656497814963236
1702	1 41	1 43	1 56	1 58	-128.48799536207926
1703	1 41	1 43	1 58	1 60	113.75183243577706
1704	1 41	1 43	1 60	1 62	12.638741372065622
1705	1 41	1 43	1 45	1 47	-27.877812428896753
1706	1 41	1 43	1 49	1 51	333.3890000598375
1707	1 41	1 43	1 53	1 55	-16.014953019117772
1708	1 41	1 43	1 57	1 59	136.12762420718815
1709	1 41	1 43	1 59	1 61	51.356987182440065
1710	1 41	1 43	1 64	1 66	-111.62157035285682
1711	1 41	1 43	1 66	1 68	76.09145604273712
1712	1 41	1 43	1 68	1 70	24.627729437400614
1713	1 41	1 43	1 70	1 72	4.158514116434047
1714	1 41	1 43	1 72	1 2	-72.99715564098481
1715	1 41	1 43	1 65	1 67	69.01314959216428
1716	1 41	1 43	1 67	1 69	51.19041235815994
1717	1 41	1 43	1 69	1 71	12.571008063752014
1718	1 41	1 43	1 71	1 1	-96.14649144631474
1719	1 42	1 44	1 43	1 45	195.3208225190608
1720	1 42	1 44	1 45	1 47	-69.31411934602517
1721	1 42	1 44	1 49	1 51	158.3780044186836
1722	1 42	1 44	1 51	1 53	147.5770044924399
1723	1 42	1 44	1 53	1 55	-24.47374357527684
1724	1 42	1 44	1 55	1 57	-209.8977040564273
1725	1 42	1 44	1 57	1 59	86.95994663421837
1726	1 42	1 44	1 59	1 61	102.0373563128075
1727	1 42	1 44	1 61	1 63	11.258950158832247
1728	1 42	1 44	1 46	1 48	-27.769544374164422
1729	1 42	1 44	1 50	1 52	274.7132316943778
1730	1 42	1 44	1 54	1 56	-17.74184611012833
1731	1 42	1 44	1 58	1 60	134.23363605744882
1732	1 42	1 44	1 60	1 62	41.07495547485037
1733	1 42	1 44	1 63	1 65	-163.55421241207023
1734	1 42	1 44	1 65	1 67	55.12765003747039
1735	1 42	1 44	1 67	1 69	70.81614174984729
1736	1 42	1 44	1 69	1 71	22.827712464232995
1737	1 42	1 44	1 71	1 1	-101.5232488768388
1738	1 42	1 44	1 66	1 68	82.55816137274554
1739	1 42	1 44	1 68	1 70	41.86805186847066
1740	1 42	1 44	1 70	1 72	7.941799377596877
1741	1 42	1 44	1 72	1 2	-83.46712854214906
1742	1 43	1 45	1 44	1 46	188.10493520192887
1743	1 43	1 45	1 46	1 48	-71.25086268223097
1744	1 43	1 45	1 50	1 52	133.5034457440396
1745	1 43	1 45	1 52	1 54	152.68724036671978
1746	1 43	1 45	1 54	1 56	-30.601827169022446
1747	1 43	1 45	1 56	1 58	-207.67499734070844
1748	1 43	1 45	1 58	1 60	93.77244425740895
1749	1 43	1 45	1 60	1 62	93.95570879496123
1750	1 43	1 45	1 62	1 64	8.916155341653877
1751	1 43	1 45	1 51	1 53	260.38973682998807
1752	1 43	1 45	1 57	1 59	29.14996041540887
1753	1 43	1 45	1 59	1 61	125.15081035303871
1754	1 43	1 45	1 61	1 63	44.99673950557492
1755	1 43	1 45	1 65	1 67	33.53595503832686
1756	1 43	1 45	1 64	1 66	-168.11479437312872
1757	1 43	1 45	1 66	1 68	67.2616319991144
1758	1 43	1 45	1 68	1 70	62.43810659422626
1759	1 43	1 45	1 70	1 72	15.707119741860334
1760	1 43	1 45	1 72	1 2	-104.07862478701527
1761	1 43	1 45	1 67	1 69	76.9363179693155
1762	1 43	1 45	1 69	1 71	40.303533196374104
1763	1 43	1 45	1 71	1 1	-115.6237729304886
1764	1 44	1 46	1 45	1 47	222.12474737909255
1765	1 44	1 46	1 49	1 51	-30.068096021704452
1766	1 44	1 46	1 51	1 53	148.73779497599327
1767	1 44	1 46	1 53	1 55	163.58031968732155
1768	1 44	1 46	1 59	1 61	93.02884516073203
1769	1 44	1 46	1 61	1 63	110.71985364375666
1770	1 44	1 46	1 63	1 65	-194.44757915845963
1771	1 44	1 46	1 52	1 54	272.92706412668366
1772	1 44	1 46	1 54	1 56	4.489262261514126
1773	1 44	1 46	1 58	1 60	41.22013180828643
1774	1 44	1 46	1 60	1 62	130.3445641118716
1775	1 44	1 46	1 62	1 64	46.39197283339696
1776	1 44	1 46	1 66	1 68	45.90499716243928
1777	1 44	1 46	1 65	1 67	18.609070348977927
1778	1 44	1 46	1 67	1 69	67.4160514119819
1779	1 44	1 46	1 69	1 71	63.812258635586105
1780	1 44	1 46	1 71	1 1	-121.32572731773197
1781	1 44	1 46	1 68	1 70	75.08152666705095
1782	1 44	1 46	1 70	1 72	31.410616640347037
1783	1 44	1 46	1 72	1 2	-116.88062452950204
1784	1 45	1 47	1 46	1 48	216.4949559292179
1785	1 45	1 47	1 50	1 52	-28.290755533102622
1786	1 45	1 47	1 52	1 54	154.76822637027846
1787	1 45	1 47	1 54	1 56	185.66508152232285
1788	1 45	1 47	1 58	1 60	11.138220756855013
1789	1 45	1 47	1 60	1 62	103.25306539233068
1790	1 45	1 47	1 62	1 64	119.3794984574875
1791	1 45	1 47	1 64	1 66	-218.99554796881375
1792	1 45	1 47	1 49	1 51	-17.9272823477232
1793	1 45	1 47	1 51	1 53	5.062705477449363
1794	1 45	1 47	1 53	1 55	314.76694492796565
1795	1 45	1 47	1 59	1 61	39.5782045994702
1796	1 45	1 47	1 61	1 63	156.89351985745324
1797	1 45	1 47	1 65	1 67	10.061663411706444
1798	1 45	1 47	1 67	1 69	45.93465306270939
1799	1 45	1 47	1 66	1 68	26.558179993308798
1800	1 45	1 47	1 68	1 70	68.0419613285809
1801	1 45	1 47	1 70	1 72	50.37641056422569
1802	1 45	1 47	1 72	1 2	-122.95258641918306
1803	1 45	1 47	1 69	1 71	75.86239318460247
1804	1 45	1 47	1 71	1 1	-115.04619863766206
1805	1 46	1 48	1 49	1 51	-9.700660582342632
1806	1 46	1 48	1 51	1 53	-28.901390077373875
1807	1 46	1 48	1 53	1 55	187.5670676291163
1808	1 46	1 48	1 55	1 57	-141.771448984955
1809	1 46	1 48	1 57	1 59	-2.008403283586669
1810	1 46	1 48	1 59	1 61	7.6980084944641405
1811	1 46	1 48	1 61	1 63	125.96371621518153
1812	1 46	1 48	1 63	1 65	-126.74564105130644
1813	1 46	1 48	1 65	1 67	4.973165005597403
1814	1 46	1 48	1 50	1 52	-17.797182881699822
1815	1 46	1 48	1 54	1 56	357.4580432707638
1816	1 46	1 48	1 56	1 58	-322.3397023793395
1817	1 46	1 48	1 60	1 62	43.64723149450198
1818	1 46	1 48	1 62	1 64	170.41389137231283
1819	1 46	1 48	1 64	1 66	-203.85712645973868
1820	1 46	1 48	1 66	1 68	13.595558220581832
1821	1 46	1 48	1 68	1 70	45.356776315489284
1822	1 46	1 48	1 67	1 69	25.57314680597826
1823	1 46	1 48	1 69	1 71	65.95294247043356
1824	1 46	1 48	1 71	1 1	-84.62544775181456
1825	1 46	1 48	1 70	1 72	59.319053403484716
1826	1 46	1 48	1 72	1 2	-102.90577270773997
1827	1 47	1 49	1 48	1 50	808.8225954533069
1828	1 47	1 49	1 50	1 52	-336.5674317198854
1829	1 47	1 49	1 54	1 56	-144.48014434721574
1830	1 47	1 49	1 56	1 58	707.5690330830789
1831	1 47	1 49	1 58	1 60	-281.7391882821433
1832	1 47	1 49	1 62	1 64	-131.56049344739927
1833	1 47	1 49	1 64	1 66	570.2831717781662
1834	1 47	1 49	1 66	1 68	-213.72337954219233
1835	1 47	1 49	1 53	1 55	-300.2291587901701
1836	1 47	1 49	1 63	1 65	579.430376344086
1837	1 47	1 49	1 68	1 70	-174.89623560871695
1838	1 47	1 49	1 70	1 72	-76.08848935538907
1839	1 47	1 49	1 72	1 2	196.35553742303983
1840	1 47	1 49	1 71	1 1	209.77474977674171
1841	1 48	1 50	1 49	1 51	-144.04776470309938
1842	1 48	1 50	1 51	1 53	-307.12528491402225
1843	1 48	1 50	1 53	1 55	-327.07401750438544
1844	1 48	1 50	1 55	1 57	707.9547580159054
1845	1 48	1 50	1 59	1 61	-258.3357600229076
1846	1 48	1 50	1 61	1 63	-258.6670943180736
1847	1 48	1 50	1 63	1 65	562.3562805715899
1848	1 48	1 50	1 65	1 67	-96.10414088697348
1849	1 48	1 50	1 67	1 69	-201.70687612129387
1850	1 48	1 50	1 60	1 62	-238.25874018928045
1851	1 48	1 50	1 64	1 66	621.3864724348094
1852	1 48	1 50	1 66	1 68	-182.2152563956996
1853	1 48	1 50	1 68	1 70	-185.83624028199563
1854	1 48	1 50	1 70	1 72	-104.52920367303929
1855	1 48	1 50	1 69	1 71	-168.361681629018
1856	1 48	1 50	1 71	1 1	205.6336826953251
1857	1 48	1 50	1 72	1 2	207.18800579849102
1858	1 49	1 51	1 50	1 52	221.72895331839393
1859	1 49	1 51	1 52	1 54	-61.91611917214456
1860	1 49	1 51	1 54	1 56	-11.630805490871406
1861	1 49	1 51	1 58	1 60	166.77396038913238
1862	1 49	1 51	1 60	1 62	-16.91047187617969
1863	1 49	1 51	1 62	1 64	-5.8029051407641115
1864	1 49	1 51	1 64	1 66	-128.08023010821074
1865	1 49	1 51	1 66	1 68	110.80780206927099
1866	1 49	1 51	1 68	1 70	15.145813969635388
1867	1 49	1 51	1 53	1 55	-24.535767933004045
1868	1 49	1 51	1 57	1 59	276.7674862771637
1869	1 49	1 51	1 59	1 61	12.737506186359951
1870	1 49	1 51	1 61	1 63	-12.493268152945571
1871	1 49	1 51	1 65	1 67	119.79675212555958
1872	1 49	1 51	1 67	1 69	54.44170863931717
1873	1 49	1 51	1 69	1 71	5.0775018962209435
1874	1 49	1 51	1 71	1 1	-75.71753212693417
1875	1 49	1 51	1 72	1 2	-61.93383838463161
1876	1 50	1 52	1 51	1 53	197.3337821714009
1877	1 50	1 52	1 53	1 55	-69.50421333305266
1878	1 50	1 52	1 57	1 59	148.13029905381893
1879	1 50	1 52	1 59	1 61	166.39817145190142
1880	1 50	1 52	1 61	1 63	-28.190914054630397
1881	1 50	1 52	1 63	1 65	-229.6655728631883
1882	1 50	1 52	1 65	1 67	93.81334434649752
1883	1 50	1 52	1 67	1 69	112.95555859746858
1884	1 50	1 52	1 69	1 71	13.95179909341664
1885	1 50	1 52	1 54	1 56	-27.41251431066838
1886	1 50	1 52	1 58	1 60	290.351747694383
1887	1 50	1 52	1 60	1 62	-1.086402414515451
1888	1 50	1 52	1 62	1 64	-14.354099934798928
1889	1 50	1 52	1 66	1 68	148.30752979828722
1890	1 50	1 52	1 68	1 70	44.520064288776496
1891	1 50	1 52	1 72	1 2	-88.87855570961385
1892	1 50	1 52	1 71	1 1	-102.61201006086722
1893	1 51	1 53	1 52	1 54	207.9770599442063
1894	1 51	1 53	1 54	1 56	-80.329799254555
1895	1 51	1 53	1 58	1 60	167.12510241712766
1896	1 51	1 53	1 60	1 62	147.99248309178745
1897	1 51	1 53	1 62	1 64	-33.51453393886774
1898	1 51	1 53	1 64	1 66	-233.83255475436886
1899	1 51	1 53	1 66	1 68	114.82284678146225
1900	1 51	1 53	1 68	1 70	98.61802074233363
1901	1 51	1 53	1 70	1 72	7.530073647816614
1902	1 51	1 53	1 59	1 61	287.2271972075313
1903	1 51	1 53	1 65	1 67	42.93117353112292
1904	1 51	1 53	1 67	1 69	140.97490499477504
1905	1 51	1 53	1 69	1 71	44.06011246130541
1906	1 51	1 53	1 71	1 1	-139.6337784097379
1907	1 51	1 53	1 72	1 2	-127.84811183291848
1908	1 52	1 54	1 53	1 55	199.62319411226076
1909	1 52	1 54	1 57	1 59	-25.429454819697288
1910	1 52	1 54	1 59	1 61	150.29534308132327
1911	1 52	1 54	1 61	1 63	174.52626160213492
1912	1 52	1 54	1 65	1 67	12.916447762743307
1913	1 52	1 54	1 67	1 69	105.16848472597133
1914	1 52	1 54	1 69	1 71	101.17816569384179
1915	1 52	1 54	1 71	1 1	-152.69485381683936
1916	1 52	1 54	1 58	1 60	6.330873589164394
1917	1 52	1 54	1 60	1 62	296.7372407040919
1918	1 52	1 54	1 62	1 64	-15.213326062835293
1919	1 52	1 54	1 66	1 68	52.760291305596596
1920	1 52	1 54	1 68	1 70	134.35936093795522
1921	1 52	1 54	1 70	1 72	33.602471016085644
1922	1 52	1 54	1 72	1 2	-146.09422331350586
1923	1 53	1 55	1 54	1 56	276.49492943937787
1924	1 53	1 55	1 58	1 60	-28.995605406982296
1925	1 53	1 55	1 60	1 62	162.65000261584453
1926	1 53	1 55	1 62	1 64	211.21878099749952
1927	1 53	1 55	1 66	1 68	14.143652332468676
1928	1 53	1 55	1 68	1 70	104.27567329551363
1929	1 53	1 55	1 70	1 72	87.50426173832761
1930	1 53	1 55	1 72	1 2	-147.57369934865977
1931	1 53	1 55	1 57	1 59	-14.545822035777014
1932	1 53	1 55	1 59	1 61	-18.42577506645184
1933	1 53	1 55	1 61	1 63	345.82217501521757
1934	1 53	1 55	1 65	1 67	2.0786826466916355
1935	1 53	1 55	1 67	1 69	45.58833430797915
1936	1 53	1 55	1 69	1 71	135.3124512409281
1937	1 53	1 55	1 71	1 1	-131.5207804269054
1938	1 54	1 56	1 55	1 57	-179.94559436996468
1939	1 54	1 56	1 57	1 59	-6.887372583904533
1940	1 54	1 56	1 59	1 61	-30.67600399975914
1941	1 54	1 56	1 61	1 63	211.91670550013214
1942	1 54	1 56	1 67	1 69	16.786323613345793
1943	1 54	1 56	1 69	1 71	107.83120743838259
1944	1 54	1 56	1 71	1 1	-95.60408594604434
1945	1 54	1 56	1 58	1 60	-15.111260991935602
1946	1 54	1 56	1 62	1 64	396.81876294872416
1947	1 54	1 56	1 66	1 68	5.123376073252626
1948	1 54	1 56	1 68	1 70	51.90214280186461
1949	1 54	1 56	1 70	1 72	117.65349019502047
1950	1 54	1 56	1 72	1 2	-140.5949397521684
1951	1 55	1 57	1 56	1 58	885.8327751773392
1952	1 55	1 57	1 58	1 60	-361.95427162424915
1953	1 55	1 57	1 60	1 62	-304.4508396226415
1954	1 55	1 57	1 62	1 64	-175.79168188273482
1955	1 55	1 57	1 64	1 66	803.0312733326607
1956	1 55	1 57	1 66	1 68	-322.8642763136395
1957	1 55	1 57	1 68	1 70	-239.79624877275864
1958	1 55	1 57	1 70	1 72	-100.98767573066962
1959	1 55	1 57	1 72	1 2	254.05782748513047
1960	1 55	1 57	1 59	1 61	-303.1318085728237
1961	1 55	1 57	1 61	1 63	-331.6287141732679
1962	1 55	1 57	1 65	1 67	-263.39015507079984
1963	1 55	1 57	1 67	1 69	-286.15589947028406
1964	1 55	1 57	1 69	1 71	-197.4860767711607
1965	1 55	1 57	1 71	1 1	255.56187635929172
1966	1 56	1 58	1 57	1 59	-149.50909888860042
1967	1 56	1 58	1 59	1 61	-330.5850526687618
1968	1 56	1 58	1 61	1 63	-364.46037861751967
1969	1 56	1 58	1 65	1 67	-139.3118064659888
1970	1 56	1 58	1 67	1 69	-291.6514226117523
1971	1 56	1 58	1 69	1 71	-237.14506832455103
1972	1 56	1 58	1 71	1 1	272.2704535380328
1973	1 56	1 58	1 60	1 62	-300.8446476640737
1974	1 56	1 58	1 62	1 64	-367.9252629681673
1975	1 56	1 58	1 66	1 68	-292.04002294571853
1976	1 56	1 58	1 68	1 70	-256.4707725714652
1977	1 56	1 58	1 70	1 72	-157.67268429412647
1978	1 56	1 58	1 72	1 2	300.78866280281864
1979	1 57	1 59	1 58	1 60	215.40631000439834
1980	1 57	1 59	1 60	1 62	-53.08113178022322
1981	1 57	1 59	1 62	1 64	-8.365293571249342
1982	1 57	1 59	1 66	1 68	178.03570857803732
1983	1 57	1 59	1 68	1 70	-15.682575084324805
1984	1 57	1 59	1 70	1 72	-4.166187316649909
1985	1 57	1 59	1 72	1 2	-62.50020641507688
1986	1 57	1 59	1 61	1 63	-20.990896776155665
1987	1 57	1 59	1 65	1 67	271.6467354610986
1988	1 57	1 59	1 67	1 69	20.340313023296034
1989	1 57	1 59	1 69	1 71	-8.63596753154782
1990	1 57	1 59	1 71	1 1	-70.83563846835108
1991	1 58	1 60	1 59	1 61	243.51019922834263
1992	1 58	1 60	1 61	1 63	-80.27875890650644
1993	1 58	1 60	1 65	1 67	173.93838361200397
1994	1 58	1 60	1 67	1 69	192.77137275602294
1995	1 58	1 60	1 69	1 71	-25.03527486592602
1996	1 58	1 60	1 71	1 1	-136.80038946957626
1997	1 58	1 60	1 62	1 64	-24.78582990792531
1998	1 58	1 60	1 70	1 72	-12.767351135004027
1999	1 58	1 60	1 72	1 2	-123.69373023164084
2000	1 59	1 61	1 60	1 62	172.65080329178653
2001	1 59	1 61	1 62	1 64	-67.98470430966643
2002	1 59	1 61	1 66	1 68	198.12538592075924
2003	1 59	1 61	1 68	1 70	153.61484489587517
2004	1 59	1 61	1 70	1 72	-20.968407371897303
2005	1 59	1 61	1 72	1 2	-158.14607980517968
2006	1 59	1 61	1 65	1 67	17.799743038273817
2007	1 59	1 61	1 67	1 69	303.89593216135927
2008	1 59	1 61	1 71	1 1	-173.82221086061963
2009	1 60	1 62	1 61	1 63	260.67004877130086
2010	1 60	1 62	1 65	1 67	-17.707298102133755
2011	1 60	1 62	1 67	1 69	153.57729160859688
2012	1 60	1 62	1 69	1 71	187.80057272420532
2013	1 60	1 62	1 71	1 1	-221.17721177653027
2014	1 60	1 62	1 64	1 66	-293.65067533129456
2015	1 60	1 62	1 68	1 70	304.63467963674395
2016	1 60	1 62	1 70	1 72	10.357282584265082
2017	1 60	1 62	1 72	1 2	-197.67281352321854
2018	1 61	1 63	1 62	1 64	256.14658848614073
2019	1 61	1 63	1 66	1 68	-23.568976176543558
2020	1 61	1 63	1 68	1 70	177.45915147322182
2021	1 61	1 63	1 70	1 72	148.16089157387665
2022	1 61	1 63	1 72	1 2	-217.5577420589361
2023	1 61	1 63	1 65	1 67	-11.578464566962761
2024	1 61	1 63	1 67	1 69	8.163660398020426
2025	1 61	1 63	1 69	1 71	293.7849980619619
2026	1 61	1 63	1 71	1 1	-213.7604261095289
2027	1 62	1 64	1 65	1 67	-6.5764237519267965
2028	1 62	1 64	1 67	1 69	-22.085977084916372
2029	1 62	1 64	1 69	1 71	152.81958494238916
2030	1 62	1 64	1 71	1 1	-77.14288700194479
2031	1 62	1 64	1 66	1 68	-14.293209341637123
2032	1 62	1 64	1 68	1 70	3.031362505689599
2033	1 62	1 64	1 70	1 72	251.60749856005953
2034	1 62	1 64	1 72	1 2	-188.1034553474235
2035	1 63	1 65	1 64	1 66	977.0407318538905
2036	1 63	1 65	1 66	1 68	-419.6721910730414
2037	1 63	1 65	1 68	1 70	-329.34355154850016
2038	1 63	1 65	1 70	1 72	-126.47399806973097
2039	1 63	1 65	1 72	1 2	387.66852292658484
2040	1 63	1 65	1 67	1 69	-362.5667290200015
2041	1 63	1 65	1 69	1 71	-298.7038705056612
2042	1 63	1 65	1 71	1 1	401.25871176770966
2043	1 64	1 66	1 65	1 67	-174.98904501894697
2044	1 64	1 66	1 67	1 69	-383.91661542155805
2045	1 64	1 66	1 69	1 71	-327.1823136439508
2046	1 64	1 66	1 71	1 1	378.626574040788
2047	1 64	1 66	1 68	1 70	-327.40364885083216
2048	1 64	1 66	1 70	1 72	-252.19739101026533
2049	1 65	1 67	1 66	1 68	247.3146718558085
2050	1 65	1 67	1 68	1 70	-51.14714653708625
2051	1 65	1 67	1 70	1 72	-8.095027912839907
2052	1 65	1 67	1 72	1 2	-76.62303079416532
2053	1 65	1 67	1 69	1 71	-20.32917981956891
2054	1 65	1 67	1 71	1 1	-82.8058259342012
2055	1 66	1 68	1 67	1 69	266.33205263079344
2056	1 66	1 68	1 69	1 71	-63.14620136571412
2057	1 66	1 68	1 71	1 1	-160.4718072682076
2058	1 67	1 69	1 68	1 70	213.50676337682359
2059	1 67	1 69	1 70	1 72	-49.10056360708535
2060	1 67	1 69	1 72	1 2	-201.61482951301085
2061	1 67	1 69	1 71	1 1	-216.2302680631476
2062	1 68	1 70	1 69	1 71	257.8352948471563
2063	1 68	1 70	1 71	1 1	-300.3493371539416
2064	1 69	1 71	1 70	1 72	273.5891858330634
2065	1 69	1 71	1 72	1 2	-379.5181838229797
2066	1 70	1 72	1 71	1 1	-176.38923303834807
2067	1 71	1 1	1 72	1 2	2038.7240402588063
