3406
1	1 1	1 3	1 2	1 4
2	1 1	1 3	1 6	1 8
3	1 1	1 3	1 8	1 10
4	1 1	1 3	1 10	1 12
5	1 1	1 3	1 12	1 14
6	1 1	1 3	1 14	1 16
7	1 1	1 3	1 16	1 18
8	1 1	1 3	1 18	1 20
9	1 1	1 3	1 20	1 22
10	1 1	1 3	1 5	1 7
11	1 1	1 3	1 9	1 11
12	1 1	1 3	1 11	1 13
13	1 1	1 3	1 13	1 15
14	1 1	1 3	1 15	1 17
15	1 1	1 3	1 17	1 19
16	1 1	1 3	1 19	1 21
17	1 1	1 3	1 24	1 26
18	1 1	1 3	1 26	1 28
19	1 1	1 3	1 28	1 30
20	1 1	1 3	1 30	1 32
21	1 1	1 3	1 34	1 36
22	1 1	1 3	1 36	1 38
23	1 1	1 3	1 38	1 40
24	1 1	1 3	1 25	1 27
25	1 1	1 3	1 27	1 29
26	1 1	1 3	1 29	1 31
27	1 1	1 3	1 33	1 35
28	1 1	1 3	1 35	1 37
29	1 1	1 3	1 37	1 39
30	1 1	1 3	1 41	1 43
31	1 1	1 3	1 43	1 45
32	1 1	1 3	1 42	1 44
33	1 1	1 3	1 44	1 46
34	1 1	1 3	1 46	1 48
35	1 1	1 3	1 50	1 52
36	1 1	1 3	1 52	1 54
37	1 1	1 3	1 54	1 56
38	1 1	1 3	1 56	1 58
39	1 1	1 3	1 58	1 60
40	1 1	1 3	1 60	1 62
41	1 1	1 3	1 45	1 47
42	1 1	1 3	1 49	1 51
43	1 1	1 3	1 51	1 53
44	1 1	1 3	1 53	1 55
45	1 1	1 3	1 55	1 57
46	1 1	1 3	1 57	1 59
47	1 1	1 3	1 59	1 61
48	1 1	1 3	1 61	1 63
49	1 1	1 3	1 63	1 65
50	1 1	1 3	1 62	1 64
51	1 1	1 3	1 64	1 66
52	1 1	1 3	1 66	1 68
53	1 1	1 3	1 68	1 70
54	1 1	1 3	1 70	1 72
55	1 1	1 3	1 65	1 67
56	1 1	1 3	1 67	1 69
57	1 1	1 3	1 69	1 71
58	1 2	1 4	1 3	1 5
59	1 2	1 4	1 5	1 7
60	1 2	1 4	1 7	1 9
61	1 2	1 4	1 9	1 11
62	1 2	1 4	1 11	1 13
63	1 2	1 4	1 13	1 15
64	1 2	1 4	1 15	1 17
65	1 2	1 4	1 17	1 19
66	1 2	1 4	1 19	1 21
67	1 2	1 4	1 6	1 8
68	1 2	1 4	1 10	1 12
69	1 2	1 4	1 12	1 14
70	1 2	1 4	1 14	1 16
71	1 2	1 4	1 16	1 18
72	1 2	1 4	1 18	1 20
73	1 2	1 4	1 20	1 22
74	1 2	1 4	1 24	1 26
75	1 2	1 4	1 23	1 25
76	1 2	1 4	1 25	1 27
77	1 2	1 4	1 27	1 29
78	1 2	1 4	1 29	1 31
79	1 2	1 4	1 33	1 35
80	1 2	1 4	1 35	1 37
81	1 2	1 4	1 37	1 39
82	1 2	1 4	1 41	1 43
83	1 2	1 4	1 26	1 28
84	1 2	1 4	1 28	1 30
85	1 2	1 4	1 30	1 32
86	1 2	1 4	1 34	1 36
87	1 2	1 4	1 36	1 38
88	1 2	1 4	1 38	1 40
89	1 2	1 4	1 42	1 44
90	1 2	1 4	1 44	1 46
91	1 2	1 4	1 43	1 45
92	1 2	1 4	1 45	1 47
93	1 2	1 4	1 49	1 51
94	1 2	1 4	1 51	1 53
95	1 2	1 4	1 53	1 55
96	1 2	1 4	1 57	1 59
97	1 2	1 4	1 59	1 61
98	1 2	1 4	1 61	1 63
99	1 2	1 4	1 46	1 48
100	1 2	1 4	1 50	1 52
101	1 2	1 4	1 52	1 54
102	1 2	1 4	1 54	1 56
103	1 2	1 4	1 56	1 58
104	1 2	1 4	1 58	1 60
105	1 2	1 4	1 60	1 62
106	1 2	1 4	1 62	1 64
107	1 2	1 4	1 64	1 66
108	1 2	1 4	1 63	1 65
109	1 2	1 4	1 65	1 67
110	1 2	1 4	1 67	1 69
111	1 2	1 4	1 69	1 71
112	1 2	1 4	1 1	1 3
113	1 2	1 4	1 66	1 68
114	1 2	1 4	1 68	1 70
115	1 2	1 4	1 70	1 72
116	1 3	1 5	1 4	1 6
117	1 3	1 5	1 6	1 8
118	1 3	1 5	1 8	1 10
119	1 3	1 5	1 10	1 12
120	1 3	1 5	1 12	1 14
121	1 3	1 5	1 14	1 16
122	1 3	1 5	1 16	1 18
123	1 3	1 5	1 18	1 20
124	1 3	1 5	1 20	1 22
125	1 3	1 5	1 9	1 11
126	1 3	1 5	1 11	1 13
127	1 3	1 5	1 13	1 15
128	1 3	1 5	1 15	1 17
129	1 3	1 5	1 17	1 19
130	1 3	1 5	1 19	1 21
131	1 3	1 5	1 21	1 23
132	1 3	1 5	1 23	1 25
133	1 3	1 5	1 25	1 27
134	1 3	1 5	1 24	1 26
135	1 3	1 5	1 26	1 28
136	1 3	1 5	1 28	1 30
137	1 3	1 5	1 30	1 32
138	1 3	1 5	1 34	1 36
139	1 3	1 5	1 36	1 38
140	1 3	1 5	1 38	1 40
141	1 3	1 5	1 40	1 42
142	1 3	1 5	1 42	1 44
143	1 3	1 5	1 27	1 29
144	1 3	1 5	1 29	1 31
145	1 3	1 5	1 33	1 35
146	1 3	1 5	1 35	1 37
147	1 3	1 5	1 37	1 39
148	1 3	1 5	1 41	1 43
149	1 3	1 5	1 43	1 45
150	1 3	1 5	1 45	1 47
151	1 3	1 5	1 44	1 46
152	1 3	1 5	1 46	1 48
153	1 3	1 5	1 48	1 50
154	1 3	1 5	1 50	1 52
155	1 3	1 5	1 52	1 54
156	1 3	1 5	1 54	1 56
157	1 3	1 5	1 56	1 58
158	1 3	1 5	1 58	1 60
159	1 3	1 5	1 60	1 62
160	1 3	1 5	1 62	1 64
161	1 3	1 5	1 47	1 49
162	1 3	1 5	1 49	1 51
163	1 3	1 5	1 51	1 53
164	1 3	1 5	1 53	1 55
165	1 3	1 5	1 55	1 57
166	1 3	1 5	1 59	1 61
167	1 3	1 5	1 61	1 63
168	1 3	1 5	1 63	1 65
169	1 3	1 5	1 65	1 67
170	1 3	1 5	1 64	1 66
171	1 3	1 5	1 66	1 68
172	1 3	1 5	1 68	1 70
173	1 3	1 5	1 70	1 72
174	1 3	1 5	1 2	1 4
175	1 3	1 5	1 67	1 69
176	1 3	1 5	1 69	1 71
177	1 4	1 6	1 5	1 7
178	1 4	1 6	1 7	1 9
179	1 4	1 6	1 9	1 11
180	1 4	1 6	1 11	1 13
181	1 4	1 6	1 13	1 15
182	1 4	1 6	1 17	1 19
183	1 4	1 6	1 19	1 21
184	1 4	1 6	1 21	1 23
185	1 4	1 6	1 23	1 25
186	1 4	1 6	1 12	1 14
187	1 4	1 6	1 14	1 16
188	1 4	1 6	1 16	1 18
189	1 4	1 6	1 18	1 20
190	1 4	1 6	1 20	1 22
191	1 4	1 6	1 22	1 24
192	1 4	1 6	1 24	1 26
193	1 4	1 6	1 26	1 28
194	1 4	1 6	1 25	1 27
195	1 4	1 6	1 27	1 29
196	1 4	1 6	1 29	1 31
197	1 4	1 6	1 33	1 35
198	1 4	1 6	1 35	1 37
199	1 4	1 6	1 37	1 39
200	1 4	1 6	1 39	1 41
201	1 4	1 6	1 41	1 43
202	1 4	1 6	1 43	1 45
203	1 4	1 6	1 28	1 30
204	1 4	1 6	1 30	1 32
205	1 4	1 6	1 34	1 36
206	1 4	1 6	1 36	1 38
207	1 4	1 6	1 38	1 40
208	1 4	1 6	1 42	1 44
209	1 4	1 6	1 44	1 46
210	1 4	1 6	1 46	1 48
211	1 4	1 6	1 45	1 47
212	1 4	1 6	1 47	1 49
213	1 4	1 6	1 49	1 51
214	1 4	1 6	1 51	1 53
215	1 4	1 6	1 53	1 55
216	1 4	1 6	1 55	1 57
217	1 4	1 6	1 57	1 59
218	1 4	1 6	1 59	1 61
219	1 4	1 6	1 61	1 63
220	1 4	1 6	1 63	1 65
221	1 4	1 6	1 50	1 52
222	1 4	1 6	1 52	1 54
223	1 4	1 6	1 54	1 56
224	1 4	1 6	1 56	1 58
225	1 4	1 6	1 58	1 60
226	1 4	1 6	1 60	1 62
227	1 4	1 6	1 62	1 64
228	1 4	1 6	1 64	1 66
229	1 4	1 6	1 66	1 68
230	1 4	1 6	1 65	1 67
231	1 4	1 6	1 67	1 69
232	1 4	1 6	1 69	1 71
233	1 4	1 6	1 3	1 5
234	1 4	1 6	1 68	1 70
235	1 4	1 6	1 70	1 72
236	1 5	1 7	1 6	1 8
237	1 5	1 7	1 8	1 10
238	1 5	1 7	1 12	1 14
239	1 5	1 7	1 14	1 16
240	1 5	1 7	1 20	1 22
241	1 5	1 7	1 22	1 24
242	1 5	1 7	1 24	1 26
243	1 5	1 7	1 9	1 11
244	1 5	1 7	1 11	1 13
245	1 5	1 7	1 13	1 15
246	1 5	1 7	1 15	1 17
247	1 5	1 7	1 19	1 21
248	1 5	1 7	1 21	1 23
249	1 5	1 7	1 27	1 29
250	1 5	1 7	1 26	1 28
251	1 5	1 7	1 28	1 30
252	1 5	1 7	1 30	1 32
253	1 5	1 7	1 34	1 36
254	1 5	1 7	1 36	1 38
255	1 5	1 7	1 38	1 40
256	1 5	1 7	1 42	1 44
257	1 5	1 7	1 44	1 46
258	1 5	1 7	1 29	1 31
259	1 5	1 7	1 35	1 37
260	1 5	1 7	1 37	1 39
261	1 5	1 7	1 41	1 43
262	1 5	1 7	1 43	1 45
263	1 5	1 7	1 45	1 47
264	1 5	1 7	1 46	1 48
265	1 5	1 7	1 50	1 52
266	1 5	1 7	1 52	1 54
267	1 5	1 7	1 54	1 56
268	1 5	1 7	1 56	1 58
269	1 5	1 7	1 58	1 60
270	1 5	1 7	1 60	1 62
271	1 5	1 7	1 62	1 64
272	1 5	1 7	1 64	1 66
273	1 5	1 7	1 49	1 51
274	1 5	1 7	1 51	1 53
275	1 5	1 7	1 53	1 55
276	1 5	1 7	1 55	1 57
277	1 5	1 7	1 57	1 59
278	1 5	1 7	1 59	1 61
279	1 5	1 7	1 61	1 63
280	1 5	1 7	1 63	1 65
281	1 5	1 7	1 65	1 67
282	1 5	1 7	1 67	1 69
283	1 5	1 7	1 66	1 68
284	1 5	1 7	1 68	1 70
285	1 5	1 7	1 70	1 72
286	1 5	1 7	1 2	1 4
287	1 5	1 7	1 4	1 6
288	1 5	1 7	1 69	1 71
289	1 5	1 7	1 1	1 3
290	1 6	1 8	1 7	1 9
291	1 6	1 8	1 9	1 11
292	1 6	1 8	1 11	1 13
293	1 6	1 8	1 13	1 15
294	1 6	1 8	1 17	1 19
295	1 6	1 8	1 19	1 21
296	1 6	1 8	1 21	1 23
297	1 6	1 8	1 23	1 25
298	1 6	1 8	1 10	1 12
299	1 6	1 8	1 12	1 14
300	1 6	1 8	1 14	1 16
301	1 6	1 8	1 16	1 18
302	1 6	1 8	1 20	1 22
303	1 6	1 8	1 22	1 24
304	1 6	1 8	1 24	1 26
305	1 6	1 8	1 26	1 28
306	1 6	1 8	1 28	1 30
307	1 6	1 8	1 27	1 29
308	1 6	1 8	1 29	1 31
309	1 6	1 8	1 35	1 37
310	1 6	1 8	1 37	1 39
311	1 6	1 8	1 41	1 43
312	1 6	1 8	1 43	1 45
313	1 6	1 8	1 45	1 47
314	1 6	1 8	1 30	1 32
315	1 6	1 8	1 34	1 36
316	1 6	1 8	1 36	1 38
317	1 6	1 8	1 38	1 40
318	1 6	1 8	1 42	1 44
319	1 6	1 8	1 44	1 46
320	1 6	1 8	1 46	1 48
321	1 6	1 8	1 49	1 51
322	1 6	1 8	1 51	1 53
323	1 6	1 8	1 53	1 55
324	1 6	1 8	1 55	1 57
325	1 6	1 8	1 57	1 59
326	1 6	1 8	1 59	1 61
327	1 6	1 8	1 61	1 63
328	1 6	1 8	1 63	1 65
329	1 6	1 8	1 65	1 67
330	1 6	1 8	1 50	1 52
331	1 6	1 8	1 52	1 54
332	1 6	1 8	1 54	1 56
333	1 6	1 8	1 56	1 58
334	1 6	1 8	1 58	1 60
335	1 6	1 8	1 60	1 62
336	1 6	1 8	1 62	1 64
337	1 6	1 8	1 64	1 66
338	1 6	1 8	1 66	1 68
339	1 6	1 8	1 68	1 70
340	1 6	1 8	1 67	1 69
341	1 6	1 8	1 69	1 71
342	1 6	1 8	1 1	1 3
343	1 6	1 8	1 3	1 5
344	1 6	1 8	1 5	1 7
345	1 6	1 8	1 70	1 72
346	1 6	1 8	1 2	1 4
347	1 7	1 9	1 16	1 18
348	1 7	1 9	1 17	1 19
349	1 7	1 9	1 32	1 34
350	1 7	1 9	1 40	1 42
351	1 7	1 9	1 42	1 44
352	1 7	1 9	1 33	1 35
353	1 7	1 9	1 35	1 37
354	1 7	1 9	1 37	1 39
355	1 7	1 9	1 41	1 43
356	1 7	1 9	1 43	1 45
357	1 7	1 9	1 45	1 47
358	1 7	1 9	1 47	1 49
359	1 7	1 9	1 49	1 51
360	1 7	1 9	1 48	1 50
361	1 7	1 9	1 50	1 52
362	1 7	1 9	1 52	1 54
363	1 7	1 9	1 54	1 56
364	1 7	1 9	1 56	1 58
365	1 7	1 9	1 58	1 60
366	1 7	1 9	1 60	1 62
367	1 7	1 9	1 62	1 64
368	1 7	1 9	1 64	1 66
369	1 7	1 9	1 66	1 68
370	1 7	1 9	1 51	1 53
371	1 7	1 9	1 53	1 55
372	1 7	1 9	1 55	1 57
373	1 7	1 9	1 59	1 61
374	1 7	1 9	1 61	1 63
375	1 7	1 9	1 63	1 65
376	1 7	1 9	1 65	1 67
377	1 7	1 9	1 67	1 69
378	1 7	1 9	1 69	1 71
379	1 7	1 9	1 68	1 70
380	1 7	1 9	1 70	1 72
381	1 7	1 9	1 2	1 4
382	1 7	1 9	1 4	1 6
383	1 7	1 9	1 6	1 8
384	1 8	1 10	1 15	1 17
385	1 8	1 10	1 33	1 35
386	1 8	1 10	1 39	1 41
387	1 8	1 10	1 41	1 43
388	1 8	1 10	1 47	1 49
389	1 8	1 10	1 40	1 42
390	1 8	1 10	1 44	1 46
391	1 8	1 10	1 48	1 50
392	1 8	1 10	1 49	1 51
393	1 8	1 10	1 51	1 53
394	1 8	1 10	1 53	1 55
395	1 8	1 10	1 55	1 57
396	1 8	1 10	1 57	1 59
397	1 8	1 10	1 59	1 61
398	1 8	1 10	1 61	1 63
399	1 8	1 10	1 63	1 65
400	1 8	1 10	1 65	1 67
401	1 8	1 10	1 67	1 69
402	1 8	1 10	1 52	1 54
403	1 8	1 10	1 54	1 56
404	1 8	1 10	1 56	1 58
405	1 8	1 10	1 58	1 60
406	1 8	1 10	1 60	1 62
407	1 8	1 10	1 62	1 64
408	1 8	1 10	1 64	1 66
409	1 8	1 10	1 66	1 68
410	1 8	1 10	1 68	1 70
411	1 8	1 10	1 70	1 72
412	1 8	1 10	1 1	1 3
413	1 8	1 10	1 3	1 5
414	1 8	1 10	1 5	1 7
415	1 9	1 11	1 10	1 12
416	1 9	1 11	1 12	1 14
417	1 9	1 11	1 14	1 16
418	1 9	1 11	1 18	1 20
419	1 9	1 11	1 20	1 22
420	1 9	1 11	1 22	1 24
421	1 9	1 11	1 24	1 26
422	1 9	1 11	1 26	1 28
423	1 9	1 11	1 28	1 30
424	1 9	1 11	1 13	1 15
425	1 9	1 11	1 17	1 19
426	1 9	1 11	1 19	1 21
427	1 9	1 11	1 21	1 23
428	1 9	1 11	1 23	1 25
429	1 9	1 11	1 25	1 27
430	1 9	1 11	1 27	1 29
431	1 9	1 11	1 30	1 32
432	1 9	1 11	1 34	1 36
433	1 9	1 11	1 36	1 38
434	1 9	1 11	1 38	1 40
435	1 9	1 11	1 42	1 44
436	1 9	1 11	1 44	1 46
437	1 9	1 11	1 46	1 48
438	1 9	1 11	1 48	1 50
439	1 9	1 11	1 33	1 35
440	1 9	1 11	1 35	1 37
441	1 9	1 11	1 37	1 39
442	1 9	1 11	1 41	1 43
443	1 9	1 11	1 43	1 45
444	1 9	1 11	1 45	1 47
445	1 9	1 11	1 47	1 49
446	1 9	1 11	1 49	1 51
447	1 9	1 11	1 51	1 53
448	1 9	1 11	1 50	1 52
449	1 9	1 11	1 52	1 54
450	1 9	1 11	1 54	1 56
451	1 9	1 11	1 56	1 58
452	1 9	1 11	1 58	1 60
453	1 9	1 11	1 60	1 62
454	1 9	1 11	1 62	1 64
455	1 9	1 11	1 64	1 66
456	1 9	1 11	1 66	1 68
457	1 9	1 11	1 68	1 70
458	1 9	1 11	1 53	1 55
459	1 9	1 11	1 55	1 57
460	1 9	1 11	1 57	1 59
461	1 9	1 11	1 59	1 61
462	1 9	1 11	1 61	1 63
463	1 9	1 11	1 63	1 65
464	1 9	1 11	1 65	1 67
465	1 9	1 11	1 67	1 69
466	1 9	1 11	1 69	1 71
467	1 9	1 11	1 70	1 72
468	1 9	1 11	1 2	1 4
469	1 9	1 11	1 4	1 6
470	1 9	1 11	1 6	1 8
471	1 10	1 12	1 11	1 13
472	1 10	1 12	1 13	1 15
473	1 10	1 12	1 17	1 19
474	1 10	1 12	1 19	1 21
475	1 10	1 12	1 21	1 23
476	1 10	1 12	1 23	1 25
477	1 10	1 12	1 25	1 27
478	1 10	1 12	1 27	1 29
479	1 10	1 12	1 14	1 16
480	1 10	1 12	1 18	1 20
481	1 10	1 12	1 22	1 24
482	1 10	1 12	1 24	1 26
483	1 10	1 12	1 26	1 28
484	1 10	1 12	1 28	1 30
485	1 10	1 12	1 33	1 35
486	1 10	1 12	1 35	1 37
487	1 10	1 12	1 37	1 39
488	1 10	1 12	1 41	1 43
489	1 10	1 12	1 43	1 45
490	1 10	1 12	1 45	1 47
491	1 10	1 12	1 47	1 49
492	1 10	1 12	1 49	1 51
493	1 10	1 12	1 34	1 36
494	1 10	1 12	1 36	1 38
495	1 10	1 12	1 38	1 40
496	1 10	1 12	1 42	1 44
497	1 10	1 12	1 44	1 46
498	1 10	1 12	1 46	1 48
499	1 10	1 12	1 50	1 52
500	1 10	1 12	1 52	1 54
501	1 10	1 12	1 51	1 53
502	1 10	1 12	1 53	1 55
503	1 10	1 12	1 55	1 57
504	1 10	1 12	1 57	1 59
505	1 10	1 12	1 59	1 61
506	1 10	1 12	1 61	1 63
507	1 10	1 12	1 63	1 65
508	1 10	1 12	1 65	1 67
509	1 10	1 12	1 67	1 69
510	1 10	1 12	1 69	1 71
511	1 10	1 12	1 54	1 56
512	1 10	1 12	1 56	1 58
513	1 10	1 12	1 58	1 60
514	1 10	1 12	1 60	1 62
515	1 10	1 12	1 62	1 64
516	1 10	1 12	1 64	1 66
517	1 10	1 12	1 66	1 68
518	1 10	1 12	1 68	1 70
519	1 10	1 12	1 70	1 72
520	1 10	1 12	1 1	1 3
521	1 10	1 12	1 3	1 5
522	1 10	1 12	1 9	1 11
523	1 11	1 13	1 12	1 14
524	1 11	1 13	1 14	1 16
525	1 11	1 13	1 18	1 20
526	1 11	1 13	1 20	1 22
527	1 11	1 13	1 22	1 24
528	1 11	1 13	1 24	1 26
529	1 11	1 13	1 26	1 28
530	1 11	1 13	1 28	1 30
531	1 11	1 13	1 30	1 32
532	1 11	1 13	1 17	1 19
533	1 11	1 13	1 19	1 21
534	1 11	1 13	1 25	1 27
535	1 11	1 13	1 27	1 29
536	1 11	1 13	1 29	1 31
537	1 11	1 13	1 33	1 35
538	1 11	1 13	1 34	1 36
539	1 11	1 13	1 36	1 38
540	1 11	1 13	1 38	1 40
541	1 11	1 13	1 42	1 44
542	1 11	1 13	1 44	1 46
543	1 11	1 13	1 46	1 48
544	1 11	1 13	1 50	1 52
545	1 11	1 13	1 35	1 37
546	1 11	1 13	1 37	1 39
547	1 11	1 13	1 41	1 43
548	1 11	1 13	1 43	1 45
549	1 11	1 13	1 45	1 47
550	1 11	1 13	1 49	1 51
551	1 11	1 13	1 51	1 53
552	1 11	1 13	1 53	1 55
553	1 11	1 13	1 52	1 54
554	1 11	1 13	1 54	1 56
555	1 11	1 13	1 56	1 58
556	1 11	1 13	1 58	1 60
557	1 11	1 13	1 60	1 62
558	1 11	1 13	1 62	1 64
559	1 11	1 13	1 64	1 66
560	1 11	1 13	1 66	1 68
561	1 11	1 13	1 68	1 70
562	1 11	1 13	1 70	1 72
563	1 11	1 13	1 55	1 57
564	1 11	1 13	1 57	1 59
565	1 11	1 13	1 59	1 61
566	1 11	1 13	1 61	1 63
567	1 11	1 13	1 63	1 65
568	1 11	1 13	1 65	1 67
569	1 11	1 13	1 67	1 69
570	1 11	1 13	1 69	1 71
571	1 11	1 13	1 1	1 3
572	1 11	1 13	1 2	1 4
573	1 11	1 13	1 4	1 6
574	1 11	1 13	1 6	1 8
575	1 11	1 13	1 10	1 12
576	1 12	1 14	1 13	1 15
577	1 12	1 14	1 17	1 19
578	1 12	1 14	1 19	1 21
579	1 12	1 14	1 21	1 23
580	1 12	1 14	1 25	1 27
581	1 12	1 14	1 27	1 29
582	1 12	1 14	1 29	1 31
583	1 12	1 14	1 20	1 22
584	1 12	1 14	1 24	1 26
585	1 12	1 14	1 26	1 28
586	1 12	1 14	1 28	1 30
587	1 12	1 14	1 30	1 32
588	1 12	1 14	1 34	1 36
589	1 12	1 14	1 33	1 35
590	1 12	1 14	1 35	1 37
591	1 12	1 14	1 37	1 39
592	1 12	1 14	1 41	1 43
593	1 12	1 14	1 43	1 45
594	1 12	1 14	1 45	1 47
595	1 12	1 14	1 49	1 51
596	1 12	1 14	1 51	1 53
597	1 12	1 14	1 36	1 38
598	1 12	1 14	1 38	1 40
599	1 12	1 14	1 42	1 44
600	1 12	1 14	1 44	1 46
601	1 12	1 14	1 46	1 48
602	1 12	1 14	1 50	1 52
603	1 12	1 14	1 52	1 54
604	1 12	1 14	1 54	1 56
605	1 12	1 14	1 53	1 55
606	1 12	1 14	1 55	1 57
607	1 12	1 14	1 57	1 59
608	1 12	1 14	1 59	1 61
609	1 12	1 14	1 61	1 63
610	1 12	1 14	1 63	1 65
611	1 12	1 14	1 65	1 67
612	1 12	1 14	1 67	1 69
613	1 12	1 14	1 69	1 71
614	1 12	1 14	1 56	1 58
615	1 12	1 14	1 58	1 60
616	1 12	1 14	1 60	1 62
617	1 12	1 14	1 62	1 64
618	1 12	1 14	1 64	1 66
619	1 12	1 14	1 66	1 68
620	1 12	1 14	1 68	1 70
621	1 12	1 14	1 70	1 72
622	1 12	1 14	1 2	1 4
623	1 13	1 15	1 14	1 16
624	1 13	1 15	1 18	1 20
625	1 13	1 15	1 20	1 22
626	1 13	1 15	1 22	1 24
627	1 13	1 15	1 28	1 30
628	1 13	1 15	1 30	1 32
629	1 13	1 15	1 17	1 19
630	1 13	1 15	1 21	1 23
631	1 13	1 15	1 27	1 29
632	1 13	1 15	1 29	1 31
633	1 13	1 15	1 35	1 37
634	1 13	1 15	1 34	1 36
635	1 13	1 15	1 36	1 38
636	1 13	1 15	1 38	1 40
637	1 13	1 15	1 42	1 44
638	1 13	1 15	1 44	1 46
639	1 13	1 15	1 46	1 48
640	1 13	1 15	1 50	1 52
641	1 13	1 15	1 52	1 54
642	1 13	1 15	1 37	1 39
643	1 13	1 15	1 41	1 43
644	1 13	1 15	1 43	1 45
645	1 13	1 15	1 45	1 47
646	1 13	1 15	1 49	1 51
647	1 13	1 15	1 51	1 53
648	1 13	1 15	1 53	1 55
649	1 13	1 15	1 55	1 57
650	1 13	1 15	1 54	1 56
651	1 13	1 15	1 56	1 58
652	1 13	1 15	1 58	1 60
653	1 13	1 15	1 60	1 62
654	1 13	1 15	1 62	1 64
655	1 13	1 15	1 64	1 66
656	1 13	1 15	1 66	1 68
657	1 13	1 15	1 68	1 70
658	1 13	1 15	1 70	1 72
659	1 13	1 15	1 57	1 59
660	1 13	1 15	1 59	1 61
661	1 13	1 15	1 61	1 63
662	1 13	1 15	1 63	1 65
663	1 13	1 15	1 65	1 67
664	1 13	1 15	1 67	1 69
665	1 13	1 15	1 69	1 71
666	1 13	1 15	1 1	1 3
667	1 13	1 15	1 3	1 5
668	1 14	1 16	1 17	1 19
669	1 14	1 16	1 19	1 21
670	1 14	1 16	1 21	1 23
671	1 14	1 16	1 29	1 31
672	1 14	1 16	1 18	1 20
673	1 14	1 16	1 22	1 24
674	1 14	1 16	1 24	1 26
675	1 14	1 16	1 26	1 28
676	1 14	1 16	1 28	1 30
677	1 14	1 16	1 30	1 32
678	1 14	1 16	1 34	1 36
679	1 14	1 16	1 36	1 38
680	1 14	1 16	1 35	1 37
681	1 14	1 16	1 37	1 39
682	1 14	1 16	1 41	1 43
683	1 14	1 16	1 43	1 45
684	1 14	1 16	1 45	1 47
685	1 14	1 16	1 49	1 51
686	1 14	1 16	1 51	1 53
687	1 14	1 16	1 53	1 55
688	1 14	1 16	1 38	1 40
689	1 14	1 16	1 42	1 44
690	1 14	1 16	1 44	1 46
691	1 14	1 16	1 46	1 48
692	1 14	1 16	1 50	1 52
693	1 14	1 16	1 52	1 54
694	1 14	1 16	1 54	1 56
695	1 14	1 16	1 56	1 58
696	1 14	1 16	1 55	1 57
697	1 14	1 16	1 57	1 59
698	1 14	1 16	1 59	1 61
699	1 14	1 16	1 61	1 63
700	1 14	1 16	1 63	1 65
701	1 14	1 16	1 65	1 67
702	1 14	1 16	1 67	1 69
703	1 14	1 16	1 69	1 71
704	1 14	1 16	1 1	1 3
705	1 14	1 16	1 58	1 60
706	1 14	1 16	1 60	1 62
707	1 14	1 16	1 62	1 64
708	1 14	1 16	1 64	1 66
709	1 14	1 16	1 66	1 68
710	1 14	1 16	1 68	1 70
711	1 14	1 16	1 70	1 72
712	1 14	1 16	1 2	1 4
713	1 14	1 16	1 4	1 6
714	1 15	1 17	1 24	1 26
715	1 15	1 17	1 32	1 34
716	1 15	1 17	1 31	1 33
717	1 15	1 17	1 36	1 38
718	1 15	1 17	1 38	1 40
719	1 15	1 17	1 40	1 42
720	1 15	1 17	1 42	1 44
721	1 15	1 17	1 44	1 46
722	1 15	1 17	1 48	1 50
723	1 15	1 17	1 50	1 52
724	1 15	1 17	1 52	1 54
725	1 15	1 17	1 41	1 43
726	1 15	1 17	1 43	1 45
727	1 15	1 17	1 45	1 47
728	1 15	1 17	1 47	1 49
729	1 15	1 17	1 49	1 51
730	1 15	1 17	1 51	1 53
731	1 15	1 17	1 53	1 55
732	1 15	1 17	1 55	1 57
733	1 15	1 17	1 57	1 59
734	1 15	1 17	1 56	1 58
735	1 15	1 17	1 58	1 60
736	1 15	1 17	1 60	1 62
737	1 15	1 17	1 62	1 64
738	1 15	1 17	1 64	1 66
739	1 15	1 17	1 66	1 68
740	1 15	1 17	1 68	1 70
741	1 15	1 17	1 70	1 72
742	1 15	1 17	1 2	1 4
743	1 15	1 17	1 59	1 61
744	1 15	1 17	1 61	1 63
745	1 15	1 17	1 63	1 65
746	1 15	1 17	1 65	1 67
747	1 15	1 17	1 67	1 69
748	1 15	1 17	1 69	1 71
749	1 15	1 17	1 1	1 3
750	1 15	1 17	1 3	1 5
751	1 15	1 17	1 5	1 7
752	1 16	1 18	1 23	1 25
753	1 16	1 18	1 31	1 33
754	1 16	1 18	1 24	1 26
755	1 16	1 18	1 32	1 34
756	1 16	1 18	1 37	1 39
757	1 16	1 18	1 39	1 41
758	1 16	1 18	1 41	1 43
759	1 16	1 18	1 43	1 45
760	1 16	1 18	1 45	1 47
761	1 16	1 18	1 47	1 49
762	1 16	1 18	1 49	1 51
763	1 16	1 18	1 51	1 53
764	1 16	1 18	1 53	1 55
765	1 16	1 18	1 55	1 57
766	1 16	1 18	1 42	1 44
767	1 16	1 18	1 44	1 46
768	1 16	1 18	1 46	1 48
769	1 16	1 18	1 48	1 50
770	1 16	1 18	1 50	1 52
771	1 16	1 18	1 52	1 54
772	1 16	1 18	1 56	1 58
773	1 16	1 18	1 58	1 60
774	1 16	1 18	1 57	1 59
775	1 16	1 18	1 59	1 61
776	1 16	1 18	1 61	1 63
777	1 16	1 18	1 63	1 65
778	1 16	1 18	1 65	1 67
779	1 16	1 18	1 67	1 69
780	1 16	1 18	1 69	1 71
781	1 16	1 18	1 1	1 3
782	1 16	1 18	1 3	1 5
783	1 16	1 18	1 60	1 62
784	1 16	1 18	1 62	1 64
785	1 16	1 18	1 64	1 66
786	1 16	1 18	1 66	1 68
787	1 16	1 18	1 68	1 70
788	1 16	1 18	1 70	1 72
789	1 16	1 18	1 72	1 2
790	1 16	1 18	1 2	1 4
791	1 16	1 18	1 4	1 6
792	1 16	1 18	1 6	1 8
793	1 17	1 19	1 18	1 20
794	1 17	1 19	1 20	1 22
795	1 17	1 19	1 22	1 24
796	1 17	1 19	1 26	1 28
797	1 17	1 19	1 30	1 32
798	1 17	1 19	1 34	1 36
799	1 17	1 19	1 36	1 38
800	1 17	1 19	1 21	1 23
801	1 17	1 19	1 25	1 27
802	1 17	1 19	1 29	1 31
803	1 17	1 19	1 33	1 35
804	1 17	1 19	1 35	1 37
805	1 17	1 19	1 37	1 39
806	1 17	1 19	1 42	1 44
807	1 17	1 19	1 44	1 46
808	1 17	1 19	1 46	1 48
809	1 17	1 19	1 50	1 52
810	1 17	1 19	1 52	1 54
811	1 17	1 19	1 54	1 56
812	1 17	1 19	1 56	1 58
813	1 17	1 19	1 41	1 43
814	1 17	1 19	1 43	1 45
815	1 17	1 19	1 45	1 47
816	1 17	1 19	1 49	1 51
817	1 17	1 19	1 51	1 53
818	1 17	1 19	1 53	1 55
819	1 17	1 19	1 55	1 57
820	1 17	1 19	1 57	1 59
821	1 17	1 19	1 59	1 61
822	1 17	1 19	1 58	1 60
823	1 17	1 19	1 60	1 62
824	1 17	1 19	1 62	1 64
825	1 17	1 19	1 64	1 66
826	1 17	1 19	1 66	1 68
827	1 17	1 19	1 68	1 70
828	1 17	1 19	1 70	1 72
829	1 17	1 19	1 2	1 4
830	1 17	1 19	1 4	1 6
831	1 17	1 19	1 61	1 63
832	1 17	1 19	1 63	1 65
833	1 17	1 19	1 65	1 67
834	1 17	1 19	1 67	1 69
835	1 17	1 19	1 69	1 71
836	1 17	1 19	1 1	1 3
837	1 17	1 19	1 3	1 5
838	1 17	1 19	1 7	1 9
839	1 18	1 20	1 19	1 21
840	1 18	1 20	1 21	1 23
841	1 18	1 20	1 25	1 27
842	1 18	1 20	1 27	1 29
843	1 18	1 20	1 29	1 31
844	1 18	1 20	1 33	1 35
845	1 18	1 20	1 35	1 37
846	1 18	1 20	1 37	1 39
847	1 18	1 20	1 22	1 24
848	1 18	1 20	1 30	1 32
849	1 18	1 20	1 34	1 36
850	1 18	1 20	1 36	1 38
851	1 18	1 20	1 38	1 40
852	1 18	1 20	1 41	1 43
853	1 18	1 20	1 43	1 45
854	1 18	1 20	1 45	1 47
855	1 18	1 20	1 49	1 51
856	1 18	1 20	1 51	1 53
857	1 18	1 20	1 53	1 55
858	1 18	1 20	1 55	1 57
859	1 18	1 20	1 57	1 59
860	1 18	1 20	1 42	1 44
861	1 18	1 20	1 44	1 46
862	1 18	1 20	1 46	1 48
863	1 18	1 20	1 50	1 52
864	1 18	1 20	1 52	1 54
865	1 18	1 20	1 54	1 56
866	1 18	1 20	1 56	1 58
867	1 18	1 20	1 58	1 60
868	1 18	1 20	1 60	1 62
869	1 18	1 20	1 59	1 61
870	1 18	1 20	1 61	1 63
871	1 18	1 20	1 63	1 65
872	1 18	1 20	1 65	1 67
873	1 18	1 20	1 67	1 69
874	1 18	1 20	1 69	1 71
875	1 18	1 20	1 1	1 3
876	1 18	1 20	1 3	1 5
877	1 18	1 20	1 62	1 64
878	1 18	1 20	1 66	1 68
879	1 18	1 20	1 68	1 70
880	1 18	1 20	1 70	1 72
881	1 18	1 20	1 2	1 4
882	1 18	1 20	1 4	1 6
883	1 19	1 21	1 20	1 22
884	1 19	1 21	1 22	1 24
885	1 19	1 21	1 26	1 28
886	1 19	1 21	1 28	1 30
887	1 19	1 21	1 30	1 32
888	1 19	1 21	1 34	1 36
889	1 19	1 21	1 36	1 38
890	1 19	1 21	1 38	1 40
891	1 19	1 21	1 25	1 27
892	1 19	1 21	1 27	1 29
893	1 19	1 21	1 29	1 31
894	1 19	1 21	1 33	1 35
895	1 19	1 21	1 35	1 37
896	1 19	1 21	1 37	1 39
897	1 19	1 21	1 41	1 43
898	1 19	1 21	1 42	1 44
899	1 19	1 21	1 44	1 46
900	1 19	1 21	1 46	1 48
901	1 19	1 21	1 50	1 52
902	1 19	1 21	1 52	1 54
903	1 19	1 21	1 54	1 56
904	1 19	1 21	1 56	1 58
905	1 19	1 21	1 58	1 60
906	1 19	1 21	1 43	1 45
907	1 19	1 21	1 45	1 47
908	1 19	1 21	1 49	1 51
909	1 19	1 21	1 51	1 53
910	1 19	1 21	1 53	1 55
911	1 19	1 21	1 55	1 57
912	1 19	1 21	1 57	1 59
913	1 19	1 21	1 59	1 61
914	1 19	1 21	1 61	1 63
915	1 19	1 21	1 60	1 62
916	1 19	1 21	1 62	1 64
917	1 19	1 21	1 64	1 66
918	1 19	1 21	1 66	1 68
919	1 19	1 21	1 68	1 70
920	1 19	1 21	1 70	1 72
921	1 19	1 21	1 2	1 4
922	1 19	1 21	1 4	1 6
923	1 19	1 21	1 6	1 8
924	1 19	1 21	1 63	1 65
925	1 19	1 21	1 65	1 67
926	1 19	1 21	1 67	1 69
927	1 19	1 21	1 69	1 71
928	1 19	1 21	1 1	1 3
929	1 19	1 21	1 3	1 5
930	1 19	1 21	1 5	1 7
931	1 19	1 21	1 9	1 11
932	1 20	1 22	1 21	1 23
933	1 20	1 22	1 25	1 27
934	1 20	1 22	1 27	1 29
935	1 20	1 22	1 29	1 31
936	1 20	1 22	1 35	1 37
937	1 20	1 22	1 37	1 39
938	1 20	1 22	1 26	1 28
939	1 20	1 22	1 28	1 30
940	1 20	1 22	1 34	1 36
941	1 20	1 22	1 36	1 38
942	1 20	1 22	1 38	1 40
943	1 20	1 22	1 42	1 44
944	1 20	1 22	1 41	1 43
945	1 20	1 22	1 43	1 45
946	1 20	1 22	1 45	1 47
947	1 20	1 22	1 49	1 51
948	1 20	1 22	1 51	1 53
949	1 20	1 22	1 53	1 55
950	1 20	1 22	1 55	1 57
951	1 20	1 22	1 57	1 59
952	1 20	1 22	1 59	1 61
953	1 20	1 22	1 44	1 46
954	1 20	1 22	1 46	1 48
955	1 20	1 22	1 50	1 52
956	1 20	1 22	1 52	1 54
957	1 20	1 22	1 54	1 56
958	1 20	1 22	1 56	1 58
959	1 20	1 22	1 58	1 60
960	1 20	1 22	1 60	1 62
961	1 20	1 22	1 62	1 64
962	1 20	1 22	1 61	1 63
963	1 20	1 22	1 63	1 65
964	1 20	1 22	1 65	1 67
965	1 20	1 22	1 67	1 69
966	1 20	1 22	1 69	1 71
967	1 20	1 22	1 1	1 3
968	1 20	1 22	1 3	1 5
969	1 20	1 22	1 5	1 7
970	1 20	1 22	1 64	1 66
971	1 20	1 22	1 66	1 68
972	1 20	1 22	1 68	1 70
973	1 20	1 22	1 70	1 72
974	1 20	1 22	1 2	1 4
975	1 20	1 22	1 4	1 6
976	1 20	1 22	1 6	1 8
977	1 21	1 23	1 22	1 24
978	1 21	1 23	1 26	1 28
979	1 21	1 23	1 28	1 30
980	1 21	1 23	1 30	1 32
981	1 21	1 23	1 36	1 38
982	1 21	1 23	1 38	1 40
983	1 21	1 23	1 29	1 31
984	1 21	1 23	1 35	1 37
985	1 21	1 23	1 37	1 39
986	1 21	1 23	1 41	1 43
987	1 21	1 23	1 43	1 45
988	1 21	1 23	1 42	1 44
989	1 21	1 23	1 44	1 46
990	1 21	1 23	1 46	1 48
991	1 21	1 23	1 50	1 52
992	1 21	1 23	1 52	1 54
993	1 21	1 23	1 54	1 56
994	1 21	1 23	1 56	1 58
995	1 21	1 23	1 58	1 60
996	1 21	1 23	1 60	1 62
997	1 21	1 23	1 45	1 47
998	1 21	1 23	1 49	1 51
999	1 21	1 23	1 51	1 53
1000	1 21	1 23	1 53	1 55
1001	1 21	1 23	1 55	1 57
1002	1 21	1 23	1 57	1 59
1003	1 21	1 23	1 59	1 61
1004	1 21	1 23	1 61	1 63
1005	1 21	1 23	1 63	1 65
1006	1 21	1 23	1 62	1 64
1007	1 21	1 23	1 64	1 66
1008	1 21	1 23	1 66	1 68
1009	1 21	1 23	1 68	1 70
1010	1 21	1 23	1 70	1 72
1011	1 21	1 23	1 4	1 6
1012	1 21	1 23	1 6	1 8
1013	1 21	1 23	1 65	1 67
1014	1 21	1 23	1 67	1 69
1015	1 21	1 23	1 69	1 71
1016	1 21	1 23	1 3	1 5
1017	1 21	1 23	1 5	1 7
1018	1 21	1 23	1 9	1 11
1019	1 22	1 24	1 25	1 27
1020	1 22	1 24	1 27	1 29
1021	1 22	1 24	1 29	1 31
1022	1 22	1 24	1 35	1 37
1023	1 22	1 24	1 37	1 39
1024	1 22	1 24	1 41	1 43
1025	1 22	1 24	1 26	1 28
1026	1 22	1 24	1 28	1 30
1027	1 22	1 24	1 30	1 32
1028	1 22	1 24	1 36	1 38
1029	1 22	1 24	1 38	1 40
1030	1 22	1 24	1 42	1 44
1031	1 22	1 24	1 44	1 46
1032	1 22	1 24	1 43	1 45
1033	1 22	1 24	1 45	1 47
1034	1 22	1 24	1 49	1 51
1035	1 22	1 24	1 51	1 53
1036	1 22	1 24	1 53	1 55
1037	1 22	1 24	1 55	1 57
1038	1 22	1 24	1 57	1 59
1039	1 22	1 24	1 59	1 61
1040	1 22	1 24	1 61	1 63
1041	1 22	1 24	1 46	1 48
1042	1 22	1 24	1 50	1 52
1043	1 22	1 24	1 52	1 54
1044	1 22	1 24	1 54	1 56
1045	1 22	1 24	1 56	1 58
1046	1 22	1 24	1 58	1 60
1047	1 22	1 24	1 60	1 62
1048	1 22	1 24	1 62	1 64
1049	1 22	1 24	1 64	1 66
1050	1 22	1 24	1 63	1 65
1051	1 22	1 24	1 65	1 67
1052	1 22	1 24	1 67	1 69
1053	1 22	1 24	1 69	1 71
1054	1 22	1 24	1 71	1 1
1055	1 22	1 24	1 5	1 7
1056	1 22	1 24	1 9	1 11
1057	1 22	1 24	1 66	1 68
1058	1 22	1 24	1 68	1 70
1059	1 22	1 24	1 70	1 72
1060	1 22	1 24	1 4	1 6
1061	1 22	1 24	1 6	1 8
1062	1 22	1 24	1 10	1 12
1063	1 23	1 25	1 24	1 26
1064	1 23	1 25	1 32	1 34
1065	1 23	1 25	1 40	1 42
1066	1 23	1 25	1 39	1 41
1067	1 23	1 25	1 44	1 46
1068	1 23	1 25	1 48	1 50
1069	1 23	1 25	1 56	1 58
1070	1 23	1 25	1 58	1 60
1071	1 23	1 25	1 60	1 62
1072	1 23	1 25	1 49	1 51
1073	1 23	1 25	1 51	1 53
1074	1 23	1 25	1 53	1 55
1075	1 23	1 25	1 55	1 57
1076	1 23	1 25	1 57	1 59
1077	1 23	1 25	1 59	1 61
1078	1 23	1 25	1 61	1 63
1079	1 23	1 25	1 63	1 65
1080	1 23	1 25	1 65	1 67
1081	1 23	1 25	1 64	1 66
1082	1 23	1 25	1 66	1 68
1083	1 23	1 25	1 68	1 70
1084	1 23	1 25	1 70	1 72
1085	1 23	1 25	1 2	1 4
1086	1 23	1 25	1 4	1 6
1087	1 23	1 25	1 6	1 8
1088	1 23	1 25	1 10	1 12
1089	1 23	1 25	1 67	1 69
1090	1 23	1 25	1 69	1 71
1091	1 23	1 25	1 71	1 1
1092	1 23	1 25	1 3	1 5
1093	1 23	1 25	1 9	1 11
1094	1 24	1 26	1 33	1 35
1095	1 24	1 26	1 39	1 41
1096	1 24	1 26	1 32	1 34
1097	1 24	1 26	1 40	1 42
1098	1 24	1 26	1 45	1 47
1099	1 24	1 26	1 47	1 49
1100	1 24	1 26	1 49	1 51
1101	1 24	1 26	1 51	1 53
1102	1 24	1 26	1 53	1 55
1103	1 24	1 26	1 55	1 57
1104	1 24	1 26	1 57	1 59
1105	1 24	1 26	1 59	1 61
1106	1 24	1 26	1 61	1 63
1107	1 24	1 26	1 63	1 65
1108	1 24	1 26	1 50	1 52
1109	1 24	1 26	1 52	1 54
1110	1 24	1 26	1 56	1 58
1111	1 24	1 26	1 58	1 60
1112	1 24	1 26	1 60	1 62
1113	1 24	1 26	1 62	1 64
1114	1 24	1 26	1 64	1 66
1115	1 24	1 26	1 66	1 68
1116	1 24	1 26	1 65	1 67
1117	1 24	1 26	1 67	1 69
1118	1 24	1 26	1 69	1 71
1119	1 24	1 26	1 71	1 1
1120	1 24	1 26	1 1	1 3
1121	1 24	1 26	1 3	1 5
1122	1 24	1 26	1 5	1 7
1123	1 24	1 26	1 9	1 11
1124	1 24	1 26	1 11	1 13
1125	1 24	1 26	1 68	1 70
1126	1 24	1 26	1 70	1 72
1127	1 24	1 26	1 72	1 2
1128	1 24	1 26	1 2	1 4
1129	1 24	1 26	1 4	1 6
1130	1 24	1 26	1 6	1 8
1131	1 24	1 26	1 10	1 12
1132	1 24	1 26	1 12	1 14
1133	1 24	1 26	1 14	1 16
1134	1 25	1 27	1 26	1 28
1135	1 25	1 27	1 28	1 30
1136	1 25	1 27	1 30	1 32
1137	1 25	1 27	1 34	1 36
1138	1 25	1 27	1 36	1 38
1139	1 25	1 27	1 38	1 40
1140	1 25	1 27	1 42	1 44
1141	1 25	1 27	1 44	1 46
1142	1 25	1 27	1 29	1 31
1143	1 25	1 27	1 33	1 35
1144	1 25	1 27	1 37	1 39
1145	1 25	1 27	1 41	1 43
1146	1 25	1 27	1 43	1 45
1147	1 25	1 27	1 45	1 47
1148	1 25	1 27	1 50	1 52
1149	1 25	1 27	1 52	1 54
1150	1 25	1 27	1 54	1 56
1151	1 25	1 27	1 58	1 60
1152	1 25	1 27	1 60	1 62
1153	1 25	1 27	1 62	1 64
1154	1 25	1 27	1 64	1 66
1155	1 25	1 27	1 49	1 51
1156	1 25	1 27	1 51	1 53
1157	1 25	1 27	1 53	1 55
1158	1 25	1 27	1 55	1 57
1159	1 25	1 27	1 57	1 59
1160	1 25	1 27	1 59	1 61
1161	1 25	1 27	1 61	1 63
1162	1 25	1 27	1 63	1 65
1163	1 25	1 27	1 65	1 67
1164	1 25	1 27	1 67	1 69
1165	1 25	1 27	1 66	1 68
1166	1 25	1 27	1 68	1 70
1167	1 25	1 27	1 70	1 72
1168	1 25	1 27	1 2	1 4
1169	1 25	1 27	1 4	1 6
1170	1 25	1 27	1 10	1 12
1171	1 25	1 27	1 12	1 14
1172	1 25	1 27	1 69	1 71
1173	1 25	1 27	1 1	1 3
1174	1 25	1 27	1 3	1 5
1175	1 25	1 27	1 9	1 11
1176	1 25	1 27	1 11	1 13
1177	1 26	1 28	1 27	1 29
1178	1 26	1 28	1 29	1 31
1179	1 26	1 28	1 33	1 35
1180	1 26	1 28	1 35	1 37
1181	1 26	1 28	1 37	1 39
1182	1 26	1 28	1 41	1 43
1183	1 26	1 28	1 43	1 45
1184	1 26	1 28	1 30	1 32
1185	1 26	1 28	1 34	1 36
1186	1 26	1 28	1 42	1 44
1187	1 26	1 28	1 44	1 46
1188	1 26	1 28	1 49	1 51
1189	1 26	1 28	1 51	1 53
1190	1 26	1 28	1 53	1 55
1191	1 26	1 28	1 57	1 59
1192	1 26	1 28	1 59	1 61
1193	1 26	1 28	1 61	1 63
1194	1 26	1 28	1 63	1 65
1195	1 26	1 28	1 65	1 67
1196	1 26	1 28	1 50	1 52
1197	1 26	1 28	1 52	1 54
1198	1 26	1 28	1 54	1 56
1199	1 26	1 28	1 58	1 60
1200	1 26	1 28	1 60	1 62
1201	1 26	1 28	1 62	1 64
1202	1 26	1 28	1 64	1 66
1203	1 26	1 28	1 66	1 68
1204	1 26	1 28	1 68	1 70
1205	1 26	1 28	1 67	1 69
1206	1 26	1 28	1 69	1 71
1207	1 26	1 28	1 1	1 3
1208	1 26	1 28	1 3	1 5
1209	1 26	1 28	1 5	1 7
1210	1 26	1 28	1 9	1 11
1211	1 26	1 28	1 11	1 13
1212	1 26	1 28	1 70	1 72
1213	1 26	1 28	1 2	1 4
1214	1 26	1 28	1 4	1 6
1215	1 26	1 28	1 6	1 8
1216	1 26	1 28	1 10	1 12
1217	1 26	1 28	1 12	1 14
1218	1 26	1 28	1 14	1 16
1219	1 27	1 29	1 28	1 30
1220	1 27	1 29	1 30	1 32
1221	1 27	1 29	1 34	1 36
1222	1 27	1 29	1 36	1 38
1223	1 27	1 29	1 42	1 44
1224	1 27	1 29	1 44	1 46
1225	1 27	1 29	1 33	1 35
1226	1 27	1 29	1 35	1 37
1227	1 27	1 29	1 41	1 43
1228	1 27	1 29	1 43	1 45
1229	1 27	1 29	1 45	1 47
1230	1 27	1 29	1 49	1 51
1231	1 27	1 29	1 50	1 52
1232	1 27	1 29	1 52	1 54
1233	1 27	1 29	1 54	1 56
1234	1 27	1 29	1 58	1 60
1235	1 27	1 29	1 60	1 62
1236	1 27	1 29	1 62	1 64
1237	1 27	1 29	1 64	1 66
1238	1 27	1 29	1 66	1 68
1239	1 27	1 29	1 51	1 53
1240	1 27	1 29	1 53	1 55
1241	1 27	1 29	1 57	1 59
1242	1 27	1 29	1 59	1 61
1243	1 27	1 29	1 61	1 63
1244	1 27	1 29	1 63	1 65
1245	1 27	1 29	1 65	1 67
1246	1 27	1 29	1 67	1 69
1247	1 27	1 29	1 69	1 71
1248	1 27	1 29	1 68	1 70
1249	1 27	1 29	1 70	1 72
1250	1 27	1 29	1 2	1 4
1251	1 27	1 29	1 4	1 6
1252	1 27	1 29	1 6	1 8
1253	1 27	1 29	1 10	1 12
1254	1 27	1 29	1 12	1 14
1255	1 27	1 29	1 1	1 3
1256	1 27	1 29	1 3	1 5
1257	1 27	1 29	1 5	1 7
1258	1 27	1 29	1 9	1 11
1259	1 27	1 29	1 11	1 13
1260	1 27	1 29	1 13	1 15
1261	1 28	1 30	1 29	1 31
1262	1 28	1 30	1 33	1 35
1263	1 28	1 30	1 35	1 37
1264	1 28	1 30	1 37	1 39
1265	1 28	1 30	1 41	1 43
1266	1 28	1 30	1 43	1 45
1267	1 28	1 30	1 45	1 47
1268	1 28	1 30	1 36	1 38
1269	1 28	1 30	1 38	1 40
1270	1 28	1 30	1 42	1 44
1271	1 28	1 30	1 44	1 46
1272	1 28	1 30	1 46	1 48
1273	1 28	1 30	1 50	1 52
1274	1 28	1 30	1 49	1 51
1275	1 28	1 30	1 51	1 53
1276	1 28	1 30	1 53	1 55
1277	1 28	1 30	1 57	1 59
1278	1 28	1 30	1 59	1 61
1279	1 28	1 30	1 61	1 63
1280	1 28	1 30	1 63	1 65
1281	1 28	1 30	1 65	1 67
1282	1 28	1 30	1 67	1 69
1283	1 28	1 30	1 52	1 54
1284	1 28	1 30	1 54	1 56
1285	1 28	1 30	1 58	1 60
1286	1 28	1 30	1 60	1 62
1287	1 28	1 30	1 62	1 64
1288	1 28	1 30	1 66	1 68
1289	1 28	1 30	1 68	1 70
1290	1 28	1 30	1 70	1 72
1291	1 28	1 30	1 69	1 71
1292	1 28	1 30	1 71	1 1
1293	1 28	1 30	1 1	1 3
1294	1 28	1 30	1 3	1 5
1295	1 28	1 30	1 5	1 7
1296	1 28	1 30	1 9	1 11
1297	1 28	1 30	1 11	1 13
1298	1 28	1 30	1 13	1 15
1299	1 28	1 30	1 2	1 4
1300	1 28	1 30	1 4	1 6
1301	1 28	1 30	1 6	1 8
1302	1 28	1 30	1 10	1 12
1303	1 28	1 30	1 12	1 14
1304	1 28	1 30	1 14	1 16
1305	1 29	1 31	1 30	1 32
1306	1 29	1 31	1 36	1 38
1307	1 29	1 31	1 38	1 40
1308	1 29	1 31	1 44	1 46
1309	1 29	1 31	1 46	1 48
1310	1 29	1 31	1 33	1 35
1311	1 29	1 31	1 37	1 39
1312	1 29	1 31	1 43	1 45
1313	1 29	1 31	1 45	1 47
1314	1 29	1 31	1 49	1 51
1315	1 29	1 31	1 51	1 53
1316	1 29	1 31	1 50	1 52
1317	1 29	1 31	1 52	1 54
1318	1 29	1 31	1 54	1 56
1319	1 29	1 31	1 58	1 60
1320	1 29	1 31	1 60	1 62
1321	1 29	1 31	1 62	1 64
1322	1 29	1 31	1 64	1 66
1323	1 29	1 31	1 66	1 68
1324	1 29	1 31	1 68	1 70
1325	1 29	1 31	1 53	1 55
1326	1 29	1 31	1 57	1 59
1327	1 29	1 31	1 59	1 61
1328	1 29	1 31	1 61	1 63
1329	1 29	1 31	1 63	1 65
1330	1 29	1 31	1 65	1 67
1331	1 29	1 31	1 67	1 69
1332	1 29	1 31	1 69	1 71
1333	1 29	1 31	1 70	1 72
1334	1 29	1 31	1 2	1 4
1335	1 29	1 31	1 4	1 6
1336	1 29	1 31	1 6	1 8
1337	1 29	1 31	1 12	1 14
1338	1 29	1 31	1 14	1 16
1339	1 30	1 32	1 33	1 35
1340	1 30	1 32	1 35	1 37
1341	1 30	1 32	1 37	1 39
1342	1 30	1 32	1 43	1 45
1343	1 30	1 32	1 45	1 47
1344	1 30	1 32	1 34	1 36
1345	1 30	1 32	1 38	1 40
1346	1 30	1 32	1 44	1 46
1347	1 30	1 32	1 46	1 48
1348	1 30	1 32	1 50	1 52
1349	1 30	1 32	1 52	1 54
1350	1 30	1 32	1 51	1 53
1351	1 30	1 32	1 53	1 55
1352	1 30	1 32	1 57	1 59
1353	1 30	1 32	1 59	1 61
1354	1 30	1 32	1 61	1 63
1355	1 30	1 32	1 63	1 65
1356	1 30	1 32	1 65	1 67
1357	1 30	1 32	1 67	1 69
1358	1 30	1 32	1 69	1 71
1359	1 30	1 32	1 54	1 56
1360	1 30	1 32	1 58	1 60
1361	1 30	1 32	1 60	1 62
1362	1 30	1 32	1 62	1 64
1363	1 30	1 32	1 66	1 68
1364	1 30	1 32	1 68	1 70
1365	1 30	1 32	1 70	1 72
1366	1 30	1 32	1 1	1 3
1367	1 30	1 32	1 3	1 5
1368	1 30	1 32	1 5	1 7
1369	1 30	1 32	1 9	1 11
1370	1 30	1 32	1 11	1 13
1371	1 30	1 32	1 13	1 15
1372	1 30	1 32	1 17	1 19
1373	1 31	1 33	1 32	1 34
1374	1 31	1 33	1 40	1 42
1375	1 31	1 33	1 48	1 50
1376	1 31	1 33	1 39	1 41
1377	1 31	1 33	1 41	1 43
1378	1 31	1 33	1 47	1 49
1379	1 31	1 33	1 52	1 54
1380	1 31	1 33	1 56	1 58
1381	1 31	1 33	1 58	1 60
1382	1 31	1 33	1 60	1 62
1383	1 31	1 33	1 62	1 64
1384	1 31	1 33	1 64	1 66
1385	1 31	1 33	1 66	1 68
1386	1 31	1 33	1 68	1 70
1387	1 31	1 33	1 70	1 72
1388	1 31	1 33	1 55	1 57
1389	1 31	1 33	1 63	1 65
1390	1 31	1 33	1 71	1 1
1391	1 31	1 33	1 72	1 2
1392	1 31	1 33	1 16	1 18
1393	1 32	1 34	1 47	1 49
1394	1 32	1 34	1 49	1 51
1395	1 32	1 34	1 48	1 50
1396	1 32	1 34	1 53	1 55
1397	1 32	1 34	1 55	1 57
1398	1 32	1 34	1 57	1 59
1399	1 32	1 34	1 59	1 61
1400	1 32	1 34	1 61	1 63
1401	1 32	1 34	1 63	1 65
1402	1 32	1 34	1 65	1 67
1403	1 32	1 34	1 67	1 69
1404	1 32	1 34	1 69	1 71
1405	1 32	1 34	1 71	1 1
1406	1 32	1 34	1 56	1 58
1407	1 32	1 34	1 58	1 60
1408	1 32	1 34	1 60	1 62
1409	1 32	1 34	1 64	1 66
1410	1 32	1 34	1 66	1 68
1411	1 32	1 34	1 68	1 70
1412	1 32	1 34	1 70	1 72
1413	1 32	1 34	1 72	1 2
1414	1 33	1 35	1 34	1 36
1415	1 33	1 35	1 36	1 38
1416	1 33	1 35	1 38	1 40
1417	1 33	1 35	1 42	1 44
1418	1 33	1 35	1 44	1 46
1419	1 33	1 35	1 46	1 48
1420	1 33	1 35	1 50	1 52
1421	1 33	1 35	1 52	1 54
1422	1 33	1 35	1 37	1 39
1423	1 33	1 35	1 41	1 43
1424	1 33	1 35	1 45	1 47
1425	1 33	1 35	1 49	1 51
1426	1 33	1 35	1 51	1 53
1427	1 33	1 35	1 58	1 60
1428	1 33	1 35	1 60	1 62
1429	1 33	1 35	1 62	1 64
1430	1 33	1 35	1 66	1 68
1431	1 33	1 35	1 68	1 70
1432	1 33	1 35	1 70	1 72
1433	1 33	1 35	1 57	1 59
1434	1 33	1 35	1 59	1 61
1435	1 33	1 35	1 61	1 63
1436	1 33	1 35	1 63	1 65
1437	1 33	1 35	1 65	1 67
1438	1 33	1 35	1 67	1 69
1439	1 33	1 35	1 69	1 71
1440	1 33	1 35	1 1	1 3
1441	1 33	1 35	1 3	1 5
1442	1 34	1 36	1 35	1 37
1443	1 34	1 36	1 37	1 39
1444	1 34	1 36	1 41	1 43
1445	1 34	1 36	1 43	1 45
1446	1 34	1 36	1 45	1 47
1447	1 34	1 36	1 49	1 51
1448	1 34	1 36	1 51	1 53
1449	1 34	1 36	1 53	1 55
1450	1 34	1 36	1 38	1 40
1451	1 34	1 36	1 42	1 44
1452	1 34	1 36	1 46	1 48
1453	1 34	1 36	1 50	1 52
1454	1 34	1 36	1 52	1 54
1455	1 34	1 36	1 57	1 59
1456	1 34	1 36	1 59	1 61
1457	1 34	1 36	1 61	1 63
1458	1 34	1 36	1 65	1 67
1459	1 34	1 36	1 67	1 69
1460	1 34	1 36	1 69	1 71
1461	1 34	1 36	1 1	1 3
1462	1 34	1 36	1 58	1 60
1463	1 34	1 36	1 60	1 62
1464	1 34	1 36	1 62	1 64
1465	1 34	1 36	1 66	1 68
1466	1 34	1 36	1 68	1 70
1467	1 34	1 36	1 70	1 72
1468	1 34	1 36	1 2	1 4
1469	1 34	1 36	1 4	1 6
1470	1 35	1 37	1 36	1 38
1471	1 35	1 37	1 38	1 40
1472	1 35	1 37	1 42	1 44
1473	1 35	1 37	1 44	1 46
1474	1 35	1 37	1 46	1 48
1475	1 35	1 37	1 50	1 52
1476	1 35	1 37	1 52	1 54
1477	1 35	1 37	1 43	1 45
1478	1 35	1 37	1 49	1 51
1479	1 35	1 37	1 51	1 53
1480	1 35	1 37	1 53	1 55
1481	1 35	1 37	1 57	1 59
1482	1 35	1 37	1 58	1 60
1483	1 35	1 37	1 60	1 62
1484	1 35	1 37	1 62	1 64
1485	1 35	1 37	1 66	1 68
1486	1 35	1 37	1 68	1 70
1487	1 35	1 37	1 70	1 72
1488	1 35	1 37	1 2	1 4
1489	1 35	1 37	1 59	1 61
1490	1 35	1 37	1 61	1 63
1491	1 35	1 37	1 65	1 67
1492	1 35	1 37	1 67	1 69
1493	1 35	1 37	1 69	1 71
1494	1 35	1 37	1 1	1 3
1495	1 35	1 37	1 3	1 5
1496	1 35	1 37	1 5	1 7
1497	1 36	1 38	1 37	1 39
1498	1 36	1 38	1 41	1 43
1499	1 36	1 38	1 43	1 45
1500	1 36	1 38	1 45	1 47
1501	1 36	1 38	1 49	1 51
1502	1 36	1 38	1 51	1 53
1503	1 36	1 38	1 53	1 55
1504	1 36	1 38	1 44	1 46
1505	1 36	1 38	1 50	1 52
1506	1 36	1 38	1 52	1 54
1507	1 36	1 38	1 54	1 56
1508	1 36	1 38	1 58	1 60
1509	1 36	1 38	1 57	1 59
1510	1 36	1 38	1 59	1 61
1511	1 36	1 38	1 61	1 63
1512	1 36	1 38	1 65	1 67
1513	1 36	1 38	1 67	1 69
1514	1 36	1 38	1 69	1 71
1515	1 36	1 38	1 71	1 1
1516	1 36	1 38	1 1	1 3
1517	1 36	1 38	1 3	1 5
1518	1 36	1 38	1 60	1 62
1519	1 36	1 38	1 62	1 64
1520	1 36	1 38	1 66	1 68
1521	1 36	1 38	1 68	1 70
1522	1 36	1 38	1 70	1 72
1523	1 36	1 38	1 2	1 4
1524	1 36	1 38	1 4	1 6
1525	1 36	1 38	1 6	1 8
1526	1 37	1 39	1 38	1 40
1527	1 37	1 39	1 42	1 44
1528	1 37	1 39	1 44	1 46
1529	1 37	1 39	1 46	1 48
1530	1 37	1 39	1 50	1 52
1531	1 37	1 39	1 52	1 54
1532	1 37	1 39	1 56	1 58
1533	1 37	1 39	1 41	1 43
1534	1 37	1 39	1 43	1 45
1535	1 37	1 39	1 45	1 47
1536	1 37	1 39	1 51	1 53
1537	1 37	1 39	1 53	1 55
1538	1 37	1 39	1 57	1 59
1539	1 37	1 39	1 59	1 61
1540	1 37	1 39	1 58	1 60
1541	1 37	1 39	1 60	1 62
1542	1 37	1 39	1 62	1 64
1543	1 37	1 39	1 66	1 68
1544	1 37	1 39	1 68	1 70
1545	1 37	1 39	1 70	1 72
1546	1 37	1 39	1 2	1 4
1547	1 37	1 39	1 4	1 6
1548	1 37	1 39	1 61	1 63
1549	1 37	1 39	1 65	1 67
1550	1 37	1 39	1 67	1 69
1551	1 37	1 39	1 69	1 71
1552	1 37	1 39	1 1	1 3
1553	1 37	1 39	1 3	1 5
1554	1 37	1 39	1 5	1 7
1555	1 37	1 39	1 7	1 9
1556	1 38	1 40	1 41	1 43
1557	1 38	1 40	1 43	1 45
1558	1 38	1 40	1 45	1 47
1559	1 38	1 40	1 49	1 51
1560	1 38	1 40	1 53	1 55
1561	1 38	1 40	1 42	1 44
1562	1 38	1 40	1 46	1 48
1563	1 38	1 40	1 50	1 52
1564	1 38	1 40	1 52	1 54
1565	1 38	1 40	1 54	1 56
1566	1 38	1 40	1 58	1 60
1567	1 38	1 40	1 60	1 62
1568	1 38	1 40	1 59	1 61
1569	1 38	1 40	1 61	1 63
1570	1 38	1 40	1 65	1 67
1571	1 38	1 40	1 67	1 69
1572	1 38	1 40	1 69	1 71
1573	1 38	1 40	1 71	1 1
1574	1 38	1 40	1 1	1 3
1575	1 38	1 40	1 3	1 5
1576	1 38	1 40	1 5	1 7
1577	1 38	1 40	1 62	1 64
1578	1 38	1 40	1 66	1 68
1579	1 38	1 40	1 68	1 70
1580	1 38	1 40	1 70	1 72
1581	1 38	1 40	1 2	1 4
1582	1 38	1 40	1 4	1 6
1583	1 38	1 40	1 6	1 8
1584	1 39	1 41	1 40	1 42
1585	1 39	1 41	1 48	1 50
1586	1 39	1 41	1 56	1 58
1587	1 39	1 41	1 55	1 57
1588	1 39	1 41	1 64	1 66
1589	1 39	1 41	1 70	1 72
1590	1 39	1 41	1 72	1 2
1591	1 39	1 41	1 4	1 6
1592	1 39	1 41	1 63	1 65
1593	1 39	1 41	1 71	1 1
1594	1 40	1 42	1 47	1 49
1595	1 40	1 42	1 55	1 57
1596	1 40	1 42	1 56	1 58
1597	1 40	1 42	1 63	1 65
1598	1 40	1 42	1 71	1 1
1599	1 40	1 42	1 3	1 5
1600	1 40	1 42	1 7	1 9
1601	1 40	1 42	1 64	1 66
1602	1 40	1 42	1 72	1 2
1603	1 40	1 42	1 8	1 10
1604	1 41	1 43	1 42	1 44
1605	1 41	1 43	1 44	1 46
1606	1 41	1 43	1 46	1 48
1607	1 41	1 43	1 50	1 52
1608	1 41	1 43	1 52	1 54
1609	1 41	1 43	1 54	1 56
1610	1 41	1 43	1 58	1 60
1611	1 41	1 43	1 60	1 62
1612	1 41	1 43	1 45	1 47
1613	1 41	1 43	1 49	1 51
1614	1 41	1 43	1 53	1 55
1615	1 41	1 43	1 57	1 59
1616	1 41	1 43	1 59	1 61
1617	1 41	1 43	1 63	1 65
1618	1 41	1 43	1 66	1 68
1619	1 41	1 43	1 68	1 70
1620	1 41	1 43	1 2	1 4
1621	1 41	1 43	1 4	1 6
1622	1 41	1 43	1 6	1 8
1623	1 41	1 43	1 8	1 10
1624	1 41	1 43	1 65	1 67
1625	1 41	1 43	1 67	1 69
1626	1 41	1 43	1 69	1 71
1627	1 41	1 43	1 1	1 3
1628	1 41	1 43	1 3	1 5
1629	1 41	1 43	1 5	1 7
1630	1 41	1 43	1 7	1 9
1631	1 41	1 43	1 9	1 11
1632	1 41	1 43	1 11	1 13
1633	1 42	1 44	1 43	1 45
1634	1 42	1 44	1 45	1 47
1635	1 42	1 44	1 49	1 51
1636	1 42	1 44	1 51	1 53
1637	1 42	1 44	1 53	1 55
1638	1 42	1 44	1 57	1 59
1639	1 42	1 44	1 59	1 61
1640	1 42	1 44	1 46	1 48
1641	1 42	1 44	1 50	1 52
1642	1 42	1 44	1 54	1 56
1643	1 42	1 44	1 58	1 60
1644	1 42	1 44	1 60	1 62
1645	1 42	1 44	1 65	1 67
1646	1 42	1 44	1 67	1 69
1647	1 42	1 44	1 69	1 71
1648	1 42	1 44	1 1	1 3
1649	1 42	1 44	1 3	1 5
1650	1 42	1 44	1 5	1 7
1651	1 42	1 44	1 7	1 9
1652	1 42	1 44	1 9	1 11
1653	1 42	1 44	1 66	1 68
1654	1 42	1 44	1 68	1 70
1655	1 42	1 44	1 70	1 72
1656	1 42	1 44	1 2	1 4
1657	1 42	1 44	1 4	1 6
1658	1 42	1 44	1 6	1 8
1659	1 42	1 44	1 10	1 12
1660	1 42	1 44	1 12	1 14
1661	1 43	1 45	1 44	1 46
1662	1 43	1 45	1 46	1 48
1663	1 43	1 45	1 50	1 52
1664	1 43	1 45	1 52	1 54
1665	1 43	1 45	1 54	1 56
1666	1 43	1 45	1 58	1 60
1667	1 43	1 45	1 60	1 62
1668	1 43	1 45	1 51	1 53
1669	1 43	1 45	1 57	1 59
1670	1 43	1 45	1 59	1 61
1671	1 43	1 45	1 65	1 67
1672	1 43	1 45	1 66	1 68
1673	1 43	1 45	1 68	1 70
1674	1 43	1 45	1 70	1 72
1675	1 43	1 45	1 2	1 4
1676	1 43	1 45	1 4	1 6
1677	1 43	1 45	1 6	1 8
1678	1 43	1 45	1 10	1 12
1679	1 43	1 45	1 67	1 69
1680	1 43	1 45	1 69	1 71
1681	1 43	1 45	1 1	1 3
1682	1 43	1 45	1 3	1 5
1683	1 43	1 45	1 5	1 7
1684	1 43	1 45	1 7	1 9
1685	1 43	1 45	1 9	1 11
1686	1 43	1 45	1 11	1 13
1687	1 43	1 45	1 13	1 15
1688	1 44	1 46	1 45	1 47
1689	1 44	1 46	1 49	1 51
1690	1 44	1 46	1 51	1 53
1691	1 44	1 46	1 53	1 55
1692	1 44	1 46	1 59	1 61
1693	1 44	1 46	1 61	1 63
1694	1 44	1 46	1 63	1 65
1695	1 44	1 46	1 52	1 54
1696	1 44	1 46	1 54	1 56
1697	1 44	1 46	1 58	1 60
1698	1 44	1 46	1 60	1 62
1699	1 44	1 46	1 62	1 64
1700	1 44	1 46	1 66	1 68
1701	1 44	1 46	1 65	1 67
1702	1 44	1 46	1 67	1 69
1703	1 44	1 46	1 69	1 71
1704	1 44	1 46	1 1	1 3
1705	1 44	1 46	1 3	1 5
1706	1 44	1 46	1 5	1 7
1707	1 44	1 46	1 9	1 11
1708	1 44	1 46	1 11	1 13
1709	1 44	1 46	1 68	1 70
1710	1 44	1 46	1 70	1 72
1711	1 44	1 46	1 2	1 4
1712	1 44	1 46	1 4	1 6
1713	1 44	1 46	1 6	1 8
1714	1 44	1 46	1 8	1 10
1715	1 44	1 46	1 10	1 12
1716	1 44	1 46	1 12	1 14
1717	1 44	1 46	1 14	1 16
1718	1 45	1 47	1 46	1 48
1719	1 45	1 47	1 50	1 52
1720	1 45	1 47	1 52	1 54
1721	1 45	1 47	1 54	1 56
1722	1 45	1 47	1 58	1 60
1723	1 45	1 47	1 60	1 62
1724	1 45	1 47	1 62	1 64
1725	1 45	1 47	1 64	1 66
1726	1 45	1 47	1 49	1 51
1727	1 45	1 47	1 53	1 55
1728	1 45	1 47	1 57	1 59
1729	1 45	1 47	1 59	1 61
1730	1 45	1 47	1 61	1 63
1731	1 45	1 47	1 65	1 67
1732	1 45	1 47	1 67	1 69
1733	1 45	1 47	1 66	1 68
1734	1 45	1 47	1 68	1 70
1735	1 45	1 47	1 70	1 72
1736	1 45	1 47	1 2	1 4
1737	1 45	1 47	1 4	1 6
1738	1 45	1 47	1 6	1 8
1739	1 45	1 47	1 10	1 12
1740	1 45	1 47	1 12	1 14
1741	1 45	1 47	1 69	1 71
1742	1 45	1 47	1 1	1 3
1743	1 45	1 47	1 3	1 5
1744	1 45	1 47	1 5	1 7
1745	1 45	1 47	1 7	1 9
1746	1 45	1 47	1 9	1 11
1747	1 45	1 47	1 11	1 13
1748	1 45	1 47	1 13	1 15
1749	1 45	1 47	1 15	1 17
1750	1 46	1 48	1 49	1 51
1751	1 46	1 48	1 51	1 53
1752	1 46	1 48	1 53	1 55
1753	1 46	1 48	1 57	1 59
1754	1 46	1 48	1 61	1 63
1755	1 46	1 48	1 65	1 67
1756	1 46	1 48	1 50	1 52
1757	1 46	1 48	1 54	1 56
1758	1 46	1 48	1 58	1 60
1759	1 46	1 48	1 60	1 62
1760	1 46	1 48	1 62	1 64
1761	1 46	1 48	1 66	1 68
1762	1 46	1 48	1 68	1 70
1763	1 46	1 48	1 67	1 69
1764	1 46	1 48	1 69	1 71
1765	1 46	1 48	1 1	1 3
1766	1 46	1 48	1 3	1 5
1767	1 46	1 48	1 5	1 7
1768	1 46	1 48	1 9	1 11
1769	1 46	1 48	1 11	1 13
1770	1 46	1 48	1 13	1 15
1771	1 46	1 48	1 70	1 72
1772	1 46	1 48	1 2	1 4
1773	1 46	1 48	1 4	1 6
1774	1 46	1 48	1 6	1 8
1775	1 46	1 48	1 10	1 12
1776	1 46	1 48	1 12	1 14
1777	1 46	1 48	1 14	1 16
1778	1 46	1 48	1 16	1 18
1779	1 47	1 49	1 48	1 50
1780	1 47	1 49	1 56	1 58
1781	1 47	1 49	1 64	1 66
1782	1 47	1 49	1 57	1 59
1783	1 47	1 49	1 63	1 65
1784	1 47	1 49	1 70	1 72
1785	1 47	1 49	1 72	1 2
1786	1 47	1 49	1 4	1 6
1787	1 47	1 49	1 8	1 10
1788	1 47	1 49	1 10	1 12
1789	1 47	1 49	1 71	1 1
1790	1 47	1 49	1 3	1 5
1791	1 47	1 49	1 7	1 9
1792	1 47	1 49	1 9	1 11
1793	1 47	1 49	1 15	1 17
1794	1 48	1 50	1 55	1 57
1795	1 48	1 50	1 63	1 65
1796	1 48	1 50	1 58	1 60
1797	1 48	1 50	1 64	1 66
1798	1 48	1 50	1 71	1 1
1799	1 48	1 50	1 3	1 5
1800	1 48	1 50	1 7	1 9
1801	1 48	1 50	1 9	1 11
1802	1 48	1 50	1 15	1 17
1803	1 48	1 50	1 72	1 2
1804	1 48	1 50	1 8	1 10
1805	1 48	1 50	1 16	1 18
1806	1 49	1 51	1 50	1 52
1807	1 49	1 51	1 52	1 54
1808	1 49	1 51	1 54	1 56
1809	1 49	1 51	1 58	1 60
1810	1 49	1 51	1 60	1 62
1811	1 49	1 51	1 62	1 64
1812	1 49	1 51	1 66	1 68
1813	1 49	1 51	1 68	1 70
1814	1 49	1 51	1 53	1 55
1815	1 49	1 51	1 57	1 59
1816	1 49	1 51	1 59	1 61
1817	1 49	1 51	1 61	1 63
1818	1 49	1 51	1 65	1 67
1819	1 49	1 51	1 67	1 69
1820	1 49	1 51	1 2	1 4
1821	1 49	1 51	1 4	1 6
1822	1 49	1 51	1 6	1 8
1823	1 49	1 51	1 8	1 10
1824	1 49	1 51	1 10	1 12
1825	1 49	1 51	1 12	1 14
1826	1 49	1 51	1 14	1 16
1827	1 49	1 51	1 16	1 18
1828	1 50	1 52	1 51	1 53
1829	1 50	1 52	1 53	1 55
1830	1 50	1 52	1 57	1 59
1831	1 50	1 52	1 59	1 61
1832	1 50	1 52	1 61	1 63
1833	1 50	1 52	1 65	1 67
1834	1 50	1 52	1 67	1 69
1835	1 50	1 52	1 69	1 71
1836	1 50	1 52	1 54	1 56
1837	1 50	1 52	1 58	1 60
1838	1 50	1 52	1 60	1 62
1839	1 50	1 52	1 62	1 64
1840	1 50	1 52	1 66	1 68
1841	1 50	1 52	1 68	1 70
1842	1 50	1 52	1 1	1 3
1843	1 50	1 52	1 3	1 5
1844	1 50	1 52	1 5	1 7
1845	1 50	1 52	1 7	1 9
1846	1 50	1 52	1 9	1 11
1847	1 50	1 52	1 11	1 13
1848	1 50	1 52	1 13	1 15
1849	1 50	1 52	1 15	1 17
1850	1 50	1 52	1 17	1 19
1851	1 51	1 53	1 52	1 54
1852	1 51	1 53	1 54	1 56
1853	1 51	1 53	1 58	1 60
1854	1 51	1 53	1 60	1 62
1855	1 51	1 53	1 62	1 64
1856	1 51	1 53	1 66	1 68
1857	1 51	1 53	1 68	1 70
1858	1 51	1 53	1 70	1 72
1859	1 51	1 53	1 57	1 59
1860	1 51	1 53	1 59	1 61
1861	1 51	1 53	1 65	1 67
1862	1 51	1 53	1 67	1 69
1863	1 51	1 53	1 69	1 71
1864	1 51	1 53	1 1	1 3
1865	1 51	1 53	1 2	1 4
1866	1 51	1 53	1 4	1 6
1867	1 51	1 53	1 6	1 8
1868	1 51	1 53	1 8	1 10
1869	1 51	1 53	1 10	1 12
1870	1 51	1 53	1 12	1 14
1871	1 51	1 53	1 14	1 16
1872	1 51	1 53	1 16	1 18
1873	1 51	1 53	1 18	1 20
1874	1 52	1 54	1 53	1 55
1875	1 52	1 54	1 57	1 59
1876	1 52	1 54	1 59	1 61
1877	1 52	1 54	1 61	1 63
1878	1 52	1 54	1 65	1 67
1879	1 52	1 54	1 67	1 69
1880	1 52	1 54	1 69	1 71
1881	1 52	1 54	1 60	1 62
1882	1 52	1 54	1 66	1 68
1883	1 52	1 54	1 68	1 70
1884	1 52	1 54	1 70	1 72
1885	1 52	1 54	1 2	1 4
1886	1 53	1 55	1 54	1 56
1887	1 53	1 55	1 58	1 60
1888	1 53	1 55	1 60	1 62
1889	1 53	1 55	1 62	1 64
1890	1 53	1 55	1 66	1 68
1891	1 53	1 55	1 68	1 70
1892	1 53	1 55	1 70	1 72
1893	1 53	1 55	1 57	1 59
1894	1 53	1 55	1 61	1 63
1895	1 53	1 55	1 67	1 69
1896	1 53	1 55	1 69	1 71
1897	1 53	1 55	1 1	1 3
1898	1 53	1 55	1 3	1 5
1899	1 54	1 56	1 57	1 59
1900	1 54	1 56	1 59	1 61
1901	1 54	1 56	1 61	1 63
1902	1 54	1 56	1 67	1 69
1903	1 54	1 56	1 69	1 71
1904	1 54	1 56	1 1	1 3
1905	1 54	1 56	1 58	1 60
1906	1 54	1 56	1 62	1 64
1907	1 54	1 56	1 68	1 70
1908	1 54	1 56	1 70	1 72
1909	1 54	1 56	1 2	1 4
1910	1 54	1 56	1 4	1 6
1911	1 55	1 57	1 58	1 60
1912	1 55	1 57	1 60	1 62
1913	1 55	1 57	1 70	1 72
1914	1 55	1 57	1 72	1 2
1915	1 55	1 57	1 59	1 61
1916	1 55	1 57	1 61	1 63
1917	1 55	1 57	1 67	1 69
1918	1 55	1 57	1 69	1 71
1919	1 55	1 57	1 71	1 1
1920	1 55	1 57	1 1	1 3
1921	1 55	1 57	1 3	1 5
1922	1 55	1 57	1 5	1 7
1923	1 56	1 58	1 57	1 59
1924	1 56	1 58	1 59	1 61
1925	1 56	1 58	1 61	1 63
1926	1 56	1 58	1 65	1 67
1927	1 56	1 58	1 67	1 69
1928	1 56	1 58	1 69	1 71
1929	1 56	1 58	1 71	1 1
1930	1 56	1 58	1 1	1 3
1931	1 56	1 58	1 3	1 5
1932	1 56	1 58	1 60	1 62
1933	1 56	1 58	1 62	1 64
1934	1 56	1 58	1 66	1 68
1935	1 56	1 58	1 68	1 70
1936	1 56	1 58	1 70	1 72
1937	1 56	1 58	1 2	1 4
1938	1 56	1 58	1 4	1 6
1939	1 56	1 58	1 6	1 8
1940	1 57	1 59	1 58	1 60
1941	1 57	1 59	1 60	1 62
1942	1 57	1 59	1 62	1 64
1943	1 57	1 59	1 66	1 68
1944	1 57	1 59	1 68	1 70
1945	1 57	1 59	1 70	1 72
1946	1 57	1 59	1 2	1 4
1947	1 57	1 59	1 4	1 6
1948	1 57	1 59	1 61	1 63
1949	1 57	1 59	1 65	1 67
1950	1 57	1 59	1 69	1 71
1951	1 57	1 59	1 1	1 3
1952	1 57	1 59	1 5	1 7
1953	1 58	1 60	1 59	1 61
1954	1 58	1 60	1 61	1 63
1955	1 58	1 60	1 65	1 67
1956	1 58	1 60	1 67	1 69
1957	1 58	1 60	1 69	1 71
1958	1 58	1 60	1 1	1 3
1959	1 58	1 60	1 3	1 5
1960	1 58	1 60	1 5	1 7
1961	1 58	1 60	1 62	1 64
1962	1 58	1 60	1 66	1 68
1963	1 58	1 60	1 70	1 72
1964	1 58	1 60	1 2	1 4
1965	1 58	1 60	1 4	1 6
1966	1 58	1 60	1 6	1 8
1967	1 58	1 60	1 8	1 10
1968	1 59	1 61	1 60	1 62
1969	1 59	1 61	1 62	1 64
1970	1 59	1 61	1 66	1 68
1971	1 59	1 61	1 68	1 70
1972	1 59	1 61	1 70	1 72
1973	1 59	1 61	1 2	1 4
1974	1 59	1 61	1 4	1 6
1975	1 59	1 61	1 6	1 8
1976	1 59	1 61	1 67	1 69
1977	1 59	1 61	1 1	1 3
1978	1 59	1 61	1 3	1 5
1979	1 59	1 61	1 5	1 7
1980	1 59	1 61	1 7	1 9
1981	1 59	1 61	1 9	1 11
1982	1 60	1 62	1 61	1 63
1983	1 60	1 62	1 65	1 67
1984	1 60	1 62	1 67	1 69
1985	1 60	1 62	1 69	1 71
1986	1 60	1 62	1 1	1 3
1987	1 60	1 62	1 3	1 5
1988	1 60	1 62	1 5	1 7
1989	1 60	1 62	1 7	1 9
1990	1 60	1 62	1 68	1 70
1991	1 60	1 62	1 70	1 72
1992	1 60	1 62	1 2	1 4
1993	1 60	1 62	1 4	1 6
1994	1 60	1 62	1 6	1 8
1995	1 60	1 62	1 8	1 10
1996	1 60	1 62	1 10	1 12
1997	1 61	1 63	1 62	1 64
1998	1 61	1 63	1 66	1 68
1999	1 61	1 63	1 68	1 70
2000	1 61	1 63	1 70	1 72
2001	1 61	1 63	1 2	1 4
2002	1 61	1 63	1 4	1 6
2003	1 61	1 63	1 6	1 8
2004	1 61	1 63	1 8	1 10
2005	1 61	1 63	1 65	1 67
2006	1 61	1 63	1 67	1 69
2007	1 61	1 63	1 69	1 71
2008	1 61	1 63	1 1	1 3
2009	1 61	1 63	1 3	1 5
2010	1 61	1 63	1 5	1 7
2011	1 61	1 63	1 7	1 9
2012	1 61	1 63	1 9	1 11
2013	1 61	1 63	1 11	1 13
2014	1 62	1 64	1 65	1 67
2015	1 62	1 64	1 67	1 69
2016	1 62	1 64	1 69	1 71
2017	1 62	1 64	1 1	1 3
2018	1 62	1 64	1 3	1 5
2019	1 62	1 64	1 5	1 7
2020	1 62	1 64	1 7	1 9
2021	1 62	1 64	1 9	1 11
2022	1 62	1 64	1 66	1 68
2023	1 62	1 64	1 68	1 70
2024	1 62	1 64	1 70	1 72
2025	1 62	1 64	1 2	1 4
2026	1 62	1 64	1 4	1 6
2027	1 62	1 64	1 6	1 8
2028	1 62	1 64	1 8	1 10
2029	1 62	1 64	1 10	1 12
2030	1 62	1 64	1 12	1 14
2031	1 63	1 65	1 66	1 68
2032	1 63	1 65	1 68	1 70
2033	1 63	1 65	1 70	1 72
2034	1 63	1 65	1 2	1 4
2035	1 63	1 65	1 4	1 6
2036	1 63	1 65	1 6	1 8
2037	1 63	1 65	1 8	1 10
2038	1 63	1 65	1 10	1 12
2039	1 63	1 65	1 67	1 69
2040	1 63	1 65	1 69	1 71
2041	1 63	1 65	1 1	1 3
2042	1 63	1 65	1 3	1 5
2043	1 63	1 65	1 5	1 7
2044	1 63	1 65	1 7	1 9
2045	1 63	1 65	1 9	1 11
2046	1 63	1 65	1 11	1 13
2047	1 63	1 65	1 13	1 15
2048	1 64	1 66	1 65	1 67
2049	1 64	1 66	1 67	1 69
2050	1 64	1 66	1 69	1 71
2051	1 64	1 66	1 1	1 3
2052	1 64	1 66	1 3	1 5
2053	1 64	1 66	1 5	1 7
2054	1 64	1 66	1 7	1 9
2055	1 64	1 66	1 9	1 11
2056	1 64	1 66	1 11	1 13
2057	1 64	1 66	1 68	1 70
2058	1 64	1 66	1 70	1 72
2059	1 64	1 66	1 2	1 4
2060	1 64	1 66	1 4	1 6
2061	1 64	1 66	1 6	1 8
2062	1 64	1 66	1 8	1 10
2063	1 64	1 66	1 10	1 12
2064	1 64	1 66	1 12	1 14
2065	1 64	1 66	1 14	1 16
2066	1 65	1 67	1 66	1 68
2067	1 65	1 67	1 68	1 70
2068	1 65	1 67	1 70	1 72
2069	1 65	1 67	1 2	1 4
2070	1 65	1 67	1 4	1 6
2071	1 65	1 67	1 6	1 8
2072	1 65	1 67	1 8	1 10
2073	1 65	1 67	1 10	1 12
2074	1 65	1 67	1 12	1 14
2075	1 65	1 67	1 69	1 71
2076	1 65	1 67	1 1	1 3
2077	1 65	1 67	1 3	1 5
2078	1 65	1 67	1 5	1 7
2079	1 65	1 67	1 7	1 9
2080	1 65	1 67	1 9	1 11
2081	1 65	1 67	1 11	1 13
2082	1 65	1 67	1 13	1 15
2083	1 65	1 67	1 15	1 17
2084	1 66	1 68	1 67	1 69
2085	1 66	1 68	1 69	1 71
2086	1 66	1 68	1 1	1 3
2087	1 66	1 68	1 3	1 5
2088	1 66	1 68	1 5	1 7
2089	1 66	1 68	1 7	1 9
2090	1 66	1 68	1 9	1 11
2091	1 66	1 68	1 11	1 13
2092	1 66	1 68	1 13	1 15
2093	1 66	1 68	1 2	1 4
2094	1 66	1 68	1 4	1 6
2095	1 66	1 68	1 6	1 8
2096	1 66	1 68	1 8	1 10
2097	1 66	1 68	1 10	1 12
2098	1 66	1 68	1 12	1 14
2099	1 66	1 68	1 14	1 16
2100	1 66	1 68	1 16	1 18
2101	1 67	1 69	1 68	1 70
2102	1 67	1 69	1 70	1 72
2103	1 67	1 69	1 2	1 4
2104	1 67	1 69	1 4	1 6
2105	1 67	1 69	1 6	1 8
2106	1 67	1 69	1 8	1 10
2107	1 67	1 69	1 10	1 12
2108	1 67	1 69	1 12	1 14
2109	1 67	1 69	1 14	1 16
2110	1 67	1 69	1 1	1 3
2111	1 67	1 69	1 3	1 5
2112	1 67	1 69	1 5	1 7
2113	1 67	1 69	1 7	1 9
2114	1 67	1 69	1 9	1 11
2115	1 67	1 69	1 11	1 13
2116	1 67	1 69	1 13	1 15
2117	1 67	1 69	1 15	1 17
2118	1 67	1 69	1 17	1 19
2119	1 68	1 70	1 69	1 71
2120	1 68	1 70	1 1	1 3
2121	1 68	1 70	1 3	1 5
2122	1 68	1 70	1 5	1 7
2123	1 68	1 70	1 7	1 9
2124	1 68	1 70	1 9	1 11
2125	1 68	1 70	1 11	1 13
2126	1 68	1 70	1 13	1 15
2127	1 68	1 70	1 15	1 17
2128	1 68	1 70	1 2	1 4
2129	1 68	1 70	1 4	1 6
2130	1 68	1 70	1 6	1 8
2131	1 68	1 70	1 8	1 10
2132	1 68	1 70	1 10	1 12
2133	1 68	1 70	1 12	1 14
2134	1 68	1 70	1 14	1 16
2135	1 68	1 70	1 16	1 18
2136	1 68	1 70	1 18	1 20
2137	1 69	1 71	1 70	1 72
2138	1 69	1 71	1 2	1 4
2139	1 69	1 71	1 4	1 6
2140	1 69	1 71	1 6	1 8
2141	1 69	1 71	1 10	1 12
2142	1 69	1 71	1 12	1 14
2143	1 69	1 71	1 14	1 16
2144	1 69	1 71	1 16	1 18
2145	1 70	1 72	1 1	1 3
2146	1 70	1 72	1 3	1 5
2147	1 70	1 72	1 5	1 7
2148	1 70	1 72	1 7	1 9
2149	1 70	1 72	1 9	1 11
2150	1 70	1 72	1 11	1 13
2151	1 70	1 72	1 13	1 15
2152	1 70	1 72	1 15	1 17
2153	1 70	1 72	1 17	1 19
2154	1 71	1 1	1 72	1 2
2155	1 9	1 11	1 1	1 3
2156	1 9	1 11	1 3	1 5
2157	1 9	1 11	1 5	1 7
2158	1 12	1 14	1 1	1 3
2159	1 12	1 14	1 3	1 5
2160	1 12	1 14	1 5	1 7
2161	1 12	1 14	1 9	1 11
2162	1 12	1 14	1 11	1 13
2163	1 29	1 31	1 1	1 3
2164	1 29	1 31	1 3	1 5
2165	1 29	1 31	1 5	1 7
2166	1 29	1 31	1 11	1 13
2167	1 29	1 31	1 13	1 15
2168	1 29	1 31	1 17	1 19
2169	1 29	1 31	1 19	1 21
2170	1 32	1 34	1 7	1 9
2171	1 32	1 34	1 15	1 17
2172	1 49	1 51	1 1	1 3
2173	1 49	1 51	1 3	1 5
2174	1 49	1 51	1 5	1 7
2175	1 49	1 51	1 7	1 9
2176	1 49	1 51	1 9	1 11
2177	1 49	1 51	1 11	1 13
2178	1 49	1 51	1 13	1 15
2179	1 49	1 51	1 15	1 17
2180	1 49	1 51	1 17	1 19
2181	1 49	1 51	1 19	1 21
2182	1 52	1 54	1 1	1 3
2183	1 52	1 54	1 3	1 5
2184	1 52	1 54	1 5	1 7
2185	1 52	1 54	1 7	1 9
2186	1 52	1 54	1 9	1 11
2187	1 52	1 54	1 11	1 13
2188	1 52	1 54	1 13	1 15
2189	1 52	1 54	1 15	1 17
2190	1 52	1 54	1 17	1 19
2191	1 52	1 54	1 19	1 21
2192	1 69	1 71	1 1	1 3
2193	1 69	1 71	1 3	1 5
2194	1 69	1 71	1 5	1 7
2195	1 69	1 71	1 7	1 9
2196	1 69	1 71	1 9	1 11
2197	1 69	1 71	1 11	1 13
2198	1 69	1 71	1 13	1 15
2199	1 69	1 71	1 15	1 17
2200	1 69	1 71	1 17	1 19
2201	1 69	1 71	1 19	1 21
2202	1 10	1 12	1 2	1 4
2203	1 10	1 12	1 6	1 8
2204	1 13	1 15	1 2	1 4
2205	1 13	1 15	1 4	1 6
2206	1 13	1 15	1 6	1 8
2207	1 13	1 15	1 10	1 12
2208	1 13	1 15	1 12	1 14
2209	1 30	1 32	1 2	1 4
2210	1 30	1 32	1 4	1 6
2211	1 30	1 32	1 6	1 8
2212	1 30	1 32	1 12	1 14
2213	1 30	1 32	1 14	1 16
2214	1 30	1 32	1 18	1 20
2215	1 33	1 35	1 2	1 4
2216	1 33	1 35	1 4	1 6
2217	1 33	1 35	1 8	1 10
2218	1 33	1 35	1 10	1 12
2219	1 33	1 35	1 12	1 14
2220	1 33	1 35	1 18	1 20
2221	1 50	1 52	1 2	1 4
2222	1 50	1 52	1 4	1 6
2223	1 50	1 52	1 6	1 8
2224	1 50	1 52	1 10	1 12
2225	1 50	1 52	1 12	1 14
2226	1 50	1 52	1 14	1 16
2227	1 50	1 52	1 16	1 18
2228	1 50	1 52	1 18	1 20
2229	1 50	1 52	1 20	1 22
2230	1 53	1 55	1 2	1 4
2231	1 53	1 55	1 4	1 6
2232	1 53	1 55	1 6	1 8
2233	1 53	1 55	1 8	1 10
2234	1 53	1 55	1 10	1 12
2235	1 53	1 55	1 12	1 14
2236	1 53	1 55	1 14	1 16
2237	1 53	1 55	1 16	1 18
2238	1 53	1 55	1 18	1 20
2239	1 53	1 55	1 20	1 22
2240	1 70	1 72	1 2	1 4
2241	1 70	1 72	1 4	1 6
2242	1 70	1 72	1 6	1 8
2243	1 70	1 72	1 8	1 10
2244	1 70	1 72	1 10	1 12
2245	1 70	1 72	1 12	1 14
2246	1 70	1 72	1 14	1 16
2247	1 70	1 72	1 16	1 18
2248	1 70	1 72	1 18	1 20
2249	1 70	1 72	1 20	1 22
2250	1 11	1 13	1 3	1 5
2251	1 11	1 13	1 5	1 7
2252	1 14	1 16	1 3	1 5
2253	1 14	1 16	1 5	1 7
2254	1 14	1 16	1 9	1 11
2255	1 14	1 16	1 11	1 13
2256	1 14	1 16	1 13	1 15
2257	1 31	1 33	1 15	1 17
2258	1 34	1 36	1 3	1 5
2259	1 34	1 36	1 5	1 7
2260	1 34	1 36	1 9	1 11
2261	1 34	1 36	1 11	1 13
2262	1 34	1 36	1 13	1 15
2263	1 34	1 36	1 17	1 19
2264	1 34	1 36	1 19	1 21
2265	1 51	1 53	1 3	1 5
2266	1 51	1 53	1 5	1 7
2267	1 51	1 53	1 7	1 9
2268	1 51	1 53	1 9	1 11
2269	1 51	1 53	1 11	1 13
2270	1 51	1 53	1 13	1 15
2271	1 51	1 53	1 15	1 17
2272	1 51	1 53	1 17	1 19
2273	1 51	1 53	1 19	1 21
2274	1 51	1 53	1 21	1 23
2275	1 54	1 56	1 3	1 5
2276	1 54	1 56	1 5	1 7
2277	1 54	1 56	1 7	1 9
2278	1 54	1 56	1 9	1 11
2279	1 54	1 56	1 11	1 13
2280	1 54	1 56	1 13	1 15
2281	1 54	1 56	1 17	1 19
2282	1 54	1 56	1 19	1 21
2283	1 54	1 56	1 21	1 23
2284	1 12	1 14	1 4	1 6
2285	1 12	1 14	1 6	1 8
2286	1 15	1 17	1 8	1 10
2287	1 32	1 34	1 16	1 18
2288	1 35	1 37	1 4	1 6
2289	1 35	1 37	1 6	1 8
2290	1 35	1 37	1 10	1 12
2291	1 35	1 37	1 12	1 14
2292	1 35	1 37	1 14	1 16
2293	1 35	1 37	1 18	1 20
2294	1 35	1 37	1 20	1 22
2295	1 35	1 37	1 22	1 24
2296	1 52	1 54	1 4	1 6
2297	1 52	1 54	1 6	1 8
2298	1 52	1 54	1 8	1 10
2299	1 52	1 54	1 10	1 12
2300	1 52	1 54	1 12	1 14
2301	1 52	1 54	1 14	1 16
2302	1 52	1 54	1 16	1 18
2303	1 52	1 54	1 18	1 20
2304	1 52	1 54	1 20	1 22
2305	1 52	1 54	1 22	1 24
2306	1 55	1 57	1 4	1 6
2307	1 55	1 57	1 6	1 8
2308	1 55	1 57	1 8	1 10
2309	1 55	1 57	1 10	1 12
2310	1 55	1 57	1 12	1 14
2311	1 55	1 57	1 14	1 16
2312	1 55	1 57	1 16	1 18
2313	1 55	1 57	1 18	1 20
2314	1 55	1 57	1 20	1 22
2315	1 55	1 57	1 22	1 24
2316	1 72	1 2	1 16	1 18
2317	1 13	1 15	1 5	1 7
2318	1 13	1 15	1 9	1 11
2319	1 16	1 18	1 7	1 9
2320	1 33	1 35	1 7	1 9
2321	1 33	1 35	1 9	1 11
2322	1 33	1 35	1 11	1 13
2323	1 33	1 35	1 17	1 19
2324	1 33	1 35	1 19	1 21
2325	1 36	1 38	1 5	1 7
2326	1 36	1 38	1 9	1 11
2327	1 36	1 38	1 11	1 13
2328	1 36	1 38	1 13	1 15
2329	1 36	1 38	1 15	1 17
2330	1 36	1 38	1 17	1 19
2331	1 36	1 38	1 19	1 21
2332	1 36	1 38	1 21	1 23
2333	1 53	1 55	1 5	1 7
2334	1 53	1 55	1 7	1 9
2335	1 53	1 55	1 9	1 11
2336	1 53	1 55	1 11	1 13
2337	1 53	1 55	1 13	1 15
2338	1 53	1 55	1 15	1 17
2339	1 53	1 55	1 17	1 19
2340	1 53	1 55	1 19	1 21
2341	1 53	1 55	1 21	1 23
2342	1 53	1 55	1 23	1 25
2343	1 56	1 58	1 5	1 7
2344	1 56	1 58	1 7	1 9
2345	1 56	1 58	1 9	1 11
2346	1 56	1 58	1 11	1 13
2347	1 56	1 58	1 13	1 15
2348	1 56	1 58	1 15	1 17
2349	1 56	1 58	1 17	1 19
2350	1 56	1 58	1 19	1 21
2351	1 56	1 58	1 21	1 23
2352	1 56	1 58	1 23	1 25
2353	1 14	1 16	1 6	1 8
2354	1 14	1 16	1 10	1 12
2355	1 17	1 19	1 6	1 8
2356	1 17	1 19	1 10	1 12
2357	1 17	1 19	1 12	1 14
2358	1 17	1 19	1 14	1 16
2359	1 34	1 36	1 6	1 8
2360	1 34	1 36	1 10	1 12
2361	1 34	1 36	1 12	1 14
2362	1 34	1 36	1 14	1 16
2363	1 34	1 36	1 18	1 20
2364	1 34	1 36	1 20	1 22
2365	1 37	1 39	1 6	1 8
2366	1 37	1 39	1 10	1 12
2367	1 37	1 39	1 12	1 14
2368	1 37	1 39	1 14	1 16
2369	1 37	1 39	1 16	1 18
2370	1 37	1 39	1 18	1 20
2371	1 37	1 39	1 20	1 22
2372	1 37	1 39	1 22	1 24
2373	1 54	1 56	1 6	1 8
2374	1 54	1 56	1 8	1 10
2375	1 54	1 56	1 10	1 12
2376	1 54	1 56	1 12	1 14
2377	1 54	1 56	1 14	1 16
2378	1 54	1 56	1 18	1 20
2379	1 54	1 56	1 20	1 22
2380	1 54	1 56	1 22	1 24
2381	1 57	1 59	1 6	1 8
2382	1 57	1 59	1 8	1 10
2383	1 57	1 59	1 10	1 12
2384	1 57	1 59	1 12	1 14
2385	1 57	1 59	1 14	1 16
2386	1 57	1 59	1 16	1 18
2387	1 57	1 59	1 18	1 20
2388	1 57	1 59	1 20	1 22
2389	1 57	1 59	1 22	1 24
2390	1 57	1 59	1 24	1 26
2391	1 18	1 20	1 9	1 11
2392	1 18	1 20	1 11	1 13
2393	1 18	1 20	1 13	1 15
2394	1 18	1 20	1 17	1 19
2395	1 35	1 37	1 7	1 9
2396	1 35	1 37	1 9	1 11
2397	1 35	1 37	1 11	1 13
2398	1 35	1 37	1 13	1 15
2399	1 35	1 37	1 17	1 19
2400	1 35	1 37	1 19	1 21
2401	1 35	1 37	1 21	1 23
2402	1 38	1 40	1 9	1 11
2403	1 38	1 40	1 11	1 13
2404	1 38	1 40	1 13	1 15
2405	1 38	1 40	1 15	1 17
2406	1 38	1 40	1 19	1 21
2407	1 38	1 40	1 21	1 23
2408	1 38	1 40	1 25	1 27
2409	1 55	1 57	1 7	1 9
2410	1 55	1 57	1 9	1 11
2411	1 55	1 57	1 11	1 13
2412	1 55	1 57	1 13	1 15
2413	1 55	1 57	1 15	1 17
2414	1 55	1 57	1 17	1 19
2415	1 55	1 57	1 19	1 21
2416	1 55	1 57	1 21	1 23
2417	1 55	1 57	1 23	1 25
2418	1 55	1 57	1 25	1 27
2419	1 58	1 60	1 7	1 9
2420	1 58	1 60	1 9	1 11
2421	1 58	1 60	1 11	1 13
2422	1 58	1 60	1 13	1 15
2423	1 58	1 60	1 15	1 17
2424	1 58	1 60	1 17	1 19
2425	1 58	1 60	1 19	1 21
2426	1 58	1 60	1 21	1 23
2427	1 58	1 60	1 23	1 25
2428	1 58	1 60	1 25	1 27
2429	1 19	1 21	1 10	1 12
2430	1 19	1 21	1 12	1 14
2431	1 19	1 21	1 14	1 16
2432	1 19	1 21	1 18	1 20
2433	1 36	1 38	1 10	1 12
2434	1 36	1 38	1 12	1 14
2435	1 36	1 38	1 14	1 16
2436	1 36	1 38	1 18	1 20
2437	1 36	1 38	1 20	1 22
2438	1 36	1 38	1 22	1 24
2439	1 39	1 41	1 8	1 10
2440	1 39	1 41	1 16	1 18
2441	1 39	1 41	1 24	1 26
2442	1 56	1 58	1 8	1 10
2443	1 56	1 58	1 10	1 12
2444	1 56	1 58	1 12	1 14
2445	1 56	1 58	1 14	1 16
2446	1 56	1 58	1 16	1 18
2447	1 56	1 58	1 18	1 20
2448	1 56	1 58	1 20	1 22
2449	1 56	1 58	1 22	1 24
2450	1 56	1 58	1 24	1 26
2451	1 59	1 61	1 8	1 10
2452	1 59	1 61	1 10	1 12
2453	1 59	1 61	1 12	1 14
2454	1 59	1 61	1 14	1 16
2455	1 59	1 61	1 16	1 18
2456	1 59	1 61	1 18	1 20
2457	1 59	1 61	1 20	1 22
2458	1 59	1 61	1 22	1 24
2459	1 59	1 61	1 24	1 26
2460	1 59	1 61	1 26	1 28
2461	1 17	1 19	1 9	1 11
2462	1 17	1 19	1 11	1 13
2463	1 17	1 19	1 13	1 15
2464	1 20	1 22	1 9	1 11
2465	1 20	1 22	1 11	1 13
2466	1 20	1 22	1 13	1 15
2467	1 20	1 22	1 17	1 19
2468	1 20	1 22	1 19	1 21
2469	1 37	1 39	1 9	1 11
2470	1 37	1 39	1 11	1 13
2471	1 37	1 39	1 13	1 15
2472	1 37	1 39	1 17	1 19
2473	1 37	1 39	1 19	1 21
2474	1 37	1 39	1 21	1 23
2475	1 37	1 39	1 25	1 27
2476	1 40	1 42	1 15	1 17
2477	1 40	1 42	1 23	1 25
2478	1 57	1 59	1 9	1 11
2479	1 57	1 59	1 11	1 13
2480	1 57	1 59	1 13	1 15
2481	1 57	1 59	1 15	1 17
2482	1 57	1 59	1 17	1 19
2483	1 57	1 59	1 19	1 21
2484	1 57	1 59	1 21	1 23
2485	1 57	1 59	1 23	1 25
2486	1 57	1 59	1 25	1 27
2487	1 57	1 59	1 27	1 29
2488	1 60	1 62	1 9	1 11
2489	1 60	1 62	1 11	1 13
2490	1 60	1 62	1 13	1 15
2491	1 60	1 62	1 15	1 17
2492	1 60	1 62	1 17	1 19
2493	1 60	1 62	1 19	1 21
2494	1 60	1 62	1 21	1 23
2495	1 60	1 62	1 23	1 25
2496	1 60	1 62	1 25	1 27
2497	1 60	1 62	1 27	1 29
2498	1 18	1 20	1 10	1 12
2499	1 18	1 20	1 14	1 16
2500	1 21	1 23	1 10	1 12
2501	1 21	1 23	1 12	1 14
2502	1 21	1 23	1 14	1 16
2503	1 21	1 23	1 18	1 20
2504	1 21	1 23	1 20	1 22
2505	1 38	1 40	1 10	1 12
2506	1 38	1 40	1 12	1 14
2507	1 38	1 40	1 14	1 16
2508	1 38	1 40	1 18	1 20
2509	1 38	1 40	1 20	1 22
2510	1 38	1 40	1 22	1 24
2511	1 38	1 40	1 28	1 30
2512	1 41	1 43	1 10	1 12
2513	1 41	1 43	1 12	1 14
2514	1 41	1 43	1 14	1 16
2515	1 41	1 43	1 16	1 18
2516	1 41	1 43	1 18	1 20
2517	1 41	1 43	1 20	1 22
2518	1 41	1 43	1 22	1 24
2519	1 41	1 43	1 26	1 28
2520	1 41	1 43	1 28	1 30
2521	1 58	1 60	1 10	1 12
2522	1 58	1 60	1 12	1 14
2523	1 58	1 60	1 14	1 16
2524	1 58	1 60	1 16	1 18
2525	1 58	1 60	1 18	1 20
2526	1 58	1 60	1 20	1 22
2527	1 58	1 60	1 22	1 24
2528	1 58	1 60	1 24	1 26
2529	1 58	1 60	1 26	1 28
2530	1 58	1 60	1 28	1 30
2531	1 61	1 63	1 10	1 12
2532	1 61	1 63	1 12	1 14
2533	1 61	1 63	1 14	1 16
2534	1 61	1 63	1 16	1 18
2535	1 61	1 63	1 18	1 20
2536	1 61	1 63	1 20	1 22
2537	1 61	1 63	1 22	1 24
2538	1 61	1 63	1 24	1 26
2539	1 61	1 63	1 26	1 28
2540	1 61	1 63	1 28	1 30
2541	1 19	1 21	1 11	1 13
2542	1 22	1 24	1 11	1 13
2543	1 22	1 24	1 13	1 15
2544	1 22	1 24	1 17	1 19
2545	1 22	1 24	1 19	1 21
2546	1 22	1 24	1 21	1 23
2547	1 39	1 41	1 23	1 25
2548	1 42	1 44	1 11	1 13
2549	1 42	1 44	1 13	1 15
2550	1 42	1 44	1 15	1 17
2551	1 42	1 44	1 17	1 19
2552	1 42	1 44	1 19	1 21
2553	1 42	1 44	1 21	1 23
2554	1 42	1 44	1 25	1 27
2555	1 42	1 44	1 27	1 29
2556	1 59	1 61	1 11	1 13
2557	1 59	1 61	1 13	1 15
2558	1 59	1 61	1 15	1 17
2559	1 59	1 61	1 17	1 19
2560	1 59	1 61	1 19	1 21
2561	1 59	1 61	1 21	1 23
2562	1 59	1 61	1 23	1 25
2563	1 59	1 61	1 25	1 27
2564	1 59	1 61	1 27	1 29
2565	1 59	1 61	1 29	1 31
2566	1 62	1 64	1 11	1 13
2567	1 62	1 64	1 13	1 15
2568	1 62	1 64	1 15	1 17
2569	1 62	1 64	1 17	1 19
2570	1 62	1 64	1 19	1 21
2571	1 62	1 64	1 21	1 23
2572	1 62	1 64	1 25	1 27
2573	1 62	1 64	1 27	1 29
2574	1 62	1 64	1 29	1 31
2575	1 20	1 22	1 12	1 14
2576	1 23	1 25	1 16	1 18
2577	1 40	1 42	1 24	1 26
2578	1 43	1 45	1 12	1 14
2579	1 43	1 45	1 14	1 16
2580	1 43	1 45	1 16	1 18
2581	1 43	1 45	1 18	1 20
2582	1 43	1 45	1 20	1 22
2583	1 43	1 45	1 22	1 24
2584	1 43	1 45	1 26	1 28
2585	1 43	1 45	1 28	1 30
2586	1 43	1 45	1 30	1 32
2587	1 60	1 62	1 12	1 14
2588	1 60	1 62	1 14	1 16
2589	1 60	1 62	1 16	1 18
2590	1 60	1 62	1 18	1 20
2591	1 60	1 62	1 20	1 22
2592	1 60	1 62	1 22	1 24
2593	1 60	1 62	1 24	1 26
2594	1 60	1 62	1 26	1 28
2595	1 60	1 62	1 28	1 30
2596	1 60	1 62	1 30	1 32
2597	1 63	1 65	1 12	1 14
2598	1 63	1 65	1 14	1 16
2599	1 63	1 65	1 16	1 18
2600	1 63	1 65	1 18	1 20
2601	1 63	1 65	1 20	1 22
2602	1 63	1 65	1 22	1 24
2603	1 63	1 65	1 24	1 26
2604	1 63	1 65	1 26	1 28
2605	1 63	1 65	1 28	1 30
2606	1 63	1 65	1 30	1 32
2607	1 21	1 23	1 13	1 15
2608	1 21	1 23	1 17	1 19
2609	1 24	1 26	1 15	1 17
2610	1 24	1 26	1 23	1 25
2611	1 41	1 43	1 13	1 15
2612	1 41	1 43	1 15	1 17
2613	1 41	1 43	1 17	1 19
2614	1 41	1 43	1 19	1 21
2615	1 41	1 43	1 21	1 23
2616	1 41	1 43	1 25	1 27
2617	1 41	1 43	1 27	1 29
2618	1 41	1 43	1 31	1 33
2619	1 44	1 46	1 13	1 15
2620	1 44	1 46	1 15	1 17
2621	1 44	1 46	1 17	1 19
2622	1 44	1 46	1 19	1 21
2623	1 44	1 46	1 21	1 23
2624	1 44	1 46	1 23	1 25
2625	1 44	1 46	1 25	1 27
2626	1 44	1 46	1 27	1 29
2627	1 44	1 46	1 29	1 31
2628	1 61	1 63	1 13	1 15
2629	1 61	1 63	1 15	1 17
2630	1 61	1 63	1 17	1 19
2631	1 61	1 63	1 19	1 21
2632	1 61	1 63	1 21	1 23
2633	1 61	1 63	1 23	1 25
2634	1 61	1 63	1 25	1 27
2635	1 61	1 63	1 27	1 29
2636	1 61	1 63	1 29	1 31
2637	1 64	1 66	1 13	1 15
2638	1 64	1 66	1 15	1 17
2639	1 64	1 66	1 17	1 19
2640	1 64	1 66	1 19	1 21
2641	1 64	1 66	1 21	1 23
2642	1 64	1 66	1 23	1 25
2643	1 64	1 66	1 25	1 27
2644	1 64	1 66	1 27	1 29
2645	1 64	1 66	1 29	1 31
2646	1 64	1 66	1 31	1 33
2647	1 22	1 24	1 14	1 16
2648	1 22	1 24	1 18	1 20
2649	1 25	1 27	1 18	1 20
2650	1 25	1 27	1 20	1 22
2651	1 25	1 27	1 22	1 24
2652	1 42	1 44	1 14	1 16
2653	1 42	1 44	1 16	1 18
2654	1 42	1 44	1 18	1 20
2655	1 42	1 44	1 20	1 22
2656	1 42	1 44	1 22	1 24
2657	1 42	1 44	1 26	1 28
2658	1 42	1 44	1 28	1 30
2659	1 45	1 47	1 14	1 16
2660	1 45	1 47	1 16	1 18
2661	1 45	1 47	1 18	1 20
2662	1 45	1 47	1 20	1 22
2663	1 45	1 47	1 22	1 24
2664	1 45	1 47	1 24	1 26
2665	1 45	1 47	1 28	1 30
2666	1 45	1 47	1 30	1 32
2667	1 62	1 64	1 14	1 16
2668	1 62	1 64	1 16	1 18
2669	1 62	1 64	1 18	1 20
2670	1 62	1 64	1 20	1 22
2671	1 62	1 64	1 22	1 24
2672	1 62	1 64	1 24	1 26
2673	1 62	1 64	1 26	1 28
2674	1 62	1 64	1 28	1 30
2675	1 62	1 64	1 30	1 32
2676	1 65	1 67	1 14	1 16
2677	1 65	1 67	1 16	1 18
2678	1 65	1 67	1 18	1 20
2679	1 65	1 67	1 20	1 22
2680	1 65	1 67	1 22	1 24
2681	1 65	1 67	1 24	1 26
2682	1 65	1 67	1 26	1 28
2683	1 65	1 67	1 28	1 30
2684	1 65	1 67	1 30	1 32
2685	1 65	1 67	1 32	1 34
2686	1 26	1 28	1 17	1 19
2687	1 26	1 28	1 19	1 21
2688	1 26	1 28	1 21	1 23
2689	1 26	1 28	1 25	1 27
2690	1 43	1 45	1 15	1 17
2691	1 43	1 45	1 17	1 19
2692	1 43	1 45	1 19	1 21
2693	1 43	1 45	1 21	1 23
2694	1 43	1 45	1 25	1 27
2695	1 43	1 45	1 27	1 29
2696	1 43	1 45	1 29	1 31
2697	1 46	1 48	1 17	1 19
2698	1 46	1 48	1 19	1 21
2699	1 46	1 48	1 21	1 23
2700	1 46	1 48	1 29	1 31
2701	1 46	1 48	1 33	1 35
2702	1 63	1 65	1 15	1 17
2703	1 63	1 65	1 17	1 19
2704	1 63	1 65	1 19	1 21
2705	1 63	1 65	1 21	1 23
2706	1 63	1 65	1 23	1 25
2707	1 63	1 65	1 25	1 27
2708	1 63	1 65	1 27	1 29
2709	1 63	1 65	1 29	1 31
2710	1 63	1 65	1 31	1 33
2711	1 63	1 65	1 33	1 35
2712	1 66	1 68	1 15	1 17
2713	1 66	1 68	1 17	1 19
2714	1 66	1 68	1 19	1 21
2715	1 66	1 68	1 21	1 23
2716	1 66	1 68	1 23	1 25
2717	1 66	1 68	1 25	1 27
2718	1 66	1 68	1 27	1 29
2719	1 66	1 68	1 29	1 31
2720	1 66	1 68	1 31	1 33
2721	1 66	1 68	1 33	1 35
2722	1 24	1 26	1 16	1 18
2723	1 27	1 29	1 18	1 20
2724	1 27	1 29	1 20	1 22
2725	1 27	1 29	1 22	1 24
2726	1 27	1 29	1 26	1 28
2727	1 44	1 46	1 16	1 18
2728	1 44	1 46	1 18	1 20
2729	1 44	1 46	1 20	1 22
2730	1 44	1 46	1 22	1 24
2731	1 44	1 46	1 26	1 28
2732	1 44	1 46	1 28	1 30
2733	1 44	1 46	1 30	1 32
2734	1 47	1 49	1 16	1 18
2735	1 47	1 49	1 24	1 26
2736	1 47	1 49	1 32	1 34
2737	1 64	1 66	1 16	1 18
2738	1 64	1 66	1 20	1 22
2739	1 64	1 66	1 22	1 24
2740	1 64	1 66	1 24	1 26
2741	1 64	1 66	1 26	1 28
2742	1 64	1 66	1 32	1 34
2743	1 67	1 69	1 16	1 18
2744	1 67	1 69	1 18	1 20
2745	1 67	1 69	1 20	1 22
2746	1 67	1 69	1 22	1 24
2747	1 67	1 69	1 24	1 26
2748	1 67	1 69	1 26	1 28
2749	1 67	1 69	1 28	1 30
2750	1 67	1 69	1 30	1 32
2751	1 67	1 69	1 32	1 34
2752	1 67	1 69	1 34	1 36
2753	1 25	1 27	1 17	1 19
2754	1 25	1 27	1 19	1 21
2755	1 28	1 30	1 19	1 21
2756	1 28	1 30	1 21	1 23
2757	1 28	1 30	1 25	1 27
2758	1 28	1 30	1 27	1 29
2759	1 45	1 47	1 17	1 19
2760	1 45	1 47	1 19	1 21
2761	1 45	1 47	1 21	1 23
2762	1 45	1 47	1 25	1 27
2763	1 45	1 47	1 27	1 29
2764	1 45	1 47	1 29	1 31
2765	1 45	1 47	1 33	1 35
2766	1 48	1 50	1 23	1 25
2767	1 48	1 50	1 31	1 33
2768	1 65	1 67	1 17	1 19
2769	1 65	1 67	1 19	1 21
2770	1 65	1 67	1 21	1 23
2771	1 65	1 67	1 23	1 25
2772	1 65	1 67	1 25	1 27
2773	1 65	1 67	1 27	1 29
2774	1 65	1 67	1 29	1 31
2775	1 65	1 67	1 33	1 35
2776	1 65	1 67	1 35	1 37
2777	1 68	1 70	1 17	1 19
2778	1 68	1 70	1 19	1 21
2779	1 68	1 70	1 21	1 23
2780	1 68	1 70	1 23	1 25
2781	1 68	1 70	1 25	1 27
2782	1 68	1 70	1 27	1 29
2783	1 68	1 70	1 29	1 31
2784	1 68	1 70	1 31	1 33
2785	1 68	1 70	1 33	1 35
2786	1 68	1 70	1 35	1 37
2787	1 26	1 28	1 20	1 22
2788	1 26	1 28	1 22	1 24
2789	1 29	1 31	1 18	1 20
2790	1 29	1 31	1 20	1 22
2791	1 29	1 31	1 22	1 24
2792	1 29	1 31	1 26	1 28
2793	1 29	1 31	1 28	1 30
2794	1 46	1 48	1 18	1 20
2795	1 46	1 48	1 20	1 22
2796	1 46	1 48	1 22	1 24
2797	1 46	1 48	1 28	1 30
2798	1 46	1 48	1 30	1 32
2799	1 46	1 48	1 34	1 36
2800	1 49	1 51	1 18	1 20
2801	1 49	1 51	1 20	1 22
2802	1 49	1 51	1 22	1 24
2803	1 49	1 51	1 24	1 26
2804	1 49	1 51	1 26	1 28
2805	1 49	1 51	1 28	1 30
2806	1 49	1 51	1 32	1 34
2807	1 49	1 51	1 34	1 36
2808	1 49	1 51	1 36	1 38
2809	1 66	1 68	1 18	1 20
2810	1 66	1 68	1 20	1 22
2811	1 66	1 68	1 22	1 24
2812	1 66	1 68	1 24	1 26
2813	1 66	1 68	1 26	1 28
2814	1 66	1 68	1 28	1 30
2815	1 66	1 68	1 30	1 32
2816	1 66	1 68	1 32	1 34
2817	1 66	1 68	1 34	1 36
2818	1 66	1 68	1 36	1 38
2819	1 69	1 71	1 18	1 20
2820	1 69	1 71	1 20	1 22
2821	1 69	1 71	1 22	1 24
2822	1 69	1 71	1 24	1 26
2823	1 69	1 71	1 26	1 28
2824	1 69	1 71	1 28	1 30
2825	1 69	1 71	1 30	1 32
2826	1 69	1 71	1 32	1 34
2827	1 69	1 71	1 34	1 36
2828	1 69	1 71	1 36	1 38
2829	1 27	1 29	1 19	1 21
2830	1 30	1 32	1 19	1 21
2831	1 30	1 32	1 21	1 23
2832	1 30	1 32	1 25	1 27
2833	1 30	1 32	1 27	1 29
2834	1 30	1 32	1 29	1 31
2835	1 47	1 49	1 31	1 33
2836	1 50	1 52	1 19	1 21
2837	1 50	1 52	1 21	1 23
2838	1 50	1 52	1 25	1 27
2839	1 50	1 52	1 27	1 29
2840	1 50	1 52	1 29	1 31
2841	1 50	1 52	1 33	1 35
2842	1 50	1 52	1 35	1 37
2843	1 50	1 52	1 37	1 39
2844	1 67	1 69	1 19	1 21
2845	1 67	1 69	1 21	1 23
2846	1 67	1 69	1 23	1 25
2847	1 67	1 69	1 25	1 27
2848	1 67	1 69	1 27	1 29
2849	1 67	1 69	1 29	1 31
2850	1 67	1 69	1 33	1 35
2851	1 67	1 69	1 35	1 37
2852	1 67	1 69	1 37	1 39
2853	1 70	1 72	1 19	1 21
2854	1 70	1 72	1 21	1 23
2855	1 70	1 72	1 23	1 25
2856	1 70	1 72	1 25	1 27
2857	1 70	1 72	1 27	1 29
2858	1 70	1 72	1 29	1 31
2859	1 70	1 72	1 31	1 33
2860	1 70	1 72	1 33	1 35
2861	1 70	1 72	1 35	1 37
2862	1 70	1 72	1 37	1 39
2863	1 28	1 30	1 20	1 22
2864	1 28	1 30	1 22	1 24
2865	1 48	1 50	1 32	1 34
2866	1 51	1 53	1 20	1 22
2867	1 51	1 53	1 22	1 24
2868	1 51	1 53	1 24	1 26
2869	1 51	1 53	1 26	1 28
2870	1 51	1 53	1 28	1 30
2871	1 51	1 53	1 30	1 32
2872	1 51	1 53	1 34	1 36
2873	1 51	1 53	1 36	1 38
2874	1 68	1 70	1 20	1 22
2875	1 68	1 70	1 22	1 24
2876	1 68	1 70	1 24	1 26
2877	1 68	1 70	1 26	1 28
2878	1 68	1 70	1 28	1 30
2879	1 68	1 70	1 30	1 32
2880	1 68	1 70	1 32	1 34
2881	1 68	1 70	1 34	1 36
2882	1 68	1 70	1 36	1 38
2883	1 68	1 70	1 38	1 40
2884	1 71	1 1	1 22	1 24
2885	1 71	1 1	1 24	1 26
2886	1 71	1 1	1 28	1 30
2887	1 71	1 1	1 32	1 34
2888	1 71	1 1	1 36	1 38
2889	1 71	1 1	1 38	1 40
2890	1 29	1 31	1 21	1 23
2891	1 29	1 31	1 25	1 27
2892	1 32	1 34	1 23	1 25
2893	1 32	1 34	1 31	1 33
2894	1 49	1 51	1 21	1 23
2895	1 49	1 51	1 23	1 25
2896	1 49	1 51	1 25	1 27
2897	1 49	1 51	1 27	1 29
2898	1 49	1 51	1 29	1 31
2899	1 49	1 51	1 33	1 35
2900	1 49	1 51	1 35	1 37
2901	1 52	1 54	1 21	1 23
2902	1 52	1 54	1 25	1 27
2903	1 52	1 54	1 27	1 29
2904	1 52	1 54	1 29	1 31
2905	1 52	1 54	1 31	1 33
2906	1 52	1 54	1 33	1 35
2907	1 52	1 54	1 35	1 37
2908	1 52	1 54	1 37	1 39
2909	1 69	1 71	1 21	1 23
2910	1 69	1 71	1 23	1 25
2911	1 69	1 71	1 25	1 27
2912	1 69	1 71	1 27	1 29
2913	1 69	1 71	1 29	1 31
2914	1 69	1 71	1 33	1 35
2915	1 69	1 71	1 35	1 37
2916	1 69	1 71	1 37	1 39
2917	1 72	1 2	1 31	1 33
2918	1 72	1 2	1 39	1 41
2919	1 30	1 32	1 22	1 24
2920	1 30	1 32	1 26	1 28
2921	1 33	1 35	1 24	1 26
2922	1 33	1 35	1 26	1 28
2923	1 33	1 35	1 28	1 30
2924	1 33	1 35	1 30	1 32
2925	1 50	1 52	1 22	1 24
2926	1 50	1 52	1 24	1 26
2927	1 50	1 52	1 26	1 28
2928	1 50	1 52	1 28	1 30
2929	1 50	1 52	1 30	1 32
2930	1 50	1 52	1 34	1 36
2931	1 50	1 52	1 36	1 38
2932	1 50	1 52	1 38	1 40
2933	1 53	1 55	1 22	1 24
2934	1 53	1 55	1 24	1 26
2935	1 53	1 55	1 26	1 28
2936	1 53	1 55	1 28	1 30
2937	1 53	1 55	1 30	1 32
2938	1 53	1 55	1 32	1 34
2939	1 53	1 55	1 34	1 36
2940	1 53	1 55	1 36	1 38
2941	1 53	1 55	1 38	1 40
2942	1 70	1 72	1 22	1 24
2943	1 70	1 72	1 24	1 26
2944	1 70	1 72	1 26	1 28
2945	1 70	1 72	1 28	1 30
2946	1 70	1 72	1 30	1 32
2947	1 70	1 72	1 32	1 34
2948	1 70	1 72	1 34	1 36
2949	1 70	1 72	1 36	1 38
2950	1 70	1 72	1 38	1 40
2951	1 34	1 36	1 25	1 27
2952	1 34	1 36	1 27	1 29
2953	1 34	1 36	1 33	1 35
2954	1 51	1 53	1 23	1 25
2955	1 51	1 53	1 25	1 27
2956	1 51	1 53	1 27	1 29
2957	1 51	1 53	1 29	1 31
2958	1 51	1 53	1 33	1 35
2959	1 51	1 53	1 35	1 37
2960	1 51	1 53	1 37	1 39
2961	1 54	1 56	1 25	1 27
2962	1 54	1 56	1 27	1 29
2963	1 54	1 56	1 29	1 31
2964	1 54	1 56	1 41	1 43
2965	1 71	1 1	1 23	1 25
2966	1 71	1 1	1 31	1 33
2967	1 71	1 1	1 39	1 41
2968	1 32	1 34	1 24	1 26
2969	1 35	1 37	1 26	1 28
2970	1 35	1 37	1 28	1 30
2971	1 35	1 37	1 30	1 32
2972	1 35	1 37	1 34	1 36
2973	1 52	1 54	1 24	1 26
2974	1 52	1 54	1 26	1 28
2975	1 52	1 54	1 28	1 30
2976	1 52	1 54	1 30	1 32
2977	1 52	1 54	1 34	1 36
2978	1 52	1 54	1 36	1 38
2979	1 52	1 54	1 38	1 40
2980	1 55	1 57	1 24	1 26
2981	1 55	1 57	1 32	1 34
2982	1 55	1 57	1 40	1 42
2983	1 72	1 2	1 24	1 26
2984	1 72	1 2	1 32	1 34
2985	1 72	1 2	1 40	1 42
2986	1 33	1 35	1 25	1 27
2987	1 33	1 35	1 27	1 29
2988	1 33	1 35	1 29	1 31
2989	1 36	1 38	1 25	1 27
2990	1 36	1 38	1 27	1 29
2991	1 36	1 38	1 29	1 31
2992	1 36	1 38	1 33	1 35
2993	1 36	1 38	1 35	1 37
2994	1 53	1 55	1 25	1 27
2995	1 53	1 55	1 27	1 29
2996	1 53	1 55	1 29	1 31
2997	1 53	1 55	1 35	1 37
2998	1 53	1 55	1 37	1 39
2999	1 53	1 55	1 41	1 43
3000	1 56	1 58	1 31	1 33
3001	1 56	1 58	1 37	1 39
3002	1 56	1 58	1 39	1 41
3003	1 34	1 36	1 26	1 28
3004	1 34	1 36	1 30	1 32
3005	1 37	1 39	1 26	1 28
3006	1 37	1 39	1 28	1 30
3007	1 37	1 39	1 30	1 32
3008	1 37	1 39	1 34	1 36
3009	1 37	1 39	1 36	1 38
3010	1 54	1 56	1 26	1 28
3011	1 54	1 56	1 28	1 30
3012	1 54	1 56	1 30	1 32
3013	1 54	1 56	1 36	1 38
3014	1 54	1 56	1 38	1 40
3015	1 54	1 56	1 42	1 44
3016	1 54	1 56	1 44	1 46
3017	1 57	1 59	1 26	1 28
3018	1 57	1 59	1 28	1 30
3019	1 57	1 59	1 30	1 32
3020	1 57	1 59	1 32	1 34
3021	1 57	1 59	1 34	1 36
3022	1 57	1 59	1 36	1 38
3023	1 57	1 59	1 42	1 44
3024	1 35	1 37	1 27	1 29
3025	1 38	1 40	1 29	1 31
3026	1 38	1 40	1 33	1 35
3027	1 38	1 40	1 35	1 37
3028	1 38	1 40	1 37	1 39
3029	1 55	1 57	1 31	1 33
3030	1 55	1 57	1 39	1 41
3031	1 58	1 60	1 27	1 29
3032	1 58	1 60	1 29	1 31
3033	1 58	1 60	1 31	1 33
3034	1 58	1 60	1 33	1 35
3035	1 58	1 60	1 35	1 37
3036	1 58	1 60	1 37	1 39
3037	1 58	1 60	1 41	1 43
3038	1 58	1 60	1 43	1 45
3039	1 58	1 60	1 45	1 47
3040	1 36	1 38	1 28	1 30
3041	1 56	1 58	1 32	1 34
3042	1 56	1 58	1 40	1 42
3043	1 59	1 61	1 28	1 30
3044	1 59	1 61	1 30	1 32
3045	1 59	1 61	1 32	1 34
3046	1 59	1 61	1 34	1 36
3047	1 59	1 61	1 36	1 38
3048	1 59	1 61	1 38	1 40
3049	1 59	1 61	1 42	1 44
3050	1 59	1 61	1 44	1 46
3051	1 37	1 39	1 29	1 31
3052	1 37	1 39	1 33	1 35
3053	1 40	1 42	1 31	1 33
3054	1 40	1 42	1 39	1 41
3055	1 57	1 59	1 29	1 31
3056	1 57	1 59	1 33	1 35
3057	1 57	1 59	1 35	1 37
3058	1 57	1 59	1 37	1 39
3059	1 57	1 59	1 41	1 43
3060	1 57	1 59	1 43	1 45
3061	1 57	1 59	1 45	1 47
3062	1 57	1 59	1 47	1 49
3063	1 60	1 62	1 29	1 31
3064	1 60	1 62	1 31	1 33
3065	1 60	1 62	1 33	1 35
3066	1 60	1 62	1 35	1 37
3067	1 60	1 62	1 37	1 39
3068	1 60	1 62	1 41	1 43
3069	1 60	1 62	1 43	1 45
3070	1 60	1 62	1 45	1 47
3071	1 38	1 40	1 30	1 32
3072	1 38	1 40	1 34	1 36
3073	1 41	1 43	1 34	1 36
3074	1 41	1 43	1 36	1 38
3075	1 41	1 43	1 38	1 40
3076	1 58	1 60	1 30	1 32
3077	1 58	1 60	1 32	1 34
3078	1 58	1 60	1 34	1 36
3079	1 58	1 60	1 36	1 38
3080	1 58	1 60	1 38	1 40
3081	1 58	1 60	1 42	1 44
3082	1 58	1 60	1 44	1 46
3083	1 58	1 60	1 46	1 48
3084	1 58	1 60	1 48	1 50
3085	1 61	1 63	1 30	1 32
3086	1 61	1 63	1 32	1 34
3087	1 61	1 63	1 34	1 36
3088	1 61	1 63	1 36	1 38
3089	1 61	1 63	1 38	1 40
3090	1 61	1 63	1 44	1 46
3091	1 61	1 63	1 46	1 48
3092	1 39	1 41	1 31	1 33
3093	1 42	1 44	1 33	1 35
3094	1 42	1 44	1 35	1 37
3095	1 42	1 44	1 37	1 39
3096	1 42	1 44	1 41	1 43
3097	1 59	1 61	1 33	1 35
3098	1 59	1 61	1 35	1 37
3099	1 59	1 61	1 37	1 39
3100	1 59	1 61	1 41	1 43
3101	1 59	1 61	1 43	1 45
3102	1 59	1 61	1 45	1 47
3103	1 59	1 61	1 49	1 51
3104	1 62	1 64	1 31	1 33
3105	1 62	1 64	1 33	1 35
3106	1 62	1 64	1 35	1 37
3107	1 62	1 64	1 37	1 39
3108	1 62	1 64	1 45	1 47
3109	1 62	1 64	1 49	1 51
3110	1 43	1 45	1 34	1 36
3111	1 43	1 45	1 36	1 38
3112	1 43	1 45	1 38	1 40
3113	1 43	1 45	1 42	1 44
3114	1 60	1 62	1 32	1 34
3115	1 60	1 62	1 34	1 36
3116	1 60	1 62	1 36	1 38
3117	1 60	1 62	1 38	1 40
3118	1 60	1 62	1 42	1 44
3119	1 60	1 62	1 44	1 46
3120	1 60	1 62	1 46	1 48
3121	1 60	1 62	1 50	1 52
3122	1 63	1 65	1 32	1 34
3123	1 63	1 65	1 40	1 42
3124	1 63	1 65	1 44	1 46
3125	1 63	1 65	1 48	1 50
3126	1 41	1 43	1 33	1 35
3127	1 41	1 43	1 37	1 39
3128	1 44	1 46	1 33	1 35
3129	1 44	1 46	1 35	1 37
3130	1 44	1 46	1 37	1 39
3131	1 44	1 46	1 41	1 43
3132	1 44	1 46	1 43	1 45
3133	1 61	1 63	1 33	1 35
3134	1 61	1 63	1 35	1 37
3135	1 61	1 63	1 37	1 39
3136	1 61	1 63	1 45	1 47
3137	1 61	1 63	1 49	1 51
3138	1 64	1 66	1 39	1 41
3139	1 64	1 66	1 45	1 47
3140	1 64	1 66	1 47	1 49
3141	1 42	1 44	1 34	1 36
3142	1 42	1 44	1 38	1 40
3143	1 45	1 47	1 34	1 36
3144	1 45	1 47	1 36	1 38
3145	1 45	1 47	1 38	1 40
3146	1 45	1 47	1 42	1 44
3147	1 45	1 47	1 44	1 46
3148	1 62	1 64	1 34	1 36
3149	1 62	1 64	1 36	1 38
3150	1 62	1 64	1 38	1 40
3151	1 62	1 64	1 44	1 46
3152	1 62	1 64	1 46	1 48
3153	1 62	1 64	1 50	1 52
3154	1 65	1 67	1 34	1 36
3155	1 65	1 67	1 36	1 38
3156	1 65	1 67	1 38	1 40
3157	1 65	1 67	1 42	1 44
3158	1 65	1 67	1 44	1 46
3159	1 65	1 67	1 46	1 48
3160	1 65	1 67	1 50	1 52
3161	1 65	1 67	1 52	1 54
3162	1 43	1 45	1 35	1 37
3163	1 43	1 45	1 37	1 39
3164	1 46	1 48	1 35	1 37
3165	1 46	1 48	1 37	1 39
3166	1 46	1 48	1 41	1 43
3167	1 46	1 48	1 43	1 45
3168	1 46	1 48	1 45	1 47
3169	1 63	1 65	1 39	1 41
3170	1 63	1 65	1 41	1 43
3171	1 63	1 65	1 47	1 49
3172	1 66	1 68	1 35	1 37
3173	1 66	1 68	1 37	1 39
3174	1 66	1 68	1 41	1 43
3175	1 66	1 68	1 43	1 45
3176	1 66	1 68	1 45	1 47
3177	1 66	1 68	1 49	1 51
3178	1 66	1 68	1 51	1 53
3179	1 66	1 68	1 53	1 55
3180	1 44	1 46	1 36	1 38
3181	1 47	1 49	1 40	1 42
3182	1 64	1 66	1 40	1 42
3183	1 64	1 66	1 48	1 50
3184	1 67	1 69	1 36	1 38
3185	1 67	1 69	1 38	1 40
3186	1 67	1 69	1 42	1 44
3187	1 67	1 69	1 44	1 46
3188	1 67	1 69	1 46	1 48
3189	1 67	1 69	1 50	1 52
3190	1 67	1 69	1 52	1 54
3191	1 67	1 69	1 54	1 56
3192	1 45	1 47	1 37	1 39
3193	1 45	1 47	1 41	1 43
3194	1 48	1 50	1 39	1 41
3195	1 48	1 50	1 47	1 49
3196	1 65	1 67	1 37	1 39
3197	1 65	1 67	1 41	1 43
3198	1 65	1 67	1 43	1 45
3199	1 65	1 67	1 45	1 47
3200	1 65	1 67	1 49	1 51
3201	1 65	1 67	1 51	1 53
3202	1 68	1 70	1 37	1 39
3203	1 68	1 70	1 41	1 43
3204	1 68	1 70	1 43	1 45
3205	1 68	1 70	1 45	1 47
3206	1 68	1 70	1 49	1 51
3207	1 68	1 70	1 51	1 53
3208	1 68	1 70	1 53	1 55
3209	1 46	1 48	1 38	1 40
3210	1 46	1 48	1 42	1 44
3211	1 49	1 51	1 38	1 40
3212	1 49	1 51	1 42	1 44
3213	1 49	1 51	1 44	1 46
3214	1 49	1 51	1 46	1 48
3215	1 66	1 68	1 38	1 40
3216	1 66	1 68	1 42	1 44
3217	1 66	1 68	1 44	1 46
3218	1 66	1 68	1 46	1 48
3219	1 66	1 68	1 50	1 52
3220	1 66	1 68	1 52	1 54
3221	1 66	1 68	1 56	1 58
3222	1 69	1 71	1 38	1 40
3223	1 69	1 71	1 42	1 44
3224	1 69	1 71	1 44	1 46
3225	1 69	1 71	1 46	1 48
3226	1 69	1 71	1 50	1 52
3227	1 69	1 71	1 52	1 54
3228	1 69	1 71	1 54	1 56
3229	1 69	1 71	1 56	1 58
3230	1 50	1 52	1 41	1 43
3231	1 50	1 52	1 43	1 45
3232	1 50	1 52	1 45	1 47
3233	1 50	1 52	1 49	1 51
3234	1 67	1 69	1 41	1 43
3235	1 67	1 69	1 43	1 45
3236	1 67	1 69	1 45	1 47
3237	1 67	1 69	1 49	1 51
3238	1 67	1 69	1 51	1 53
3239	1 67	1 69	1 53	1 55
3240	1 67	1 69	1 55	1 57
3241	1 70	1 72	1 39	1 41
3242	1 70	1 72	1 43	1 45
3243	1 70	1 72	1 45	1 47
3244	1 70	1 72	1 47	1 49
3245	1 70	1 72	1 51	1 53
3246	1 70	1 72	1 53	1 55
3247	1 70	1 72	1 55	1 57
3248	1 70	1 72	1 57	1 59
3249	1 51	1 53	1 42	1 44
3250	1 51	1 53	1 44	1 46
3251	1 51	1 53	1 46	1 48
3252	1 51	1 53	1 50	1 52
3253	1 68	1 70	1 42	1 44
3254	1 68	1 70	1 44	1 46
3255	1 68	1 70	1 46	1 48
3256	1 68	1 70	1 50	1 52
3257	1 68	1 70	1 52	1 54
3258	1 68	1 70	1 54	1 56
3259	1 68	1 70	1 56	1 58
3260	1 71	1 1	1 40	1 42
3261	1 71	1 1	1 48	1 50
3262	1 71	1 1	1 56	1 58
3263	1 49	1 51	1 41	1 43
3264	1 49	1 51	1 45	1 47
3265	1 52	1 54	1 41	1 43
3266	1 52	1 54	1 43	1 45
3267	1 52	1 54	1 45	1 47
3268	1 52	1 54	1 49	1 51
3269	1 52	1 54	1 51	1 53
3270	1 69	1 71	1 41	1 43
3271	1 69	1 71	1 43	1 45
3272	1 69	1 71	1 45	1 47
3273	1 69	1 71	1 51	1 53
3274	1 69	1 71	1 53	1 55
3275	1 69	1 71	1 55	1 57
3276	1 69	1 71	1 57	1 59
3277	1 72	1 2	1 47	1 49
3278	1 72	1 2	1 55	1 57
3279	1 50	1 52	1 42	1 44
3280	1 50	1 52	1 46	1 48
3281	1 53	1 55	1 42	1 44
3282	1 53	1 55	1 44	1 46
3283	1 53	1 55	1 46	1 48
3284	1 53	1 55	1 50	1 52
3285	1 53	1 55	1 52	1 54
3286	1 70	1 72	1 42	1 44
3287	1 70	1 72	1 44	1 46
3288	1 70	1 72	1 46	1 48
3289	1 70	1 72	1 52	1 54
3290	1 70	1 72	1 54	1 56
3291	1 70	1 72	1 56	1 58
3292	1 70	1 72	1 58	1 60
3293	1 70	1 72	1 60	1 62
3294	1 51	1 53	1 43	1 45
3295	1 54	1 56	1 43	1 45
3296	1 54	1 56	1 45	1 47
3297	1 54	1 56	1 49	1 51
3298	1 54	1 56	1 51	1 53
3299	1 54	1 56	1 53	1 55
3300	1 71	1 1	1 47	1 49
3301	1 71	1 1	1 55	1 57
3302	1 52	1 54	1 44	1 46
3303	1 55	1 57	1 48	1 50
3304	1 72	1 2	1 48	1 50
3305	1 53	1 55	1 45	1 47
3306	1 53	1 55	1 49	1 51
3307	1 56	1 58	1 47	1 49
3308	1 54	1 56	1 46	1 48
3309	1 54	1 56	1 50	1 52
3310	1 57	1 59	1 46	1 48
3311	1 57	1 59	1 50	1 52
3312	1 57	1 59	1 52	1 54
3313	1 57	1 59	1 54	1 56
3314	1 57	1 59	1 56	1 58
3315	1 58	1 60	1 49	1 51
3316	1 58	1 60	1 51	1 53
3317	1 58	1 60	1 53	1 55
3318	1 58	1 60	1 55	1 57
3319	1 58	1 60	1 57	1 59
3320	1 59	1 61	1 50	1 52
3321	1 59	1 61	1 52	1 54
3322	1 59	1 61	1 54	1 56
3323	1 59	1 61	1 56	1 58
3324	1 59	1 61	1 58	1 60
3325	1 57	1 59	1 49	1 51
3326	1 57	1 59	1 51	1 53
3327	1 57	1 59	1 53	1 55
3328	1 60	1 62	1 49	1 51
3329	1 60	1 62	1 51	1 53
3330	1 60	1 62	1 53	1 55
3331	1 60	1 62	1 55	1 57
3332	1 60	1 62	1 57	1 59
3333	1 60	1 62	1 59	1 61
3334	1 58	1 60	1 50	1 52
3335	1 58	1 60	1 54	1 56
3336	1 61	1 63	1 50	1 52
3337	1 61	1 63	1 52	1 54
3338	1 61	1 63	1 54	1 56
3339	1 61	1 63	1 56	1 58
3340	1 61	1 63	1 58	1 60
3341	1 61	1 63	1 60	1 62
3342	1 59	1 61	1 51	1 53
3343	1 59	1 61	1 55	1 57
3344	1 62	1 64	1 51	1 53
3345	1 62	1 64	1 53	1 55
3346	1 62	1 64	1 57	1 59
3347	1 62	1 64	1 59	1 61
3348	1 62	1 64	1 61	1 63
3349	1 60	1 62	1 52	1 54
3350	1 60	1 62	1 56	1 58
3351	1 61	1 63	1 53	1 55
3352	1 61	1 63	1 55	1 57
3353	1 61	1 63	1 57	1 59
3354	1 62	1 64	1 54	1 56
3355	1 62	1 64	1 56	1 58
3356	1 62	1 64	1 58	1 60
3357	1 65	1 67	1 56	1 58
3358	1 65	1 67	1 58	1 60
3359	1 65	1 67	1 60	1 62
3360	1 65	1 67	1 62	1 64
3361	1 65	1 67	1 64	1 66
3362	1 66	1 68	1 57	1 59
3363	1 66	1 68	1 59	1 61
3364	1 66	1 68	1 61	1 63
3365	1 66	1 68	1 63	1 65
3366	1 66	1 68	1 65	1 67
3367	1 67	1 69	1 56	1 58
3368	1 67	1 69	1 58	1 60
3369	1 67	1 69	1 60	1 62
3370	1 67	1 69	1 62	1 64
3371	1 67	1 69	1 64	1 66
3372	1 67	1 69	1 66	1 68
3373	1 65	1 67	1 57	1 59
3374	1 65	1 67	1 61	1 63
3375	1 68	1 70	1 57	1 59
3376	1 68	1 70	1 59	1 61
3377	1 68	1 70	1 61	1 63
3378	1 68	1 70	1 63	1 65
3379	1 68	1 70	1 65	1 67
3380	1 68	1 70	1 67	1 69
3381	1 66	1 68	1 58	1 60
3382	1 66	1 68	1 62	1 64
3383	1 69	1 71	1 58	1 60
3384	1 69	1 71	1 60	1 62
3385	1 69	1 71	1 62	1 64
3386	1 69	1 71	1 64	1 66
3387	1 69	1 71	1 66	1 68
3388	1 69	1 71	1 68	1 70
3389	1 67	1 69	1 59	1 61
3390	1 67	1 69	1 61	1 63
3391	1 67	1 69	1 63	1 65
3392	1 70	1 72	1 59	1 61
3393	1 70	1 72	1 61	1 63
3394	1 70	1 72	1 63	1 65
3395	1 70	1 72	1 65	1 67
3396	1 70	1 72	1 67	1 69
3397	1 70	1 72	1 69	1 71
3398	1 68	1 70	1 60	1 62
3399	1 68	1 70	1 62	1 64
3400	1 68	1 70	1 64	1 66
3401	1 69	1 71	1 61	1 63
3402	1 69	1 71	1 63	1 65
3403	1 69	1 71	1 65	1 67
3404	1 72	1 2	1 71	1 1
3405	1 70	1 72	1 62	1 64
3406	1 70	1 72	1 64	1 66
