2028
1	1 1	1 3	1 2	1 4	579.7685489766081
2	1 1	1 3	1 4	1 6	-220.87310538250387
3	1 1	1 3	1 6	1 8	-41.00530568613487
4	1 1	1 3	1 8	1 10	-212.04414401051048
5	1 1	1 3	1 12	1 14	-39.80565407714181
6	1 1	1 3	1 14	1 16	-22.026038481912746
7	1 1	1 3	1 16	1 18	-165.92071207302462
8	1 1	1 3	1 18	1 20	155.8522276616752
9	1 1	1 3	1 20	1 22	12.005353486319505
10	1 1	1 3	1 5	1 7	-76.31211812094581
11	1 1	1 3	1 9	1 11	505.63382456571105
12	1 1	1 3	1 11	1 13	16.61851830772988
13	1 1	1 3	1 13	1 15	-27.931947214264476
14	1 1	1 3	1 17	1 19	218.89700562024632
15	1 1	1 3	1 19	1 21	68.62826305220884
16	1 1	1 3	1 21	1 23	-7.542906345330453
17	1 1	1 3	1 23	1 25	-194.27635038226464
18	1 1	1 3	1 22	1 24	-10.74159828414685
19	1 1	1 3	1 24	1 26	-125.21502543610609
20	1 1	1 3	1 26	1 28	89.50473541265113
21	1 1	1 3	1 28	1 30	26.025084473145643
22	1 1	1 3	1 32	1 34	-91.68244944999344
23	1 1	1 3	1 34	1 36	53.9420286654604
24	1 1	1 3	1 36	1 38	24.88569272056357
25	1 1	1 3	1 38	1 40	4.521802479193151
26	1 1	1 3	1 40	1 42	-70.32737224334656
27	1 1	1 3	1 25	1 27	118.0478866393846
28	1 1	1 3	1 27	1 29	56.16188091854489
29	1 1	1 3	1 31	1 33	-131.44245550726598
30	1 1	1 3	1 33	1 35	66.63348359459602
31	1 1	1 3	1 35	1 37	40.64327103604555
32	1 1	1 3	1 39	1 41	-87.51496610720451
33	1 1	1 3	1 41	1 43	37.05682555978967
34	1 1	1 3	1 43	1 45	29.187540519844468
35	1 1	1 3	1 42	1 44	35.167350820141706
36	1 1	1 3	1 48	1 50	-54.57635755056959
37	1 1	1 3	1 50	1 52	24.45486006128703
38	1 1	1 3	1 56	1 58	-42.91368138391124
39	1 1	1 3	1 47	1 49	-61.47452198467637
40	1 1	1 3	1 49	1 51	22.145581918832857
41	1 1	1 3	1 57	1 59	14.231535592826713
42	1 1	1 3	1 72	1 2	-222.74410911317932
43	1 2	1 4	1 5	1 7	-212.3685601728301
44	1 2	1 4	1 7	1 9	-551.9850099933378
45	1 2	1 4	1 11	1 13	207.68544923398076
46	1 2	1 4	1 13	1 15	-30.638966192784473
47	1 2	1 4	1 15	1 17	-337.91143039591316
48	1 2	1 4	1 19	1 21	138.32055823525104
49	1 2	1 4	1 6	1 8	-89.85844280240832
50	1 2	1 4	1 10	1 12	391.3762034289228
51	1 2	1 4	1 12	1 14	17.39877846850392
52	1 2	1 4	1 14	1 16	-35.600788106616974
53	1 2	1 4	1 18	1 20	185.11149359121958
54	1 2	1 4	1 20	1 22	53.76113455583217
55	1 2	1 4	1 22	1 24	-10.765407125321422
56	1 2	1 4	1 24	1 26	-171.88394214464603
57	1 2	1 4	1 23	1 25	-225.87877326956698
58	1 2	1 4	1 25	1 27	95.8783339254257
59	1 2	1 4	1 27	1 29	83.8731709232168
60	1 2	1 4	1 29	1 31	17.484494245798594
61	1 2	1 4	1 31	1 33	-154.1640454437282
62	1 2	1 4	1 33	1 35	60.204805656823915
63	1 2	1 4	1 35	1 37	53.4686670781062
64	1 2	1 4	1 39	1 41	-103.70722682148872
65	1 2	1 4	1 41	1 43	35.9432863242334
66	1 2	1 4	1 26	1 28	98.835573814551
67	1 2	1 4	1 28	1 30	50.61738453489325
68	1 2	1 4	1 32	1 34	-120.42873376623376
69	1 2	1 4	1 34	1 36	58.33586488618436
70	1 2	1 4	1 36	1 38	38.696672910356554
71	1 2	1 4	1 38	1 40	9.550990044817445
72	1 2	1 4	1 40	1 42	-89.73571691069195
73	1 2	1 4	1 42	1 44	38.6210683746728
74	1 2	1 4	1 43	1 45	36.52026178226685
75	1 2	1 4	1 47	1 49	-73.46305736855899
76	1 2	1 4	1 48	1 50	-68.4577255048548
77	1 2	1 4	1 50	1 52	27.295348279167964
78	1 2	1 4	1 56	1 58	-53.12143049962604
79	1 3	1 5	1 4	1 6	408.5400405776345
80	1 3	1 5	1 6	1 8	-223.61855117724502
81	1 3	1 5	1 8	1 10	-421.117026860142
82	1 3	1 5	1 12	1 14	189.98220838522207
83	1 3	1 5	1 16	1 18	-278.2724242424242
84	1 3	1 5	1 20	1 22	108.42237241823963
85	1 3	1 5	1 9	1 11	36.55656307511584
86	1 3	1 5	1 11	1 13	312.274339718158
87	1 3	1 5	1 13	1 15	21.50103884394658
88	1 3	1 5	1 17	1 19	59.63087384005769
89	1 3	1 5	1 19	1 21	156.42703002257565
90	1 3	1 5	1 21	1 23	37.374622252844624
91	1 3	1 5	1 23	1 25	-214.26799557032115
92	1 3	1 5	1 25	1 27	54.31158122834611
93	1 3	1 5	1 24	1 26	-189.84679045170338
94	1 3	1 5	1 26	1 28	75.44245977622899
95	1 3	1 5	1 28	1 30	70.26983703455886
96	1 3	1 5	1 30	1 32	13.198104740316445
97	1 3	1 5	1 32	1 34	-130.1846753275545
98	1 3	1 5	1 34	1 36	47.552739869215465
99	1 3	1 5	1 36	1 38	46.74862479474548
100	1 3	1 5	1 38	1 40	16.93558817056862
101	1 3	1 5	1 40	1 42	-94.89337894545871
102	1 3	1 5	1 42	1 44	33.23388540255295
103	1 3	1 5	1 27	1 29	87.21085031192919
104	1 3	1 5	1 29	1 31	36.31225188726295
105	1 3	1 5	1 31	1 33	-147.01509919531492
106	1 3	1 5	1 33	1 35	40.6160852444803
107	1 3	1 5	1 35	1 37	53.29850435139199
108	1 3	1 5	1 37	1 39	29.33529749830967
109	1 3	1 5	1 39	1 41	-99.87319005773077
110	1 3	1 5	1 41	1 43	26.908585712428334
111	1 3	1 5	1 43	1 45	36.193389415300636
112	1 3	1 5	1 44	1 46	33.732470875692655
113	1 3	1 5	1 46	1 48	14.400397050482134
114	1 3	1 5	1 48	1 50	-71.08559013778927
115	1 3	1 5	1 50	1 52	24.428504454661564
116	1 3	1 5	1 56	1 58	-54.60959590987954
117	1 3	1 5	1 47	1 49	-71.71552172481896
118	1 3	1 5	1 49	1 51	18.607678387762835
119	1 3	1 5	1 55	1 57	-55.75430788171829
120	1 3	1 5	1 57	1 59	13.388588963985828
121	1 4	1 6	1 7	1 9	-585.6066201497617
122	1 4	1 6	1 9	1 11	-30.40389593703655
123	1 4	1 6	1 11	1 13	182.9253296165487
124	1 4	1 6	1 13	1 15	182.07542150359313
125	1 4	1 6	1 17	1 19	10.963329729864348
126	1 4	1 6	1 19	1 21	104.48224758382975
127	1 4	1 6	1 21	1 23	89.13108487049794
128	1 4	1 6	1 23	1 25	-184.55063973063972
129	1 4	1 6	1 12	1 14	299.44602764178495
130	1 4	1 6	1 18	1 20	50.34272959959313
131	1 4	1 6	1 20	1 22	129.04682454149494
132	1 4	1 6	1 22	1 24	41.98352622900369
133	1 4	1 6	1 26	1 28	40.91650841099584
134	1 4	1 6	1 25	1 27	22.736436266468004
135	1 4	1 6	1 27	1 29	64.33227165936009
136	1 4	1 6	1 29	1 31	56.835130681710254
137	1 4	1 6	1 31	1 33	-125.73250158177792
138	1 4	1 6	1 33	1 35	22.165280264293656
139	1 4	1 6	1 35	1 37	41.860611749116615
140	1 4	1 6	1 37	1 39	36.74460857696372
141	1 4	1 6	1 39	1 41	-85.4041089136804
142	1 4	1 6	1 41	1 43	16.801652217188938
143	1 4	1 6	1 43	1 45	29.828631545234074
144	1 4	1 6	1 28	1 30	73.0535050641676
145	1 4	1 6	1 34	1 36	30.39057576330665
146	1 4	1 6	1 36	1 38	46.07587876784068
147	1 4	1 6	1 38	1 40	26.692323797231822
148	1 4	1 6	1 40	1 42	-90.21417895172769
149	1 4	1 6	1 42	1 44	23.7434432105308
150	1 4	1 6	1 44	1 46	32.09762504673505
151	1 4	1 6	1 46	1 48	18.77689508956489
152	1 4	1 6	1 45	1 47	26.087271371283254
153	1 4	1 6	1 47	1 49	-61.918600638648535
154	1 4	1 6	1 49	1 51	12.951921284763417
155	1 4	1 6	1 51	1 53	22.457735084798813
156	1 4	1 6	1 53	1 55	20.768579825885627
157	1 4	1 6	1 55	1 57	-48.81442986236067
158	1 4	1 6	1 57	1 59	10.062117674746926
159	1 4	1 6	1 59	1 61	16.792973835793063
160	1 4	1 6	1 61	1 63	16.600509914063068
161	1 4	1 6	1 63	1 65	-38.49777709043131
162	1 4	1 6	1 48	1 50	-66.0606020662324
163	1 4	1 6	1 50	1 52	18.695602884641126
164	1 4	1 6	1 52	1 54	22.665920280942537
165	1 4	1 6	1 54	1 56	14.664489420982278
166	1 4	1 6	1 56	1 58	-49.90542104391332
167	1 4	1 6	1 58	1 60	15.050308651883352
168	1 4	1 6	1 60	1 62	17.661039706596334
169	1 4	1 6	1 62	1 64	10.632627578810283
170	1 4	1 6	1 64	1 66	-38.726772991889476
171	1 4	1 6	1 66	1 68	11.810628568565868
172	1 4	1 6	1 65	1 67	8.271249061724118
173	1 4	1 6	1 67	1 69	13.573175826052905
174	1 4	1 6	1 69	1 71	12.558313240248431
175	1 4	1 6	1 71	1 1	-178.82683712449005
176	1 4	1 6	1 68	1 70	14.245829303888872
177	1 5	1 7	1 8	1 10	-848.4407359166396
178	1 5	1 7	1 10	1 12	-37.310004162737556
179	1 5	1 7	1 18	1 20	6.284871038313379
180	1 5	1 7	1 22	1 24	166.70088924126446
181	1 5	1 7	1 9	1 11	-29.37575347660823
182	1 5	1 7	1 15	1 17	-364.77014979905005
183	1 5	1 7	1 17	1 19	-5.0601680336648105
184	1 5	1 7	1 19	1 21	42.091750278476724
185	1 5	1 7	1 25	1 27	7.260264171624867
186	1 5	1 7	1 27	1 29	39.36918972729586
187	1 5	1 7	1 26	1 28	17.399150774374966
188	1 5	1 7	1 28	1 30	67.01250641039934
189	1 5	1 7	1 34	1 36	18.854814683821797
190	1 5	1 7	1 36	1 38	47.31697175260318
191	1 5	1 7	1 42	1 44	18.231405195375523
192	1 5	1 7	1 44	1 46	34.2883954648448
193	1 5	1 7	1 33	1 35	11.933162076428621
194	1 5	1 7	1 35	1 37	32.355653311539
195	1 5	1 7	1 41	1 43	11.114751889363536
196	1 5	1 7	1 43	1 45	26.857073570168808
197	1 5	1 7	1 45	1 47	34.114390809310535
198	1 5	1 7	1 47	1 49	-63.133454230704274
199	1 5	1 7	1 50	1 52	16.146098247856106
200	1 5	1 7	1 52	1 54	24.830498584872814
201	1 5	1 7	1 58	1 60	13.930861280743933
202	1 5	1 7	1 60	1 62	19.47635627998681
203	1 5	1 7	1 62	1 64	13.818238860701335
204	1 5	1 7	1 64	1 66	-42.72893465547928
205	1 5	1 7	1 49	1 51	10.047387727152739
206	1 5	1 7	1 51	1 53	21.804955804982427
207	1 5	1 7	1 53	1 55	25.979654996349904
208	1 5	1 7	1 55	1 57	-51.129542195681964
209	1 5	1 7	1 57	1 59	8.754885751435484
210	1 5	1 7	1 59	1 61	16.808321769457173
211	1 5	1 7	1 61	1 63	20.017862012500775
212	1 5	1 7	1 63	1 65	-40.930993913366336
213	1 5	1 7	1 65	1 67	7.738523854774935
214	1 5	1 7	1 67	1 69	14.034137276906765
215	1 5	1 7	1 66	1 68	11.546849104459774
216	1 5	1 7	1 68	1 70	15.738664412230523
217	1 5	1 7	1 70	1 72	8.980802835435405
218	1 5	1 7	1 69	1 71	14.583118866640604
219	1 6	1 8	1 9	1 11	-22.18096870548407
220	1 6	1 8	1 11	1 13	-36.92289155441459
221	1 6	1 8	1 19	1 21	4.69394773988257
222	1 6	1 8	1 25	1 27	1.2534582958560967
223	1 6	1 8	1 12	1 14	8.648384686328841
224	1 6	1 8	1 16	1 18	-618.1042756703728
225	1 6	1 8	1 18	1 20	-8.027961466645293
226	1 6	1 8	1 20	1 22	46.48700477545383
227	1 6	1 8	1 22	1 24	293.3344298245614
228	1 6	1 8	1 24	1 26	-316.13801938286736
229	1 6	1 8	1 26	1 28	5.9740629660064775
230	1 6	1 8	1 28	1 30	51.28856174367601
231	1 6	1 8	1 27	1 29	20.90543906519556
232	1 6	1 8	1 33	1 35	7.0167743793702915
233	1 6	1 8	1 41	1 43	8.063853592013967
234	1 6	1 8	1 43	1 45	24.083020024408704
235	1 6	1 8	1 42	1 44	14.697929842652837
236	1 6	1 8	1 49	1 51	8.339264303903189
237	1 6	1 8	1 51	1 53	21.05237547927532
238	1 6	1 8	1 59	1 61	16.727741566530703
239	1 6	1 8	1 61	1 63	22.4194425375397
240	1 6	1 8	1 65	1 67	7.412589762417995
241	1 6	1 8	1 58	1 60	13.217876983072774
242	1 6	1 8	1 60	1 62	20.692958021066104
243	1 6	1 8	1 66	1 68	11.330413024807424
244	1 6	1 8	1 68	1 70	16.71270912013078
245	1 6	1 8	1 67	1 69	14.315977641305949
246	1 6	1 8	1 69	1 71	16.048302865094293
247	1 7	1 9	1 8	1 10	1522.4426082709215
248	1 7	1 9	1 20	1 22	-227.23743360412436
249	1 7	1 9	1 22	1 24	-156.15842051273358
250	1 7	1 9	1 24	1 26	618.2522907089472
251	1 7	1 9	1 26	1 28	-210.59991556431186
252	1 7	1 9	1 11	1 13	-361.0497488639081
253	1 7	1 9	1 15	1 17	1167.8799999999999
254	1 7	1 9	1 21	1 23	-188.2599317865206
255	1 7	1 9	1 23	1 25	661.5092574092573
256	1 7	1 9	1 27	1 29	-195.8061243180302
257	1 7	1 9	1 29	1 31	-134.63650037113723
258	1 7	1 9	1 28	1 30	-169.8046348772067
259	1 7	1 9	1 30	1 32	-97.11494625342957
260	1 7	1 9	1 32	1 34	413.8986689689906
261	1 7	1 9	1 34	1 36	-137.10658297066865
262	1 7	1 9	1 36	1 38	-124.50099228844766
263	1 7	1 9	1 40	1 42	290.9581107333657
264	1 7	1 9	1 42	1 44	-96.60170271874676
265	1 7	1 9	1 44	1 46	-94.59672958497313
266	1 7	1 9	1 46	1 48	-52.4282406266463
267	1 7	1 9	1 31	1 33	442.08482142857144
268	1 7	1 9	1 35	1 37	-136.64171306856298
269	1 7	1 9	1 37	1 39	-95.4347481372375
270	1 7	1 9	1 39	1 41	296.2086523360816
271	1 7	1 9	1 41	1 43	-85.51384511543228
272	1 7	1 9	1 43	1 45	-99.56488505609593
273	1 7	1 9	1 45	1 47	-73.4813429050526
274	1 7	1 9	1 47	1 49	212.55749969518394
275	1 7	1 9	1 49	1 51	-56.716826540826546
276	1 7	1 9	1 48	1 50	216.51104433003184
277	1 7	1 9	1 50	1 52	-71.72071517560514
278	1 7	1 9	1 52	1 54	-70.41749404952026
279	1 7	1 9	1 54	1 56	-42.423244839040876
280	1 7	1 9	1 56	1 58	164.4984691551039
281	1 7	1 9	1 58	1 60	-55.27829127005671
282	1 7	1 9	1 60	1 62	-56.17589490051794
283	1 7	1 9	1 62	1 64	-31.788878148292163
284	1 7	1 9	1 64	1 66	127.69031544458795
285	1 7	1 9	1 66	1 68	-41.973166833703374
286	1 7	1 9	1 51	1 53	-75.53887901593238
287	1 7	1 9	1 53	1 55	-61.59594485450464
288	1 7	1 9	1 55	1 57	163.98908081946394
289	1 7	1 9	1 57	1 59	-40.10981045427941
290	1 7	1 9	1 59	1 61	-57.25657206378696
291	1 7	1 9	1 61	1 63	-50.72253548423967
292	1 7	1 9	1 63	1 65	129.32606468978167
293	1 7	1 9	1 65	1 67	-30.682239809876812
294	1 7	1 9	1 67	1 69	-46.0436073810307
295	1 7	1 9	1 69	1 71	-39.5592980824229
296	1 7	1 9	1 68	1 70	-46.13967714723158
297	1 7	1 9	1 70	1 72	-22.86674243524645
298	1 8	1 10	1 11	1 13	-383.37393543275897
299	1 8	1 10	1 19	1 21	-297.15787514318447
300	1 8	1 10	1 21	1 23	-261.7506047411708
301	1 8	1 10	1 23	1 25	606.3765723270441
302	1 8	1 10	1 25	1 27	-121.9992239215425
303	1 8	1 10	1 27	1 29	-194.1513021373729
304	1 8	1 10	1 12	1 14	-349.19721971066906
305	1 8	1 10	1 16	1 18	1296.1986687147978
306	1 8	1 10	1 22	1 24	-322.74136017755234
307	1 8	1 10	1 24	1 26	722.7346233230135
308	1 8	1 10	1 28	1 30	-188.44773069605202
309	1 8	1 10	1 29	1 31	-184.55785123966942
310	1 8	1 10	1 31	1 33	427.8895549606177
311	1 8	1 10	1 35	1 37	-132.8413789718497
312	1 8	1 10	1 37	1 39	-124.41811467157339
313	1 8	1 10	1 39	1 41	292.11319649231723
314	1 8	1 10	1 41	1 43	-64.14343509683282
315	1 8	1 10	1 43	1 45	-97.55127891575205
316	1 8	1 10	1 45	1 47	-88.53055555555555
317	1 8	1 10	1 47	1 49	212.10798969072164
318	1 8	1 10	1 32	1 34	452.62794547715896
319	1 8	1 10	1 34	1 36	-110.19229308987721
320	1 8	1 10	1 36	1 38	-137.72842885918328
321	1 8	1 10	1 38	1 40	-112.3765780730897
322	1 8	1 10	1 40	1 42	315.18040388930444
323	1 8	1 10	1 42	1 44	-82.8189614057525
324	1 8	1 10	1 44	1 46	-103.16912012418666
325	1 8	1 10	1 46	1 48	-72.34558953378857
326	1 8	1 10	1 48	1 50	230.6495749607071
327	1 8	1 10	1 50	1 52	-64.58329095368843
328	1 8	1 10	1 49	1 51	-46.78545684717014
329	1 8	1 10	1 51	1 53	-74.7643997825556
330	1 8	1 10	1 53	1 55	-71.12323843445309
331	1 8	1 10	1 55	1 57	166.9562884577213
332	1 8	1 10	1 57	1 59	-35.277344154699065
333	1 8	1 10	1 59	1 61	-56.645737480106554
334	1 8	1 10	1 61	1 63	-56.7318151237091
335	1 8	1 10	1 63	1 65	131.6033526961216
336	1 8	1 10	1 65	1 67	-28.539067853370234
337	1 8	1 10	1 67	1 69	-46.131188144819426
338	1 8	1 10	1 52	1 54	-75.28775067253608
339	1 8	1 10	1 54	1 56	-53.156302477103694
340	1 8	1 10	1 56	1 58	172.37330413995076
341	1 8	1 10	1 58	1 60	-51.58022804725549
342	1 8	1 10	1 60	1 62	-59.56241556621856
343	1 8	1 10	1 62	1 64	-37.30290982891705
344	1 8	1 10	1 64	1 66	133.01399296244435
345	1 8	1 10	1 66	1 68	-40.37116600052119
346	1 8	1 10	1 68	1 70	-48.394732158484615
347	1 8	1 10	1 70	1 72	-25.60135135135135
348	1 8	1 10	1 69	1 71	-42.96565347823626
349	1 8	1 10	1 72	1 2	619.1111770289511
350	1 9	1 11	1 12	1 14	-62.519696317615725
351	1 9	1 11	1 16	1 18	-165.74444444444444
352	1 9	1 11	1 18	1 20	194.2098449462668
353	1 9	1 11	1 20	1 22	-20.603258445253537
354	1 9	1 11	1 22	1 24	-12.68575026819657
355	1 9	1 11	1 24	1 26	-128.29733475479745
356	1 9	1 11	1 26	1 28	113.1049498501482
357	1 9	1 11	1 28	1 30	12.358573529071588
358	1 9	1 11	1 13	1 15	-27.240707408471717
359	1 9	1 11	1 17	1 19	365.13465018759655
360	1 9	1 11	1 19	1 21	16.178796750618893
361	1 9	1 11	1 21	1 23	-16.123895340983264
362	1 9	1 11	1 25	1 27	174.0473226765704
363	1 9	1 11	1 27	1 29	48.39595495683983
364	1 9	1 11	1 31	1 33	-155.3752338097759
365	1 9	1 11	1 30	1 32	-5.123272901227354
366	1 9	1 11	1 32	1 34	-97.28966433520225
367	1 9	1 11	1 34	1 36	67.21513287491506
368	1 9	1 11	1 36	1 38	20.5062909387634
369	1 9	1 11	1 40	1 42	-75.99917028567955
370	1 9	1 11	1 42	1 44	43.16685333536599
371	1 9	1 11	1 44	1 46	21.193528365126
372	1 9	1 11	1 48	1 50	-59.6519666475347
373	1 9	1 11	1 33	1 35	92.30286569404169
374	1 9	1 11	1 35	1 37	42.216581686291
375	1 9	1 11	1 39	1 41	-101.07811529119357
376	1 9	1 11	1 41	1 43	49.22240384542195
377	1 9	1 11	1 43	1 45	31.9372898789777
378	1 9	1 11	1 45	1 47	11.089348947026773
379	1 9	1 11	1 47	1 49	-70.32947177369107
380	1 9	1 11	1 49	1 51	28.341398772889526
381	1 9	1 11	1 51	1 53	24.423774961066666
382	1 9	1 11	1 50	1 52	29.502375643508937
383	1 9	1 11	1 52	1 54	18.045167572244075
384	1 9	1 11	1 56	1 58	-47.689205338305335
385	1 9	1 11	1 58	1 60	21.14413233287912
386	1 9	1 11	1 60	1 62	15.200697786877392
387	1 9	1 11	1 64	1 66	-37.64649957991559
388	1 9	1 11	1 66	1 68	15.228290193291002
389	1 9	1 11	1 68	1 70	13.158740968397261
390	1 9	1 11	1 55	1 57	-52.79085846856842
391	1 9	1 11	1 57	1 59	17.51171266156964
392	1 9	1 11	1 59	1 61	18.919801389770267
393	1 9	1 11	1 63	1 65	-41.06589093056256
394	1 9	1 11	1 65	1 67	12.07464161739086
395	1 9	1 11	1 67	1 69	14.896823453079433
396	1 9	1 11	1 71	1 1	-467.2104531338227
397	1 9	1 11	1 72	1 2	-191.23906962124784
398	1 10	1 12	1 13	1 15	-61.45442591207147
399	1 10	1 12	1 15	1 17	-368.99301769488284
400	1 10	1 12	1 21	1 23	-24.400140072458534
401	1 10	1 12	1 23	1 25	-253.06419282856262
402	1 10	1 12	1 25	1 27	115.54835175841029
403	1 10	1 12	1 27	1 29	105.47798490511491
404	1 10	1 12	1 14	1 16	-32.33581084870062
405	1 10	1 12	1 18	1 20	297.87199296500967
406	1 10	1 12	1 20	1 22	11.56882050370967
407	1 10	1 12	1 22	1 24	-20.656617835420136
408	1 10	1 12	1 24	1 26	-194.0078006755312
409	1 10	1 12	1 26	1 28	135.0918598016841
410	1 10	1 12	1 28	1 30	45.915689749182114
411	1 10	1 12	1 32	1 34	-131.86328221367245
412	1 10	1 12	1 31	1 33	-175.3561974063079
413	1 10	1 12	1 33	1 35	72.39136905858794
414	1 10	1 12	1 35	1 37	64.28727937383661
415	1 10	1 12	1 39	1 41	-117.76085972850677
416	1 10	1 12	1 41	1 43	43.01406251947696
417	1 10	1 12	1 43	1 45	42.63602653319002
418	1 10	1 12	1 45	1 47	18.815696471299926
419	1 10	1 12	1 47	1 49	-83.67833129672019
420	1 10	1 12	1 49	1 51	27.211680965290192
421	1 10	1 12	1 34	1 36	73.82334309641729
422	1 10	1 12	1 36	1 38	40.17133971419253
423	1 10	1 12	1 40	1 42	-98.98021253153179
424	1 10	1 12	1 42	1 44	46.681491117374435
425	1 10	1 12	1 44	1 46	32.836184621478736
426	1 10	1 12	1 46	1 48	8.678889338779705
427	1 10	1 12	1 48	1 50	-75.7704382855039
428	1 10	1 12	1 50	1 52	32.273561450598315
429	1 10	1 12	1 52	1 54	25.077652099935854
430	1 10	1 12	1 51	1 53	30.726576021381216
431	1 10	1 12	1 55	1 57	-63.45780001815541
432	1 10	1 12	1 57	1 59	18.007512885451504
433	1 10	1 12	1 59	1 61	22.82106644359348
434	1 10	1 12	1 63	1 65	-49.300843499008636
435	1 10	1 12	1 65	1 67	13.138721243220962
436	1 10	1 12	1 67	1 69	17.961896234890716
437	1 10	1 12	1 56	1 58	-58.99159047755293
438	1 10	1 12	1 58	1 60	23.650900756163914
439	1 10	1 12	1 60	1 62	20.134578218410553
440	1 10	1 12	1 62	1 64	9.149628807407197
441	1 10	1 12	1 64	1 66	-46.75965115965318
442	1 10	1 12	1 66	1 68	17.302196144290434
443	1 10	1 12	1 68	1 70	16.72711971595043
444	1 10	1 12	1 70	1 72	7.259383985369219
445	1 10	1 12	1 72	1 2	-317.84578637280157
446	1 10	1 12	1 71	1 1	-387.2285714285714
447	1 11	1 13	1 12	1 14	190.3353531199714
448	1 11	1 13	1 16	1 18	-290.9147775292071
449	1 11	1 13	1 18	1 20	153.8783326619648
450	1 11	1 13	1 20	1 22	141.4052209488273
451	1 11	1 13	1 24	1 26	-205.11957374710184
452	1 11	1 13	1 26	1 28	90.57421063443729
453	1 11	1 13	1 28	1 30	88.7157015559926
454	1 11	1 13	1 19	1 21	260.00665108090647
455	1 11	1 13	1 23	1 25	-226.55378644666814
456	1 11	1 13	1 25	1 27	42.638771522597416
457	1 11	1 13	1 27	1 29	121.39990755451171
458	1 11	1 13	1 29	1 31	28.88707184438242
459	1 11	1 13	1 31	1 33	-163.58261869416538
460	1 11	1 13	1 33	1 35	39.959981329769775
461	1 11	1 13	1 32	1 34	-142.21260686656655
462	1 11	1 13	1 34	1 36	55.621992555315785
463	1 11	1 13	1 36	1 38	56.04132216744229
464	1 11	1 13	1 38	1 40	12.764758463041382
465	1 11	1 13	1 40	1 42	-104.91189158689141
466	1 11	1 13	1 42	1 44	38.157373057127884
467	1 11	1 13	1 44	1 46	39.06760353197194
468	1 11	1 13	1 46	1 48	13.485394655878926
469	1 11	1 13	1 48	1 50	-78.61328845945066
470	1 11	1 13	1 50	1 52	27.760871494497692
471	1 11	1 13	1 35	1 37	67.2482567364803
472	1 11	1 13	1 37	1 39	29.47757454320689
473	1 11	1 13	1 39	1 41	-112.74647791619478
474	1 11	1 13	1 41	1 43	28.508204516527528
475	1 11	1 13	1 43	1 45	42.9960731013717
476	1 11	1 13	1 45	1 47	25.565884301653284
477	1 11	1 13	1 47	1 49	-80.96837787838956
478	1 11	1 13	1 49	1 51	20.425629227857712
479	1 11	1 13	1 51	1 53	30.496571266140286
480	1 11	1 13	1 53	1 55	22.020547999155944
481	1 11	1 13	1 52	1 54	27.652836196574796
482	1 11	1 13	1 54	1 56	13.335166103443786
483	1 11	1 13	1 56	1 58	-60.54030956150981
484	1 11	1 13	1 58	1 60	21.187781312362922
485	1 11	1 13	1 60	1 62	21.291482775224388
486	1 11	1 13	1 62	1 64	10.821596798226295
487	1 11	1 13	1 64	1 66	-47.4933565308146
488	1 11	1 13	1 66	1 68	15.998190450419425
489	1 11	1 13	1 68	1 70	17.320438297306406
490	1 11	1 13	1 70	1 72	8.249808595842058
491	1 11	1 13	1 55	1 57	-62.15672742318155
492	1 11	1 13	1 57	1 59	14.840299044311823
493	1 11	1 13	1 59	1 61	22.217577343424892
494	1 11	1 13	1 61	1 63	18.431883484343345
495	1 11	1 13	1 63	1 65	-48.59199146875721
496	1 11	1 13	1 65	1 67	11.547767601782063
497	1 11	1 13	1 67	1 69	17.56880215307566
498	1 11	1 13	1 69	1 71	14.530119884188043
499	1 11	1 13	1 71	1 1	-228.52492725950174
500	1 11	1 13	1 72	1 2	-258.82033452010086
501	1 12	1 14	1 13	1 15	215.59630157539385
502	1 12	1 14	1 15	1 17	-337.4644512843897
503	1 12	1 14	1 17	1 19	-19.203342568911623
504	1 12	1 14	1 19	1 21	130.62611325650593
505	1 12	1 14	1 21	1 23	128.70185334554122
506	1 12	1 14	1 23	1 25	-229.50047940827324
507	1 12	1 14	1 25	1 27	9.058874578713247
508	1 12	1 14	1 27	1 29	79.78531696252563
509	1 12	1 14	1 29	1 31	75.602034829556
510	1 12	1 14	1 31	1 33	-150.16695297928732
511	1 12	1 14	1 20	1 22	234.6450408472296
512	1 12	1 14	1 22	1 24	-1.8437055893924281
513	1 12	1 14	1 26	1 28	32.72856576413277
514	1 12	1 14	1 28	1 30	107.70969646556082
515	1 12	1 14	1 30	1 32	28.087604796651874
516	1 12	1 14	1 34	1 36	30.62340625082134
517	1 12	1 14	1 33	1 35	17.653034539405454
518	1 12	1 14	1 35	1 37	50.828552499759745
519	1 12	1 14	1 37	1 39	46.61144561864124
520	1 12	1 14	1 39	1 41	-100.23674875780182
521	1 12	1 14	1 41	1 43	15.964147173631595
522	1 12	1 14	1 43	1 45	35.59156070761244
523	1 12	1 14	1 45	1 47	31.843119663341675
524	1 12	1 14	1 47	1 49	-72.11365201818433
525	1 12	1 14	1 49	1 51	13.496241026848303
526	1 12	1 14	1 51	1 53	26.367123028666448
527	1 12	1 14	1 36	1 38	60.82981501748677
528	1 12	1 14	1 38	1 40	28.658687153541646
529	1 12	1 14	1 40	1 42	-105.47225791611143
530	1 12	1 14	1 42	1 44	25.81230426530211
531	1 12	1 14	1 44	1 46	39.961575276930816
532	1 12	1 14	1 46	1 48	21.217736656602717
533	1 12	1 14	1 48	1 50	-77.1645459976105
534	1 12	1 14	1 50	1 52	20.867285414475546
535	1 12	1 14	1 52	1 54	27.303860657482588
536	1 12	1 14	1 54	1 56	17.05686186760402
537	1 12	1 14	1 53	1 55	24.794132290184926
538	1 12	1 14	1 55	1 57	-56.54869269630578
539	1 12	1 14	1 57	1 59	10.988124954046118
540	1 12	1 14	1 59	1 61	19.466032627578514
541	1 12	1 14	1 61	1 63	19.53274131125984
542	1 12	1 14	1 63	1 65	-44.4133086329572
543	1 12	1 14	1 65	1 67	9.250933577232393
544	1 12	1 14	1 67	1 69	15.688835616858572
545	1 12	1 14	1 69	1 71	14.719630088662866
546	1 12	1 14	1 71	1 1	-149.26238360584634
547	1 12	1 14	1 56	1 58	-58.154995312670735
548	1 12	1 14	1 58	1 60	16.974657955026824
549	1 12	1 14	1 60	1 62	20.765404291601534
550	1 12	1 14	1 62	1 64	12.446962788031664
551	1 12	1 14	1 64	1 66	-45.00608474345265
552	1 12	1 14	1 66	1 68	13.42337441380231
553	1 12	1 14	1 68	1 70	16.636232410468285
554	1 12	1 14	1 70	1 72	8.642068372612805
555	1 12	1 14	1 72	1 2	-170.28465444950479
556	1 13	1 15	1 14	1 16	335.973828125
557	1 13	1 15	1 18	1 20	-23.541503561474876
558	1 13	1 15	1 22	1 24	232.07186549535476
559	1 13	1 15	1 26	1 28	4.605741432158953
560	1 13	1 15	1 28	1 30	84.27842562559616
561	1 13	1 15	1 30	1 32	111.70368947812379
562	1 13	1 15	1 17	1 19	-14.532764646088268
563	1 13	1 15	1 23	1 25	-255.01455546813534
564	1 13	1 15	1 27	1 29	31.330828434734144
565	1 13	1 15	1 33	1 35	7.413114153797166
566	1 13	1 15	1 35	1 37	33.03664402913729
567	1 13	1 15	1 34	1 36	14.62358647099795
568	1 13	1 15	1 36	1 38	57.5518186132992
569	1 13	1 15	1 42	1 44	17.847519500066674
570	1 13	1 15	1 44	1 46	41.28245762411565
571	1 13	1 15	1 46	1 48	38.4298877274487
572	1 13	1 15	1 50	1 52	16.899581930644217
573	1 13	1 15	1 52	1 54	29.12559116345667
574	1 13	1 15	1 41	1 43	9.370593828043123
575	1 13	1 15	1 43	1 45	29.431459257093184
576	1 13	1 15	1 45	1 47	42.35786946446962
577	1 13	1 15	1 47	1 49	-72.18718063872255
578	1 13	1 15	1 49	1 51	9.747528872746706
579	1 13	1 15	1 51	1 53	24.532907786018857
580	1 13	1 15	1 53	1 55	31.39791001317255
581	1 13	1 15	1 55	1 57	-58.59500795696293
582	1 13	1 15	1 54	1 56	25.68212520183284
583	1 13	1 15	1 56	1 58	-65.17982433074084
584	1 13	1 15	1 58	1 60	15.186694751527503
585	1 13	1 15	1 60	1 62	22.843674512565855
586	1 13	1 15	1 62	1 64	16.74683063641598
587	1 13	1 15	1 64	1 66	-49.83775618319645
588	1 13	1 15	1 66	1 68	12.798293556464138
589	1 13	1 15	1 68	1 70	18.276983737710886
590	1 13	1 15	1 70	1 72	10.643123536807423
591	1 13	1 15	1 72	1 2	-131.20408887058392
592	1 13	1 15	1 57	1 59	9.135349711121329
593	1 13	1 15	1 59	1 61	18.978553973284484
594	1 13	1 15	1 61	1 63	23.93727518091601
595	1 13	1 15	1 63	1 65	-46.88877188081936
596	1 13	1 15	1 65	1 67	8.402684617910914
597	1 13	1 15	1 67	1 69	15.942357664443898
598	1 13	1 15	1 69	1 71	17.1948701400702
599	1 13	1 15	1 71	1 1	-116.86726640361601
600	1 14	1 16	1 17	1 19	-10.74979909335595
601	1 14	1 16	1 27	1 29	6.656265257459614
602	1 14	1 16	1 33	1 35	3.766589095913761
603	1 14	1 16	1 24	1 26	-406.8517098697821
604	1 14	1 16	1 26	1 28	-2.2107562923546538
605	1 14	1 16	1 28	1 30	40.810405129067426
606	1 14	1 16	1 34	1 36	7.470004057734263
607	1 14	1 16	1 35	1 37	19.806558752086378
608	1 14	1 16	1 41	1 43	6.245758058513527
609	1 14	1 16	1 43	1 45	23.511827592613464
610	1 14	1 16	1 47	1 49	-67.25489529663099
611	1 14	1 16	1 49	1 51	7.503283678448736
612	1 14	1 16	1 51	1 53	21.60341504575295
613	1 14	1 16	1 53	1 55	33.92537051282884
614	1 14	1 16	1 42	1 44	12.881689114202674
615	1 14	1 16	1 44	1 46	36.76613452540052
616	1 14	1 16	1 50	1 52	13.904415015057253
617	1 14	1 16	1 52	1 54	28.035388320613528
618	1 14	1 16	1 57	1 59	7.755919293204602
619	1 14	1 16	1 59	1 61	17.643167898622018
620	1 14	1 16	1 61	1 63	25.65027646588457
621	1 14	1 16	1 65	1 67	7.61112207159851
622	1 14	1 16	1 67	1 69	15.328568355556126
623	1 14	1 16	1 69	1 71	18.03954423981318
624	1 14	1 16	1 58	1 60	13.417553513890383
625	1 14	1 16	1 60	1 62	22.76461788861346
626	1 14	1 16	1 64	1 66	-50.29054406850459
627	1 14	1 16	1 66	1 68	11.808217638632046
628	1 14	1 16	1 68	1 70	18.390981075005723
629	1 14	1 16	1 70	1 72	11.724753141831238
630	1 15	1 17	1 18	1 20	-363.4287170930663
631	1 15	1 17	1 20	1 22	-254.64921132387383
632	1 15	1 17	1 24	1 26	747.6895008003202
633	1 15	1 17	1 26	1 28	-264.8256533382584
634	1 15	1 17	1 28	1 30	-192.97447812375464
635	1 15	1 17	1 30	1 32	-105.27720703504187
636	1 15	1 17	1 32	1 34	489.2798871160317
637	1 15	1 17	1 34	1 36	-171.1598403664911
638	1 15	1 17	1 19	1 21	-290.7247807017544
639	1 15	1 17	1 23	1 25	882.1812482188657
640	1 15	1 17	1 29	1 31	-161.56032543295137
641	1 15	1 17	1 31	1 33	550.6474552182117
642	1 15	1 17	1 35	1 37	-159.6746983679327
643	1 15	1 17	1 37	1 39	-109.65392072382593
644	1 15	1 17	1 36	1 38	-143.3356500494935
645	1 15	1 17	1 38	1 40	-82.14426291741069
646	1 15	1 17	1 40	1 42	345.5135192863425
647	1 15	1 17	1 42	1 44	-119.04468077468454
648	1 15	1 17	1 44	1 46	-110.26356519578064
649	1 15	1 17	1 46	1 48	-58.69518817738509
650	1 15	1 17	1 48	1 50	255.30446313445083
651	1 15	1 17	1 50	1 52	-87.89705807070868
652	1 15	1 17	1 52	1 54	-82.3588122060593
653	1 15	1 17	1 54	1 56	-48.12718877393657
654	1 15	1 17	1 39	1 41	359.1819428123776
655	1 15	1 17	1 41	1 43	-109.51070787850158
656	1 15	1 17	1 43	1 45	-117.66367210495335
657	1 15	1 17	1 45	1 47	-83.85047220457086
658	1 15	1 17	1 47	1 49	254.42136402753874
659	1 15	1 17	1 49	1 51	-71.29291691627327
660	1 15	1 17	1 51	1 53	-90.01980798387316
661	1 15	1 17	1 53	1 55	-70.9843316250267
662	1 15	1 17	1 55	1 57	196.55757128151913
663	1 15	1 17	1 57	1 59	-49.18579940689638
664	1 15	1 17	1 56	1 58	193.79845261616023
665	1 15	1 17	1 58	1 60	-66.92085482219184
666	1 15	1 17	1 60	1 62	-65.78226068411294
667	1 15	1 17	1 62	1 64	-36.42629223295671
668	1 15	1 17	1 64	1 66	151.24040240255397
669	1 15	1 17	1 66	1 68	-50.45110619212852
670	1 15	1 17	1 68	1 70	-54.24668411954791
671	1 15	1 17	1 70	1 72	-26.549899867011693
672	1 15	1 17	1 59	1 61	-68.16617736688042
673	1 15	1 17	1 61	1 63	-58.709111773380855
674	1 15	1 17	1 63	1 65	153.31080778870253
675	1 15	1 17	1 65	1 67	-37.28201358088964
676	1 15	1 17	1 67	1 69	-54.784419221505786
677	1 15	1 17	1 69	1 71	-46.15026680550521
678	1 15	1 17	1 71	1 1	517.8888832176399
679	1 16	1 18	1 19	1 21	-318.7526137422689
680	1 16	1 18	1 23	1 25	713.003083491461
681	1 16	1 18	1 27	1 29	-231.7721438044714
682	1 16	1 18	1 29	1 31	-213.63818860877686
683	1 16	1 18	1 31	1 33	500.79619047619053
684	1 16	1 18	1 33	1 35	-101.07787192389068
685	1 16	1 18	1 35	1 37	-157.29135967327935
686	1 16	1 18	1 20	1 22	-253.5987404408457
687	1 16	1 18	1 24	1 26	912.3223462388094
688	1 16	1 18	1 32	1 34	538.1023954964667
689	1 16	1 18	1 34	1 36	-133.29164090623203
690	1 16	1 18	1 36	1 38	-158.1825667189953
691	1 16	1 18	1 37	1 39	-143.62924828057754
692	1 16	1 18	1 39	1 41	337.3958214467255
693	1 16	1 18	1 41	1 43	-71.59868409208205
694	1 16	1 18	1 43	1 45	-114.42025745522943
695	1 16	1 18	1 45	1 47	-103.5777963219549
696	1 16	1 18	1 47	1 49	246.63568641446585
697	1 16	1 18	1 49	1 51	-53.177635350970604
698	1 16	1 18	1 51	1 53	-87.07669780249086
699	1 16	1 18	1 53	1 55	-82.63902205693952
700	1 16	1 18	1 55	1 57	194.25249009620828
701	1 16	1 18	1 40	1 42	372.2607056414075
702	1 16	1 18	1 42	1 44	-96.70813210203353
703	1 16	1 18	1 44	1 46	-119.48308128900874
704	1 16	1 18	1 46	1 48	-84.44477534579923
705	1 16	1 18	1 48	1 50	267.06853380906523
706	1 16	1 18	1 50	1 52	-74.59126170907817
707	1 16	1 18	1 52	1 54	-87.64877063239288
708	1 16	1 18	1 54	1 56	-61.8822492950345
709	1 16	1 18	1 56	1 58	199.41492632029323
710	1 16	1 18	1 58	1 60	-59.51465393537716
711	1 16	1 18	1 57	1 59	-40.425801191441934
712	1 16	1 18	1 59	1 61	-65.7656452927471
713	1 16	1 18	1 61	1 63	-65.95330851116998
714	1 16	1 18	1 63	1 65	152.45573527759234
715	1 16	1 18	1 65	1 67	-32.83124500479298
716	1 16	1 18	1 67	1 69	-53.43289772246211
717	1 16	1 18	1 69	1 71	-49.7509817911557
718	1 16	1 18	1 60	1 62	-69.06205525701483
719	1 16	1 18	1 62	1 64	-43.303312396515736
720	1 16	1 18	1 64	1 66	154.76904920413966
721	1 16	1 18	1 66	1 68	-46.700745454326636
722	1 16	1 18	1 68	1 70	-56.13531569710568
723	1 16	1 18	1 70	1 72	-29.713258663241902
724	1 16	1 18	1 72	1 2	389.62803862803867
725	1 17	1 19	1 18	1 20	196.44388373250254
726	1 17	1 19	1 20	1 22	-43.299901288609405
727	1 17	1 19	1 22	1 24	-11.447807229919349
728	1 17	1 19	1 24	1 26	-123.22002409166038
729	1 17	1 19	1 26	1 28	145.20062518853695
730	1 17	1 19	1 28	1 30	-16.315823199358753
731	1 17	1 19	1 30	1 32	-7.683449998154963
732	1 17	1 19	1 32	1 34	-101.15060314798089
733	1 17	1 19	1 34	1 36	88.5040133282108
734	1 17	1 19	1 36	1 38	8.617531025984967
735	1 17	1 19	1 21	1 23	-17.673646353646355
736	1 17	1 19	1 25	1 27	303.55081284994685
737	1 17	1 19	1 27	1 29	6.016209171653928
738	1 17	1 19	1 29	1 31	-11.235908412176773
739	1 17	1 19	1 31	1 33	-194.86547754657306
740	1 17	1 19	1 33	1 35	145.8779740555691
741	1 17	1 19	1 35	1 37	36.71558438495433
742	1 17	1 19	1 39	1 41	-122.33052456360834
743	1 17	1 19	1 40	1 42	-82.0222641764959
744	1 17	1 19	1 42	1 44	56.230084761177196
745	1 17	1 19	1 44	1 46	17.569852306467087
746	1 17	1 19	1 48	1 50	-65.94938345546788
747	1 17	1 19	1 50	1 52	37.9462202936419
748	1 17	1 19	1 52	1 54	17.904778783998047
749	1 17	1 19	1 56	1 58	-53.0873692258139
750	1 17	1 19	1 41	1 43	73.02615388365243
751	1 17	1 19	1 43	1 45	33.5868726620167
752	1 17	1 19	1 47	1 49	-83.578599431232
753	1 17	1 19	1 49	1 51	39.877081993426835
754	1 17	1 19	1 51	1 53	27.472175095588447
755	1 17	1 19	1 53	1 55	10.88717686747544
756	1 17	1 19	1 55	1 57	-62.05630575682041
757	1 17	1 19	1 57	1 59	23.47055334159961
758	1 17	1 19	1 59	1 61	21.967754932177037
759	1 17	1 19	1 58	1 60	26.673491370171682
760	1 17	1 19	1 60	1 62	16.145429515100602
761	1 17	1 19	1 64	1 66	-42.79371908216558
762	1 17	1 19	1 66	1 68	18.675903626415618
763	1 17	1 19	1 68	1 70	14.4184991212624
764	1 17	1 19	1 70	1 72	5.443538831896538
765	1 17	1 19	1 72	1 2	-114.7579173104456
766	1 17	1 19	1 61	1 63	11.380602930512818
767	1 17	1 19	1 63	1 65	-47.473134125917014
768	1 17	1 19	1 65	1 67	15.479237476533939
769	1 17	1 19	1 67	1 69	17.4511919832765
770	1 17	1 19	1 69	1 71	10.700941030268028
771	1 18	1 20	1 21	1 23	-42.62942492641807
772	1 18	1 20	1 23	1 25	-288.79075579845374
773	1 18	1 20	1 27	1 29	133.11275491286614
774	1 18	1 20	1 29	1 31	-17.882661031346466
775	1 18	1 20	1 33	1 35	94.30566121029119
776	1 18	1 20	1 35	1 37	79.97577316751045
777	1 18	1 20	1 22	1 24	-21.98444548679229
778	1 18	1 20	1 24	1 26	-243.85242230903998
779	1 18	1 20	1 26	1 28	228.96756530318532
780	1 18	1 20	1 28	1 30	11.085460055677874
781	1 18	1 20	1 30	1 32	-13.379458458328356
782	1 18	1 20	1 32	1 34	-150.95823943525812
783	1 18	1 20	1 34	1 36	105.12036125770145
784	1 18	1 20	1 36	1 38	34.84429550417953
785	1 18	1 20	1 40	1 42	-110.30641130026555
786	1 18	1 20	1 39	1 41	-136.95480041549192
787	1 18	1 20	1 41	1 43	55.55449996228028
788	1 18	1 20	1 43	1 45	51.2559424694803
789	1 18	1 20	1 45	1 47	16.068856270895694
790	1 18	1 20	1 47	1 49	-97.15381374722838
791	1 18	1 20	1 49	1 51	34.29702869610831
792	1 18	1 20	1 51	1 53	36.390270276385806
793	1 18	1 20	1 53	1 55	18.123431559239243
794	1 18	1 20	1 55	1 57	-73.50077767470624
795	1 18	1 20	1 57	1 59	22.295515279823874
796	1 18	1 20	1 42	1 44	60.709887468332056
797	1 18	1 20	1 44	1 46	33.781339169118176
798	1 18	1 20	1 48	1 50	-84.78787376337223
799	1 18	1 20	1 50	1 52	40.253183109685764
800	1 18	1 20	1 52	1 54	27.44382221114011
801	1 18	1 20	1 54	1 56	9.130249485727271
802	1 18	1 20	1 56	1 58	-66.39066247473613
803	1 18	1 20	1 58	1 60	28.757999391365693
804	1 18	1 20	1 60	1 62	22.259691651658883
805	1 18	1 20	1 59	1 61	26.846983731329082
806	1 18	1 20	1 61	1 63	16.905673412955228
807	1 18	1 20	1 63	1 65	-56.46578379956877
808	1 18	1 20	1 65	1 67	15.861409357543677
809	1 18	1 20	1 67	1 69	20.838624025268977
810	1 18	1 20	1 69	1 71	14.504868481880175
811	1 18	1 20	1 71	1 1	-236.27410457307323
812	1 18	1 20	1 62	1 64	9.055530770062731
813	1 18	1 20	1 64	1 66	-52.90152906642213
814	1 18	1 20	1 66	1 68	20.613264889161304
815	1 18	1 20	1 68	1 70	18.776937599653543
816	1 18	1 20	1 70	1 72	7.704945743014938
817	1 18	1 20	1 72	1 2	-170.73962776157217
818	1 19	1 21	1 20	1 22	159.97244929934743
819	1 19	1 21	1 22	1 24	-49.35550201689533
820	1 19	1 21	1 24	1 26	-249.05780148338064
821	1 19	1 21	1 28	1 30	122.68450342783142
822	1 19	1 21	1 32	1 34	-177.06415840792837
823	1 19	1 21	1 34	1 36	76.86807884861031
824	1 19	1 21	1 36	1 38	75.95465298839213
825	1 19	1 21	1 25	1 27	8.879166478503166
826	1 19	1 21	1 31	1 33	-198.4149376240299
827	1 19	1 21	1 33	1 35	38.56231303050393
828	1 19	1 21	1 35	1 37	102.0240691601976
829	1 19	1 21	1 39	1 41	-142.12834211743373
830	1 19	1 21	1 41	1 43	32.668324875502
831	1 19	1 21	1 40	1 42	-130.35296249083225
832	1 19	1 21	1 42	1 44	50.7215368007781
833	1 19	1 21	1 44	1 46	51.58989046883781
834	1 19	1 21	1 46	1 48	12.080721782498323
835	1 19	1 21	1 48	1 50	-98.15552500000001
836	1 19	1 21	1 50	1 52	36.020362245728236
837	1 19	1 21	1 52	1 54	35.854734468781004
838	1 19	1 21	1 54	1 56	14.760150596121113
839	1 19	1 21	1 56	1 58	-75.74065635580708
840	1 19	1 21	1 58	1 60	27.20900912479116
841	1 19	1 21	1 43	1 45	59.78464052287582
842	1 19	1 21	1 45	1 47	29.553301031395215
843	1 19	1 21	1 47	1 49	-103.02873369998701
844	1 19	1 21	1 49	1 51	25.037167464171798
845	1 19	1 21	1 51	1 53	40.51226451946404
846	1 19	1 21	1 53	1 55	26.719267641696504
847	1 19	1 21	1 55	1 57	-78.83396811005724
848	1 19	1 21	1 57	1 59	18.63235172656497
849	1 19	1 21	1 59	1 61	28.866196069180667
850	1 19	1 21	1 61	1 63	22.619576867635537
851	1 19	1 21	1 60	1 62	27.227868970273946
852	1 19	1 21	1 62	1 64	12.850973505365904
853	1 19	1 21	1 64	1 66	-59.68840721876376
854	1 19	1 21	1 66	1 68	20.365322547600638
855	1 19	1 21	1 68	1 70	21.838826058337673
856	1 19	1 21	1 70	1 72	10.002822310583504
857	1 19	1 21	1 63	1 65	-61.283932049554934
858	1 19	1 21	1 65	1 67	14.582744278333365
859	1 19	1 21	1 67	1 69	22.371924554502776
860	1 19	1 21	1 69	1 71	18.068542569863347
861	1 19	1 21	1 71	1 1	-184.1752217910256
862	1 20	1 22	1 21	1 23	151.8550655015709
863	1 20	1 22	1 23	1 25	-264.06489857456137
864	1 20	1 22	1 25	1 27	-15.681488883683198
865	1 20	1 22	1 27	1 29	113.80300600093489
866	1 20	1 22	1 29	1 31	106.72107354169864
867	1 20	1 22	1 31	1 33	-194.26135209632963
868	1 20	1 22	1 33	1 35	8.501520769329321
869	1 20	1 22	1 35	1 37	70.33396517796854
870	1 20	1 22	1 37	1 39	64.11043249783924
871	1 20	1 22	1 39	1 41	-129.11512923832925
872	1 20	1 22	1 26	1 28	2.496641545877561
873	1 20	1 22	1 28	1 30	199.72043307397246
874	1 20	1 22	1 32	1 34	-176.72936665208329
875	1 20	1 22	1 34	1 36	28.639208861504684
876	1 20	1 22	1 36	1 38	94.73395402239568
877	1 20	1 22	1 38	1 40	24.966400779125287
878	1 20	1 22	1 40	1 42	-131.65557516611295
879	1 20	1 22	1 42	1 44	29.630802918765063
880	1 20	1 22	1 41	1 43	14.168939879673587
881	1 20	1 22	1 43	1 45	47.59775195202372
882	1 20	1 22	1 45	1 47	42.40863707098829
883	1 20	1 22	1 47	1 49	-92.10901420959148
884	1 20	1 22	1 49	1 51	14.495671874726774
885	1 20	1 22	1 51	1 53	34.31360558513122
886	1 20	1 22	1 53	1 55	32.171239135244804
887	1 20	1 22	1 55	1 57	-71.6481770779686
888	1 20	1 22	1 57	1 59	12.813502310489692
889	1 20	1 22	1 59	1 61	24.83042416299297
890	1 20	1 22	1 44	1 46	56.20920004408171
891	1 20	1 22	1 46	1 48	23.16899897995281
892	1 20	1 22	1 48	1 50	-96.81824144291863
893	1 20	1 22	1 50	1 52	25.120500557946755
894	1 20	1 22	1 52	1 54	36.49874930188489
895	1 20	1 22	1 54	1 56	20.56759050300112
896	1 20	1 22	1 56	1 58	-73.19448543528509
897	1 20	1 22	1 58	1 60	20.873348030371734
898	1 20	1 22	1 60	1 62	27.01413247048957
899	1 20	1 22	1 62	1 64	15.459631500730634
900	1 20	1 22	1 61	1 63	25.0298649678858
901	1 20	1 22	1 63	1 65	-55.99993951438694
902	1 20	1 22	1 65	1 67	11.174830241760922
903	1 20	1 22	1 67	1 69	19.807529142650544
904	1 20	1 22	1 69	1 71	18.63757389615464
905	1 20	1 22	1 71	1 1	-130.12927865783297
906	1 20	1 22	1 64	1 66	-56.72975619608076
907	1 20	1 22	1 66	1 68	16.64516862325977
908	1 20	1 22	1 68	1 70	21.17973356186478
909	1 20	1 22	1 70	1 72	10.862330375737212
910	1 20	1 22	1 72	1 2	-133.54961729675597
911	1 21	1 23	1 22	1 24	235.0202956989247
912	1 21	1 23	1 26	1 28	-16.523974893040815
913	1 21	1 23	1 30	1 32	146.80986881041625
914	1 21	1 23	1 34	1 36	7.108329866772728
915	1 21	1 23	1 38	1 40	85.28120630494944
916	1 21	1 23	1 25	1 27	-9.937880829058923
917	1 21	1 23	1 27	1 29	2.7617642155828532
918	1 21	1 23	1 29	1 31	250.92777777777778
919	1 21	1 23	1 31	1 33	-230.89346063132047
920	1 21	1 23	1 33	1 35	1.644077901157648
921	1 21	1 23	1 35	1 37	32.09217468133124
922	1 21	1 23	1 41	1 43	7.071533023914152
923	1 21	1 23	1 43	1 45	34.20675498881723
924	1 21	1 23	1 42	1 44	17.221012525754244
925	1 21	1 23	1 44	1 46	54.00330615322957
926	1 21	1 23	1 46	1 48	49.34698130554704
927	1 21	1 23	1 50	1 52	18.61862667540762
928	1 21	1 23	1 52	1 54	37.155526829234006
929	1 21	1 23	1 54	1 56	32.712783709983015
930	1 21	1 23	1 56	1 58	-80.42182457438935
931	1 21	1 23	1 58	1 60	17.502967467556147
932	1 21	1 23	1 60	1 62	28.57465719225142
933	1 21	1 23	1 45	1 47	58.1933211930136
934	1 21	1 23	1 47	1 49	-90.23600165426822
935	1 21	1 23	1 49	1 51	9.629520569223988
936	1 21	1 23	1 51	1 53	29.406313204770825
937	1 21	1 23	1 53	1 55	40.783664655621436
938	1 21	1 23	1 55	1 57	-71.94821177171323
939	1 21	1 23	1 57	1 59	10.012163847891504
940	1 21	1 23	1 59	1 61	22.86069846196081
941	1 21	1 23	1 61	1 63	30.357278703736696
942	1 21	1 23	1 63	1 65	-57.52020396487941
943	1 21	1 23	1 62	1 64	21.233942568070987
944	1 21	1 23	1 64	1 66	-61.25055079469173
945	1 21	1 23	1 66	1 68	15.141221689415639
946	1 21	1 23	1 68	1 70	22.696191576319897
947	1 21	1 23	1 70	1 72	13.339450406624827
948	1 21	1 23	1 65	1 67	9.704000824945346
949	1 21	1 23	1 67	1 69	19.374263371623975
950	1 21	1 23	1 69	1 71	21.560371054567717
951	1 21	1 23	1 71	1 1	-115.08326317727615
952	1 22	1 24	1 25	1 27	-6.658828463563881
953	1 22	1 24	1 27	1 29	-17.4199725272653
954	1 22	1 24	1 33	1 35	0.2878298089152152
955	1 22	1 24	1 35	1 37	11.142027946040887
956	1 22	1 24	1 41	1 43	4.208096502539392
957	1 22	1 24	1 26	1 28	-11.280638689994051
958	1 22	1 24	1 28	1 30	7.749140992946659
959	1 22	1 24	1 32	1 34	-305.1139338494018
960	1 22	1 24	1 34	1 36	1.4666158154446864
961	1 22	1 24	1 36	1 38	42.64114217306105
962	1 22	1 24	1 38	1 40	145.57752233456375
963	1 22	1 24	1 40	1 42	-181.272901119403
964	1 22	1 24	1 42	1 44	10.700252352684526
965	1 22	1 24	1 44	1 46	42.17750442107853
966	1 22	1 24	1 43	1 45	22.83134593410218
967	1 22	1 24	1 49	1 51	6.915710554851064
968	1 22	1 24	1 51	1 53	23.932122093023256
969	1 22	1 24	1 53	1 55	44.00131916344287
970	1 22	1 24	1 57	1 59	8.045757356321884
971	1 22	1 24	1 59	1 61	20.143733959703823
972	1 22	1 24	1 61	1 63	32.63833530899673
973	1 22	1 24	1 50	1 52	14.032381791559224
974	1 22	1 24	1 52	1 54	33.36003815990882
975	1 22	1 24	1 58	1 60	14.561569643107333
976	1 22	1 24	1 60	1 62	27.666316835566015
977	1 22	1 24	1 62	1 64	25.387057678777097
978	1 22	1 24	1 64	1 66	-62.14066438155772
979	1 22	1 24	1 63	1 65	-55.593405180927505
980	1 22	1 24	1 65	1 67	8.41674422728321
981	1 22	1 24	1 67	1 69	18.118457583373875
982	1 22	1 24	1 69	1 71	22.781092693174827
983	1 22	1 24	1 66	1 68	13.500095579672152
984	1 22	1 24	1 68	1 70	22.580961951230623
985	1 22	1 24	1 70	1 72	15.050104119488363
986	1 22	1 24	1 72	1 2	-111.91026244779061
987	1 23	1 25	1 24	1 26	761.7400932400933
988	1 23	1 25	1 26	1 28	-295.23059360730593
989	1 23	1 25	1 28	1 30	-234.16575410652067
990	1 23	1 25	1 30	1 32	-111.9146517302573
991	1 23	1 25	1 32	1 34	597.2753086419752
992	1 23	1 25	1 34	1 36	-226.97783610382035
993	1 23	1 25	1 36	1 38	-174.03516429512808
994	1 23	1 25	1 38	1 40	-89.1646479455415
995	1 23	1 25	1 40	1 42	432.76193913447497
996	1 23	1 25	1 42	1 44	-159.2664091680815
997	1 23	1 25	1 27	1 29	-240.92865907099036
998	1 23	1 25	1 29	1 31	-234.93783231083842
999	1 23	1 25	1 31	1 33	770.5252259827623
1000	1 23	1 25	1 35	1 37	-190.00901127912113
1001	1 23	1 25	1 37	1 39	-135.87941259282724
1002	1 23	1 25	1 39	1 41	475.89593267882185
1003	1 23	1 25	1 43	1 45	-147.2386231568243
1004	1 23	1 25	1 45	1 47	-101.40901571546733
1005	1 23	1 25	1 44	1 46	-134.85191026027812
1006	1 23	1 25	1 46	1 48	-65.61802808767774
1007	1 23	1 25	1 48	1 50	316.52064979718597
1008	1 23	1 25	1 50	1 52	-115.00835553997194
1009	1 23	1 25	1 52	1 54	-101.53789370078741
1010	1 23	1 25	1 54	1 56	-55.931845238095235
1011	1 23	1 25	1 56	1 58	241.71667511975204
1012	1 23	1 25	1 58	1 60	-87.08829460183135
1013	1 23	1 25	1 60	1 62	-81.31894304251452
1014	1 23	1 25	1 62	1 64	-43.418053974032944
1015	1 23	1 25	1 47	1 49	327.67481687934765
1016	1 23	1 25	1 49	1 51	-97.704149966101
1017	1 23	1 25	1 51	1 53	-113.34218360230108
1018	1 23	1 25	1 53	1 55	-85.57540460377845
1019	1 23	1 25	1 55	1 57	249.24550972377057
1020	1 23	1 25	1 57	1 59	-65.46012108689715
1021	1 23	1 25	1 59	1 61	-86.60694069391194
1022	1 23	1 25	1 61	1 63	-71.3508505115557
1023	1 23	1 25	1 63	1 65	193.63074228194543
1024	1 23	1 25	1 65	1 67	-48.53080885721438
1025	1 23	1 25	1 64	1 66	188.79535760238636
1026	1 23	1 25	1 66	1 68	-64.97507561804018
1027	1 23	1 25	1 68	1 70	-67.18382819972501
1028	1 23	1 25	1 70	1 72	-32.06988859660243
1029	1 23	1 25	1 72	1 2	287.03079032660185
1030	1 23	1 25	1 67	1 69	-69.14623283977504
1031	1 23	1 25	1 69	1 71	-56.460550994006056
1032	1 23	1 25	1 71	1 1	361.24807261402907
1033	1 24	1 26	1 27	1 29	-269.7040293040293
1034	1 24	1 26	1 29	1 31	-272.5724206349206
1035	1 24	1 26	1 31	1 33	629.095975232198
1036	1 24	1 26	1 33	1 35	-104.85796368779852
1037	1 24	1 26	1 35	1 37	-205.56099007158502
1038	1 24	1 26	1 37	1 39	-179.1009737836589
1039	1 24	1 26	1 39	1 41	423.9817753853488
1040	1 24	1 26	1 41	1 43	-81.522501723299
1041	1 24	1 26	1 43	1 45	-147.49904432639065
1042	1 24	1 26	1 28	1 30	-240.96217587558894
1043	1 24	1 26	1 32	1 34	728.8810435970539
1044	1 24	1 26	1 36	1 38	-196.636603480217
1045	1 24	1 26	1 38	1 40	-173.53274326587467
1046	1 24	1 26	1 40	1 42	473.2719471372458
1047	1 24	1 26	1 42	1 44	-125.99016940935657
1048	1 24	1 26	1 44	1 46	-149.15258294625085
1049	1 24	1 26	1 46	1 48	-108.02676441351889
1050	1 24	1 26	1 45	1 47	-129.09638798701297
1051	1 24	1 26	1 47	1 49	307.5758152173913
1052	1 24	1 26	1 49	1 51	-63.42665921451806
1053	1 24	1 26	1 51	1 53	-110.46877016236438
1054	1 24	1 26	1 53	1 55	-103.69418658185388
1055	1 24	1 26	1 55	1 57	242.7358455293238
1056	1 24	1 26	1 57	1 59	-49.20541632871891
1057	1 24	1 26	1 59	1 61	-82.46348583320474
1058	1 24	1 26	1 61	1 63	-82.55342383178554
1059	1 24	1 26	1 63	1 65	190.945577783242
1060	1 24	1 26	1 48	1 50	337.4551788736792
1061	1 24	1 26	1 50	1 52	-93.7509661930683
1062	1 24	1 26	1 52	1 54	-109.83304625634554
1063	1 24	1 26	1 54	1 56	-77.83308073849545
1064	1 24	1 26	1 56	1 58	250.3259725552891
1065	1 24	1 26	1 58	1 60	-74.11586939427336
1066	1 24	1 26	1 60	1 62	-86.38829488293729
1067	1 24	1 26	1 62	1 64	-54.222053964757706
1068	1 24	1 26	1 64	1 66	192.440388293625
1069	1 24	1 26	1 66	1 68	-57.83939873169422
1070	1 24	1 26	1 65	1 67	-40.335752372253225
1071	1 24	1 26	1 67	1 69	-66.57770492402105
1072	1 24	1 26	1 69	1 71	-62.11935350636928
1073	1 24	1 26	1 71	1 1	321.861129476584
1074	1 24	1 26	1 68	1 70	-69.87541720709035
1075	1 24	1 26	1 70	1 72	-36.94816221207909
1076	1 24	1 26	1 72	1 2	287.6771198532409
1077	1 25	1 27	1 26	1 28	173.2118077901382
1078	1 25	1 27	1 28	1 30	-46.697802554665515
1079	1 25	1 27	1 30	1 32	-8.26568055915882
1080	1 25	1 27	1 32	1 34	-104.89190656715239
1081	1 25	1 27	1 34	1 36	126.78471590420787
1082	1 25	1 27	1 36	1 38	-17.800302404181863
1083	1 25	1 27	1 38	1 40	-5.305653089327509
1084	1 25	1 27	1 40	1 42	-92.42555811917457
1085	1 25	1 27	1 42	1 44	82.21830844842603
1086	1 25	1 27	1 44	1 46	7.333433172975509
1087	1 25	1 27	1 29	1 31	-16.249493448420417
1088	1 25	1 27	1 33	1 35	280.7834702447153
1089	1 25	1 27	1 37	1 39	-10.400096909808163
1090	1 25	1 27	1 39	1 41	-168.8561093679964
1091	1 25	1 27	1 41	1 43	128.43031616133376
1092	1 25	1 27	1 43	1 45	31.023373513711434
1093	1 25	1 27	1 47	1 49	-109.85049330429602
1094	1 25	1 27	1 48	1 50	-77.69137467163696
1095	1 25	1 27	1 50	1 52	54.65424146375075
1096	1 25	1 27	1 52	1 54	15.840307617260532
1097	1 25	1 27	1 56	1 58	-63.93723754964681
1098	1 25	1 27	1 58	1 60	37.71631731958202
1099	1 25	1 27	1 60	1 62	17.11760276074085
1100	1 25	1 27	1 62	1 64	4.9008779272319405
1101	1 25	1 27	1 64	1 66	-52.13711172362122
1102	1 25	1 27	1 49	1 51	65.16544325967135
1103	1 25	1 27	1 51	1 53	31.428582605630112
1104	1 25	1 27	1 53	1 55	7.576976964861812
1105	1 25	1 27	1 55	1 57	-79.81009008110624
1106	1 25	1 27	1 57	1 59	36.209793698614206
1107	1 25	1 27	1 59	1 61	27.49933135688561
1108	1 25	1 27	1 61	1 63	10.483478298924947
1109	1 25	1 27	1 63	1 65	-60.58717639200452
1110	1 25	1 27	1 65	1 67	22.607567362016514
1111	1 25	1 27	1 67	1 69	22.12881124366445
1112	1 25	1 27	1 66	1 68	25.753894507797074
1113	1 25	1 27	1 68	1 70	16.64485204588607
1114	1 25	1 27	1 70	1 72	5.465362129060419
1115	1 25	1 27	1 72	1 2	-95.55841558447597
1116	1 25	1 27	1 69	1 71	11.363704130638668
1117	1 25	1 27	1 71	1 1	-153.8568962626307
1118	1 26	1 28	1 27	1 29	150.5743440347856
1119	1 26	1 28	1 29	1 31	-40.00263628221391
1120	1 26	1 28	1 35	1 37	110.04778571836536
1121	1 26	1 28	1 37	1 39	-16.841042000204894
1122	1 26	1 28	1 39	1 41	-167.93082841049593
1123	1 26	1 28	1 41	1 43	78.25454547262771
1124	1 26	1 28	1 43	1 45	68.26869970913569
1125	1 26	1 28	1 45	1 47	7.091024948040173
1126	1 26	1 28	1 30	1 32	-16.372106425042112
1127	1 26	1 28	1 38	1 40	-9.173748757132309
1128	1 26	1 28	1 40	1 42	-133.89404004130512
1129	1 26	1 28	1 42	1 44	95.79220325972473
1130	1 26	1 28	1 44	1 46	29.30190059773151
1131	1 26	1 28	1 48	1 50	-100.65128075889166
1132	1 26	1 28	1 47	1 49	-119.59374394790355
1133	1 26	1 28	1 49	1 51	47.811536404289726
1134	1 26	1 28	1 51	1 53	46.38593884933758
1135	1 26	1 28	1 53	1 55	15.493787861692574
1136	1 26	1 28	1 55	1 57	-89.29510763209393
1137	1 26	1 28	1 57	1 59	30.078492350877916
1138	1 26	1 28	1 59	1 61	33.873293859474
1139	1 26	1 28	1 61	1 63	16.923157087465313
1140	1 26	1 28	1 63	1 65	-68.64358191314543
1141	1 26	1 28	1 65	1 67	20.826058246854053
1142	1 26	1 28	1 50	1 52	56.43910980140556
1143	1 26	1 28	1 52	1 54	29.311394871667844
1144	1 26	1 28	1 54	1 56	6.035749778595148
1145	1 26	1 28	1 56	1 58	-78.17594794397152
1146	1 26	1 28	1 58	1 60	38.37791473451342
1147	1 26	1 28	1 60	1 62	25.112215332750587
1148	1 26	1 28	1 62	1 64	8.199960969278884
1149	1 26	1 28	1 64	1 66	-62.325601618396384
1150	1 26	1 28	1 66	1 68	26.638155165260684
1151	1 26	1 28	1 68	1 70	21.655407040208303
1152	1 26	1 28	1 67	1 69	25.774262522614357
1153	1 26	1 28	1 69	1 71	15.813595076856927
1154	1 26	1 28	1 71	1 1	-149.66299026713602
1155	1 26	1 28	1 70	1 72	8.035843159090694
1156	1 26	1 28	1 72	1 2	-111.59320613206879
1157	1 27	1 29	1 28	1 30	157.4402909550917
1158	1 27	1 29	1 30	1 32	-45.70942376950781
1159	1 27	1 29	1 32	1 34	-220.83886713463377
1160	1 27	1 29	1 34	1 36	113.45546007835091
1161	1 27	1 29	1 36	1 38	112.31596701649175
1162	1 27	1 29	1 38	1 40	-17.96622201719653
1163	1 27	1 29	1 40	1 42	-164.3884939862275
1164	1 27	1 29	1 42	1 44	71.6015429240658
1165	1 27	1 29	1 44	1 46	72.96995618897567
1166	1 27	1 29	1 33	1 35	2.7597041982748904
1167	1 27	1 29	1 35	1 37	208.20186443509985
1168	1 27	1 29	1 41	1 43	29.43271333823308
1169	1 27	1 29	1 43	1 45	95.73663311478438
1170	1 27	1 29	1 45	1 47	30.02650824424761
1171	1 27	1 29	1 47	1 49	-134.2253215045351
1172	1 27	1 29	1 49	1 51	28.76940056594312
1173	1 27	1 29	1 48	1 50	-125.22779753725109
1174	1 27	1 29	1 50	1 52	49.162119642807156
1175	1 27	1 29	1 52	1 54	49.24262570278857
1176	1 27	1 29	1 54	1 56	14.086952381276157
1177	1 27	1 29	1 56	1 58	-97.32921244070879
1178	1 27	1 29	1 58	1 60	36.35489928537359
1179	1 27	1 29	1 60	1 62	36.15990876315965
1180	1 27	1 29	1 62	1 64	14.608789633093668
1181	1 27	1 29	1 64	1 66	-76.7567588014297
1182	1 27	1 29	1 66	1 68	26.899330575892087
1183	1 27	1 29	1 51	1 53	58.5156065196656
1184	1 27	1 29	1 53	1 55	31.78248470036769
1185	1 27	1 29	1 55	1 57	-102.83851990750637
1186	1 27	1 29	1 57	1 59	23.299695408234832
1187	1 27	1 29	1 59	1 61	39.52190915876649
1188	1 27	1 29	1 61	1 63	27.984235371932463
1189	1 27	1 29	1 63	1 65	-79.87185050698724
1190	1 27	1 29	1 65	1 67	18.74135258623223
1191	1 27	1 29	1 67	1 69	29.77984154683534
1192	1 27	1 29	1 69	1 71	22.785225870739588
1193	1 27	1 29	1 68	1 70	28.574833810481277
1194	1 27	1 29	1 70	1 72	12.224592801885528
1195	1 27	1 29	1 72	1 2	-122.9893143129872
1196	1 27	1 29	1 71	1 1	-139.35542979217811
1197	1 28	1 30	1 29	1 31	144.24081694781705
1198	1 28	1 30	1 31	1 33	-254.22654030757175
1199	1 28	1 30	1 33	1 35	-16.61004876153229
1200	1 28	1 30	1 35	1 37	114.57314190557175
1201	1 28	1 30	1 37	1 39	105.64193777504047
1202	1 28	1 30	1 39	1 41	-193.37154157823653
1203	1 28	1 30	1 41	1 43	6.289997815776335
1204	1 28	1 30	1 43	1 45	75.34417426927538
1205	1 28	1 30	1 45	1 47	67.17931837791966
1206	1 28	1 30	1 47	1 49	-136.44849186183995
1207	1 28	1 30	1 36	1 38	200.20874015916345
1208	1 28	1 30	1 40	1 42	-181.52269559796463
1209	1 28	1 30	1 42	1 44	33.02722242506209
1210	1 28	1 30	1 44	1 46	99.62963711653435
1211	1 28	1 30	1 46	1 48	21.866744829450898
1212	1 28	1 30	1 48	1 50	-138.87586938678533
1213	1 28	1 30	1 50	1 52	33.10492040520984
1214	1 28	1 30	1 49	1 51	14.85548171838197
1215	1 28	1 30	1 51	1 53	52.53590200114361
1216	1 28	1 30	1 53	1 55	48.82938066763521
1217	1 28	1 30	1 55	1 57	-104.36202390560743
1218	1 28	1 30	1 57	1 59	15.989525932659031
1219	1 28	1 30	1 59	1 61	36.72989971200428
1220	1 28	1 30	1 61	1 63	37.27522250820841
1221	1 28	1 30	1 63	1 65	-81.46598083319526
1222	1 28	1 30	1 65	1 67	15.081878202401928
1223	1 28	1 30	1 67	1 69	28.86923798235319
1224	1 28	1 30	1 52	1 54	58.722442905196075
1225	1 28	1 30	1 54	1 56	26.664135460924285
1226	1 28	1 30	1 56	1 58	-105.71171134357633
1227	1 28	1 30	1 58	1 60	28.741759287893974
1228	1 28	1 30	1 60	1 62	41.2132186005492
1229	1 28	1 30	1 62	1 64	21.701701189710192
1230	1 28	1 30	1 64	1 66	-82.61457175913762
1231	1 28	1 30	1 66	1 68	23.486077534926327
1232	1 28	1 30	1 68	1 70	31.420456923646835
1233	1 28	1 30	1 70	1 72	15.67692077506256
1234	1 28	1 30	1 69	1 71	27.449256922783455
1235	1 28	1 30	1 71	1 1	-127.14927143804658
1236	1 28	1 30	1 72	1 2	-124.73259177568198
1237	1 29	1 31	1 30	1 32	204.12889848246994
1238	1 29	1 31	1 32	1 34	-309.8058608058608
1239	1 29	1 31	1 34	1 36	-16.272371122771283
1240	1 29	1 31	1 38	1 40	137.15933070552634
1241	1 29	1 31	1 42	1 44	9.657191225328996
1242	1 29	1 31	1 44	1 46	78.22870687079323
1243	1 29	1 31	1 46	1 48	74.49348265712703
1244	1 29	1 31	1 33	1 35	-8.584280523992353
1245	1 29	1 31	1 37	1 39	218.7174716756112
1246	1 29	1 31	1 39	1 41	-199.8274828457927
1247	1 29	1 31	1 41	1 43	0.5585487059976708
1248	1 29	1 31	1 43	1 45	34.57397469918483
1249	1 29	1 31	1 45	1 47	96.4671201814059
1250	1 29	1 31	1 47	1 49	-122.19585759375796
1251	1 29	1 31	1 49	1 51	7.267113383686541
1252	1 29	1 31	1 51	1 53	35.57276603518416
1253	1 29	1 31	1 50	1 52	18.26948526029274
1254	1 29	1 31	1 52	1 54	51.951700382339276
1255	1 29	1 31	1 54	1 56	48.80437089589292
1256	1 29	1 31	1 56	1 58	-110.12439940133298
1257	1 29	1 31	1 58	1 60	19.897363687567
1258	1 29	1 31	1 60	1 62	39.39495940244477
1259	1 29	1 31	1 62	1 64	30.854595746002452
1260	1 29	1 31	1 64	1 66	-82.622651746888
1261	1 29	1 31	1 66	1 68	18.422522529050326
1262	1 29	1 31	1 68	1 70	30.89213370625074
1263	1 29	1 31	1 53	1 55	61.583684611477906
1264	1 29	1 31	1 55	1 57	-96.04981158427321
1265	1 29	1 31	1 57	1 59	10.288390655315759
1266	1 29	1 31	1 59	1 61	28.72725381871503
1267	1 29	1 31	1 61	1 63	43.87974341064024
1268	1 29	1 31	1 63	1 65	-76.4618043599627
1269	1 29	1 31	1 65	1 67	11.251825644721203
1270	1 29	1 31	1 67	1 69	24.985389238768356
1271	1 29	1 31	1 69	1 71	30.250230845564516
1272	1 29	1 31	1 71	1 1	-115.18285903945792
1273	1 29	1 31	1 70	1 72	18.993566400715267
1274	1 29	1 31	1 72	1 2	-119.17354920100925
1275	1 30	1 32	1 33	1 35	-4.402095167789417
1276	1 30	1 32	1 35	1 37	-16.193966022329924
1277	1 30	1 32	1 43	1 45	12.792303313391566
1278	1 30	1 32	1 49	1 51	4.234305759564231
1279	1 30	1 32	1 34	1 36	-9.019490281759808
1280	1 30	1 32	1 36	1 38	5.783632336911739
1281	1 30	1 32	1 40	1 42	-262.7671232876712
1282	1 30	1 32	1 42	1 44	3.2637157955645932
1283	1 30	1 32	1 44	1 46	39.21659210846538
1284	1 30	1 32	1 50	1 52	10.706745829553686
1285	1 30	1 32	1 52	1 54	37.53073672631761
1286	1 30	1 32	1 51	1 53	22.16474572696696
1287	1 30	1 32	1 53	1 55	59.23768553872607
1288	1 30	1 32	1 55	1 57	-78.8793280656069
1289	1 30	1 32	1 57	1 59	7.06803441472183
1290	1 30	1 32	1 59	1 61	21.324938274808744
1291	1 30	1 32	1 61	1 63	43.6208026115037
1292	1 30	1 32	1 63	1 65	-66.56872415811222
1293	1 30	1 32	1 65	1 67	8.540290751390124
1294	1 30	1 32	1 67	1 69	20.51291118073143
1295	1 30	1 32	1 69	1 71	29.484559558690123
1296	1 30	1 32	1 54	1 56	65.6642060670422
1297	1 30	1 32	1 58	1 60	13.923124342982662
1298	1 30	1 32	1 60	1 62	33.22618389220748
1299	1 30	1 32	1 62	1 64	36.34649780507969
1300	1 30	1 32	1 64	1 66	-77.82807039026528
1301	1 30	1 32	1 66	1 68	14.313024443543686
1302	1 30	1 32	1 68	1 70	27.696881243362153
1303	1 30	1 32	1 70	1 72	20.329660514595147
1304	1 30	1 32	1 72	1 2	-106.34466736147299
1305	1 30	1 32	1 71	1 1	-97.92729993452916
1306	1 31	1 33	1 32	1 34	694.3642072213502
1307	1 31	1 33	1 34	1 36	-269.50325745682886
1308	1 31	1 33	1 36	1 38	-217.36726845209628
1309	1 31	1 33	1 38	1 40	-111.53579653073166
1310	1 31	1 33	1 40	1 42	576.9490383034687
1311	1 31	1 33	1 42	1 44	-227.23183573183576
1312	1 31	1 33	1 44	1 46	-172.82939311594203
1313	1 31	1 33	1 46	1 48	-79.0598198813223
1314	1 31	1 33	1 48	1 50	426.42475335822974
1315	1 31	1 33	1 50	1 52	-163.95814185814186
1316	1 31	1 33	1 35	1 37	-222.7512447099826
1317	1 31	1 33	1 37	1 39	-204.9489777664196
1318	1 31	1 33	1 39	1 41	700.4179014071383
1319	1 31	1 33	1 41	1 43	-267.7844460699561
1320	1 31	1 33	1 45	1 47	-133.95773669156347
1321	1 31	1 33	1 47	1 49	462.3444019198796
1322	1 31	1 33	1 51	1 53	-150.7642228739003
1323	1 31	1 33	1 53	1 55	-110.65246823069404
1324	1 31	1 33	1 52	1 54	-132.1112111424493
1325	1 31	1 33	1 54	1 56	-69.48986913828998
1326	1 31	1 33	1 56	1 58	325.5965683972949
1327	1 31	1 33	1 58	1 60	-122.39165212275712
1328	1 31	1 33	1 60	1 62	-106.77163939564524
1329	1 31	1 33	1 62	1 64	-55.05543659909797
1330	1 31	1 33	1 64	1 66	253.3231663669908
1331	1 31	1 33	1 66	1 68	-90.1703318284957
1332	1 31	1 33	1 68	1 70	-89.15432456151916
1333	1 31	1 33	1 70	1 72	-41.59968239294756
1334	1 31	1 33	1 55	1 57	342.4313671358823
1335	1 31	1 33	1 57	1 59	-95.26974181547997
1336	1 31	1 33	1 59	1 61	-116.87240696114479
1337	1 31	1 33	1 61	1 63	-92.50443119561714
1338	1 31	1 33	1 63	1 65	263.9742639801783
1339	1 31	1 33	1 65	1 67	-68.96721130727852
1340	1 31	1 33	1 67	1 69	-93.65662057224958
1341	1 31	1 33	1 69	1 71	-73.99563482765258
1342	1 31	1 33	1 71	1 1	279.69909889114024
1343	1 31	1 33	1 72	1 2	235.01388515459956
1344	1 32	1 34	1 33	1 35	-103.31368696101896
1345	1 32	1 34	1 35	1 37	-253.61541576914175
1346	1 32	1 34	1 37	1 39	-233.34336916089518
1347	1 32	1 34	1 39	1 41	562.9756514382402
1348	1 32	1 34	1 41	1 43	-95.20137220292662
1349	1 32	1 34	1 43	1 45	-207.04924812030077
1350	1 32	1 34	1 45	1 47	-171.36969993476842
1351	1 32	1 34	1 47	1 49	416.624099883856
1352	1 32	1 34	1 49	1 51	-79.94177095990598
1353	1 32	1 34	1 51	1 53	-151.80717228091157
1354	1 32	1 34	1 36	1 38	-224.96259234132367
1355	1 32	1 34	1 40	1 42	694.192513368984
1356	1 32	1 34	1 46	1 48	-151.83687994982716
1357	1 32	1 34	1 48	1 50	465.8050601814542
1358	1 32	1 34	1 52	1 54	-145.92122754584227
1359	1 32	1 34	1 54	1 56	-105.0524604594372
1360	1 32	1 34	1 53	1 55	-138.43842500188293
1361	1 32	1 34	1 55	1 57	327.1194852941177
1362	1 32	1 34	1 57	1 59	-63.72923206995161
1363	1 32	1 34	1 59	1 61	-111.7188826534283
1364	1 32	1 34	1 61	1 63	-110.46788167353895
1365	1 32	1 34	1 63	1 65	255.35176163013227
1366	1 32	1 34	1 65	1 67	-52.97432125717879
1367	1 32	1 34	1 67	1 69	-89.23179900486218
1368	1 32	1 34	1 69	1 71	-83.09065420560748
1369	1 32	1 34	1 71	1 1	260.9084682942551
1370	1 32	1 34	1 56	1 58	337.3480778677683
1371	1 32	1 34	1 58	1 60	-100.03565756823821
1372	1 32	1 34	1 60	1 62	-115.62489456247667
1373	1 32	1 34	1 62	1 64	-72.78907509169997
1374	1 32	1 34	1 64	1 66	259.4177129426896
1375	1 32	1 34	1 66	1 68	-77.54239154630525
1376	1 32	1 34	1 68	1 70	-93.54772350656054
1377	1 32	1 34	1 70	1 72	-49.34019293072599
1378	1 32	1 34	1 72	1 2	239.9329446295415
1379	1 33	1 35	1 34	1 36	159.3138986013986
1380	1 33	1 35	1 36	1 38	-46.385994449099286
1381	1 33	1 35	1 38	1 40	-7.0705946402565765
1382	1 33	1 35	1 40	1 42	-101.61359268807125
1383	1 33	1 35	1 42	1 44	128.84741428964537
1384	1 33	1 35	1 44	1 46	-20.29584065734565
1385	1 33	1 35	1 46	1 48	-5.785761551026615
1386	1 33	1 35	1 48	1 50	-92.63984482174848
1387	1 33	1 35	1 50	1 52	86.14636863136863
1388	1 33	1 35	1 52	1 54	5.631321676220184
1389	1 33	1 35	1 37	1 39	-16.501987325001476
1390	1 33	1 35	1 41	1 43	268.19292175541665
1391	1 33	1 35	1 43	1 45	-2.95205380574285
1392	1 33	1 35	1 45	1 47	-11.430715903018188
1393	1 33	1 35	1 47	1 49	-159.29296136697
1394	1 33	1 35	1 49	1 51	123.5391093230401
1395	1 33	1 35	1 51	1 53	29.97070497244988
1396	1 33	1 35	1 55	1 57	-110.63114801596976
1397	1 33	1 35	1 54	1 56	-1.751457619612484
1398	1 33	1 35	1 56	1 58	-79.2433383202659
1399	1 33	1 35	1 58	1 60	58.1705696946986
1400	1 33	1 35	1 60	1 62	15.388336588278824
1401	1 33	1 35	1 62	1 64	2.3713791485646722
1402	1 33	1 35	1 64	1 66	-66.26681290716613
1403	1 33	1 35	1 66	1 68	38.611925283026935
1404	1 33	1 35	1 68	1 70	18.664902898020898
1405	1 33	1 35	1 70	1 72	4.799204448796942
1406	1 33	1 35	1 72	1 2	-81.17972130003923
1407	1 33	1 35	1 57	1 59	63.32118144257582
1408	1 33	1 35	1 59	1 61	34.5520383638414
1409	1 33	1 35	1 61	1 63	6.680900859312052
1410	1 33	1 35	1 63	1 65	-82.37808011443964
1411	1 33	1 35	1 65	1 67	37.01381430741601
1412	1 33	1 35	1 67	1 69	29.400218898358386
1413	1 33	1 35	1 69	1 71	11.158108624932845
1414	1 33	1 35	1 71	1 1	-112.24551173908196
1415	1 34	1 36	1 35	1 37	151.46494262088555
1416	1 34	1 36	1 37	1 39	-45.06078219683778
1417	1 34	1 36	1 39	1 41	-235.28526041666666
1418	1 34	1 36	1 43	1 45	111.44045414911972
1419	1 34	1 36	1 45	1 47	-16.478835916669308
1420	1 34	1 36	1 47	1 49	-169.43777836691413
1421	1 34	1 36	1 49	1 51	78.17071276267265
1422	1 34	1 36	1 51	1 53	71.78386860491324
1423	1 34	1 36	1 53	1 55	7.705420358939085
1424	1 34	1 36	1 38	1 40	-15.3315734578896
1425	1 34	1 36	1 42	1 44	201.49504204930878
1426	1 34	1 36	1 46	1 48	-10.006161771616739
1427	1 34	1 36	1 48	1 50	-138.057179524582
1428	1 34	1 36	1 50	1 52	100.6270129949811
1429	1 34	1 36	1 52	1 54	30.337003423757054
1430	1 34	1 36	1 56	1 58	-105.49303773372188
1431	1 34	1 36	1 55	1 57	-126.23764942443921
1432	1 34	1 36	1 57	1 59	48.13452162315799
1433	1 34	1 36	1 59	1 61	50.94533887694883
1434	1 34	1 36	1 61	1 63	16.067938275461557
1435	1 34	1 36	1 63	1 65	-96.16267000084648
1436	1 34	1 36	1 65	1 67	32.275523048765635
1437	1 34	1 36	1 67	1 69	37.486458890672374
1438	1 34	1 36	1 69	1 71	18.498011118624056
1439	1 34	1 36	1 71	1 1	-109.8231547537385
1440	1 34	1 36	1 58	1 60	62.336410837360894
1441	1 34	1 36	1 60	1 62	30.755908752129727
1442	1 34	1 36	1 62	1 64	6.107076764588246
1443	1 34	1 36	1 64	1 66	-84.6185400821838
1444	1 34	1 36	1 66	1 68	41.104412017225755
1445	1 34	1 36	1 68	1 70	28.311534462780017
1446	1 34	1 36	1 70	1 72	8.551596980780445
1447	1 34	1 36	1 72	1 2	-87.61076569761715
1448	1 35	1 37	1 36	1 38	146.01647254048112
1449	1 35	1 37	1 38	1 40	-44.96340292035935
1450	1 35	1 37	1 40	1 42	-217.7371757283355
1451	1 35	1 37	1 42	1 44	115.5508060909552
1452	1 35	1 37	1 44	1 46	111.12047737040808
1453	1 35	1 37	1 46	1 48	-18.66168879019721
1454	1 35	1 37	1 48	1 50	-168.4536954980503
1455	1 35	1 37	1 50	1 52	75.31953518686313
1456	1 35	1 37	1 52	1 54	73.82529218164231
1457	1 35	1 37	1 54	1 56	6.6322177516342835
1458	1 35	1 37	1 41	1 43	-3.242543660558382
1459	1 35	1 37	1 43	1 45	197.97493296136668
1460	1 35	1 37	1 45	1 47	3.4278034056689366
1461	1 35	1 37	1 47	1 49	-181.3706017311503
1462	1 35	1 37	1 49	1 51	29.125561292668998
1463	1 35	1 37	1 51	1 53	100.0635834952403
1464	1 35	1 37	1 53	1 55	32.845655093997024
1465	1 35	1 37	1 55	1 57	-142.5595983598919
1466	1 35	1 37	1 57	1 59	29.877641447623645
1467	1 35	1 37	1 56	1 58	-131.60943257184965
1468	1 35	1 37	1 58	1 60	53.76307363957758
1469	1 35	1 37	1 60	1 62	51.763294564545106
1470	1 35	1 37	1 62	1 64	14.585153642609445
1471	1 35	1 37	1 64	1 66	-104.92959393598002
1472	1 35	1 37	1 66	1 68	38.7025611108544
1473	1 35	1 37	1 68	1 70	39.877263978680354
1474	1 35	1 37	1 70	1 72	14.82718406261422
1475	1 35	1 37	1 72	1 2	-105.72685450774459
1476	1 35	1 37	1 59	1 61	61.12628747428065
1477	1 35	1 37	1 61	1 63	34.217656028598725
1478	1 35	1 37	1 63	1 65	-110.61033772550186
1479	1 35	1 37	1 65	1 67	25.700895724004184
1480	1 35	1 37	1 67	1 69	43.32731511017323
1481	1 35	1 37	1 69	1 71	29.76164832511126
1482	1 35	1 37	1 71	1 1	-118.31789022108035
1483	1 36	1 38	1 37	1 39	153.63367346938773
1484	1 36	1 38	1 39	1 41	-249.85718852758492
1485	1 36	1 38	1 41	1 43	-19.846054880095558
1486	1 36	1 38	1 43	1 45	115.892731545674
1487	1 36	1 38	1 45	1 47	112.57432551599219
1488	1 36	1 38	1 47	1 49	-199.28724149785796
1489	1 36	1 38	1 49	1 51	6.323257929121596
1490	1 36	1 38	1 51	1 53	79.70222719758559
1491	1 36	1 38	1 53	1 55	76.65359927007138
1492	1 36	1 38	1 55	1 57	-150.86058700209645
1493	1 36	1 38	1 44	1 46	203.40429016574905
1494	1 36	1 38	1 50	1 52	34.76192023922728
1495	1 36	1 38	1 52	1 54	100.83688155572317
1496	1 36	1 38	1 54	1 56	28.56942425696019
1497	1 36	1 38	1 56	1 58	-148.18630872089614
1498	1 36	1 38	1 58	1 60	36.11221945783444
1499	1 36	1 38	1 57	1 59	16.18157179115301
1500	1 36	1 38	1 59	1 61	53.568075890801495
1501	1 36	1 38	1 61	1 63	55.95359562428665
1502	1 36	1 38	1 63	1 65	-115.20670525808009
1503	1 36	1 38	1 65	1 67	18.444939601453996
1504	1 36	1 38	1 67	1 69	41.18885767213442
1505	1 36	1 38	1 69	1 71	40.352998433736715
1506	1 36	1 38	1 71	1 1	-126.04401059274284
1507	1 36	1 38	1 60	1 62	64.33145733534155
1508	1 36	1 38	1 62	1 64	28.723323473330463
1509	1 36	1 38	1 64	1 66	-116.5812236170557
1510	1 36	1 38	1 66	1 68	31.30178497797054
1511	1 36	1 38	1 68	1 70	46.55188595557448
1512	1 36	1 38	1 70	1 72	22.15590111241979
1513	1 36	1 38	1 72	1 2	-123.28275116084495
1514	1 37	1 39	1 38	1 40	160.9938703452806
1515	1 37	1 39	1 42	1 44	-15.298821133600462
1516	1 37	1 39	1 44	1 46	124.24917443284355
1517	1 37	1 39	1 46	1 48	104.34350758741003
1518	1 37	1 39	1 48	1 50	-207.55213433349803
1519	1 37	1 39	1 50	1 52	10.158170910202283
1520	1 37	1 39	1 52	1 54	76.97936195558438
1521	1 37	1 39	1 54	1 56	71.40545512474199
1522	1 37	1 39	1 56	1 58	-150.7077259573323
1523	1 37	1 39	1 41	1 43	-10.718600154726563
1524	1 37	1 39	1 43	1 45	7.390269664621008
1525	1 37	1 39	1 45	1 47	198.4897341281105
1526	1 37	1 39	1 47	1 49	-187.6083681176704
1527	1 37	1 39	1 49	1 51	0.2715992929396055
1528	1 37	1 39	1 51	1 53	37.65554926363054
1529	1 37	1 39	1 53	1 55	102.998863168448
1530	1 37	1 39	1 55	1 57	-133.38880978748088
1531	1 37	1 39	1 57	1 59	8.056438417674041
1532	1 37	1 39	1 59	1 61	34.63711233660126
1533	1 37	1 39	1 58	1 60	19.439314809060797
1534	1 37	1 39	1 60	1 62	56.187606689162365
1535	1 37	1 39	1 62	1 64	45.43724776734779
1536	1 37	1 39	1 64	1 66	-113.4012897431511
1537	1 37	1 39	1 66	1 68	21.228168093631794
1538	1 37	1 39	1 68	1 70	43.044646813781114
1539	1 37	1 39	1 70	1 72	27.43375620518478
1540	1 37	1 39	1 72	1 2	-117.99328822808391
1541	1 37	1 39	1 61	1 63	66.44067236496721
1542	1 37	1 39	1 63	1 65	-102.49560605334993
1543	1 37	1 39	1 65	1 67	11.871605523772121
1544	1 37	1 39	1 67	1 69	31.84715637796748
1545	1 37	1 39	1 69	1 71	43.63581522203265
1546	1 37	1 39	1 71	1 1	-114.07201775982156
1547	1 38	1 40	1 41	1 43	-5.422338136969797
1548	1 38	1 40	1 43	1 45	-15.467365126599184
1549	1 38	1 40	1 49	1 51	-0.8922615099895177
1550	1 38	1 40	1 51	1 53	10.363966395627383
1551	1 38	1 40	1 53	1 55	80.07706942270215
1552	1 38	1 40	1 55	1 57	-84.48159377097062
1553	1 38	1 40	1 57	1 59	3.7383407288432577
1554	1 38	1 40	1 42	1 44	-9.291130761833422
1555	1 38	1 40	1 46	1 48	238.3455533872317
1556	1 38	1 40	1 48	1 50	-225.48609625668445
1557	1 38	1 40	1 52	1 54	32.66565188461945
1558	1 38	1 40	1 54	1 56	107.35566316922251
1559	1 38	1 40	1 56	1 58	-136.23020434494836
1560	1 38	1 40	1 58	1 60	9.105576763088866
1561	1 38	1 40	1 60	1 62	36.68201125616203
1562	1 38	1 40	1 59	1 61	17.650816091514216
1563	1 38	1 40	1 61	1 63	58.08962167770251
1564	1 38	1 40	1 63	1 65	-74.68701023643017
1565	1 38	1 40	1 65	1 67	6.955969493918151
1566	1 38	1 40	1 67	1 69	20.87093016273344
1567	1 38	1 40	1 69	1 71	38.05614581568827
1568	1 38	1 40	1 71	1 1	-83.52212820211057
1569	1 38	1 40	1 62	1 64	54.545967332874476
1570	1 38	1 40	1 64	1 66	-95.18516927984857
1571	1 38	1 40	1 66	1 68	12.7278603188173
1572	1 38	1 40	1 68	1 70	32.271930834086625
1573	1 38	1 40	1 70	1 72	28.039963771870504
1574	1 38	1 40	1 72	1 2	-92.02529967160137
1575	1 39	1 41	1 40	1 42	680.6403055848261
1576	1 39	1 41	1 42	1 44	-289.076944558763
1577	1 39	1 41	1 44	1 46	-223.4938001877503
1578	1 39	1 41	1 46	1 48	-78.56152968216992
1579	1 39	1 41	1 48	1 50	581.695242686047
1580	1 39	1 41	1 50	1 52	-251.75399356592158
1581	1 39	1 41	1 52	1 54	-173.76887871853546
1582	1 39	1 41	1 54	1 56	-79.78513543906999
1583	1 39	1 41	1 56	1 58	460.1299614333923
1584	1 39	1 41	1 43	1 45	-225.31567924461325
1585	1 39	1 41	1 45	1 47	-193.34196527244458
1586	1 39	1 41	1 47	1 49	731.3616062871383
1587	1 39	1 41	1 49	1 51	-293.46283783783787
1588	1 39	1 41	1 53	1 55	-146.3154590069284
1589	1 39	1 41	1 55	1 57	507.3174917096169
1590	1 39	1 41	1 59	1 61	-164.24916213589682
1591	1 39	1 41	1 61	1 63	-120.4948904229343
1592	1 39	1 41	1 60	1 62	-142.99007518796992
1593	1 39	1 41	1 62	1 64	-68.05066172901459
1594	1 39	1 41	1 64	1 66	358.0572692106217
1595	1 39	1 41	1 66	1 68	-136.12796397172212
1596	1 39	1 41	1 68	1 70	-121.76286703947545
1597	1 39	1 41	1 70	1 72	-53.72468389248113
1598	1 39	1 41	1 72	1 2	214.47395537118197
1599	1 39	1 41	1 63	1 65	380.2517204556241
1600	1 39	1 41	1 65	1 67	-107.71023483861629
1601	1 39	1 41	1 67	1 69	-133.43641336012905
1602	1 39	1 41	1 69	1 71	-98.79628024281365
1603	1 39	1 41	1 71	1 1	235.56417150764509
1604	1 40	1 42	1 43	1 45	-258.54466089466086
1605	1 40	1 42	1 45	1 47	-217.69163016568274
1606	1 40	1 42	1 47	1 49	567.25178225494
1607	1 40	1 42	1 51	1 53	-218.51952929818174
1608	1 40	1 42	1 53	1 55	-180.67107803700725
1609	1 40	1 42	1 55	1 57	448.1565656565656
1610	1 40	1 42	1 57	1 59	-85.96240942829351
1611	1 40	1 42	1 59	1 61	-159.11078423423947
1612	1 40	1 42	1 44	1 46	-230.32228682170546
1613	1 40	1 42	1 46	1 48	-219.08405739863088
1614	1 40	1 42	1 48	1 50	673.1276377217553
1615	1 40	1 42	1 52	1 54	-188.50122685185187
1616	1 40	1 42	1 54	1 56	-142.1111680911681
1617	1 40	1 42	1 56	1 58	471.49693562610224
1618	1 40	1 42	1 58	1 60	-147.10574739829707
1619	1 40	1 42	1 60	1 62	-155.48629679144386
1620	1 40	1 42	1 62	1 64	-97.28832336717191
1621	1 40	1 42	1 61	1 63	-147.05230320917548
1622	1 40	1 42	1 63	1 65	353.00802333082464
1623	1 40	1 42	1 65	1 67	-72.3954421105013
1624	1 40	1 42	1 67	1 69	-124.60390169581346
1625	1 40	1 42	1 69	1 71	-112.45015208929445
1626	1 40	1 42	1 71	1 1	236.50203465636915
1627	1 40	1 42	1 64	1 66	358.9213859399386
1628	1 40	1 42	1 66	1 68	-109.19093248448465
1629	1 40	1 42	1 68	1 70	-127.1579082529127
1630	1 40	1 42	1 70	1 72	-65.92516161451543
1631	1 40	1 42	1 72	1 2	223.8869534965413
1632	1 41	1 43	1 42	1 44	171.72688902513795
1633	1 41	1 43	1 44	1 46	-49.313164941338854
1634	1 41	1 43	1 46	1 48	-7.90447576608233
1635	1 41	1 43	1 48	1 50	-123.08116389548692
1636	1 41	1 43	1 50	1 52	149.9607523676384
1637	1 41	1 43	1 52	1 54	-19.77794151604845
1638	1 41	1 43	1 54	1 56	-6.3293783027466795
1639	1 41	1 43	1 56	1 58	-112.33828995003827
1640	1 41	1 43	1 58	1 60	101.90557589325584
1641	1 41	1 43	1 60	1 62	8.593937929884259
1642	1 41	1 43	1 45	1 47	-18.830307090020195
1643	1 41	1 43	1 53	1 55	-11.579012066357226
1644	1 41	1 43	1 55	1 57	-183.3644124539672
1645	1 41	1 43	1 57	1 59	131.28369176933734
1646	1 41	1 43	1 59	1 61	42.126323173138516
1647	1 41	1 43	1 63	1 65	-131.89759022436627
1648	1 41	1 43	1 62	1 64	-0.9102880483804577
1649	1 41	1 43	1 64	1 66	-96.20244257078608
1650	1 41	1 43	1 66	1 68	66.62505259750768
1651	1 41	1 43	1 68	1 70	21.51964060188359
1652	1 41	1 43	1 70	1 72	3.988828706838185
1653	1 41	1 43	1 72	1 2	-62.33384801368278
1654	1 41	1 43	1 65	1 67	70.2149443597788
1655	1 41	1 43	1 67	1 69	42.84381148602757
1656	1 41	1 43	1 69	1 71	10.638472540191069
1657	1 41	1 43	1 71	1 1	-78.77757121784617
1658	1 42	1 44	1 43	1 45	163.7
1659	1 42	1 44	1 45	1 47	-51.00980037453067
1660	1 42	1 44	1 47	1 49	-256.60205429200295
1661	1 42	1 44	1 51	1 53	123.75348830994929
1662	1 42	1 44	1 53	1 55	-20.15645568786821
1663	1 42	1 44	1 55	1 57	-189.46736293896652
1664	1 42	1 44	1 57	1 59	85.43868130996708
1665	1 42	1 44	1 59	1 61	85.92195073547454
1666	1 42	1 44	1 61	1 63	5.608798068767773
1667	1 42	1 44	1 46	1 48	-17.030088985951302
1668	1 42	1 44	1 48	1 50	-226.68603156103154
1669	1 42	1 44	1 50	1 52	242.57332694538303
1670	1 42	1 44	1 54	1 56	-12.543662284419486
1671	1 42	1 44	1 56	1 58	-159.8627661477903
1672	1 42	1 44	1 58	1 60	121.8794074471724
1673	1 42	1 44	1 60	1 62	31.455086577501014
1674	1 42	1 44	1 62	1 64	-0.9675459918726537
1675	1 42	1 44	1 64	1 66	-125.19615866824546
1676	1 42	1 44	1 63	1 65	-145.67610901621754
1677	1 42	1 44	1 65	1 67	55.734615534257586
1678	1 42	1 44	1 67	1 69	59.9873539598842
1679	1 42	1 44	1 69	1 71	18.87312848059799
1680	1 42	1 44	1 71	1 1	-102.07510216502914
1681	1 42	1 44	1 66	1 68	71.60271788420468
1682	1 42	1 44	1 68	1 70	36.75710108604845
1683	1 42	1 44	1 70	1 72	7.01217774483325
1684	1 42	1 44	1 72	1 2	-87.36427631629091
1685	1 43	1 45	1 44	1 46	141.6703136292746
1686	1 43	1 45	1 46	1 48	-45.367468428985724
1687	1 43	1 45	1 48	1 50	-226.50847222222222
1688	1 43	1 45	1 52	1 54	114.57516838926954
1689	1 43	1 45	1 54	1 56	-20.828023994354268
1690	1 43	1 45	1 56	1 58	-178.0282930656815
1691	1 43	1 45	1 58	1 60	85.12109050913327
1692	1 43	1 45	1 60	1 62	75.91864220689307
1693	1 43	1 45	1 62	1 64	5.3009588377547265
1694	1 43	1 45	1 51	1 53	215.07490604508223
1695	1 43	1 45	1 55	1 57	-192.38472690973046
1696	1 43	1 45	1 57	1 59	33.22163495419309
1697	1 43	1 45	1 59	1 61	106.01313968858196
1698	1 43	1 45	1 61	1 63	31.98939198735097
1699	1 43	1 45	1 63	1 65	-153.48861957814358
1700	1 43	1 45	1 65	1 67	34.65114958405347
1701	1 43	1 45	1 64	1 66	-142.5521066958218
1702	1 43	1 45	1 66	1 68	58.4677880596996
1703	1 43	1 45	1 68	1 70	56.26679510205963
1704	1 43	1 45	1 70	1 72	14.700621031060251
1705	1 43	1 45	1 72	1 2	-111.10696413329093
1706	1 43	1 45	1 67	1 69	66.94863250482919
1707	1 43	1 45	1 69	1 71	35.671591972167064
1708	1 43	1 45	1 71	1 1	-120.25093042713097
1709	1 44	1 46	1 45	1 47	167.3712996919466
1710	1 44	1 46	1 47	1 49	-259.3301995798319
1711	1 44	1 46	1 49	1 51	-22.99892124378107
1712	1 44	1 46	1 51	1 53	118.32204534531566
1713	1 44	1 46	1 55	1 57	-214.51247581654718
1714	1 44	1 46	1 57	1 59	5.91220872424392
1715	1 44	1 46	1 59	1 61	76.05189244621133
1716	1 44	1 46	1 61	1 63	86.67208271100934
1717	1 44	1 46	1 63	1 65	-160.25037825721492
1718	1 44	1 46	1 52	1 54	203.48469792928617
1719	1 44	1 46	1 56	1 58	-198.4696628414264
1720	1 44	1 46	1 58	1 60	33.45347149175748
1721	1 44	1 46	1 60	1 62	108.45201938948205
1722	1 44	1 46	1 62	1 64	33.95706469439823
1723	1 44	1 46	1 64	1 66	-161.42789374128893
1724	1 44	1 46	1 66	1 68	36.741251850683035
1725	1 44	1 46	1 65	1 67	17.749780246562544
1726	1 44	1 46	1 67	1 69	57.31441756272401
1727	1 44	1 46	1 69	1 71	60.13445405006611
1728	1 44	1 46	1 71	1 1	-124.15798067374533
1729	1 44	1 46	1 68	1 70	70.51233092606631
1730	1 44	1 46	1 70	1 72	30.567657181514523
1731	1 44	1 46	1 72	1 2	-123.29647917805724
1732	1 45	1 47	1 46	1 48	137.18701890973665
1733	1 45	1 47	1 48	1 50	-252.93215295342955
1734	1 45	1 47	1 50	1 52	-19.776334873251706
1735	1 45	1 47	1 52	1 54	120.06066522053507
1736	1 45	1 47	1 54	1 56	120.3091503618333
1737	1 45	1 47	1 56	1 58	-216.47128339140536
1738	1 45	1 47	1 58	1 60	8.111792696444336
1739	1 45	1 47	1 60	1 62	86.50954161413273
1740	1 45	1 47	1 62	1 64	76.07050715447645
1741	1 45	1 47	1 64	1 66	-164.94481227754602
1742	1 45	1 47	1 49	1 51	-12.865522167675433
1743	1 45	1 47	1 53	1 55	224.6401898994892
1744	1 45	1 47	1 55	1 57	-211.4414991842516
1745	1 45	1 47	1 59	1 61	32.888832321972174
1746	1 45	1 47	1 61	1 63	120.17011817377272
1747	1 45	1 47	1 63	1 65	-147.6968286099865
1748	1 45	1 47	1 65	1 67	9.336687740489548
1749	1 45	1 47	1 67	1 69	38.920299320529374
1750	1 45	1 47	1 66	1 68	20.31044528972636
1751	1 45	1 47	1 68	1 70	64.04612558002484
1752	1 45	1 47	1 70	1 72	44.28396736895775
1753	1 45	1 47	1 72	1 2	-125.95474897240163
1754	1 45	1 47	1 69	1 71	70.7871206801237
1755	1 45	1 47	1 71	1 1	-118.02084927715518
1756	1 46	1 48	1 49	1 51	-5.713912041400438
1757	1 46	1 48	1 51	1 53	-15.25959273906861
1758	1 46	1 48	1 53	1 55	124.38391290967841
1759	1 46	1 48	1 59	1 61	9.243725487428039
1760	1 46	1 48	1 61	1 63	90.3261376903034
1761	1 46	1 48	1 63	1 65	-95.40805890977191
1762	1 46	1 48	1 65	1 67	5.164470899703016
1763	1 46	1 48	1 50	1 52	-9.932244211033282
1764	1 46	1 48	1 54	1 56	226.2307572549508
1765	1 46	1 48	1 56	1 58	-213.2150197072072
1766	1 46	1 48	1 60	1 62	39.90425071203468
1767	1 46	1 48	1 62	1 64	99.78915821858396
1768	1 46	1 48	1 64	1 66	-137.52982859531772
1769	1 46	1 48	1 66	1 68	10.700146957943083
1770	1 46	1 48	1 68	1 70	41.949543986463375
1771	1 46	1 48	1 67	1 69	21.67852747629662
1772	1 46	1 48	1 69	1 71	57.15550127570208
1773	1 46	1 48	1 71	1 1	-88.13747976647412
1774	1 46	1 48	1 70	1 72	46.23958906129214
1775	1 46	1 48	1 72	1 2	-103.55284450181463
1776	1 47	1 49	1 48	1 50	708.5294480419363
1777	1 47	1 49	1 52	1 54	-229.14987025738128
1778	1 47	1 49	1 54	1 56	-93.59117730004922
1779	1 47	1 49	1 56	1 58	643.1187352245863
1780	1 47	1 49	1 60	1 62	-194.2898148148148
1781	1 47	1 49	1 62	1 64	-86.03214761524114
1782	1 47	1 49	1 64	1 66	507.2201573907272
1783	1 47	1 49	1 66	1 68	-203.05673274991142
1784	1 47	1 49	1 51	1 53	-250.116704805492
1785	1 47	1 49	1 53	1 55	-220.82621635610764
1786	1 47	1 49	1 55	1 57	769.7251231527093
1787	1 47	1 49	1 57	1 59	-280.754800540906
1788	1 47	1 49	1 61	1 63	-165.5596737050743
1789	1 47	1 49	1 63	1 65	555.504102135681
1790	1 47	1 49	1 67	1 69	-188.8429974281038
1791	1 47	1 49	1 69	1 71	-134.04358231816767
1792	1 47	1 49	1 68	1 70	-167.80005006794937
1793	1 47	1 49	1 70	1 72	-70.72077192620839
1794	1 47	1 49	1 72	1 2	228.9845366602773
1795	1 47	1 49	1 71	1 1	233.09898188061325
1796	1 48	1 50	1 51	1 53	-286.06075095214436
1797	1 48	1 50	1 53	1 55	-241.3669631119016
1798	1 48	1 50	1 55	1 57	642.128387803906
1799	1 48	1 50	1 59	1 61	-242.91675241157554
1800	1 48	1 50	1 61	1 63	-204.39181146149724
1801	1 48	1 50	1 63	1 65	518.4842553902724
1802	1 48	1 50	1 65	1 67	-102.83812058069897
1803	1 48	1 50	1 67	1 69	-187.741572518584
1804	1 48	1 50	1 52	1 54	-237.97367672457585
1805	1 48	1 50	1 54	1 56	-224.3853895561233
1806	1 48	1 50	1 56	1 58	727.5356539048865
1807	1 48	1 50	1 62	1 64	-142.3392240552465
1808	1 48	1 50	1 64	1 66	536.8691183404055
1809	1 48	1 50	1 68	1 70	-181.02388842861086
1810	1 48	1 50	1 70	1 72	-93.63378374942798
1811	1 48	1 50	1 71	1 1	247.7787368652693
1812	1 48	1 50	1 72	1 2	247.21392816808617
1813	1 49	1 51	1 50	1 52	212.53984547247904
1814	1 49	1 51	1 52	1 54	-56.89907847007362
1815	1 49	1 51	1 54	1 56	-9.099434375381879
1816	1 49	1 51	1 56	1 58	-140.94164874019714
1817	1 49	1 51	1 58	1 60	169.06568358097374
1818	1 49	1 51	1 60	1 62	-21.21428670217737
1819	1 49	1 51	1 62	1 64	-5.904310747413948
1820	1 49	1 51	1 64	1 66	-122.83091389575205
1821	1 49	1 51	1 66	1 68	107.63358521321572
1822	1 49	1 51	1 68	1 70	12.711130401307562
1823	1 49	1 51	1 53	1 55	-21.16186360662034
1824	1 49	1 51	1 55	1 57	-287.71658045344486
1825	1 49	1 51	1 57	1 59	290.29765105687306
1826	1 49	1 51	1 61	1 63	-13.823241823523889
1827	1 49	1 51	1 63	1 65	-190.46598979282902
1828	1 49	1 51	1 65	1 67	133.0086421377689
1829	1 49	1 51	1 67	1 69	48.6330756795319
1830	1 49	1 51	1 69	1 71	3.1447351209624794
1831	1 49	1 51	1 71	1 1	-68.92554101850828
1832	1 49	1 51	1 72	1 2	-58.756152948222976
1833	1 50	1 52	1 51	1 53	175.79104787249264
1834	1 50	1 52	1 53	1 55	-57.41311874751954
1835	1 50	1 52	1 55	1 57	-290.4122807017544
1836	1 50	1 52	1 59	1 61	149.55419389110227
1837	1 50	1 52	1 61	1 63	-29.664625388023516
1838	1 50	1 52	1 63	1 65	-224.76782235725136
1839	1 50	1 52	1 67	1 69	101.06560928408643
1840	1 50	1 52	1 69	1 71	8.626266796066755
1841	1 50	1 52	1 54	1 56	-20.914106668814345
1842	1 50	1 52	1 56	1 58	-260.61555086168306
1843	1 50	1 52	1 58	1 60	276.9697959988331
1844	1 50	1 52	1 60	1 62	-8.891804008282659
1845	1 50	1 52	1 62	1 64	-13.732985622528233
1846	1 50	1 52	1 66	1 68	138.52152284263963
1847	1 50	1 52	1 68	1 70	38.00538174803774
1848	1 50	1 52	1 72	1 2	-92.61559487575576
1849	1 50	1 52	1 71	1 1	-104.05074393590706
1850	1 51	1 53	1 52	1 54	169.66673373231296
1851	1 51	1 53	1 54	1 56	-58.005230498768526
1852	1 51	1 53	1 56	1 58	-254.33089022290474
1853	1 51	1 53	1 60	1 62	126.65946260147487
1854	1 51	1 53	1 62	1 64	-26.433905732029054
1855	1 51	1 53	1 64	1 66	-205.4928964141488
1856	1 51	1 53	1 68	1 70	88.54679309097128
1857	1 51	1 53	1 70	1 72	6.956828185305438
1858	1 51	1 53	1 55	1 57	-254.70670995670997
1859	1 51	1 53	1 59	1 61	244.21506292758968
1860	1 51	1 53	1 65	1 67	40.820454042572024
1861	1 51	1 53	1 67	1 69	123.36128445137805
1862	1 51	1 53	1 69	1 71	36.46363746102878
1863	1 51	1 53	1 71	1 1	-132.9924983426182
1864	1 51	1 53	1 72	1 2	-122.84385813148789
1865	1 52	1 54	1 53	1 55	147.84842995169083
1866	1 52	1 54	1 55	1 57	-262.40953272694844
1867	1 52	1 54	1 57	1 59	-26.184836964454632
1868	1 52	1 54	1 59	1 61	123.91393701343321
1869	1 52	1 54	1 61	1 63	134.84673416132006
1870	1 52	1 54	1 63	1 65	-229.744863180446
1871	1 52	1 54	1 65	1 67	8.307452696367356
1872	1 52	1 54	1 67	1 69	87.74390781431288
1873	1 52	1 54	1 69	1 71	91.87872632858121
1874	1 52	1 54	1 71	1 1	-139.59129002327091
1875	1 52	1 54	1 56	1 58	-237.81317245857036
1876	1 52	1 54	1 60	1 62	238.43231116543
1877	1 52	1 54	1 64	1 66	-216.38149517506562
1878	1 52	1 54	1 66	1 68	36.66765765765766
1879	1 52	1 54	1 68	1 70	122.98121461212753
1880	1 52	1 54	1 70	1 72	33.90198122201929
1881	1 52	1 54	1 72	1 2	-137.40650651900887
1882	1 53	1 55	1 54	1 56	185.5868942395611
1883	1 53	1 55	1 56	1 58	-282.5057384812525
1884	1 53	1 55	1 58	1 60	-28.392802574533512
1885	1 53	1 55	1 60	1 62	131.27180089584627
1886	1 53	1 55	1 64	1 66	-242.71819602349262
1887	1 53	1 55	1 66	1 68	6.474773154873896
1888	1 53	1 55	1 68	1 70	96.21637861638288
1889	1 53	1 55	1 70	1 72	78.37492667839814
1890	1 53	1 55	1 72	1 2	-143.37465145177913
1891	1 53	1 55	1 57	1 59	-14.503841281814495
1892	1 53	1 55	1 61	1 63	263.83519500486335
1893	1 53	1 55	1 63	1 65	-230.78454809320326
1894	1 53	1 55	1 67	1 69	35.80635337399687
1895	1 53	1 55	1 69	1 71	127.38786324786325
1896	1 53	1 55	1 71	1 1	-129.40943714821765
1897	1 54	1 56	1 55	1 57	-115.13270987372226
1898	1 54	1 56	1 57	1 59	-6.126943719443512
1899	1 54	1 56	1 59	1 61	-22.180977210044624
1900	1 54	1 56	1 61	1 63	151.6020240535629
1901	1 54	1 56	1 63	1 65	-120.04791876349768
1902	1 54	1 56	1 67	1 69	13.004054414456506
1903	1 54	1 56	1 69	1 71	92.95546463614157
1904	1 54	1 56	1 71	1 1	-90.95775225378114
1905	1 54	1 56	1 58	1 60	-12.993419200073962
1906	1 54	1 56	1 62	1 64	237.28510584134568
1907	1 54	1 56	1 64	1 66	-225.0751701025693
1908	1 54	1 56	1 68	1 70	48.22703848730748
1909	1 54	1 56	1 70	1 72	88.94234248265782
1910	1 54	1 56	1 72	1 2	-123.65861197445267
1911	1 55	1 57	1 56	1 58	796.4328629032259
1912	1 55	1 57	1 58	1 60	-377.1869631057268
1913	1 55	1 57	1 60	1 62	-258.42388393968054
1914	1 55	1 57	1 62	1 64	-110.99562375978226
1915	1 55	1 57	1 64	1 66	740.519884753448
1916	1 55	1 57	1 66	1 68	-328.2451443305874
1917	1 55	1 57	1 68	1 70	-231.68449670795673
1918	1 55	1 57	1 70	1 72	-94.57316504224896
1919	1 55	1 57	1 72	1 2	266.03921792621674
1920	1 55	1 57	1 59	1 61	-285.18175925925925
1921	1 55	1 57	1 61	1 63	-246.48113178860302
1922	1 55	1 57	1 63	1 65	884.9491743675201
1923	1 55	1 57	1 65	1 67	-322.4449346755194
1924	1 55	1 57	1 69	1 71	-189.86109033491232
1925	1 55	1 57	1 71	1 1	260.40277288934453
1926	1 56	1 58	1 59	1 61	-328.04999999999995
1927	1 56	1 58	1 61	1 63	-273.3982865112572
1928	1 56	1 58	1 63	1 65	747.6067538126363
1929	1 56	1 58	1 65	1 67	-144.12340506823998
1930	1 56	1 58	1 67	1 69	-284.71503999700957
1931	1 56	1 58	1 69	1 71	-221.99060027157373
1932	1 56	1 58	1 71	1 1	276.2082966871885
1933	1 56	1 58	1 60	1 62	-271.55965556721685
1934	1 56	1 58	1 62	1 64	-223.253434786757
1935	1 56	1 58	1 64	1 66	800.5402850494473
1936	1 56	1 58	1 68	1 70	-250.079575488913
1937	1 56	1 58	1 70	1 72	-134.56971585183
1938	1 56	1 58	1 72	1 2	294.07221858053754
1939	1 57	1 59	1 58	1 60	232.65803803273604
1940	1 57	1 59	1 60	1 62	-63.849773589787816
1941	1 57	1 59	1 62	1 64	-8.699413327316424
1942	1 57	1 59	1 64	1 66	-148.49285536893615
1943	1 57	1 59	1 68	1 70	-25.627044048149592
1944	1 57	1 59	1 70	1 72	-5.900418046021187
1945	1 57	1 59	1 72	1 2	-62.250348731686636
1946	1 57	1 59	1 61	1 63	-23.750438139143476
1947	1 57	1 59	1 65	1 67	348.50428810486676
1948	1 57	1 59	1 69	1 71	-13.415159265439723
1949	1 57	1 59	1 71	1 1	-70.17375075159993
1950	1 58	1 60	1 59	1 61	221.60204416750992
1951	1 58	1 60	1 61	1 63	-73.80725311489493
1952	1 58	1 60	1 63	1 65	-349.7904581187314
1953	1 58	1 60	1 67	1 69	175.19048425569153
1954	1 58	1 60	1 69	1 71	-27.707134955752213
1955	1 58	1 60	1 71	1 1	-113.20354061185196
1956	1 58	1 60	1 62	1 64	-21.844720926594466
1957	1 58	1 60	1 64	1 66	-300.36781872977554
1958	1 58	1 60	1 66	1 68	318.4804070003528
1959	1 58	1 60	1 68	1 70	-8.29805917290549
1960	1 58	1 60	1 70	1 72	-12.712524510125764
1961	1 58	1 60	1 72	1 2	-102.68319445302282
1962	1 59	1 61	1 60	1 62	165.54109287125704
1963	1 59	1 61	1 62	1 64	-56.68458452332381
1964	1 59	1 61	1 64	1 66	-308.98283462463263
1965	1 59	1 61	1 68	1 70	146.01218720816888
1966	1 59	1 61	1 70	1 72	-20.28080056624323
1967	1 59	1 61	1 72	1 2	-130.42884179195897
1968	1 59	1 61	1 63	1 65	-309.7010522279969
1969	1 59	1 61	1 67	1 69	294.60385115007966
1970	1 59	1 61	1 71	1 1	-144.17513636799714
1971	1 60	1 62	1 63	1 65	-321.38335234918964
1972	1 60	1 62	1 65	1 67	-25.86468665016477
1973	1 60	1 62	1 67	1 69	143.0733919207041
1974	1 60	1 62	1 71	1 1	-195.18450917012154
1975	1 60	1 62	1 64	1 66	-285.2007614655562
1976	1 60	1 62	1 66	1 68	-12.670143951917531
1977	1 60	1 62	1 68	1 70	281.50233289215487
1978	1 60	1 62	1 70	1 72	10.043323296775409
1979	1 60	1 62	1 72	1 2	-177.69639208908467
1980	1 61	1 63	1 62	1 64	185.74179617882027
1981	1 61	1 63	1 64	1 66	-326.87977815299473
1982	1 61	1 63	1 66	1 68	-28.590445296738153
1983	1 61	1 63	1 70	1 72	142.61906519843615
1984	1 61	1 63	1 72	1 2	-217.06039682539682
1985	1 61	1 63	1 65	1 67	-14.289595039905157
1986	1 61	1 63	1 69	1 71	286.7111111111111
1987	1 61	1 63	1 71	1 1	-208.72519752662316
1988	1 62	1 64	1 63	1 65	-121.37466938287443
1989	1 62	1 64	1 65	1 67	-6.358468190954184
1990	1 62	1 64	1 67	1 69	-19.489708116072983
1991	1 62	1 64	1 69	1 71	142.73002720053933
1992	1 62	1 64	1 71	1 1	-83.80113679213139
1993	1 62	1 64	1 66	1 68	-12.648502002630497
1994	1 62	1 64	1 70	1 72	209.7953345753765
1995	1 62	1 64	1 72	1 2	-168.12212998940305
1996	1 63	1 65	1 68	1 70	-327.869696969697
1997	1 63	1 65	1 70	1 72	-123.00130463686223
1998	1 63	1 65	1 72	1 2	363.68717717717715
1999	1 63	1 65	1 67	1 69	-355.9545454545455
2000	1 63	1 65	1 69	1 71	-288.2348484848485
2001	1 63	1 65	1 71	1 1	363.9904819342223
2002	1 64	1 66	1 67	1 69	-392.5459401709402
2003	1 64	1 66	1 69	1 71	-308.8884896632662
2004	1 64	1 66	1 71	1 1	344.7660811246707
2005	1 64	1 66	1 68	1 70	-335.27125420875416
2006	1 64	1 66	1 70	1 72	-216.23295640773517
2007	1 64	1 66	1 72	1 2	395.6941308486123
2008	1 65	1 67	1 66	1 68	268.7965579936325
2009	1 65	1 67	1 68	1 70	-69.97839434661724
2010	1 65	1 67	1 70	1 72	-11.286284339364327
2011	1 65	1 67	1 72	1 2	-68.60755854172103
2012	1 65	1 67	1 69	1 71	-27.486387483965228
2013	1 65	1 67	1 71	1 1	-76.14302199113988
2014	1 66	1 68	1 67	1 69	248.79027537900595
2015	1 66	1 68	1 69	1 71	-73.44612168470734
2016	1 66	1 68	1 71	1 1	-119.63642625267607
2017	1 66	1 68	1 70	1 72	-22.746790302396118
2018	1 66	1 68	1 72	1 2	-109.01629664719195
2019	1 67	1 69	1 68	1 70	216.2744842988934
2020	1 67	1 69	1 70	1 72	-58.032630947471034
2021	1 67	1 69	1 72	1 2	-150.63581370001015
2022	1 67	1 69	1 71	1 1	-169.9956102168557
2023	1 68	1 70	1 71	1 1	-256.637956825626
2024	1 68	1 70	1 72	1 2	-217.2709402531862
2025	1 69	1 71	1 70	1 72	226.61109817918475
2026	1 69	1 71	1 72	1 2	-297.51462735741876
2027	1 70	1 72	1 71	1 1	-113.0159032672978
2028	1 71	1 1	1 72	1 2	1637.7661208456548
