2027
1	1 1	1 3	1 2	1 4	407.0138874542646
2	1 1	1 3	1 4	1 6	-161.27959508844057
3	1 1	1 3	1 6	1 8	-41.210709435701375
4	1 1	1 3	1 8	1 10	-161.99928270788314
5	1 1	1 3	1 10	1 12	207.65212116923647
6	1 1	1 3	1 12	1 14	-32.800375697732804
7	1 1	1 3	1 14	1 16	-20.381871634511402
8	1 1	1 3	1 16	1 18	-134.83532264541992
9	1 1	1 3	1 18	1 20	119.68239343230653
10	1 1	1 3	1 20	1 22	13.767188217763646
11	1 1	1 3	1 5	1 7	-70.77100021410544
12	1 1	1 3	1 11	1 13	23.33159658157736
13	1 1	1 3	1 13	1 15	-27.27956215608852
14	1 1	1 3	1 15	1 17	-225.71101877039587
15	1 1	1 3	1 17	1 19	162.36918807881978
16	1 1	1 3	1 19	1 21	53.60962216582102
17	1 1	1 3	1 22	1 24	-8.841026048052539
18	1 1	1 3	1 24	1 26	-102.79255218077498
19	1 1	1 3	1 26	1 28	65.51773088376343
20	1 1	1 3	1 28	1 30	23.25719117526112
21	1 1	1 3	1 32	1 34	-76.52881099754026
22	1 1	1 3	1 34	1 36	38.34381125214087
23	1 1	1 3	1 36	1 38	20.14902657693709
24	1 1	1 3	1 38	1 40	8.013668783465283
25	1 1	1 3	1 40	1 42	-59.37160687891514
26	1 1	1 3	1 27	1 29	42.862278909477496
27	1 1	1 3	1 29	1 31	8.250245328754323
28	1 1	1 3	1 31	1 33	-102.02894043421415
29	1 1	1 3	1 35	1 37	30.925838283153418
30	1 1	1 3	1 37	1 39	12.102039058985838
31	1 1	1 3	1 39	1 41	-68.37864074118778
32	1 1	1 3	1 43	1 45	21.720241903127
33	1 1	1 3	1 44	1 46	17.3564624914111
34	1 1	1 3	1 46	1 48	7.8978364332756215
35	1 1	1 3	1 48	1 50	-44.540377479043144
36	1 1	1 3	1 52	1 54	13.717159831908418
37	1 1	1 3	1 54	1 56	7.308938457875957
38	1 1	1 3	1 56	1 58	-33.6940625
39	1 1	1 3	1 58	1 60	11.580276363845512
40	1 1	1 3	1 60	1 62	10.623440929571961
41	1 1	1 3	1 45	1 47	11.808370014850519
42	1 1	1 3	1 47	1 49	-47.104295738518076
43	1 1	1 3	1 51	1 53	16.239813268356905
44	1 1	1 3	1 53	1 55	10.932905897327196
45	1 1	1 3	1 55	1 57	-34.41526261288972
46	1 1	1 3	1 59	1 61	12.394826851929402
47	1 1	1 3	1 61	1 63	9.019047128697634
48	1 1	1 3	1 63	1 65	-25.524839341731507
49	1 1	1 3	1 62	1 64	6.198735447806029
50	1 1	1 3	1 64	1 66	-26.14125563602181
51	1 1	1 3	1 66	1 68	8.655501762335312
52	1 1	1 3	1 68	1 70	8.176054964965605
53	1 1	1 3	1 70	1 72	3.60251324304455
54	1 1	1 3	1 67	1 69	9.284939609721837
55	1 1	1 3	1 69	1 71	6.513812295614951
56	1 2	1 4	1 3	1 5	321.5676224544984
57	1 2	1 4	1 5	1 7	-160.40571333479113
58	1 2	1 4	1 7	1 9	-390.533694355123
59	1 2	1 4	1 9	1 11	226.7790442813083
60	1 2	1 4	1 11	1 13	172.70556203494243
61	1 2	1 4	1 13	1 15	-30.688704158382833
62	1 2	1 4	1 15	1 17	-269.905066229261
63	1 2	1 4	1 17	1 19	121.80503030008626
64	1 2	1 4	1 19	1 21	110.08400008111715
65	1 2	1 4	1 21	1 23	8.249220028814921
66	1 2	1 4	1 6	1 8	-84.9890971213709
67	1 2	1 4	1 10	1 12	325.26660389727033
68	1 2	1 4	1 12	1 14	14.61822612130836
69	1 2	1 4	1 14	1 16	-32.71593901120918
70	1 2	1 4	1 16	1 18	-211.5300424657176
71	1 2	1 4	1 18	1 20	146.42911486315867
72	1 2	1 4	1 20	1 22	54.241175080902366
73	1 2	1 4	1 22	1 24	-7.434375685094695
74	1 2	1 4	1 24	1 26	-150.56636516289825
75	1 2	1 4	1 23	1 25	-183.51878607014257
76	1 2	1 4	1 25	1 27	69.23184381408066
77	1 2	1 4	1 27	1 29	66.54237867395761
78	1 2	1 4	1 29	1 31	22.913019959745053
79	1 2	1 4	1 31	1 33	-124.45308726361358
80	1 2	1 4	1 35	1 37	41.78930308439209
81	1 2	1 4	1 37	1 39	22.464606237567875
82	1 2	1 4	1 39	1 41	-85.21435406698563
83	1 2	1 4	1 26	1 28	74.09821292206996
84	1 2	1 4	1 28	1 30	46.98201948678358
85	1 2	1 4	1 32	1 34	-106.97546004701914
86	1 2	1 4	1 34	1 36	42.652679707264056
87	1 2	1 4	1 36	1 38	32.598726943216036
88	1 2	1 4	1 38	1 40	15.451266167986692
89	1 2	1 4	1 40	1 42	-79.77505048861181
90	1 2	1 4	1 42	1 44	27.296933044051567
91	1 2	1 4	1 44	1 46	24.85921674335191
92	1 2	1 4	1 43	1 45	27.961936777651196
93	1 2	1 4	1 45	1 47	18.54236624939538
94	1 2	1 4	1 47	1 49	-58.746631944717194
95	1 2	1 4	1 51	1 53	20.309484010941308
96	1 2	1 4	1 55	1 57	-42.99678034927598
97	1 2	1 4	1 59	1 61	15.235051015558238
98	1 2	1 4	1 61	1 63	12.345763591454823
99	1 2	1 4	1 48	1 50	-58.40275304602419
100	1 2	1 4	1 50	1 52	18.31812884584685
101	1 2	1 4	1 52	1 54	18.53719296184429
102	1 2	1 4	1 56	1 58	-43.44564142852035
103	1 2	1 4	1 58	1 60	13.534236319460568
104	1 2	1 4	1 60	1 62	13.944965710929889
105	1 2	1 4	1 64	1 66	-33.2987253885189
106	1 2	1 4	1 63	1 65	-31.9294932183497
107	1 2	1 4	1 65	1 67	6.1771974811711585
108	1 2	1 4	1 67	1 69	11.434882154940968
109	1 2	1 4	1 69	1 71	8.56006270446084
110	1 2	1 4	1 71	1 1	-436.58588060907624
111	1 2	1 4	1 66	1 68	10.3139088352983
112	1 2	1 4	1 68	1 70	10.477399184202483
113	1 3	1 5	1 4	1 6	429.71966719774
114	1 3	1 5	1 6	1 8	-218.65997992011592
115	1 3	1 5	1 8	1 10	-386.25964457807066
116	1 3	1 5	1 10	1 12	197.89346198001687
117	1 3	1 5	1 12	1 14	204.8485258551044
118	1 3	1 5	1 14	1 16	-43.54567066265471
119	1 3	1 5	1 16	1 18	-283.2282383783531
120	1 3	1 5	1 18	1 20	108.7929255730705
121	1 3	1 5	1 20	1 22	128.6073307907372
122	1 3	1 5	1 22	1 24	9.803138667757466
123	1 3	1 5	1 9	1 11	35.569881953166515
124	1 3	1 5	1 11	1 13	304.4131200920325
125	1 3	1 5	1 13	1 15	27.617786491470596
126	1 3	1 5	1 15	1 17	-315.80837322330444
127	1 3	1 5	1 17	1 19	51.96451134297198
128	1 3	1 5	1 19	1 21	147.2133368655798
129	1 3	1 5	1 21	1 23	55.80937166078939
130	1 3	1 5	1 23	1 25	-213.4470308888254
131	1 3	1 5	1 25	1 27	40.29529561303665
132	1 3	1 5	1 24	1 26	-202.40041334628376
133	1 3	1 5	1 26	1 28	60.95716626878718
134	1 3	1 5	1 28	1 30	78.50938610197787
135	1 3	1 5	1 30	1 32	24.39750578127807
136	1 3	1 5	1 34	1 36	38.02209529685524
137	1 3	1 5	1 36	1 38	47.11913441880433
138	1 3	1 5	1 38	1 40	29.04264335204332
139	1 3	1 5	1 40	1 42	-101.23917726900574
140	1 3	1 5	1 42	1 44	25.878281203282384
141	1 3	1 5	1 27	1 29	79.86290607373812
142	1 3	1 5	1 29	1 31	52.88607561304789
143	1 3	1 5	1 33	1 35	29.43571215170322
144	1 3	1 5	1 35	1 37	48.01638203147326
145	1 3	1 5	1 37	1 39	39.37237154287191
146	1 3	1 5	1 39	1 41	-98.63445247178706
147	1 3	1 5	1 41	1 43	19.732176438832646
148	1 3	1 5	1 43	1 45	31.55912442812894
149	1 3	1 5	1 45	1 47	27.626491410549296
150	1 3	1 5	1 44	1 46	32.78377576689023
151	1 3	1 5	1 50	1 52	18.171146653761184
152	1 3	1 5	1 58	1 60	14.08965302858735
153	1 3	1 5	1 49	1 51	12.929818056094607
154	1 3	1 5	1 51	1 53	22.89408520932738
155	1 3	1 5	1 57	1 59	8.056070089059304
156	1 3	1 5	1 59	1 61	17.065973904248708
157	1 3	1 5	1 65	1 67	6.3692067624414115
158	1 3	1 5	1 66	1 68	11.114471309386346
159	1 3	1 5	1 68	1 70	12.431312568280504
160	1 3	1 5	1 72	1 2	-344.6561378787879
161	1 3	1 5	1 67	1 69	12.88289971803266
162	1 3	1 5	1 71	1 1	-234.22650748183847
163	1 4	1 6	1 5	1 7	406.7145143229617
164	1 4	1 6	1 7	1 9	-649.83128769833
165	1 4	1 6	1 9	1 11	-24.765547079949044
166	1 4	1 6	1 11	1 13	201.3738928741492
167	1 4	1 6	1 13	1 15	248.14175093262614
168	1 4	1 6	1 17	1 19	11.488326446522365
169	1 4	1 6	1 19	1 21	119.0507318579906
170	1 4	1 6	1 21	1 23	144.01947815255326
171	1 4	1 6	1 23	1 25	-247.09858036857355
172	1 4	1 6	1 12	1 14	362.99601699594064
173	1 4	1 6	1 14	1 16	26.685940089721484
174	1 4	1 6	1 16	1 18	-375.36525083661616
175	1 4	1 6	1 18	1 20	47.99329462214553
176	1 4	1 6	1 20	1 22	176.44516611780352
177	1 4	1 6	1 22	1 24	75.51716113184858
178	1 4	1 6	1 24	1 26	-266.03305322653756
179	1 4	1 6	1 26	1 28	38.658952996891244
180	1 4	1 6	1 25	1 27	18.451587928338057
181	1 4	1 6	1 27	1 29	72.65352598453326
182	1 4	1 6	1 29	1 31	95.54126369650723
183	1 4	1 6	1 33	1 35	18.57773887794366
184	1 4	1 6	1 35	1 37	46.3509767245728
185	1 4	1 6	1 37	1 39	59.58311872336874
186	1 4	1 6	1 39	1 41	-109.25301265077965
187	1 4	1 6	1 41	1 43	14.782248368556754
188	1 4	1 6	1 43	1 45	32.38909168493856
189	1 4	1 6	1 28	1 30	99.66380624559666
190	1 4	1 6	1 30	1 32	60.01367834455384
191	1 4	1 6	1 34	1 36	29.406695938946203
192	1 4	1 6	1 36	1 38	57.50736636044738
193	1 4	1 6	1 38	1 40	49.954859245739996
194	1 4	1 6	1 40	1 42	-123.07919728003473
195	1 4	1 6	1 42	1 44	22.714807615726162
196	1 4	1 6	1 44	1 46	38.679278802006074
197	1 4	1 6	1 46	1 48	32.81658653122741
198	1 4	1 6	1 45	1 47	37.496986039043094
199	1 4	1 6	1 49	1 51	10.851088763861414
200	1 4	1 6	1 51	1 53	24.173782361139317
201	1 4	1 6	1 57	1 59	7.40311111567556
202	1 4	1 6	1 59	1 61	18.08461732135721
203	1 4	1 6	1 50	1 52	17.03545659270052
204	1 4	1 6	1 58	1 60	14.036357658039082
205	1 4	1 6	1 60	1 62	19.302048154092383
206	1 4	1 6	1 66	1 68	11.487139982450483
207	1 4	1 6	1 65	1 67	6.338307380412413
208	1 4	1 6	1 67	1 69	13.891613078291059
209	1 4	1 6	1 71	1 1	-164.21282156773574
210	1 4	1 6	1 68	1 70	14.077487852159209
211	1 4	1 6	1 72	1 2	-208.1028793509882
212	1 5	1 7	1 6	1 8	636.2910153337998
213	1 5	1 7	1 8	1 10	-851.6353236277789
214	1 5	1 7	1 10	1 12	-40.904508369784324
215	1 5	1 7	1 12	1 14	273.0278524394954
216	1 5	1 7	1 14	1 16	336.6869248184905
217	1 5	1 7	1 18	1 20	6.858760200879109
218	1 5	1 7	1 20	1 22	153.90429350933306
219	1 5	1 7	1 22	1 24	216.7386356151662
220	1 5	1 7	1 24	1 26	-352.0049567809133
221	1 5	1 7	1 9	1 11	-29.505943978031
222	1 5	1 7	1 11	1 13	20.619510553539826
223	1 5	1 7	1 13	1 15	483.007812340667
224	1 5	1 7	1 15	1 17	-459.06370239101136
225	1 5	1 7	1 17	1 19	-5.360925904894973
226	1 5	1 7	1 19	1 21	57.304084520080096
227	1 5	1 7	1 21	1 23	229.84238425282618
228	1 5	1 7	1 23	1 25	-260.6092549199051
229	1 5	1 7	1 25	1 27	5.414656056316628
230	1 5	1 7	1 27	1 29	51.2617425505136
231	1 5	1 7	1 26	1 28	18.928025246767522
232	1 5	1 7	1 28	1 30	100.22019782089694
233	1 5	1 7	1 30	1 32	118.72450751909881
234	1 5	1 7	1 34	1 36	20.403773184193213
235	1 5	1 7	1 36	1 38	61.860468431713805
236	1 5	1 7	1 38	1 40	78.01216268378388
237	1 5	1 7	1 40	1 42	-147.58587575324154
238	1 5	1 7	1 42	1 44	19.014841877995963
239	1 5	1 7	1 44	1 46	42.95318576922021
240	1 5	1 7	1 29	1 31	136.499669034404
241	1 5	1 7	1 33	1 35	10.765307707908097
242	1 5	1 7	1 35	1 37	40.10818061249096
243	1 5	1 7	1 37	1 39	80.18472010662606
244	1 5	1 7	1 41	1 43	10.815674562191768
245	1 5	1 7	1 43	1 45	31.158136123115533
246	1 5	1 7	1 45	1 47	47.61886197160244
247	1 5	1 7	1 46	1 48	46.56178746460475
248	1 5	1 7	1 50	1 52	15.673823429938949
249	1 5	1 7	1 58	1 60	13.772955506737112
250	1 5	1 7	1 49	1 51	9.065117860831503
251	1 5	1 7	1 57	1 59	6.8260938798195445
252	1 5	1 7	1 65	1 67	6.288261703118126
253	1 5	1 7	1 67	1 69	14.753970126592666
254	1 5	1 7	1 66	1 68	11.771851153569123
255	1 5	1 7	1 68	1 70	15.616892580381041
256	1 6	1 8	1 7	1 9	-373.26626208618654
257	1 6	1 8	1 9	1 11	-21.561505203594223
258	1 6	1 8	1 11	1 13	-34.081596335669964
259	1 6	1 8	1 13	1 15	338.32521446257783
260	1 6	1 8	1 17	1 19	-7.695707436464829
261	1 6	1 8	1 19	1 21	14.766620718606374
262	1 6	1 8	1 21	1 23	202.7974014715179
263	1 6	1 8	1 23	1 25	-196.49414058584463
264	1 6	1 8	1 10	1 12	-35.48275130765008
265	1 6	1 8	1 12	1 14	56.688070739745726
266	1 6	1 8	1 14	1 16	629.0319871255002
267	1 6	1 8	1 16	1 18	-634.8822646538113
268	1 6	1 8	1 18	1 20	-5.412032270331835
269	1 6	1 8	1 20	1 22	77.27175827161412
270	1 6	1 8	1 22	1 24	309.8835814672165
271	1 6	1 8	1 24	1 26	-363.6746790131918
272	1 6	1 8	1 26	1 28	7.692708348313632
273	1 6	1 8	1 28	1 30	72.25763747454175
274	1 6	1 8	1 27	1 29	28.73272083887241
275	1 6	1 8	1 29	1 31	131.59839115918416
276	1 6	1 8	1 33	1 35	6.044888993370348
277	1 6	1 8	1 35	1 37	28.29844934053506
278	1 6	1 8	1 37	1 39	77.28143634840377
279	1 6	1 8	1 39	1 41	-101.81061074096507
280	1 6	1 8	1 41	1 43	7.335520254024191
281	1 6	1 8	1 43	1 45	24.858077126859456
282	1 6	1 8	1 45	1 47	45.55438758019899
283	1 6	1 8	1 30	1 32	147.2610660133353
284	1 6	1 8	1 34	1 36	12.703325746377793
285	1 6	1 8	1 36	1 38	51.47586059831886
286	1 6	1 8	1 38	1 40	86.34753927369668
287	1 6	1 8	1 40	1 42	-139.37543853431575
288	1 6	1 8	1 42	1 44	14.007716771886482
289	1 6	1 8	1 44	1 46	37.38815349056531
290	1 6	1 8	1 46	1 48	49.19432268974189
291	1 6	1 8	1 49	1 51	6.754450770089441
292	1 6	1 8	1 51	1 53	20.65227945416344
293	1 6	1 8	1 53	1 55	31.184266841771997
294	1 6	1 8	1 57	1 59	5.445743070604319
295	1 6	1 8	1 59	1 61	16.11314832341823
296	1 6	1 8	1 61	1 63	21.529301432218247
297	1 6	1 8	1 65	1 67	5.269817637142976
298	1 6	1 8	1 50	1 52	12.406281110689356
299	1 6	1 8	1 52	1 54	26.07252137956251
300	1 6	1 8	1 54	1 56	29.621844921292812
301	1 6	1 8	1 58	1 60	11.46111798127126
302	1 6	1 8	1 60	1 62	19.229126828470136
303	1 6	1 8	1 66	1 68	10.055399884305313
304	1 6	1 8	1 68	1 70	14.015314060563036
305	1 6	1 8	1 67	1 69	12.864397559460006
306	1 6	1 8	1 69	1 71	13.185798395603118
307	1 6	1 8	1 71	1 1	-98.53251141813863
308	1 6	1 8	1 70	1 72	8.652917397086611
309	1 6	1 8	1 72	1 2	-114.1042624772711
310	1 7	1 9	1 16	1 18	930.2711992973491
311	1 7	1 9	1 11	1 13	-327.6298381621814
312	1 7	1 9	1 13	1 15	-462.6309119656418
313	1 7	1 9	1 23	1 25	643.3933351672847
314	1 7	1 9	1 27	1 29	-177.43776808406827
315	1 7	1 9	1 29	1 31	-192.06870073143244
316	1 7	1 9	1 28	1 30	-202.6257542166383
317	1 7	1 9	1 30	1 32	-141.55914779363803
318	1 7	1 9	1 32	1 34	441.4871907548645
319	1 7	1 9	1 36	1 38	-130.9757803903777
320	1 7	1 9	1 38	1 40	-114.09103032004492
321	1 7	1 9	1 40	1 42	318.2221009759471
322	1 7	1 9	1 42	1 44	-75.06478743068392
323	1 7	1 9	1 44	1 46	-95.48253977022705
324	1 7	1 9	1 46	1 48	-76.3902105727171
325	1 7	1 9	1 31	1 33	443.7612861981712
326	1 7	1 9	1 35	1 37	-125.28973196421259
327	1 7	1 9	1 37	1 39	-132.79247975478336
328	1 7	1 9	1 39	1 41	300.48765124122417
329	1 7	1 9	1 43	1 45	-89.34100293276464
330	1 7	1 9	1 45	1 47	-88.85369954258803
331	1 7	1 9	1 47	1 49	204.99727157264672
332	1 7	1 9	1 48	1 50	226.0735043790703
333	1 7	1 9	1 50	1 52	-54.063199452701014
334	1 7	1 9	1 52	1 54	-68.98770423592006
335	1 7	1 9	1 54	1 56	-54.24490178815009
336	1 7	1 9	1 56	1 58	161.4846344381955
337	1 7	1 9	1 58	1 60	-42.41208382626331
338	1 7	1 9	1 60	1 62	-51.17381831310692
339	1 7	1 9	1 62	1 64	-38.44789169684462
340	1 7	1 9	1 64	1 66	121.86785286304985
341	1 7	1 9	1 66	1 68	-33.61953588492513
342	1 7	1 9	1 51	1 53	-67.74363482664843
343	1 7	1 9	1 53	1 55	-67.54082700840132
344	1 7	1 9	1 55	1 57	151.840344231701
345	1 7	1 9	1 57	1 59	-24.76012942334185
346	1 7	1 9	1 59	1 61	-51.35335936365916
347	1 7	1 9	1 61	1 63	-49.99603645964695
348	1 7	1 9	1 63	1 65	112.97040764521486
349	1 7	1 9	1 65	1 67	-19.488856363295717
350	1 7	1 9	1 67	1 69	-39.28059850495316
351	1 7	1 9	1 69	1 71	-32.8977380317706
352	1 7	1 9	1 68	1 70	-38.129319630988476
353	1 7	1 9	1 70	1 72	-20.0444641814514
354	1 7	1 9	1 72	1 2	410.0541850263051
355	1 8	1 10	1 9	1 11	-159.17345851764918
356	1 8	1 10	1 11	1 13	-347.2779680957819
357	1 8	1 10	1 13	1 15	-538.6774299754015
358	1 8	1 10	1 19	1 21	-267.3757499369304
359	1 8	1 10	1 21	1 23	-349.1188409982985
360	1 8	1 10	1 23	1 25	640.834552284922
361	1 8	1 10	1 27	1 29	-180.31261107313742
362	1 8	1 10	1 12	1 14	-412.3174702712746
363	1 8	1 10	1 30	1 32	-209.0673550677401
364	1 8	1 10	1 29	1 31	-251.2507219545336
365	1 8	1 10	1 31	1 33	446.0583103764922
366	1 8	1 10	1 35	1 37	-123.44841456751686
367	1 8	1 10	1 37	1 39	-161.040444421128
368	1 8	1 10	1 39	1 41	301.1818004251455
369	1 8	1 10	1 41	1 43	-47.666990895510175
370	1 8	1 10	1 43	1 45	-88.84429154170323
371	1 8	1 10	1 45	1 47	-103.59533115143043
372	1 8	1 10	1 47	1 49	208.85194708397552
373	1 8	1 10	1 32	1 34	496.9692442568873
374	1 8	1 10	1 34	1 36	-90.67701256061619
375	1 8	1 10	1 36	1 38	-145.88556590359815
376	1 8	1 10	1 38	1 40	-152.7792591046141
377	1 8	1 10	1 40	1 42	351.08887997918316
378	1 8	1 10	1 42	1 44	-67.02434026441222
379	1 8	1 10	1 44	1 46	-104.1187695157135
380	1 8	1 10	1 46	1 48	-96.50895571725837
381	1 8	1 10	1 48	1 50	242.32564935064937
382	1 8	1 10	1 50	1 52	-49.622520141722894
383	1 8	1 10	1 49	1 51	-33.64826480179998
384	1 8	1 10	1 51	1 53	-68.06966608495404
385	1 8	1 10	1 53	1 55	-76.2809918509335
386	1 8	1 10	1 55	1 57	155.6669254350706
387	1 8	1 10	1 57	1 59	-22.267574056508998
388	1 8	1 10	1 59	1 61	-51.42212567183215
389	1 8	1 10	1 61	1 63	-55.11994265569206
390	1 8	1 10	1 63	1 65	116.27075867881615
391	1 8	1 10	1 65	1 67	-18.545874340536805
392	1 8	1 10	1 67	1 69	-39.73543304362636
393	1 8	1 10	1 52	1 54	-73.61124394664736
394	1 8	1 10	1 54	1 56	-64.49325813300165
395	1 8	1 10	1 58	1 60	-40.6346818340031
396	1 8	1 10	1 60	1 62	-54.30162680073262
397	1 8	1 10	1 62	1 64	-43.95409565695438
398	1 8	1 10	1 64	1 66	128.1813658519541
399	1 8	1 10	1 66	1 68	-33.109004319443656
400	1 8	1 10	1 68	1 70	-39.90271979562304
401	1 8	1 10	1 69	1 71	-35.206391489866064
402	1 8	1 10	1 71	1 1	461.13142784888066
403	1 9	1 11	1 10	1 12	232.1615189648576
404	1 9	1 11	1 12	1 14	-58.90443598803756
405	1 9	1 11	1 14	1 16	-16.72136299190815
406	1 9	1 11	1 16	1 18	-133.2031693300909
407	1 9	1 11	1 18	1 20	164.51236753255142
408	1 9	1 11	1 20	1 22	-22.399975351769804
409	1 9	1 11	1 22	1 24	-12.396540012106131
410	1 9	1 11	1 24	1 26	-102.50589639371239
411	1 9	1 11	1 26	1 28	88.48107620586622
412	1 9	1 11	1 28	1 30	8.159725062873072
413	1 9	1 11	1 13	1 15	-28.119002352489318
414	1 9	1 11	1 17	1 19	291.6185619166244
415	1 9	1 11	1 21	1 23	-17.338856535531825
416	1 9	1 11	1 23	1 25	-176.2522489995789
417	1 9	1 11	1 25	1 27	132.0263938658211
418	1 9	1 11	1 27	1 29	36.06354332903186
419	1 9	1 11	1 31	1 33	-118.22133543588777
420	1 9	1 11	1 30	1 32	-4.1147025630477945
421	1 9	1 11	1 32	1 34	-78.96763474032716
422	1 9	1 11	1 34	1 36	51.23378943876875
423	1 9	1 11	1 36	1 38	15.582628675431742
424	1 9	1 11	1 38	1 40	4.109669688946979
425	1 9	1 11	1 40	1 42	-63.19204707265645
426	1 9	1 11	1 42	1 44	31.54321568412825
427	1 9	1 11	1 44	1 46	16.752392644498933
428	1 9	1 11	1 46	1 48	5.8552447496363715
429	1 9	1 11	1 48	1 50	-48.622332974007854
430	1 9	1 11	1 35	1 37	32.74154960035044
431	1 9	1 11	1 37	1 39	6.64669126117993
432	1 9	1 11	1 39	1 41	-79.34225679555493
433	1 9	1 11	1 43	1 45	24.40675494355005
434	1 9	1 11	1 45	1 47	9.817694098271275
435	1 9	1 11	1 47	1 49	-54.56020683437575
436	1 9	1 11	1 51	1 53	18.675411046233656
437	1 9	1 11	1 50	1 52	20.410199841557223
438	1 9	1 11	1 52	1 54	14.402733266531378
439	1 9	1 11	1 54	1 56	6.483850112119539
440	1 9	1 11	1 56	1 58	-37.3283725096701
441	1 9	1 11	1 58	1 60	14.414813962083077
442	1 9	1 11	1 60	1 62	11.639096837146141
443	1 9	1 11	1 62	1 64	6.0633808049365525
444	1 9	1 11	1 64	1 66	-29.372743000521652
445	1 9	1 11	1 66	1 68	10.481648464624143
446	1 9	1 11	1 68	1 70	9.141917637606426
447	1 9	1 11	1 53	1 55	10.526660013077386
448	1 9	1 11	1 55	1 57	-39.687402855764006
449	1 9	1 11	1 59	1 61	14.485488902237392
450	1 9	1 11	1 61	1 63	9.266730062273759
451	1 9	1 11	1 63	1 65	-29.38378955331691
452	1 9	1 11	1 67	1 69	10.857987896283676
453	1 9	1 11	1 69	1 71	7.007724976492136
454	1 9	1 11	1 71	1 1	-308.791819976237
455	1 9	1 11	1 70	1 72	3.8262730284262765
456	1 9	1 11	1 72	1 2	-124.10762538593482
457	1 10	1 12	1 11	1 13	197.9256448709977
458	1 10	1 12	1 13	1 15	-66.14666961869372
459	1 10	1 12	1 19	1 21	146.98991696931
460	1 10	1 12	1 21	1 23	-26.079259025245655
461	1 10	1 12	1 23	1 25	-204.22884914857354
462	1 10	1 12	1 25	1 27	89.37998144052011
463	1 10	1 12	1 27	1 29	86.08053783967657
464	1 10	1 12	1 29	1 31	7.9356988478943284
465	1 10	1 12	1 14	1 16	-30.805754279928124
466	1 10	1 12	1 18	1 20	261.7560310206213
467	1 10	1 12	1 20	1 22	9.51190014293266
468	1 10	1 12	1 22	1 24	-20.657512774732748
469	1 10	1 12	1 24	1 26	-164.6223725055927
470	1 10	1 12	1 26	1 28	108.49219785657331
471	1 10	1 12	1 28	1 30	41.228068880716876
472	1 10	1 12	1 32	1 34	-113.61924258525877
473	1 10	1 12	1 31	1 33	-140.53417345366498
474	1 10	1 12	1 33	1 35	53.74536192422729
475	1 10	1 12	1 35	1 37	52.00077845218078
476	1 10	1 12	1 37	1 39	17.715498581493947
477	1 10	1 12	1 39	1 41	-96.65500540510239
478	1 10	1 12	1 43	1 45	33.4058047608419
479	1 10	1 12	1 45	1 47	17.863716851499866
480	1 10	1 12	1 47	1 49	-67.25015733165513
481	1 10	1 12	1 49	1 51	18.17316953849044
482	1 10	1 12	1 34	1 36	57.10679364412015
483	1 10	1 12	1 36	1 38	33.58588466386587
484	1 10	1 12	1 38	1 40	10.474879421412048
485	1 10	1 12	1 40	1 42	-86.80972783792865
486	1 10	1 12	1 42	1 44	34.381462666912846
487	1 10	1 12	1 44	1 46	27.023437301813694
488	1 10	1 12	1 46	1 48	11.42101778002575
489	1 10	1 12	1 48	1 50	-64.36514627663178
490	1 10	1 12	1 50	1 52	22.388216625065073
491	1 10	1 12	1 52	1 54	20.515665752858418
492	1 10	1 12	1 51	1 53	23.845548178784554
493	1 10	1 12	1 53	1 55	16.277211144698562
494	1 10	1 12	1 55	1 57	-49.0102167848827
495	1 10	1 12	1 59	1 61	17.797749583157838
496	1 10	1 12	1 61	1 63	13.232681118895517
497	1 10	1 12	1 63	1 65	-36.42912479960179
498	1 10	1 12	1 65	1 67	7.382260658589487
499	1 10	1 12	1 67	1 69	13.245260800921837
500	1 10	1 12	1 69	1 71	9.436671119490764
501	1 10	1 12	1 54	1 56	10.71524095263076
502	1 10	1 12	1 56	1 58	-48.238670283469375
503	1 10	1 12	1 58	1 60	16.238971427788485
504	1 10	1 12	1 60	1 62	15.620792312816162
505	1 10	1 12	1 62	1 64	9.074003666922756
506	1 10	1 12	1 64	1 66	-37.42592058645887
507	1 10	1 12	1 66	1 68	12.15763465688124
508	1 10	1 12	1 68	1 70	11.825946200093512
509	1 10	1 12	1 70	1 72	5.277147534827907
510	1 10	1 12	1 72	1 2	-216.86685506272258
511	1 10	1 12	1 71	1 1	-257.64050285076115
512	1 11	1 13	1 12	1 14	212.3791387541826
513	1 11	1 13	1 14	1 16	-68.34342975358854
514	1 11	1 13	1 18	1 20	132.45897215037763
515	1 11	1 13	1 20	1 22	169.41552503385503
516	1 11	1 13	1 22	1 24	-34.471158563545956
517	1 11	1 13	1 24	1 26	-214.80685278703234
518	1 11	1 13	1 26	1 28	75.61908483776935
519	1 11	1 13	1 28	1 30	101.20940076641676
520	1 11	1 13	1 30	1 32	7.0669169137807
521	1 11	1 13	1 15	1 17	-267.25560224089634
522	1 11	1 13	1 19	1 21	268.2396079284083
523	1 11	1 13	1 23	1 25	-229.42680433828872
524	1 11	1 13	1 25	1 27	29.915375501020527
525	1 11	1 13	1 27	1 29	117.73675901730783
526	1 11	1 13	1 29	1 31	42.9628244374335
527	1 11	1 13	1 33	1 35	28.863783178952822
528	1 11	1 13	1 32	1 34	-149.78493802469535
529	1 11	1 13	1 34	1 36	45.94750294469725
530	1 11	1 13	1 36	1 38	57.023970833360266
531	1 11	1 13	1 38	1 40	24.144917849321136
532	1 11	1 13	1 42	1 44	30.41867588218124
533	1 11	1 13	1 44	1 46	38.262553271095705
534	1 11	1 13	1 46	1 48	20.798719701456097
535	1 11	1 13	1 48	1 50	-79.72037717168234
536	1 11	1 13	1 50	1 52	20.9038035138446
537	1 11	1 13	1 35	1 37	62.273601472140015
538	1 11	1 13	1 37	1 39	39.15405411367757
539	1 11	1 13	1 41	1 43	21.097499441994472
540	1 11	1 13	1 43	1 45	38.321487403500925
541	1 11	1 13	1 45	1 47	29.68119808121518
542	1 11	1 13	1 47	1 49	-76.20814445451798
543	1 11	1 13	1 49	1 51	14.332527702373437
544	1 11	1 13	1 51	1 53	26.722039188009315
545	1 11	1 13	1 53	1 55	23.312402469498693
546	1 11	1 13	1 52	1 54	26.374360460180675
547	1 11	1 13	1 58	1 60	16.106894304472473
548	1 11	1 13	1 60	1 62	19.02649243479989
549	1 11	1 13	1 64	1 66	-44.12580874460184
550	1 11	1 13	1 66	1 68	12.625422988410296
551	1 11	1 13	1 68	1 70	14.001880938758081
552	1 11	1 13	1 57	1 59	9.092709501350445
553	1 11	1 13	1 59	1 61	19.473386527414668
554	1 11	1 13	1 61	1 63	17.582414857007905
555	1 11	1 13	1 63	1 65	-41.34094620262135
556	1 11	1 13	1 65	1 67	7.211621327887611
557	1 11	1 13	1 67	1 69	14.642272135325987
558	1 11	1 13	1 69	1 71	11.734291292709312
559	1 11	1 13	1 71	1 1	-173.61823171636254
560	1 11	1 13	1 72	1 2	-185.44216383957922
561	1 12	1 14	1 13	1 15	300.4000252634264
562	1 12	1 14	1 17	1 19	-21.5830657431704
563	1 12	1 14	1 19	1 21	151.93951223519878
564	1 12	1 14	1 21	1 23	195.0575496955187
565	1 12	1 14	1 25	1 27	4.090971459809301
566	1 12	1 14	1 27	1 29	93.18073580443799
567	1 12	1 14	1 29	1 31	126.18780583614074
568	1 12	1 14	1 20	1 22	318.2682938012746
569	1 12	1 14	1 22	1 24	14.544367545513808
570	1 12	1 14	1 24	1 26	-301.23825961564626
571	1 12	1 14	1 26	1 28	30.54722591934868
572	1 12	1 14	1 28	1 30	146.71614944247972
573	1 12	1 14	1 30	1 32	56.49664372270585
574	1 12	1 14	1 34	1 36	29.973972530837198
575	1 12	1 14	1 33	1 35	14.059147712593152
576	1 12	1 14	1 35	1 37	57.67413564778047
577	1 12	1 14	1 37	1 39	75.49219235598147
578	1 12	1 14	1 41	1 43	14.183239580945028
579	1 12	1 14	1 43	1 45	39.150560456491164
580	1 12	1 14	1 45	1 47	46.68501548426562
581	1 12	1 14	1 49	1 51	11.462353129693401
582	1 12	1 14	1 51	1 53	29.00774673143517
583	1 12	1 14	1 36	1 38	76.27595733100341
584	1 12	1 14	1 38	1 40	56.81344623641596
585	1 12	1 14	1 42	1 44	25.142132599833356
586	1 12	1 14	1 44	1 46	48.74918665563827
587	1 12	1 14	1 46	1 48	38.917569439712935
588	1 12	1 14	1 50	1 52	19.343002764735132
589	1 12	1 14	1 52	1 54	32.421305293160714
590	1 12	1 14	1 57	1 59	8.263907660672329
591	1 12	1 14	1 59	1 61	21.402769871181277
592	1 12	1 14	1 65	1 67	7.299318844657337
593	1 12	1 14	1 67	1 69	16.473554720101124
594	1 12	1 14	1 69	1 71	14.939537243674678
595	1 12	1 14	1 71	1 1	-142.16863651607
596	1 12	1 14	1 58	1 60	16.195982364225692
597	1 12	1 14	1 66	1 68	13.440768571629384
598	1 12	1 14	1 68	1 70	16.837910871171594
599	1 12	1 14	1 72	1 2	-159.52582969366836
600	1 13	1 15	1 14	1 16	321.56902700261384
601	1 13	1 15	1 18	1 20	-26.98444245866378
602	1 13	1 15	1 20	1 22	180.08800076153975
603	1 13	1 15	1 22	1 24	267.49928211387606
604	1 13	1 15	1 26	1 28	3.7993327799910555
605	1 13	1 15	1 28	1 30	118.20468406157357
606	1 13	1 15	1 30	1 32	148.5863146282293
607	1 13	1 15	1 32	1 34	-248.14185709624692
608	1 13	1 15	1 17	1 19	-16.610562597561938
609	1 13	1 15	1 21	1 23	369.57233216979796
610	1 13	1 15	1 23	1 25	-336.16821546293966
611	1 13	1 15	1 27	1 29	38.77974050032195
612	1 13	1 15	1 29	1 31	184.8089235768861
613	1 13	1 15	1 33	1 35	5.589454025342185
614	1 13	1 15	1 35	1 37	38.291246347141275
615	1 13	1 15	1 34	1 36	14.929832825819094
616	1 13	1 15	1 36	1 38	71.55624605822965
617	1 13	1 15	1 38	1 40	95.43974811931525
618	1 13	1 15	1 42	1 44	17.513521400463084
619	1 13	1 15	1 44	1 46	48.5098120254044
620	1 13	1 15	1 46	1 48	56.123610450320555
621	1 13	1 15	1 48	1 50	-112.83783901286793
622	1 13	1 15	1 50	1 52	15.650095431998135
623	1 13	1 15	1 52	1 54	33.112560850583264
624	1 13	1 15	1 37	1 39	99.35031733971415
625	1 13	1 15	1 41	1 43	8.531668802635366
626	1 13	1 15	1 43	1 45	32.490759084220855
627	1 13	1 15	1 45	1 47	56.86329846812134
628	1 13	1 15	1 47	1 49	-88.11416528733147
629	1 13	1 15	1 49	1 51	8.312960525050437
630	1 13	1 15	1 51	1 53	26.31283380273369
631	1 13	1 15	1 53	1 55	38.390894405423566
632	1 13	1 15	1 54	1 56	34.93332067322817
633	1 13	1 15	1 58	1 60	14.368266177689499
634	1 13	1 15	1 60	1 62	23.91649604576515
635	1 13	1 15	1 66	1 68	12.574183037973114
636	1 13	1 15	1 68	1 70	17.393976399561488
637	1 13	1 15	1 72	1 2	-125.92459720030541
638	1 13	1 15	1 57	1 59	6.7883939121404735
639	1 13	1 15	1 59	1 61	20.188677516328042
640	1 13	1 15	1 61	1 63	26.21460412952292
641	1 13	1 15	1 63	1 65	-48.88266938865593
642	1 13	1 15	1 65	1 67	6.579653055895589
643	1 13	1 15	1 67	1 69	16.076231683145846
644	1 13	1 15	1 69	1 71	16.17063465918112
645	1 13	1 15	1 71	1 1	-111.87998247522358
646	1 14	1 16	1 17	1 19	-10.552245912377034
647	1 14	1 16	1 19	1 21	-28.659311017795293
648	1 14	1 16	1 21	1 23	227.30296969642615
649	1 14	1 16	1 27	1 29	8.206424827582753
650	1 14	1 16	1 29	1 31	151.86091026958286
651	1 14	1 16	1 18	1 20	-17.190398054141625
652	1 14	1 16	1 22	1 24	484.0743136048444
653	1 14	1 16	1 24	1 26	-448.50677205433215
654	1 14	1 16	1 26	1 28	-2.610251510067724
655	1 14	1 16	1 28	1 30	53.24755660518875
656	1 14	1 16	1 30	1 32	203.06102820858416
657	1 14	1 16	1 34	1 36	6.621254225550931
658	1 14	1 16	1 36	1 38	48.3987417989227
659	1 14	1 16	1 35	1 37	20.44519342448522
660	1 14	1 16	1 37	1 39	88.61829514158563
661	1 14	1 16	1 41	1 43	4.944259790973087
662	1 14	1 16	1 43	1 45	22.085085212952738
663	1 14	1 16	1 45	1 47	50.790502497226825
664	1 14	1 16	1 47	1 49	-71.10713000213417
665	1 14	1 16	1 49	1 51	5.501699594210487
666	1 14	1 16	1 51	1 53	19.860978401181747
667	1 14	1 16	1 53	1 55	34.40656791299173
668	1 14	1 16	1 38	1 40	108.94371859756131
669	1 14	1 16	1 42	1 44	10.892742854160078
670	1 14	1 16	1 44	1 46	37.718285015409336
671	1 14	1 16	1 46	1 48	59.572573987624864
672	1 14	1 16	1 48	1 50	-100.28088228497481
673	1 14	1 16	1 50	1 52	10.995827143197122
674	1 14	1 16	1 52	1 54	26.862503832634133
675	1 14	1 16	1 54	1 56	34.545785869693546
676	1 14	1 16	1 57	1 59	4.909786104309376
677	1 14	1 16	1 59	1 61	15.902643231976601
678	1 14	1 16	1 61	1 63	23.342392637442792
679	1 14	1 16	1 65	1 67	5.070810726827048
680	1 14	1 16	1 67	1 69	13.009184649569509
681	1 14	1 16	1 69	1 71	14.112031184386902
682	1 14	1 16	1 71	1 1	-83.62545113181011
683	1 14	1 16	1 58	1 60	10.867293278076705
684	1 14	1 16	1 60	1 62	19.90073124598952
685	1 14	1 16	1 64	1 66	-48.300483175003905
686	1 14	1 16	1 66	1 68	9.905644403949113
687	1 14	1 16	1 68	1 70	14.628921642189578
688	1 14	1 16	1 72	1 2	-94.02757609230517
689	1 15	1 17	1 16	1 18	933.2740774077408
690	1 15	1 17	1 20	1 22	-313.9746089479438
691	1 15	1 17	1 22	1 24	-210.99019030224477
692	1 15	1 17	1 24	1 26	730.6363787303778
693	1 15	1 17	1 28	1 30	-224.6400774258125
694	1 15	1 17	1 30	1 32	-146.37216114507328
695	1 15	1 17	1 32	1 34	498.12691224938203
696	1 15	1 17	1 21	1 23	-333.99242618933783
697	1 15	1 17	1 23	1 25	777.6091930541368
698	1 15	1 17	1 27	1 29	-198.1625648534233
699	1 15	1 17	1 29	1 31	-218.59641482718325
700	1 15	1 17	1 31	1 33	519.0339390474296
701	1 15	1 17	1 37	1 39	-143.62771651319656
702	1 15	1 17	1 36	1 38	-148.52024821442438
703	1 15	1 17	1 38	1 40	-124.10226964658892
704	1 15	1 17	1 40	1 42	362.7890552674028
705	1 15	1 17	1 42	1 44	-93.13810374886225
706	1 15	1 17	1 44	1 46	-108.95817472246264
707	1 15	1 17	1 46	1 48	-83.81042892550167
708	1 15	1 17	1 48	1 50	259.2439982205587
709	1 15	1 17	1 50	1 52	-65.36664192900733
710	1 15	1 17	1 52	1 54	-79.00082922654705
711	1 15	1 17	1 54	1 56	-60.11243303945801
712	1 15	1 17	1 39	1 41	352.31656466998476
713	1 15	1 17	1 43	1 45	-105.32602525994928
714	1 15	1 17	1 45	1 47	-99.95268624310447
715	1 15	1 17	1 47	1 49	241.85281947007724
716	1 15	1 17	1 51	1 53	-79.46924441081944
717	1 15	1 17	1 53	1 55	-76.30278783711904
718	1 15	1 17	1 55	1 57	177.51219440064418
719	1 15	1 17	1 56	1 58	187.78416590803772
720	1 15	1 17	1 58	1 60	-51.142818692033195
721	1 15	1 17	1 60	1 62	-59.36849376181179
722	1 15	1 17	1 62	1 64	-43.25131888773193
723	1 15	1 17	1 64	1 66	141.42707163957817
724	1 15	1 17	1 66	1 68	-40.23724211059034
725	1 15	1 17	1 68	1 70	-44.360684861188005
726	1 15	1 17	1 70	1 72	-22.95350041759609
727	1 15	1 17	1 72	1 2	268.69132174696085
728	1 15	1 17	1 59	1 61	-60.37637593623373
729	1 15	1 17	1 61	1 63	-56.65388715308775
730	1 15	1 17	1 63	1 65	131.75778418342165
731	1 15	1 17	1 65	1 67	-23.475933040738482
732	1 15	1 17	1 67	1 69	-46.19779442654857
733	1 15	1 17	1 69	1 71	-37.77651160904496
734	1 15	1 17	1 71	1 1	356.72309481330444
735	1 16	1 18	1 19	1 21	-288.6481889498129
736	1 16	1 18	1 21	1 23	-386.6339118508348
737	1 16	1 18	1 23	1 25	700.0041180842379
738	1 16	1 18	1 27	1 29	-213.3676702841882
739	1 16	1 18	1 29	1 31	-285.0589202231664
740	1 16	1 18	1 31	1 33	507.02215380900634
741	1 16	1 18	1 35	1 37	-144.7622939929852
742	1 16	1 18	1 20	1 22	-312.25349693633655
743	1 16	1 18	1 22	1 24	-465.4005798990216
744	1 16	1 18	1 28	1 30	-248.3239195957188
745	1 16	1 18	1 30	1 32	-252.1158145561527
746	1 16	1 18	1 32	1 34	575.6512914832459
747	1 16	1 18	1 36	1 38	-165.45359994825702
748	1 16	1 18	1 38	1 40	-175.9556060841815
749	1 16	1 18	1 37	1 39	-186.46936495520953
750	1 16	1 18	1 39	1 41	348.2413233322743
751	1 16	1 18	1 43	1 45	-103.7186418196278
752	1 16	1 18	1 45	1 47	-119.48510095012736
753	1 16	1 18	1 47	1 49	239.8152179138545
754	1 16	1 18	1 49	1 51	-37.89184472783769
755	1 16	1 18	1 51	1 53	-78.44901516748553
756	1 16	1 18	1 53	1 55	-87.83446684007124
757	1 16	1 18	1 55	1 57	178.6653334109505
758	1 16	1 18	1 40	1 42	402.53371997912507
759	1 16	1 18	1 42	1 44	-78.0839516824849
760	1 16	1 18	1 44	1 46	-119.74184701786307
761	1 16	1 18	1 46	1 48	-112.53616715870176
762	1 16	1 18	1 48	1 50	280.9350644681749
763	1 16	1 18	1 50	1 52	-57.24402035862417
764	1 16	1 18	1 52	1 54	-84.83625124234118
765	1 16	1 18	1 54	1 56	-74.54728181264286
766	1 16	1 18	1 56	1 58	197.3374950976547
767	1 16	1 18	1 58	1 60	-46.52364966460196
768	1 16	1 18	1 57	1 59	-25.46946085642781
769	1 16	1 18	1 59	1 61	-59.398097134956295
770	1 16	1 18	1 61	1 63	-63.47472388403129
771	1 16	1 18	1 63	1 65	133.54687399020256
772	1 16	1 18	1 65	1 67	-21.329478909660764
773	1 16	1 18	1 67	1 69	-45.81337803445321
774	1 16	1 18	1 69	1 71	-40.86707144825685
775	1 16	1 18	1 71	1 1	323.9649486117503
776	1 16	1 18	1 60	1 62	-62.614598700611566
777	1 16	1 18	1 64	1 66	146.94488584419582
778	1 16	1 18	1 66	1 68	-38.202695549188334
779	1 16	1 18	1 68	1 70	-46.18992522448244
780	1 16	1 18	1 70	1 72	-25.65491346358946
781	1 16	1 18	1 72	1 2	287.72958932884615
782	1 17	1 19	1 18	1 20	177.91038636126723
783	1 17	1 19	1 20	1 22	-48.03872887057438
784	1 17	1 19	1 22	1 24	-12.678214066958734
785	1 17	1 19	1 24	1 26	-98.27497754205982
786	1 17	1 19	1 26	1 28	123.33405696626973
787	1 17	1 19	1 28	1 30	-21.471566570363315
788	1 17	1 19	1 30	1 32	-8.743431573542491
789	1 17	1 19	1 32	1 34	-81.03885595394175
790	1 17	1 19	1 34	1 36	71.78690388497586
791	1 17	1 19	1 36	1 38	4.328369391010267
792	1 17	1 19	1 21	1 23	-21.816382537741934
793	1 17	1 19	1 23	1 25	-236.4293524871355
794	1 17	1 19	1 29	1 31	-14.50309772970122
795	1 17	1 19	1 31	1 33	-150.09486971944835
796	1 17	1 19	1 33	1 35	116.74241139308909
797	1 17	1 19	1 35	1 37	29.147848449077607
798	1 17	1 19	1 39	1 41	-98.84863515147089
799	1 17	1 19	1 40	1 42	-68.89582104909887
800	1 17	1 19	1 42	1 44	44.6586611458727
801	1 17	1 19	1 44	1 46	14.146061843967951
802	1 17	1 19	1 46	1 48	2.709840888428009
803	1 17	1 19	1 48	1 50	-55.376378664911584
804	1 17	1 19	1 50	1 52	28.17441094042248
805	1 17	1 19	1 52	1 54	14.908840050715016
806	1 17	1 19	1 54	1 56	5.053984306404308
807	1 17	1 19	1 56	1 58	-43.068748332807914
808	1 17	1 19	1 43	1 45	27.491835953317164
809	1 17	1 19	1 45	1 47	6.04145004919531
810	1 17	1 19	1 47	1 49	-67.37205684842522
811	1 17	1 19	1 51	1 53	22.312248230552314
812	1 17	1 19	1 53	1 55	9.498185627084442
813	1 17	1 19	1 55	1 57	-48.64995135468942
814	1 17	1 19	1 59	1 61	18.053178050085844
815	1 17	1 19	1 58	1 60	19.35902231110849
816	1 17	1 19	1 60	1 62	13.050295320849603
817	1 17	1 19	1 62	1 64	5.765028778225748
818	1 17	1 19	1 64	1 66	-34.917906687800034
819	1 17	1 19	1 66	1 68	13.820265168961946
820	1 17	1 19	1 68	1 70	10.780305713721349
821	1 17	1 19	1 70	1 72	4.024923833919133
822	1 17	1 19	1 72	1 2	-79.52893250714968
823	1 17	1 19	1 61	1 63	9.52011936730521
824	1 17	1 19	1 63	1 65	-36.213075168190215
825	1 17	1 19	1 67	1 69	13.550395772111102
826	1 17	1 19	1 69	1 71	7.815083597828823
827	1 17	1 19	1 71	1 1	-160.41878113775925
828	1 18	1 20	1 19	1 21	161.67310555475265
829	1 18	1 20	1 21	1 23	-52.30432356070062
830	1 18	1 20	1 23	1 25	-222.76144713781463
831	1 18	1 20	1 25	1 27	124.46365684853643
832	1 18	1 20	1 27	1 29	115.54929103435168
833	1 18	1 20	1 29	1 31	-23.095286154024315
834	1 18	1 20	1 33	1 35	73.01048961577575
835	1 18	1 20	1 35	1 37	68.49901789634198
836	1 18	1 20	1 22	1 24	-24.466775203854226
837	1 18	1 20	1 26	1 28	205.94895410562958
838	1 18	1 20	1 30	1 32	-15.088341926037131
839	1 18	1 20	1 32	1 34	-125.06370051006378
840	1 18	1 20	1 34	1 36	87.27688452182295
841	1 18	1 20	1 36	1 38	28.216693339769645
842	1 18	1 20	1 40	1 42	-93.82833631918416
843	1 18	1 20	1 39	1 41	-111.95311795688329
844	1 18	1 20	1 41	1 43	42.276079352643066
845	1 18	1 20	1 43	1 45	42.11704303209447
846	1 18	1 20	1 45	1 47	14.269141881348553
847	1 18	1 20	1 47	1 49	-78.74812663776409
848	1 18	1 20	1 51	1 53	29.140291967484977
849	1 18	1 20	1 53	1 55	15.891567335164636
850	1 18	1 20	1 55	1 57	-57.322995809518545
851	1 18	1 20	1 57	1 59	13.35692241677423
852	1 18	1 20	1 42	1 44	47.5275932697981
853	1 18	1 20	1 44	1 46	28.130669331045
854	1 18	1 20	1 46	1 48	6.8780123451286865
855	1 18	1 20	1 48	1 50	-71.40344225232646
856	1 18	1 20	1 50	1 52	29.227159782127544
857	1 18	1 20	1 52	1 54	22.82151654424574
858	1 18	1 20	1 54	1 56	9.116690755183178
859	1 18	1 20	1 56	1 58	-54.531994108558294
860	1 18	1 20	1 58	1 60	20.444828931787473
861	1 18	1 20	1 60	1 62	17.649947954823354
862	1 18	1 20	1 59	1 61	21.579509626298705
863	1 18	1 20	1 61	1 63	13.919272673177582
864	1 18	1 20	1 63	1 65	-42.609309593397924
865	1 18	1 20	1 65	1 67	9.302815021871005
866	1 18	1 20	1 67	1 69	15.89653118237587
867	1 18	1 20	1 69	1 71	10.396797521697515
868	1 18	1 20	1 71	1 1	-158.53667630043424
869	1 18	1 20	1 62	1 64	8.810776200550249
870	1 18	1 20	1 64	1 66	-42.60655689918781
871	1 18	1 20	1 66	1 68	15.003621535531359
872	1 18	1 20	1 68	1 70	13.591651480140722
873	1 18	1 20	1 70	1 72	5.60936438692479
874	1 18	1 20	1 72	1 2	-116.67596535156845
875	1 19	1 21	1 20	1 22	190.0212064218426
876	1 19	1 21	1 22	1 24	-66.00295489843424
877	1 19	1 21	1 24	1 26	-235.18033728933452
878	1 19	1 21	1 26	1 28	109.15631840117322
879	1 19	1 21	1 28	1 30	138.46427447725006
880	1 19	1 21	1 30	1 32	-27.752520050306167
881	1 19	1 21	1 32	1 34	-173.01273744614667
882	1 19	1 21	1 34	1 36	65.33267106536726
883	1 19	1 21	1 36	1 38	77.60429968141764
884	1 19	1 21	1 38	1 40	11.403202907049062
885	1 19	1 21	1 27	1 29	225.91072651447266
886	1 19	1 21	1 33	1 35	25.325318722778412
887	1 19	1 21	1 35	1 37	98.75272906267972
888	1 19	1 21	1 37	1 39	33.183244084794126
889	1 19	1 21	1 41	1 43	23.83129715911354
890	1 19	1 21	1 40	1 42	-128.89918387716693
891	1 19	1 21	1 42	1 44	40.96033559102827
892	1 19	1 21	1 44	1 46	49.53871081442341
893	1 19	1 21	1 46	1 48	17.59928313870646
894	1 19	1 21	1 48	1 50	-94.29555279658443
895	1 19	1 21	1 50	1 52	27.214131282934783
896	1 19	1 21	1 52	1 54	33.4685907353954
897	1 19	1 21	1 54	1 56	17.273498351878175
898	1 19	1 21	1 56	1 58	-69.82136366830991
899	1 19	1 21	1 58	1 60	20.508107153154942
900	1 19	1 21	1 43	1 45	54.04097819185143
901	1 19	1 21	1 45	1 47	31.89426388413031
902	1 19	1 21	1 49	1 51	17.37571947540515
903	1 19	1 21	1 51	1 53	35.378406471491516
904	1 19	1 21	1 53	1 55	27.013637743401194
905	1 19	1 21	1 55	1 57	-68.9739115472804
906	1 19	1 21	1 57	1 59	11.29785276740865
907	1 19	1 21	1 59	1 61	24.968964665451345
908	1 19	1 21	1 61	1 63	20.749983950080665
909	1 19	1 21	1 60	1 62	23.769862028342757
910	1 19	1 21	1 64	1 66	-53.42182709142311
911	1 19	1 21	1 66	1 68	15.906908790733755
912	1 19	1 21	1 68	1 70	17.294512436617936
913	1 19	1 21	1 72	1 2	-123.72025991288918
914	1 19	1 21	1 63	1 65	-50.98810005850544
915	1 19	1 21	1 65	1 67	9.041391814617842
916	1 19	1 21	1 67	1 69	18.38294419284903
917	1 19	1 21	1 69	1 71	14.16838801361624
918	1 19	1 21	1 71	1 1	-133.77331280750408
919	1 20	1 22	1 21	1 23	206.78593258301606
920	1 20	1 22	1 25	1 27	-21.747519049428846
921	1 20	1 22	1 27	1 29	130.21968010584192
922	1 20	1 22	1 29	1 31	155.80389515834327
923	1 20	1 22	1 35	1 37	77.60797802888536
924	1 20	1 22	1 37	1 39	92.38167222075369
925	1 20	1 22	1 39	1 41	-154.93729328351952
926	1 20	1 22	1 26	1 28	-1.7262217575098435
927	1 20	1 22	1 28	1 30	261.037924088135
928	1 20	1 22	1 34	1 36	27.324902584495344
929	1 20	1 22	1 36	1 38	111.8777419485775
930	1 20	1 22	1 38	1 40	50.26045999447135
931	1 20	1 22	1 42	1 44	27.626998587282955
932	1 20	1 22	1 41	1 43	11.796176906244039
933	1 20	1 22	1 43	1 45	50.098569425404776
934	1 20	1 22	1 45	1 47	56.799852694261425
935	1 20	1 22	1 49	1 51	11.686724307309277
936	1 20	1 22	1 51	1 53	35.631484953603135
937	1 20	1 22	1 53	1 55	39.946531082614726
938	1 20	1 22	1 57	1 59	9.142968209124291
939	1 20	1 22	1 59	1 61	25.824604274106065
940	1 20	1 22	1 44	1 46	63.75560388998052
941	1 20	1 22	1 46	1 48	40.41412449044978
942	1 20	1 22	1 50	1 52	22.241764065781517
943	1 20	1 22	1 52	1 54	40.665952613181226
944	1 20	1 22	1 54	1 56	30.18524929123516
945	1 20	1 22	1 58	1 60	18.956884011018595
946	1 20	1 22	1 60	1 62	28.207026786157115
947	1 20	1 22	1 61	1 63	28.010758901266623
948	1 20	1 22	1 65	1 67	8.412249336539952
949	1 20	1 22	1 67	1 69	19.605674884989376
950	1 20	1 22	1 69	1 71	17.684882805445824
951	1 20	1 22	1 71	1 1	-118.16910901703491
952	1 20	1 22	1 66	1 68	15.796261496238145
953	1 20	1 22	1 68	1 70	20.099273519129582
954	1 20	1 22	1 72	1 2	-120.2804834879365
955	1 21	1 23	1 22	1 24	281.3566205041311
956	1 21	1 23	1 26	1 28	-23.72959107002134
957	1 21	1 23	1 28	1 30	167.7081773952096
958	1 21	1 23	1 30	1 32	195.54578492104508
959	1 21	1 23	1 34	1 36	4.793982648117462
960	1 21	1 23	1 36	1 38	97.37653919857954
961	1 21	1 23	1 38	1 40	129.55262641890548
962	1 21	1 23	1 40	1 42	-214.28641591805894
963	1 21	1 23	1 25	1 27	-14.968656117624768
964	1 21	1 23	1 29	1 31	346.89377032981645
965	1 21	1 23	1 35	1 37	35.22235540951077
966	1 21	1 23	1 37	1 39	154.70364274179587
967	1 21	1 23	1 41	1 43	5.601561010760095
968	1 21	1 23	1 43	1 45	37.344876186128346
969	1 21	1 23	1 42	1 44	16.08401070854668
970	1 21	1 23	1 44	1 46	65.0266314841503
971	1 21	1 23	1 46	1 48	76.18869852721244
972	1 21	1 23	1 50	1 52	16.97028332046993
973	1 21	1 23	1 52	1 54	43.03187827466232
974	1 21	1 23	1 54	1 56	47.08994495931387
975	1 21	1 23	1 56	1 58	-98.95192952493082
976	1 21	1 23	1 58	1 60	16.78698056051247
977	1 21	1 23	1 60	1 62	30.808473838837244
978	1 21	1 23	1 45	1 47	79.81734017583054
979	1 21	1 23	1 49	1 51	7.829786196841177
980	1 21	1 23	1 51	1 53	32.06236653356515
981	1 21	1 23	1 53	1 55	52.04715048021619
982	1 21	1 23	1 55	1 57	-83.24949091909541
983	1 21	1 23	1 57	1 59	7.401399205724923
984	1 21	1 23	1 59	1 61	24.87456412709522
985	1 21	1 23	1 61	1 63	34.716411384043454
986	1 21	1 23	1 63	1 65	-61.5362169419472
987	1 21	1 23	1 66	1 68	15.179567567284888
988	1 21	1 23	1 68	1 70	22.193095915165717
989	1 21	1 23	1 72	1 2	-118.98605937743484
990	1 21	1 23	1 65	1 67	7.74033146913536
991	1 21	1 23	1 67	1 69	19.94952117187156
992	1 21	1 23	1 69	1 71	20.933725430736065
993	1 22	1 24	1 25	1 27	-9.03536451578585
994	1 22	1 24	1 27	1 29	-25.037836355393253
995	1 22	1 24	1 29	1 31	218.3771600999968
996	1 22	1 24	1 35	1 37	9.88811758676143
997	1 22	1 24	1 37	1 39	128.1404893768293
998	1 22	1 24	1 41	1 43	2.7772377340669454
999	1 22	1 24	1 26	1 28	-14.392732362688898
1000	1 22	1 24	1 28	1 30	5.691398408797351
1001	1 22	1 24	1 30	1 32	381.1494746252033
1002	1 22	1 24	1 36	1 38	49.30250957098186
1003	1 22	1 24	1 38	1 40	179.19855623091615
1004	1 22	1 24	1 42	1 44	8.50270734417618
1005	1 22	1 24	1 44	1 46	45.33251935261186
1006	1 22	1 24	1 43	1 45	21.83909163259944
1007	1 22	1 24	1 45	1 47	71.94466347759554
1008	1 22	1 24	1 49	1 51	4.897946523301188
1009	1 22	1 24	1 51	1 53	22.70704738524885
1010	1 22	1 24	1 53	1 55	47.73060058393584
1011	1 22	1 24	1 55	1 57	-68.90084016891245
1012	1 22	1 24	1 57	1 59	5.2222698551938995
1013	1 22	1 24	1 59	1 61	19.140921628750572
1014	1 22	1 24	1 61	1 63	31.982006679494745
1015	1 22	1 24	1 46	1 48	92.30545672549351
1016	1 22	1 24	1 50	1 52	11.16216076271553
1017	1 22	1 24	1 52	1 54	33.964123122741455
1018	1 22	1 24	1 54	1 56	51.41421549857192
1019	1 22	1 24	1 56	1 58	-89.8665783664459
1020	1 22	1 24	1 58	1 60	12.386275565839517
1021	1 22	1 24	1 60	1 62	25.721983422883085
1022	1 22	1 24	1 62	1 64	29.96222400416599
1023	1 22	1 24	1 63	1 65	-52.090985364274815
1024	1 22	1 24	1 65	1 67	5.941346055882489
1025	1 22	1 24	1 67	1 69	16.200077586157402
1026	1 22	1 24	1 69	1 71	18.93020951240444
1027	1 22	1 24	1 71	1 1	-87.13395951446878
1028	1 22	1 24	1 66	1 68	11.935037865475383
1029	1 22	1 24	1 68	1 70	18.97129756027934
1030	1 22	1 24	1 70	1 72	13.436931067853507
1031	1 22	1 24	1 72	1 2	-95.47192449634315
1032	1 23	1 25	1 24	1 26	756.7987166797059
1033	1 23	1 25	1 28	1 30	-275.2849782049958
1034	1 23	1 25	1 30	1 32	-152.07831143244223
1035	1 23	1 25	1 32	1 34	607.3187164758663
1036	1 23	1 25	1 36	1 38	-182.1470150705199
1037	1 23	1 25	1 38	1 40	-140.03476755190377
1038	1 23	1 25	1 40	1 42	449.0174378921573
1039	1 23	1 25	1 27	1 29	-217.64672021974621
1040	1 23	1 25	1 29	1 31	-316.00415169319115
1041	1 23	1 25	1 31	1 33	720.2268291869539
1042	1 23	1 25	1 35	1 37	-174.2960403696435
1043	1 23	1 25	1 37	1 39	-182.64187071498532
1044	1 23	1 25	1 39	1 41	454.83827764743955
1045	1 23	1 25	1 45	1 47	-119.32657655737006
1046	1 23	1 25	1 44	1 46	-136.57931379764335
1047	1 23	1 25	1 46	1 48	-98.27938835854438
1048	1 23	1 25	1 48	1 50	325.68252085423273
1049	1 23	1 25	1 50	1 52	-88.84686366992665
1050	1 23	1 25	1 52	1 54	-99.70063750450186
1051	1 23	1 25	1 54	1 56	-71.77719725413507
1052	1 23	1 25	1 56	1 58	236.62854182222696
1053	1 23	1 25	1 58	1 60	-67.53300625109108
1054	1 23	1 25	1 60	1 62	-74.8067351435509
1055	1 23	1 25	1 62	1 64	-52.56012974124273
1056	1 23	1 25	1 47	1 49	311.02468231194916
1057	1 23	1 25	1 51	1 53	-102.52132108159522
1058	1 23	1 25	1 53	1 55	-94.16196468820436
1059	1 23	1 25	1 55	1 57	228.89032211343493
1060	1 23	1 25	1 59	1 61	-78.21919877738247
1061	1 23	1 25	1 61	1 63	-70.49698616109936
1062	1 23	1 25	1 63	1 65	169.52932091122943
1063	1 23	1 25	1 65	1 67	-31.46857140572255
1064	1 23	1 25	1 64	1 66	180.61074228744235
1065	1 23	1 25	1 66	1 68	-53.05286738857015
1066	1 23	1 25	1 68	1 70	-56.67779090430636
1067	1 23	1 25	1 70	1 72	-28.438450917865786
1068	1 23	1 25	1 72	1 2	190.0822562058118
1069	1 23	1 25	1 67	1 69	-59.61930753370148
1070	1 23	1 25	1 69	1 71	-47.247011945778155
1071	1 23	1 25	1 71	1 1	242.01387097608838
1072	1 24	1 26	1 27	1 29	-248.70775012477813
1073	1 24	1 26	1 29	1 31	-346.1749015249334
1074	1 24	1 26	1 35	1 37	-187.67623974619147
1075	1 24	1 26	1 37	1 39	-230.4873755104095
1076	1 24	1 26	1 39	1 41	427.1460654867809
1077	1 24	1 26	1 43	1 45	-131.826695696495
1078	1 24	1 26	1 28	1 30	-268.8144836994419
1079	1 24	1 26	1 30	1 32	-353.20588747871227
1080	1 24	1 26	1 32	1 34	754.7585382243656
1081	1 24	1 26	1 36	1 38	-199.25269377645634
1082	1 24	1 26	1 38	1 40	-229.14034775752953
1083	1 24	1 26	1 40	1 42	505.24304888844557
1084	1 24	1 26	1 44	1 46	-147.42004272782412
1085	1 24	1 26	1 46	1 48	-140.99709825848365
1086	1 24	1 26	1 45	1 47	-150.07997592163906
1087	1 24	1 26	1 47	1 49	298.38001524725166
1088	1 24	1 26	1 49	1 51	-44.728460431978675
1089	1 24	1 26	1 51	1 53	-98.8719141203514
1090	1 24	1 26	1 53	1 55	-110.26021958863853
1091	1 24	1 26	1 55	1 57	221.55231776068808
1092	1 24	1 26	1 57	1 59	-30.52085823149573
1093	1 24	1 26	1 59	1 61	-73.9765394420755
1094	1 24	1 26	1 61	1 63	-79.49343398158707
1095	1 24	1 26	1 63	1 65	165.87761217491652
1096	1 24	1 26	1 48	1 50	348.6543517679057
1097	1 24	1 26	1 50	1 52	-71.06067064844427
1098	1 24	1 26	1 52	1 54	-105.97654948029327
1099	1 24	1 26	1 54	1 56	-94.30369822930139
1100	1 24	1 26	1 56	1 58	246.79631500865406
1101	1 24	1 26	1 58	1 60	-57.48577927823196
1102	1 24	1 26	1 60	1 62	-77.88640145840918
1103	1 24	1 26	1 62	1 64	-63.22674279269035
1104	1 24	1 26	1 64	1 66	182.27271933320077
1105	1 24	1 26	1 66	1 68	-46.953196628906376
1106	1 24	1 26	1 65	1 67	-26.059744210709756
1107	1 24	1 26	1 67	1 69	-56.93047010285525
1108	1 24	1 26	1 69	1 71	-50.818634910737735
1109	1 24	1 26	1 71	1 1	227.9953939174273
1110	1 24	1 26	1 68	1 70	-57.5131659681307
1111	1 24	1 26	1 70	1 72	-32.07866967727661
1112	1 24	1 26	1 72	1 2	201.7329856838967
1113	1 25	1 27	1 26	1 28	143.58680290062023
1114	1 25	1 27	1 28	1 30	-50.84765660950464
1115	1 25	1 27	1 30	1 32	-10.876773925738673
1116	1 25	1 27	1 32	1 34	-80.32883676113326
1117	1 25	1 27	1 34	1 36	104.15134616140887
1118	1 25	1 27	1 36	1 38	-20.702722980860376
1119	1 25	1 27	1 38	1 40	-6.537567282444808
1120	1 25	1 27	1 40	1 42	-76.99371132441303
1121	1 25	1 27	1 42	1 44	67.88255072622322
1122	1 25	1 27	1 44	1 46	5.344165729736047
1123	1 25	1 27	1 29	1 31	-21.35241628162609
1124	1 25	1 27	1 31	1 33	-222.11454047299918
1125	1 25	1 27	1 37	1 39	-13.23427588834634
1126	1 25	1 27	1 39	1 41	-135.97349036540567
1127	1 25	1 27	1 41	1 43	105.65173090429161
1128	1 25	1 27	1 43	1 45	26.223315801527164
1129	1 25	1 27	1 47	1 49	-90.90841084763528
1130	1 25	1 27	1 46	1 48	-1.8306357969546898
1131	1 25	1 27	1 48	1 50	-66.0887386292122
1132	1 25	1 27	1 50	1 52	43.55165637616021
1133	1 25	1 27	1 52	1 54	13.915425298577087
1134	1 25	1 27	1 54	1 56	2.5069008843768703
1135	1 25	1 27	1 56	1 58	-54.035081942891054
1136	1 25	1 27	1 58	1 60	28.694253186461623
1137	1 25	1 27	1 60	1 62	14.730212517372788
1138	1 25	1 27	1 62	1 64	5.0536813870506405
1139	1 25	1 27	1 64	1 66	-44.381187036804285
1140	1 25	1 27	1 51	1 53	27.119125396163845
1141	1 25	1 27	1 53	1 55	6.812088520956121
1142	1 25	1 27	1 55	1 57	-64.52383867625991
1143	1 25	1 27	1 59	1 61	23.900433727540026
1144	1 25	1 27	1 61	1 63	9.371542583510728
1145	1 25	1 27	1 63	1 65	-48.06045506330151
1146	1 25	1 27	1 65	1 67	14.281825557325885
1147	1 25	1 27	1 67	1 69	18.343168836730456
1148	1 25	1 27	1 66	1 68	19.968565382922
1149	1 25	1 27	1 68	1 70	13.282599406994143
1150	1 25	1 27	1 70	1 72	4.285347160802189
1151	1 25	1 27	1 69	1 71	8.999857666804827
1152	1 26	1 28	1 27	1 29	140.03286381955655
1153	1 26	1 28	1 29	1 31	-51.700820542295105
1154	1 26	1 28	1 31	1 33	-183.9624254838446
1155	1 26	1 28	1 33	1 35	102.44062188723049
1156	1 26	1 28	1 35	1 37	101.69929939998737
1157	1 26	1 28	1 37	1 39	-22.7851735962561
1158	1 26	1 28	1 39	1 41	-136.2372540848441
1159	1 26	1 28	1 41	1 43	61.19254155931175
1160	1 26	1 28	1 43	1 45	60.351497305016025
1161	1 26	1 28	1 45	1 47	4.650671223894797
1162	1 26	1 28	1 30	1 32	-21.37986918569851
1163	1 26	1 28	1 32	1 34	-166.19515858872106
1164	1 26	1 28	1 34	1 36	183.82102659929188
1165	1 26	1 28	1 38	1 40	-11.991834070114347
1166	1 26	1 28	1 40	1 42	-110.82437930080437
1167	1 26	1 28	1 42	1 44	78.66279189565503
1168	1 26	1 28	1 44	1 46	25.712293364073616
1169	1 26	1 28	1 46	1 48	-1.3182788211519605
1170	1 26	1 28	1 48	1 50	-83.75857769528714
1171	1 26	1 28	1 47	1 49	-98.93969264092084
1172	1 26	1 28	1 49	1 51	35.373980418815066
1173	1 26	1 28	1 51	1 53	39.896109746556405
1174	1 26	1 28	1 53	1 55	13.884557843769617
1175	1 26	1 28	1 55	1 57	-72.08333848627257
1176	1 26	1 28	1 57	1 59	19.076846154469084
1177	1 26	1 28	1 59	1 61	28.845637976627316
1178	1 26	1 28	1 61	1 63	14.615713278835889
1179	1 26	1 28	1 63	1 65	-53.894525641877635
1180	1 26	1 28	1 65	1 67	12.806363337951943
1181	1 26	1 28	1 50	1 52	43.67207479724587
1182	1 26	1 28	1 52	1 54	26.012837811909897
1183	1 26	1 28	1 54	1 56	5.573012442215237
1184	1 26	1 28	1 56	1 58	-65.6602113392201
1185	1 26	1 28	1 58	1 60	28.72217480907285
1186	1 26	1 28	1 60	1 62	21.18983531725715
1187	1 26	1 28	1 62	1 64	8.07088051326464
1188	1 26	1 28	1 64	1 66	-52.22246082981064
1189	1 26	1 28	1 66	1 68	20.31440359473727
1190	1 26	1 28	1 68	1 70	16.706646294109603
1191	1 26	1 28	1 67	1 69	20.81935197709558
1192	1 26	1 28	1 69	1 71	11.985161494079401
1193	1 26	1 28	1 71	1 1	-97.90858839301725
1194	1 26	1 28	1 70	1 72	5.997837072821158
1195	1 26	1 28	1 72	1 2	-72.52779751049528
1196	1 27	1 29	1 28	1 30	174.5074441301297
1197	1 27	1 29	1 30	1 32	-65.58183347298188
1198	1 27	1 29	1 32	1 34	-206.4786660688267
1199	1 27	1 29	1 34	1 36	106.63766438489415
1200	1 27	1 29	1 36	1 38	117.46809976428405
1201	1 27	1 29	1 38	1 40	-25.29352552264831
1202	1 27	1 29	1 40	1 42	-157.26576716596753
1203	1 27	1 29	1 42	1 44	63.28089655395735
1204	1 27	1 29	1 44	1 46	72.67953474367467
1205	1 27	1 29	1 35	1 37	207.99750622320403
1206	1 27	1 29	1 37	1 39	-10.035367674171207
1207	1 27	1 29	1 41	1 43	22.54179352445925
1208	1 27	1 29	1 43	1 45	92.46395277764947
1209	1 27	1 29	1 45	1 47	29.23238925511815
1210	1 27	1 29	1 49	1 51	21.285172814066428
1211	1 27	1 29	1 48	1 50	-118.62729251035702
1212	1 27	1 29	1 50	1 52	39.72675976043952
1213	1 27	1 29	1 52	1 54	47.49023427354423
1214	1 27	1 29	1 54	1 56	14.777272615704671
1215	1 27	1 29	1 56	1 58	-89.50325737738407
1216	1 27	1 29	1 58	1 60	29.047680843707596
1217	1 27	1 29	1 60	1 62	32.530408689170315
1218	1 27	1 29	1 62	1 64	15.395006690340178
1219	1 27	1 29	1 64	1 66	-69.71175704809916
1220	1 27	1 29	1 66	1 68	22.001997915985978
1221	1 27	1 29	1 51	1 53	53.92077991735047
1222	1 27	1 29	1 53	1 55	31.18004388858577
1223	1 27	1 29	1 57	1 59	14.863773140465462
1224	1 27	1 29	1 59	1 61	35.74699780929657
1225	1 27	1 29	1 61	1 63	25.67786107379642
1226	1 27	1 29	1 63	1 65	-68.0996964343573
1227	1 27	1 29	1 65	1 67	12.227131132753172
1228	1 27	1 29	1 67	1 69	25.401923266925273
1229	1 27	1 29	1 69	1 71	18.09435270848725
1230	1 27	1 29	1 68	1 70	23.27524359424359
1231	1 27	1 29	1 70	1 72	9.731747071372432
1232	1 27	1 29	1 72	1 2	-93.59602591517245
1233	1 27	1 29	1 71	1 1	-104.35920725725863
1234	1 28	1 30	1 29	1 31	195.48167947219554
1235	1 28	1 30	1 33	1 35	-20.66825406566929
1236	1 28	1 30	1 35	1 37	124.25209449309202
1237	1 28	1 30	1 37	1 39	139.81404828457067
1238	1 28	1 30	1 41	1 43	3.957173385374624
1239	1 28	1 30	1 43	1 45	77.87037271971707
1240	1 28	1 30	1 45	1 47	82.05615891616188
1241	1 28	1 30	1 47	1 49	-147.56618180919048
1242	1 28	1 30	1 38	1 40	3.845786382640897
1243	1 28	1 30	1 42	1 44	29.92292887807033
1244	1 28	1 30	1 44	1 46	108.79800339192563
1245	1 28	1 30	1 46	1 48	37.69203845449445
1246	1 28	1 30	1 50	1 52	28.18876007743171
1247	1 28	1 30	1 49	1 51	11.162418075811333
1248	1 28	1 30	1 51	1 53	52.784932585969756
1249	1 28	1 30	1 53	1 55	56.66575998753062
1250	1 28	1 30	1 57	1 59	10.88942622847117
1251	1 28	1 30	1 59	1 61	36.640059115611805
1252	1 28	1 30	1 61	1 63	39.25801994507877
1253	1 28	1 30	1 63	1 65	-79.14852724382135
1254	1 28	1 30	1 65	1 67	10.995157023325412
1255	1 28	1 30	1 67	1 69	27.42212036112106
1256	1 28	1 30	1 52	1 54	62.47781846038474
1257	1 28	1 30	1 54	1 56	36.13647899861475
1258	1 28	1 30	1 58	1 60	25.421469540640118
1259	1 28	1 30	1 60	1 62	41.133609690276984
1260	1 28	1 30	1 62	1 64	27.609304631676107
1261	1 28	1 30	1 64	1 66	-86.14117926418834
1262	1 28	1 30	1 66	1 68	21.536542361872783
1263	1 28	1 30	1 68	1 70	28.417086510705875
1264	1 28	1 30	1 69	1 71	24.61465490892742
1265	1 28	1 30	1 71	1 1	-110.76406777536354
1266	1 28	1 30	1 72	1 2	-109.50834116901783
1267	1 29	1 31	1 30	1 32	268.811017001992
1268	1 29	1 31	1 34	1 36	-24.319957952526003
1269	1 29	1 31	1 36	1 38	138.34221389756507
1270	1 29	1 31	1 38	1 40	209.82782669342262
1271	1 29	1 31	1 42	1 44	5.893993410155552
1272	1 29	1 31	1 44	1 46	92.16553395976067
1273	1 29	1 31	1 46	1 48	117.34352130026986
1274	1 29	1 31	1 48	1 50	-193.22136197136197
1275	1 29	1 31	1 33	1 35	-13.088053990328898
1276	1 29	1 31	1 35	1 37	-8.852922040166796
1277	1 29	1 31	1 37	1 39	301.9366074871184
1278	1 29	1 31	1 43	1 45	34.9284169085793
1279	1 29	1 31	1 45	1 47	131.04229901101715
1280	1 29	1 31	1 49	1 51	4.753318219334298
1281	1 29	1 31	1 51	1 53	37.48907908240033
1282	1 29	1 31	1 50	1 52	15.306007528003157
1283	1 29	1 31	1 52	1 54	59.18218129609618
1284	1 29	1 31	1 54	1 56	70.08887349907138
1285	1 29	1 31	1 58	1 60	18.600152631640036
1286	1 29	1 31	1 60	1 62	41.75172309262982
1287	1 29	1 31	1 62	1 64	42.98381339828504
1288	1 29	1 31	1 64	1 66	-96.35492527419885
1289	1 29	1 31	1 66	1 68	18.262005918399943
1290	1 29	1 31	1 68	1 70	29.784433023187123
1291	1 29	1 31	1 53	1 55	77.61570604746005
1292	1 29	1 31	1 57	1 59	7.075958324984974
1293	1 29	1 31	1 59	1 61	30.585312088496288
1294	1 29	1 31	1 61	1 63	49.808599947596846
1295	1 29	1 31	1 63	1 65	-81.1276569907051
1296	1 29	1 31	1 65	1 67	8.845161311963139
1297	1 29	1 31	1 67	1 69	25.34242795948856
1298	1 29	1 31	1 69	1 71	29.073799123538404
1299	1 29	1 31	1 71	1 1	-104.86005626740862
1300	1 29	1 31	1 72	1 2	-110.33197395606888
1301	1 30	1 32	1 33	1 35	-7.239724271133074
1302	1 30	1 32	1 35	1 37	-26.65672460074826
1303	1 30	1 32	1 37	1 39	186.97299502100316
1304	1 30	1 32	1 41	1 43	-2.1209566084009346
1305	1 30	1 32	1 43	1 45	9.400703699762001
1306	1 30	1 32	1 45	1 47	105.0307146816861
1307	1 30	1 32	1 49	1 51	2.082331262160218
1308	1 30	1 32	1 34	1 36	-14.13563574260278
1309	1 30	1 32	1 40	1 42	-315.9788275652594
1310	1 30	1 32	1 42	1 44	-0.458978229423291
1311	1 30	1 32	1 44	1 46	42.98957100756411
1312	1 30	1 32	1 46	1 48	162.7907124000875
1313	1 30	1 32	1 50	1 52	7.483540198036971
1314	1 30	1 32	1 52	1 54	39.08334039323012
1315	1 30	1 32	1 51	1 53	20.850607627269213
1316	1 30	1 32	1 53	1 55	68.63853112787692
1317	1 30	1 32	1 57	1 59	4.310573166750591
1318	1 30	1 32	1 59	1 61	20.57339515128021
1319	1 30	1 32	1 61	1 63	44.86224990221028
1320	1 30	1 32	1 63	1 65	-65.28534749779126
1321	1 30	1 32	1 65	1 67	6.184937747214139
1322	1 30	1 32	1 67	1 69	19.014827661125103
1323	1 30	1 32	1 69	1 71	25.8677418668969
1324	1 30	1 32	1 54	1 56	83.19299121039805
1325	1 30	1 32	1 58	1 60	11.862020739442393
1326	1 30	1 32	1 60	1 62	31.992631304586
1327	1 30	1 32	1 62	1 64	45.920443391075764
1328	1 30	1 32	1 64	1 66	-84.20091413101021
1329	1 30	1 32	1 66	1 68	13.083473589243434
1330	1 30	1 32	1 68	1 70	24.17998345969026
1331	1 30	1 32	1 70	1 72	19.42694480860057
1332	1 30	1 32	1 72	1 2	-90.0927731367847
1333	1 30	1 32	1 71	1 1	-82.12463177115033
1334	1 31	1 33	1 32	1 34	697.4408692431164
1335	1 31	1 33	1 36	1 38	-229.6322203862488
1336	1 31	1 33	1 38	1 40	-173.6370356229873
1337	1 31	1 33	1 40	1 42	576.2587167875351
1338	1 31	1 33	1 44	1 46	-173.63525675845065
1339	1 31	1 33	1 46	1 48	-119.06282944948116
1340	1 31	1 33	1 48	1 50	418.7692723942724
1341	1 31	1 33	1 35	1 37	-199.62740417738718
1342	1 31	1 33	1 37	1 39	-271.57649064318923
1343	1 31	1 33	1 39	1 41	634.3829180271524
1344	1 31	1 33	1 41	1 43	-181.48133512923923
1345	1 31	1 33	1 43	1 45	-166.10455071750619
1346	1 31	1 33	1 45	1 47	-159.127348254992
1347	1 31	1 33	1 47	1 49	414.1229400644946
1348	1 31	1 33	1 51	1 53	-132.20272390751455
1349	1 31	1 33	1 53	1 55	-119.36109698146382
1350	1 31	1 33	1 52	1 54	-129.79691532967584
1351	1 31	1 33	1 54	1 56	-90.18548991055988
1352	1 31	1 33	1 56	1 58	309.7725224658485
1353	1 31	1 33	1 58	1 60	-92.83929386501669
1354	1 31	1 33	1 60	1 62	-98.21741431043041
1355	1 31	1 33	1 62	1 64	-66.69063211691983
1356	1 31	1 33	1 64	1 66	236.8072966080439
1357	1 31	1 33	1 66	1 68	-71.53428613211554
1358	1 31	1 33	1 68	1 70	-74.26969114810174
1359	1 31	1 33	1 70	1 72	-36.56825692946798
1360	1 31	1 33	1 55	1 57	301.44847364294344
1361	1 31	1 33	1 59	1 61	-103.95754326035171
1362	1 31	1 33	1 61	1 63	-90.89125588685894
1363	1 31	1 33	1 63	1 65	224.8812889202067
1364	1 31	1 33	1 65	1 67	-43.348980419149186
1365	1 31	1 33	1 67	1 69	-79.57572253859826
1366	1 31	1 33	1 69	1 71	-61.598113029787214
1367	1 31	1 33	1 71	1 1	185.01144263336727
1368	1 31	1 33	1 72	1 2	151.89073187638144
1369	1 32	1 34	1 35	1 37	-229.5319394538294
1370	1 32	1 34	1 37	1 39	-301.4117363445582
1371	1 32	1 34	1 39	1 41	551.0913130663291
1372	1 32	1 34	1 43	1 45	-179.76891685306094
1373	1 32	1 34	1 45	1 47	-198.7440003767403
1374	1 32	1 34	1 47	1 49	392.1246705886506
1375	1 32	1 34	1 49	1 51	-53.72201433780953
1376	1 32	1 34	1 51	1 53	-133.51698530911602
1377	1 32	1 34	1 36	1 38	-224.92808403109785
1378	1 32	1 34	1 38	1 40	-346.2383512518246
1379	1 32	1 34	1 42	1 44	-149.60736937535668
1380	1 32	1 34	1 44	1 46	-190.47672391826967
1381	1 32	1 34	1 46	1 48	-199.04055418218067
1382	1 32	1 34	1 48	1 50	470.6352668002186
1383	1 32	1 34	1 52	1 54	-139.9548270614079
1384	1 32	1 34	1 54	1 56	-127.62665339771826
1385	1 32	1 34	1 53	1 55	-147.70737281287828
1386	1 32	1 34	1 55	1 57	294.1943072232202
1387	1 32	1 34	1 57	1 59	-38.610247636793915
1388	1 32	1 34	1 59	1 61	-99.14964019426012
1389	1 32	1 34	1 61	1 63	-106.37196299525199
1390	1 32	1 34	1 63	1 65	218.243753410661
1391	1 32	1 34	1 65	1 67	-33.890221948955435
1392	1 32	1 34	1 67	1 69	-76.09885521767
1393	1 32	1 34	1 69	1 71	-68.26993977591616
1394	1 32	1 34	1 71	1 1	179.70932004013576
1395	1 32	1 34	1 56	1 58	330.1808692891701
1396	1 32	1 34	1 58	1 60	-76.9181556080128
1397	1 32	1 34	1 60	1 62	-104.87590272686174
1398	1 32	1 34	1 62	1 64	-86.16020224434405
1399	1 32	1 34	1 64	1 66	245.31928555366102
1400	1 32	1 34	1 66	1 68	-62.56860068259386
1401	1 32	1 34	1 68	1 70	-76.99596252754495
1402	1 32	1 34	1 70	1 72	-43.231818796890735
1403	1 32	1 34	1 72	1 2	165.67439956655684
1404	1 33	1 35	1 34	1 36	125.49629418943469
1405	1 33	1 35	1 36	1 38	-46.504221927579245
1406	1 33	1 35	1 38	1 40	-9.827013000735013
1407	1 33	1 35	1 40	1 42	-76.10718690599634
1408	1 33	1 35	1 42	1 44	101.89617069581128
1409	1 33	1 35	1 44	1 46	-20.165955244874727
1410	1 33	1 35	1 46	1 48	-7.484695361727538
1411	1 33	1 35	1 48	1 50	-72.3440968239427
1412	1 33	1 35	1 50	1 52	66.71867598443848
1413	1 33	1 35	1 52	1 54	4.265918743394304
1414	1 33	1 35	1 37	1 39	-19.840642768724372
1415	1 33	1 35	1 39	1 41	-193.3805704696285
1416	1 33	1 35	1 41	1 43	215.27915802781501
1417	1 33	1 35	1 45	1 47	-13.093916070694632
1418	1 33	1 35	1 47	1 49	-121.25729751160962
1419	1 33	1 35	1 49	1 51	93.81246363524163
1420	1 33	1 35	1 51	1 53	25.109668585660074
1421	1 33	1 35	1 53	1 55	-0.9958947334524338
1422	1 33	1 35	1 55	1 57	-82.97101200144297
1423	1 33	1 35	1 54	1 56	-2.384470131080252
1424	1 33	1 35	1 56	1 58	-63.01230318963391
1425	1 33	1 35	1 58	1 60	43.12505983094713
1426	1 33	1 35	1 60	1 62	13.245354413483467
1427	1 33	1 35	1 62	1 64	2.468747562446374
1428	1 33	1 35	1 64	1 66	-53.769718466071794
1429	1 33	1 35	1 66	1 68	28.810175211952117
1430	1 33	1 35	1 68	1 70	14.825376115031288
1431	1 33	1 35	1 70	1 72	3.698958348121123
1432	1 33	1 35	1 72	1 2	-49.411661829853315
1433	1 33	1 35	1 57	1 59	41.54468219461698
1434	1 33	1 35	1 59	1 61	29.608216500419175
1435	1 33	1 35	1 61	1 63	6.139285887432889
1436	1 33	1 35	1 63	1 65	-61.96207944039825
1437	1 33	1 35	1 65	1 67	22.53219778624549
1438	1 33	1 35	1 67	1 69	23.820032919583173
1439	1 33	1 35	1 69	1 71	8.925807583470522
1440	1 33	1 35	1 71	1 1	-70.48065815393275
1441	1 34	1 36	1 35	1 37	144.26837391253378
1442	1 34	1 36	1 37	1 39	-54.630540161143045
1443	1 34	1 36	1 39	1 41	-178.45697151985502
1444	1 34	1 36	1 41	1 43	96.27068625510046
1445	1 34	1 36	1 43	1 45	100.88798030186959
1446	1 34	1 36	1 45	1 47	-20.857533044724782
1447	1 34	1 36	1 47	1 49	-136.5330063718309
1448	1 34	1 36	1 49	1 51	57.67210987341838
1449	1 34	1 36	1 51	1 53	63.57667028570009
1450	1 34	1 36	1 53	1 55	6.302616960311882
1451	1 34	1 36	1 38	1 40	-21.96456151230052
1452	1 34	1 36	1 42	1 44	174.9461411331522
1453	1 34	1 36	1 46	1 48	-13.9645154569738
1454	1 34	1 36	1 48	1 50	-111.82305349360257
1455	1 34	1 36	1 50	1 52	79.58909218477427
1456	1 34	1 36	1 52	1 54	28.03895427162597
1457	1 34	1 36	1 54	1 56	-1.7330385558855224
1458	1 34	1 36	1 56	1 58	-87.57425333974128
1459	1 34	1 36	1 55	1 57	-101.05236263736263
1460	1 34	1 36	1 57	1 59	30.7247527610907
1461	1 34	1 36	1 59	1 61	44.67454063252262
1462	1 34	1 36	1 61	1 63	14.504647687163292
1463	1 34	1 36	1 63	1 65	-75.76722639933166
1464	1 34	1 36	1 65	1 67	20.18663294124061
1465	1 34	1 36	1 67	1 69	31.137544514120933
1466	1 34	1 36	1 69	1 71	14.69367718369812
1467	1 34	1 36	1 71	1 1	-73.24741935483871
1468	1 34	1 36	1 58	1 60	47.62266843481896
1469	1 34	1 36	1 60	1 62	27.23836613324379
1470	1 34	1 36	1 62	1 64	5.943199994313016
1471	1 34	1 36	1 64	1 66	-71.37142754731173
1472	1 34	1 36	1 66	1 68	31.7962567229738
1473	1 34	1 36	1 68	1 70	22.747956293817943
1474	1 34	1 36	1 70	1 72	6.507015922851411
1475	1 34	1 36	1 72	1 2	-58.72984670762245
1476	1 35	1 37	1 36	1 38	155.70588418285695
1477	1 35	1 37	1 38	1 40	-65.42564204900778
1478	1 35	1 37	1 40	1 42	-195.97430744889556
1479	1 35	1 37	1 42	1 44	103.7065334723401
1480	1 35	1 37	1 44	1 46	113.57372857486862
1481	1 35	1 37	1 46	1 48	-27.21385261581242
1482	1 35	1 37	1 48	1 50	-154.1611463578938
1483	1 35	1 37	1 50	1 52	62.08980720955219
1484	1 35	1 37	1 52	1 54	74.06257072679803
1485	1 35	1 37	1 54	1 56	4.489483549725911
1486	1 35	1 37	1 43	1 45	196.8206428658769
1487	1 35	1 37	1 47	1 49	-167.7643450496068
1488	1 35	1 37	1 49	1 51	20.682543039217514
1489	1 35	1 37	1 51	1 53	94.81328216428464
1490	1 35	1 37	1 53	1 55	32.013788555670224
1491	1 35	1 37	1 55	1 57	-127.36079425660509
1492	1 35	1 37	1 57	1 59	18.991137512147716
1493	1 35	1 37	1 56	1 58	-120.3055478645346
1494	1 35	1 37	1 58	1 60	43.90694365477235
1495	1 35	1 37	1 60	1 62	48.24012952714777
1496	1 35	1 37	1 62	1 64	14.591115605368248
1497	1 35	1 37	1 64	1 66	-94.82430731755846
1498	1 35	1 37	1 66	1 68	32.45496520120723
1499	1 35	1 37	1 68	1 70	33.464864840092154
1500	1 35	1 37	1 70	1 72	11.685538543017667
1501	1 35	1 37	1 72	1 2	-82.34466552300569
1502	1 35	1 37	1 59	1 61	56.5415136540074
1503	1 35	1 37	1 61	1 63	31.929852108491414
1504	1 35	1 37	1 63	1 65	-94.9292119678027
1505	1 35	1 37	1 65	1 67	17.067530773487242
1506	1 35	1 37	1 67	1 69	37.90676146114899
1507	1 35	1 37	1 69	1 71	24.20287111210981
1508	1 35	1 37	1 71	1 1	-90.71788111732035
1509	1 36	1 38	1 37	1 39	177.52100396979307
1510	1 36	1 38	1 41	1 43	-20.060661474130768
1511	1 36	1 38	1 43	1 45	119.2854926025428
1512	1 36	1 38	1 45	1 47	126.11518217066867
1513	1 36	1 38	1 49	1 51	3.0294295150384247
1514	1 36	1 38	1 51	1 53	79.8512697978395
1515	1 36	1 38	1 53	1 55	82.304240947028
1516	1 36	1 38	1 55	1 57	-150.799426992743
1517	1 36	1 38	1 44	1 46	226.82150013737655
1518	1 36	1 38	1 46	1 48	-13.03083012398517
1519	1 36	1 38	1 50	1 52	28.70842408006399
1520	1 36	1 38	1 52	1 54	104.7948906143078
1521	1 36	1 38	1 54	1 56	32.0489567078042
1522	1 36	1 38	1 58	1 60	31.369231233844705
1523	1 36	1 38	1 57	1 59	10.362249448892493
1524	1 36	1 38	1 59	1 61	52.33876249615892
1525	1 36	1 38	1 61	1 63	54.96240251035505
1526	1 36	1 38	1 65	1 67	13.276748316612684
1527	1 36	1 38	1 67	1 69	37.98977433852042
1528	1 36	1 38	1 69	1 71	33.965024911777604
1529	1 36	1 38	1 71	1 1	-106.33224207961007
1530	1 36	1 38	1 60	1 62	61.918785924275795
1531	1 36	1 38	1 62	1 64	31.98613954867514
1532	1 36	1 38	1 66	1 68	28.078059761364774
1533	1 36	1 38	1 68	1 70	40.153678232404985
1534	1 36	1 38	1 70	1 72	18.88262204743321
1535	1 36	1 38	1 72	1 2	-105.29623655748102
1536	1 37	1 39	1 38	1 40	233.45224982805632
1537	1 37	1 39	1 42	1 44	-21.570493469233384
1538	1 37	1 39	1 44	1 46	139.96030566821275
1539	1 37	1 39	1 46	1 48	155.3488263336826
1540	1 37	1 39	1 50	1 52	6.136094400080202
1541	1 37	1 39	1 52	1 54	84.30627024819196
1542	1 37	1 39	1 54	1 56	97.96218382563414
1543	1 37	1 39	1 41	1 43	-13.253745400889304
1544	1 37	1 39	1 45	1 47	254.54828244197319
1545	1 37	1 39	1 49	1 51	-2.223809691882569
1546	1 37	1 39	1 51	1 53	37.777940066861504
1547	1 37	1 39	1 53	1 55	123.60937297271707
1548	1 37	1 39	1 57	1 59	4.79914629477714
1549	1 37	1 39	1 59	1 61	35.26985606118895
1550	1 37	1 39	1 58	1 60	17.59796151574293
1551	1 37	1 39	1 60	1 62	57.110916890571566
1552	1 37	1 39	1 62	1 64	59.585846725355495
1553	1 37	1 39	1 66	1 68	20.463336718321727
1554	1 37	1 39	1 68	1 70	39.35553868754906
1555	1 37	1 39	1 70	1 72	27.063433462584594
1556	1 37	1 39	1 72	1 2	-104.89173724498455
1557	1 37	1 39	1 61	1 63	71.79154922128666
1558	1 37	1 39	1 65	1 67	9.098621864868221
1559	1 37	1 39	1 67	1 69	31.004498110008733
1560	1 37	1 39	1 69	1 71	39.90113625566012
1561	1 37	1 39	1 71	1 1	-99.12108375886132
1562	1 38	1 40	1 41	1 43	-8.122437190073683
1563	1 38	1 40	1 43	1 45	-27.038584872517436
1564	1 38	1 40	1 45	1 47	150.46612636750677
1565	1 38	1 40	1 49	1 51	-3.2116777087776436
1566	1 38	1 40	1 51	1 53	6.416384521718221
1567	1 38	1 40	1 53	1 55	98.74678979434768
1568	1 38	1 40	1 55	1 57	-96.14555514206909
1569	1 38	1 40	1 57	1 59	1.4331931724839222
1570	1 38	1 40	1 42	1 44	-15.585625489289608
1571	1 38	1 40	1 46	1 48	325.8875423254641
1572	1 38	1 40	1 50	1 52	-2.569742955435255
1573	1 38	1 40	1 52	1 54	33.04896618777793
1574	1 38	1 40	1 54	1 56	144.22529081500858
1575	1 38	1 40	1 58	1 60	7.035483295342037
1576	1 38	1 40	1 60	1 62	35.464212359236384
1577	1 38	1 40	1 59	1 61	16.385669467582026
1578	1 38	1 40	1 61	1 63	63.05515651940145
1579	1 38	1 40	1 65	1 67	5.005748305436136
1580	1 38	1 40	1 67	1 69	19.467351802204348
1581	1 38	1 40	1 69	1 71	34.867857565317294
1582	1 38	1 40	1 71	1 1	-67.35934830445771
1583	1 38	1 40	1 62	1 64	73.12410310189497
1584	1 38	1 40	1 66	1 68	11.726753440396303
1585	1 38	1 40	1 68	1 70	28.97421944845101
1586	1 38	1 40	1 70	1 72	28.941015059567473
1587	1 38	1 40	1 72	1 2	-76.65726391573088
1588	1 39	1 41	1 40	1 42	638.7223095924248
1589	1 39	1 41	1 44	1 46	-230.9982132321955
1590	1 39	1 41	1 46	1 48	-118.44044303095299
1591	1 39	1 41	1 48	1 50	527.6202980734279
1592	1 39	1 41	1 52	1 54	-168.19334426968544
1593	1 39	1 41	1 54	1 56	-100.55879590703577
1594	1 39	1 41	1 56	1 58	398.2367974339995
1595	1 39	1 41	1 43	1 45	-196.82625207804307
1596	1 39	1 41	1 45	1 47	-234.58614309210526
1597	1 39	1 41	1 47	1 49	591.6761582653818
1598	1 39	1 41	1 51	1 53	-171.51457914895178
1599	1 39	1 41	1 53	1 55	-156.2899495033614
1600	1 39	1 41	1 55	1 57	408.33669656012114
1601	1 39	1 41	1 59	1 61	-138.27426850074323
1602	1 39	1 41	1 61	1 63	-114.85247285571893
1603	1 39	1 41	1 60	1 62	-128.5301982946218
1604	1 39	1 41	1 62	1 64	-79.96125899678884
1605	1 39	1 41	1 64	1 66	309.0290147523709
1606	1 39	1 41	1 66	1 68	-99.5196054973901
1607	1 39	1 41	1 68	1 70	-97.75221083514187
1608	1 39	1 41	1 70	1 72	-45.646689991767616
1609	1 39	1 41	1 72	1 2	150.8335736519271
1610	1 39	1 41	1 63	1 65	299.1207845038772
1611	1 39	1 41	1 67	1 69	-107.40581038930686
1612	1 39	1 41	1 69	1 71	-79.51260264671461
1613	1 39	1 41	1 71	1 1	164.16717735086874
1614	1 40	1 42	1 43	1 45	-219.32774101576632
1615	1 40	1 42	1 45	1 47	-255.30732664583806
1616	1 40	1 42	1 47	1 49	508.21041319740004
1617	1 40	1 42	1 51	1 53	-182.28122742242851
1618	1 40	1 42	1 53	1 55	-193.8718321669481
1619	1 40	1 42	1 55	1 57	390.8767368267597
1620	1 40	1 42	1 57	1 59	-48.76110141207195
1621	1 40	1 42	1 59	1 61	-135.63200119826502
1622	1 40	1 42	1 44	1 46	-221.88738866296524
1623	1 40	1 42	1 46	1 48	-292.8246422193717
1624	1 40	1 42	1 48	1 50	649.827222329245
1625	1 40	1 42	1 52	1 54	-178.4550335050317
1626	1 40	1 42	1 54	1 56	-174.48053225639433
1627	1 40	1 42	1 56	1 58	440.6608187925922
1628	1 40	1 42	1 60	1 62	-137.00534321034405
1629	1 40	1 42	1 62	1 64	-113.94275107934118
1630	1 40	1 42	1 61	1 63	-141.51138054328385
1631	1 40	1 42	1 63	1 65	292.42308619181085
1632	1 40	1 42	1 65	1 67	-44.58697681260854
1633	1 40	1 42	1 67	1 69	-103.33811878180846
1634	1 40	1 42	1 69	1 71	-91.28036137045805
1635	1 40	1 42	1 71	1 1	161.91236617409615
1636	1 40	1 42	1 64	1 66	324.6692975610139
1637	1 40	1 42	1 66	1 68	-84.56091303933758
1638	1 40	1 42	1 68	1 70	-103.12124327817102
1639	1 40	1 42	1 70	1 72	-57.910982413079935
1640	1 40	1 42	1 72	1 2	159.04330903090812
1641	1 41	1 43	1 42	1 44	128.02858857265159
1642	1 41	1 43	1 44	1 46	-45.542035092862335
1643	1 41	1 43	1 46	1 48	-10.087428170891688
1644	1 41	1 43	1 48	1 50	-79.83281105948299
1645	1 41	1 43	1 50	1 52	105.3903484061904
1646	1 41	1 43	1 52	1 54	-19.40716409610387
1647	1 41	1 43	1 54	1 56	-7.181347620886947
1648	1 41	1 43	1 56	1 58	-75.37941071562665
1649	1 41	1 43	1 58	1 60	67.676611208239
1650	1 41	1 43	1 60	1 62	6.0751994789122294
1651	1 41	1 43	1 45	1 47	-19.993480726579392
1652	1 41	1 43	1 47	1 49	-182.34782008297864
1653	1 41	1 43	1 49	1 51	199.61945486755485
1654	1 41	1 43	1 51	1 53	-2.4864081292909876
1655	1 41	1 43	1 53	1 55	-11.778130985404115
1656	1 41	1 43	1 55	1 57	-114.77821011584533
1657	1 41	1 43	1 57	1 59	78.21583517610017
1658	1 41	1 43	1 59	1 61	32.86555304067171
1659	1 41	1 43	1 63	1 65	-82.18184534002644
1660	1 41	1 43	1 62	1 64	-1.0151929879322055
1661	1 41	1 43	1 64	1 66	-67.8334533280332
1662	1 41	1 43	1 66	1 68	44.58441967413459
1663	1 41	1 43	1 68	1 70	15.544607207436421
1664	1 41	1 43	1 70	1 72	2.623754006228464
1665	1 41	1 43	1 72	1 2	-43.807533220755886
1666	1 41	1 43	1 65	1 67	39.01886982022177
1667	1 41	1 43	1 67	1 69	31.338391946048667
1668	1 41	1 43	1 69	1 71	7.852940898994344
1669	1 41	1 43	1 71	1 1	-54.827053662818116
1670	1 42	1 44	1 43	1 45	142.24253267449814
1671	1 42	1 44	1 45	1 47	-55.127379403153554
1672	1 42	1 44	1 47	1 49	-183.8412311999494
1673	1 42	1 44	1 49	1 51	97.66372801406595
1674	1 42	1 44	1 51	1 53	104.79782248745997
1675	1 42	1 44	1 53	1 55	-20.418193353939003
1676	1 42	1 44	1 55	1 57	-141.10449830543288
1677	1 42	1 44	1 57	1 59	52.081354924426954
1678	1 42	1 44	1 59	1 61	73.40850499193579
1679	1 42	1 44	1 61	1 63	5.920841486090687
1680	1 42	1 44	1 46	1 48	-22.642847623301243
1681	1 42	1 44	1 50	1 52	179.80795369208073
1682	1 42	1 44	1 54	1 56	-14.690638344269125
1683	1 42	1 44	1 56	1 58	-120.18898514066387
1684	1 42	1 44	1 58	1 60	88.51837109250808
1685	1 42	1 44	1 60	1 62	28.282401570414642
1686	1 42	1 44	1 64	1 66	-97.16202786590273
1687	1 42	1 44	1 63	1 65	-108.56273848515312
1688	1 42	1 44	1 65	1 67	33.395934846866346
1689	1 42	1 44	1 67	1 69	48.902776733361705
1690	1 42	1 44	1 69	1 71	15.631798205626371
1691	1 42	1 44	1 71	1 1	-72.12959454726277
1692	1 42	1 44	1 66	1 68	53.567120389428595
1693	1 42	1 44	1 68	1 70	29.76661514106005
1694	1 42	1 44	1 70	1 72	5.353581863767081
1695	1 42	1 44	1 72	1 2	-63.01358725529093
1696	1 43	1 45	1 44	1 46	145.24113992013451
1697	1 43	1 45	1 46	1 48	-60.63071373381027
1698	1 43	1 45	1 48	1 50	-191.94119173599512
1699	1 43	1 45	1 50	1 52	99.32188963107357
1700	1 43	1 45	1 52	1 54	116.30536513713983
1701	1 43	1 45	1 54	1 56	-26.654348196081294
1702	1 43	1 45	1 56	1 58	-157.09653656851276
1703	1 43	1 45	1 58	1 60	69.13039985080155
1704	1 43	1 45	1 60	1 62	72.78727111487379
1705	1 43	1 45	1 62	1 64	4.655495604857165
1706	1 43	1 45	1 51	1 53	198.40003375959594
1707	1 43	1 45	1 55	1 57	-170.09502676064653
1708	1 43	1 45	1 57	1 59	19.527122387238723
1709	1 43	1 45	1 59	1 61	97.2866003370199
1710	1 43	1 45	1 61	1 63	31.6484680621437
1711	1 43	1 45	1 63	1 65	-131.83681491148303
1712	1 43	1 45	1 65	1 67	22.93097705284704
1713	1 43	1 45	1 64	1 66	-127.21324258293137
1714	1 43	1 45	1 66	1 68	49.086599937803555
1715	1 43	1 45	1 68	1 70	48.55912674216702
1716	1 43	1 45	1 70	1 72	11.693608529407769
1717	1 43	1 45	1 72	1 2	-91.05182185006225
1718	1 43	1 45	1 67	1 69	58.71596794526701
1719	1 43	1 45	1 69	1 71	30.319153232481092
1720	1 43	1 45	1 71	1 1	-96.78874788605584
1721	1 44	1 46	1 45	1 47	182.07113758013773
1722	1 44	1 46	1 49	1 51	-21.3192604542753
1723	1 44	1 46	1 51	1 53	118.73116798754917
1724	1 44	1 46	1 53	1 55	128.8841830726493
1725	1 44	1 46	1 57	1 59	2.9476793751298453
1726	1 44	1 46	1 59	1 61	75.11915031699567
1727	1 44	1 46	1 61	1 63	83.88394752579515
1728	1 44	1 46	1 52	1 54	216.2030179545692
1729	1 44	1 46	1 54	1 56	0.5586120908700867
1730	1 44	1 46	1 56	1 58	-193.77265600410055
1731	1 44	1 46	1 58	1 60	30.990018037129637
1732	1 44	1 46	1 60	1 62	104.81097499304498
1733	1 44	1 46	1 62	1 64	33.55224516690729
1734	1 44	1 46	1 66	1 68	34.33912561899073
1735	1 44	1 46	1 65	1 67	13.603654325031888
1736	1 44	1 46	1 67	1 69	53.18904980306189
1737	1 44	1 46	1 69	1 71	49.640943459136764
1738	1 44	1 46	1 68	1 70	60.685712679407885
1739	1 44	1 46	1 70	1 72	24.644970377209688
1740	1 44	1 46	1 72	1 2	-107.69402887747152
1741	1 45	1 47	1 46	1 48	185.19730167542204
1742	1 45	1 47	1 50	1 52	-21.428698398296945
1743	1 45	1 47	1 52	1 54	125.81644261724529
1744	1 45	1 47	1 54	1 56	152.42066149904278
1745	1 45	1 47	1 58	1 60	8.24419789683895
1746	1 45	1 47	1 60	1 62	84.8473572681869
1747	1 45	1 47	1 62	1 64	93.44080607714787
1748	1 45	1 47	1 49	1 51	-12.995746174236679
1749	1 45	1 47	1 53	1 55	257.46309836330437
1750	1 45	1 47	1 57	1 59	-1.0254912296349077
1751	1 45	1 47	1 59	1 61	33.43131217449248
1752	1 45	1 47	1 61	1 63	122.48096240699793
1753	1 45	1 47	1 65	1 67	7.670381186650308
1754	1 45	1 47	1 67	1 69	36.86947566467237
1755	1 45	1 47	1 66	1 68	20.305091080907353
1756	1 45	1 47	1 68	1 70	56.051996930580486
1757	1 45	1 47	1 70	1 72	41.20532856323135
1758	1 45	1 47	1 72	1 2	-113.53843182090085
1759	1 45	1 47	1 69	1 71	60.91058165993784
1760	1 45	1 47	1 71	1 1	-103.87587450052399
1761	1 46	1 48	1 49	1 51	-7.2629116444397726
1762	1 46	1 48	1 51	1 53	-23.537109043000573
1763	1 46	1 48	1 53	1 55	156.56040533430124
1764	1 46	1 48	1 57	1 59	-1.4829410556302685
1765	1 46	1 48	1 59	1 61	7.171325933370408
1766	1 46	1 48	1 61	1 63	102.01557422644402
1767	1 46	1 48	1 65	1 67	3.996841681845159
1768	1 46	1 48	1 50	1 52	-14.021798629276795
1769	1 46	1 48	1 54	1 56	305.91232466079225
1770	1 46	1 48	1 60	1 62	37.62542991795108
1771	1 46	1 48	1 62	1 64	139.5256115416151
1772	1 46	1 48	1 66	1 68	10.445432477870796
1773	1 46	1 48	1 68	1 70	38.54251383376077
1774	1 46	1 48	1 67	1 69	20.71775906693968
1775	1 46	1 48	1 69	1 71	54.52034580840551
1776	1 46	1 48	1 71	1 1	-77.3877912702626
1777	1 46	1 48	1 70	1 72	50.78749545114357
1778	1 46	1 48	1 72	1 2	-96.57402969861577
1779	1 47	1 49	1 48	1 50	605.5195356691745
1780	1 47	1 49	1 52	1 54	-221.74239519895437
1781	1 47	1 49	1 54	1 56	-116.68021819103856
1782	1 47	1 49	1 56	1 58	521.9242954748627
1783	1 47	1 49	1 60	1 62	-170.55803017576167
1784	1 47	1 49	1 62	1 64	-98.32897536466984
1785	1 47	1 49	1 64	1 66	410.418726451926
1786	1 47	1 49	1 51	1 53	-207.60574706782802
1787	1 47	1 49	1 53	1 55	-243.30776646450863
1788	1 47	1 49	1 55	1 57	586.5204044852085
1789	1 47	1 49	1 59	1 61	-183.23022636400214
1790	1 47	1 49	1 61	1 63	-157.7616304460015
1791	1 47	1 49	1 63	1 65	411.8151120609582
1792	1 47	1 49	1 67	1 69	-145.35867266186312
1793	1 47	1 49	1 69	1 71	-105.43339558330035
1794	1 47	1 49	1 68	1 70	-131.88197445245524
1795	1 47	1 49	1 70	1 72	-58.81729388331975
1796	1 47	1 49	1 72	1 2	178.82915102149425
1797	1 47	1 49	1 71	1 1	179.96584917259548
1798	1 48	1 50	1 49	1 51	-79.44161170514508
1799	1 48	1 50	1 51	1 53	-226.8164719195747
1800	1 48	1 50	1 53	1 55	-266.183262800418
1801	1 48	1 50	1 55	1 57	530.952618025751
1802	1 48	1 50	1 59	1 61	-194.03077616357277
1803	1 48	1 50	1 61	1 63	-199.0132271348071
1804	1 48	1 50	1 63	1 65	409.7498538011696
1805	1 48	1 50	1 65	1 67	-59.406019622809524
1806	1 48	1 50	1 67	1 69	-147.47900189470835
1807	1 48	1 50	1 52	1 54	-217.26197330472348
1808	1 48	1 50	1 54	1 56	-287.5774348372232
1809	1 48	1 50	1 58	1 60	-166.04374915346065
1810	1 48	1 50	1 60	1 62	-185.7088620410223
1811	1 48	1 50	1 62	1 64	-173.9392344284271
1812	1 48	1 50	1 64	1 66	465.45525246854464
1813	1 48	1 50	1 66	1 68	-121.70707149318409
1814	1 48	1 50	1 68	1 70	-144.03088158977693
1815	1 48	1 50	1 70	1 72	-84.2745961022966
1816	1 48	1 50	1 69	1 71	-129.7299264393165
1817	1 48	1 50	1 71	1 1	185.66513611000588
1818	1 48	1 50	1 72	1 2	198.24687674013398
1819	1 49	1 51	1 50	1 52	136.30702476752884
1820	1 49	1 51	1 52	1 54	-46.75385983324327
1821	1 49	1 51	1 54	1 56	-8.869452590420334
1822	1 49	1 51	1 56	1 58	-79.97123010838541
1823	1 49	1 51	1 58	1 60	100.9155104808815
1824	1 49	1 51	1 60	1 62	-16.28396283914055
1825	1 49	1 51	1 62	1 64	-4.786872489097336
1826	1 49	1 51	1 64	1 66	-76.78791634258164
1827	1 49	1 51	1 66	1 68	65.5776228649235
1828	1 49	1 51	1 68	1 70	8.890816326014765
1829	1 49	1 51	1 53	1 55	-18.295567820076222
1830	1 49	1 51	1 55	1 57	-157.491547616893
1831	1 49	1 51	1 57	1 59	163.5204368948964
1832	1 49	1 51	1 59	1 61	7.80546783337566
1833	1 49	1 51	1 61	1 63	-10.319066594885737
1834	1 49	1 51	1 63	1 65	-107.52852243740736
1835	1 49	1 51	1 65	1 67	69.05474168915194
1836	1 49	1 51	1 67	1 69	32.89146828599622
1837	1 49	1 51	1 69	1 71	2.8501273755781553
1838	1 49	1 51	1 71	1 1	-49.0729879221959
1839	1 49	1 51	1 72	1 2	-42.37874171938734
1840	1 50	1 52	1 51	1 53	141.573921420467
1841	1 50	1 52	1 53	1 55	-54.72327650076943
1842	1 50	1 52	1 55	1 57	-187.29502642309245
1843	1 50	1 52	1 57	1 59	89.283433078083
1844	1 50	1 52	1 59	1 61	122.34663601160649
1845	1 50	1 52	1 61	1 63	-24.34505336960818
1846	1 50	1 52	1 63	1 65	-151.5424302367676
1847	1 50	1 52	1 65	1 67	57.25863482529849
1848	1 50	1 52	1 67	1 69	78.77856933913756
1849	1 50	1 52	1 69	1 71	8.512717200186152
1850	1 50	1 52	1 54	1 56	-21.977163974180137
1851	1 50	1 52	1 58	1 60	192.90538061102578
1852	1 50	1 52	1 62	1 64	-12.405276625643976
1853	1 50	1 52	1 64	1 66	-132.313715060096
1854	1 50	1 52	1 66	1 68	98.21330279644295
1855	1 50	1 52	1 68	1 70	30.64961158625374
1856	1 50	1 52	1 72	1 2	-69.49886443751984
1857	1 50	1 52	1 71	1 1	-77.69164886608232
1858	1 51	1 53	1 52	1 54	162.06806614718113
1859	1 51	1 53	1 54	1 56	-65.39832152896888
1860	1 51	1 53	1 56	1 58	-207.6098364425383
1861	1 51	1 53	1 58	1 60	120.42665785878634
1862	1 51	1 53	1 60	1 62	115.05122646080544
1863	1 51	1 53	1 64	1 66	-174.11137743632915
1864	1 51	1 53	1 66	1 68	82.5560952059077
1865	1 51	1 53	1 68	1 70	75.57279586943642
1866	1 51	1 53	1 70	1 72	4.839235503601264
1867	1 51	1 53	1 59	1 61	216.6770777867809
1868	1 51	1 53	1 63	1 65	-185.85328372923811
1869	1 51	1 53	1 65	1 67	28.669213693944243
1870	1 51	1 53	1 67	1 69	105.69967409521749
1871	1 51	1 53	1 69	1 71	32.02828018025826
1872	1 51	1 53	1 71	1 1	-119.96627500408877
1873	1 51	1 53	1 72	1 2	-112.98698506402603
1874	1 52	1 54	1 53	1 55	155.66016904104924
1875	1 52	1 54	1 57	1 59	-19.209515378865532
1876	1 52	1 54	1 59	1 61	115.95357513809546
1877	1 52	1 54	1 61	1 63	131.32685501399027
1878	1 52	1 54	1 65	1 67	8.668714465145712
1879	1 52	1 54	1 67	1 69	80.16051992186307
1880	1 52	1 54	1 69	1 71	77.4379545467226
1881	1 52	1 54	1 60	1 62	234.71782301204325
1882	1 52	1 54	1 66	1 68	36.89947705670913
1883	1 52	1 54	1 68	1 70	106.07772955708478
1884	1 52	1 54	1 70	1 72	25.655537747049372
1885	1 52	1 54	1 72	1 2	-130.5302164405069
1886	1 53	1 55	1 54	1 56	222.08017543229118
1887	1 53	1 55	1 58	1 60	-24.591482023618173
1888	1 53	1 55	1 60	1 62	127.04077213038013
1889	1 53	1 55	1 62	1 64	160.70050794207953
1890	1 53	1 55	1 66	1 68	8.57771956586787
1891	1 53	1 55	1 68	1 70	82.19749739463063
1892	1 53	1 55	1 70	1 72	69.18171568702601
1893	1 53	1 55	1 72	1 2	-130.85951106740166
1894	1 53	1 55	1 57	1 59	-10.90965720667593
1895	1 53	1 55	1 61	1 63	262.7128923089441
1896	1 53	1 55	1 65	1 67	1.3925971200230327
1897	1 53	1 55	1 67	1 69	33.26680620990192
1898	1 53	1 55	1 69	1 71	104.93184515597906
1899	1 53	1 55	1 71	1 1	-114.3390959473224
1900	1 54	1 56	1 57	1 59	-5.231256453792104
1901	1 54	1 56	1 59	1 61	-24.43489002624291
1902	1 54	1 56	1 61	1 63	164.05875314600425
1903	1 54	1 56	1 65	1 67	0.7082421608363831
1904	1 54	1 56	1 67	1 69	12.221324719480302
1905	1 54	1 56	1 69	1 71	86.03209815363948
1906	1 54	1 56	1 58	1 60	-12.766219745089593
1907	1 54	1 56	1 62	1 64	312.7474615321497
1908	1 54	1 56	1 66	1 68	2.980166560068974
1909	1 54	1 56	1 68	1 70	42.095734757656956
1910	1 54	1 56	1 70	1 72	96.67340242692876
1911	1 54	1 56	1 72	1 2	-125.37508141568635
1912	1 55	1 57	1 56	1 58	649.6469502908647
1913	1 55	1 57	1 58	1 60	-232.08752366894782
1914	1 55	1 57	1 60	1 62	-230.81350728119935
1915	1 55	1 57	1 62	1 64	-130.06123818761637
1916	1 55	1 57	1 64	1 66	573.1457252487037
1917	1 55	1 57	1 66	1 68	-202.84598496564246
1918	1 55	1 57	1 68	1 70	-180.37635899674308
1919	1 55	1 57	1 70	1 72	-77.77670318393459
1920	1 55	1 57	1 72	1 2	225.85435285872057
1921	1 55	1 57	1 59	1 61	-223.54002045552915
1922	1 55	1 57	1 61	1 63	-247.17646482856335
1923	1 55	1 57	1 65	1 67	-150.5866437305922
1924	1 55	1 57	1 67	1 69	-198.57614683043317
1925	1 55	1 57	1 69	1 71	-148.45896227093135
1926	1 55	1 57	1 71	1 1	218.9710698658808
1927	1 56	1 58	1 57	1 59	-75.08590922188142
1928	1 56	1 58	1 59	1 61	-247.33559936819006
1929	1 56	1 58	1 61	1 63	-274.8551675589543
1930	1 56	1 58	1 63	1 65	564.5152994791666
1931	1 56	1 58	1 65	1 67	-79.43431493254536
1932	1 56	1 58	1 67	1 69	-209.52549187927943
1933	1 56	1 58	1 69	1 71	-181.90241433113212
1934	1 56	1 58	1 71	1 1	237.7235207036653
1935	1 56	1 58	1 60	1 62	-229.5993721790783
1936	1 56	1 58	1 62	1 64	-287.4201920555729
1937	1 56	1 58	1 66	1 68	-189.68795740387927
1938	1 56	1 58	1 68	1 70	-196.45555257308848
1939	1 56	1 58	1 70	1 72	-126.2305793883746
1940	1 56	1 58	1 72	1 2	271.2278783789228
1941	1 57	1 59	1 58	1 60	126.61277414390443
1942	1 57	1 59	1 60	1 62	-43.133864379636215
1943	1 57	1 59	1 62	1 64	-6.033582749833235
1944	1 57	1 59	1 64	1 66	-83.54303867404644
1945	1 57	1 59	1 66	1 68	103.15533000191434
1946	1 57	1 59	1 68	1 70	-14.279781550621216
1947	1 57	1 59	1 70	1 72	-2.8405226320271675
1948	1 57	1 59	1 72	1 2	-42.97674814761447
1949	1 57	1 59	1 61	1 63	-15.757902238888303
1950	1 57	1 59	1 65	1 67	166.71187568730195
1951	1 57	1 59	1 69	1 71	-6.311570954026579
1952	1 57	1 59	1 71	1 1	-47.29624039555385
1953	1 58	1 60	1 59	1 61	177.7912161121919
1954	1 58	1 60	1 61	1 63	-61.78270541572431
1955	1 58	1 60	1 63	1 65	-211.4732498955765
1956	1 58	1 60	1 65	1 67	104.1317818199388
1957	1 58	1 60	1 67	1 69	132.77803717144343
1958	1 58	1 60	1 69	1 71	-19.064145443757454
1959	1 58	1 60	1 62	1 64	-19.234958507442073
1960	1 58	1 60	1 66	1 68	219.9105038088061
1961	1 58	1 60	1 70	1 72	-9.392379693453037
1962	1 58	1 60	1 72	1 2	-92.55941057559315
1963	1 59	1 61	1 60	1 62	134.39274893379564
1964	1 59	1 61	1 62	1 64	-53.412139526463164
1965	1 59	1 61	1 64	1 66	-229.38073033615788
1966	1 59	1 61	1 66	1 68	140.25354421200387
1967	1 59	1 61	1 68	1 70	114.2087961079425
1968	1 59	1 61	1 70	1 72	-17.6995843558986
1969	1 59	1 61	1 72	1 2	-133.84983221476512
1970	1 59	1 61	1 65	1 67	6.668191809899945
1971	1 59	1 61	1 67	1 69	228.64560003348276
1972	1 59	1 61	1 71	1 1	-144.22792326915865
1973	1 60	1 62	1 61	1 63	194.3291931848617
1974	1 60	1 62	1 65	1 67	-14.261945687152807
1975	1 60	1 62	1 67	1 69	115.78400079504272
1976	1 60	1 62	1 69	1 71	139.56751026663443
1977	1 60	1 62	1 66	1 68	-4.965359610483944
1978	1 60	1 62	1 68	1 70	233.9878574385741
1979	1 60	1 62	1 70	1 72	6.748984783130634
1980	1 61	1 63	1 62	1 64	193.63682668450411
1981	1 61	1 63	1 66	1 68	-20.974530580610207
1982	1 61	1 63	1 68	1 70	138.88196228919446
1983	1 61	1 63	1 70	1 72	116.21826141338337
1984	1 61	1 63	1 72	1 2	-187.79423017298944
1985	1 61	1 63	1 65	1 67	-8.17130224876852
1986	1 61	1 63	1 69	1 71	226.99579114962125
1987	1 61	1 63	1 71	1 1	-180.11819291116097
1988	1 62	1 64	1 65	1 67	-3.937778194071094
1989	1 62	1 64	1 67	1 69	-16.38420413354843
1990	1 62	1 64	1 69	1 71	120.9228978794638
1991	1 62	1 64	1 71	1 1	-75.34291991856125
1992	1 62	1 64	1 66	1 68	-10.152820551620442
1993	1 62	1 64	1 70	1 72	203.03404142944103
1994	1 62	1 64	1 72	1 2	-169.60035515311333
1995	1 63	1 65	1 64	1 66	688.7195029120362
1996	1 63	1 65	1 66	1 68	-260.68340025091527
1997	1 63	1 65	1 68	1 70	-247.98832182904204
1998	1 63	1 65	1 70	1 72	-98.04368261647319
1999	1 63	1 65	1 72	1 2	323.90198101145444
2000	1 63	1 65	1 67	1 69	-250.25048917025924
2001	1 63	1 65	1 69	1 71	-225.38742869173643
2002	1 63	1 65	1 71	1 1	327.5574233707194
2003	1 64	1 66	1 65	1 67	-96.70685238895791
2004	1 64	1 66	1 67	1 69	-267.5415540432525
2005	1 64	1 66	1 69	1 71	-249.27959673227267
2006	1 64	1 66	1 71	1 1	314.4509667390816
2007	1 64	1 66	1 68	1 70	-246.36111508918066
2008	1 64	1 66	1 70	1 72	-202.98125095538887
2009	1 64	1 66	1 72	1 2	387.20809810949254
2010	1 65	1 67	1 66	1 68	149.94455229299967
2011	1 65	1 67	1 68	1 70	-40.60471888488524
2012	1 65	1 67	1 70	1 72	-5.140426222603237
2013	1 65	1 67	1 72	1 2	-54.71961987806065
2014	1 65	1 67	1 69	1 71	-13.69907182212198
2015	1 65	1 67	1 71	1 1	-58.34084147735679
2016	1 66	1 68	1 67	1 69	176.92649186477405
2017	1 66	1 68	1 69	1 71	-48.26417690836209
2018	1 66	1 68	1 71	1 1	-115.39016061007308
2019	1 67	1 69	1 68	1 70	156.85796885728797
2020	1 67	1 69	1 70	1 72	-38.994569186844316
2021	1 67	1 69	1 72	1 2	-154.86790196560952
2022	1 67	1 69	1 71	1 1	-165.91355176695333
2023	1 68	1 70	1 69	1 71	192.0625819773057
2024	1 69	1 71	1 70	1 72	199.84007284743643
2025	1 69	1 71	1 72	1 2	-288.4646349413299
2026	1 70	1 72	1 71	1 1	-130.66141221374048
2027	1 71	1 1	1 72	1 2	1382.3855265963118
