2268
1	1 1	1 3	1 2	1 4	594.3254964539008
2	1 1	1 3	1 4	1 6	-248.1074306898775
3	1 1	1 3	1 6	1 8	-40.39444757770486
4	1 1	1 3	1 8	1 10	-216.4787326388889
5	1 1	1 3	1 12	1 14	-46.12386954866545
6	1 1	1 3	1 14	1 16	-19.334217341657684
7	1 1	1 3	1 16	1 18	-173.16066373601188
8	1 1	1 3	1 18	1 20	159.5166069386715
9	1 1	1 3	1 20	1 22	13.034258826918215
10	1 1	1 3	1 5	1 7	-90.54392046944662
11	1 1	1 3	1 9	1 11	521.2889532522493
12	1 1	1 3	1 11	1 13	16.008814296014094
13	1 1	1 3	1 13	1 15	-29.9455615098615
14	1 1	1 3	1 17	1 19	225.03840899959823
15	1 1	1 3	1 19	1 21	70.85153881303086
16	1 1	1 3	1 21	1 23	-6.895013564769167
17	1 1	1 3	1 22	1 24	-8.68091973384096
18	1 1	1 3	1 26	1 28	91.65331765935214
19	1 1	1 3	1 28	1 30	29.745001972047568
20	1 1	1 3	1 30	1 32	1.207983609375467
21	1 1	1 3	1 32	1 34	-101.35272084728963
22	1 1	1 3	1 34	1 36	55.065226572847344
23	1 1	1 3	1 36	1 38	28.34204992826188
24	1 1	1 3	1 38	1 40	9.604928043657292
25	1 1	1 3	1 40	1 42	-80.45329634360104
26	1 1	1 3	1 25	1 27	120.66125331577027
27	1 1	1 3	1 27	1 29	58.482122620328866
28	1 1	1 3	1 29	1 31	9.635266569615734
29	1 1	1 3	1 31	1 33	-140.54112670640262
30	1 1	1 3	1 33	1 35	68.62303335431089
31	1 1	1 3	1 35	1 37	42.53578019939717
32	1 1	1 3	1 37	1 39	17.06714530315818
33	1 1	1 3	1 39	1 41	-96.90988734135095
34	1 1	1 3	1 41	1 43	37.842465096026885
35	1 1	1 3	1 43	1 45	30.717063281629766
36	1 1	1 3	1 42	1 44	36.020661198871856
37	1 1	1 3	1 44	1 46	23.903286666620698
38	1 1	1 3	1 46	1 48	11.278918818807497
39	1 1	1 3	1 48	1 50	-63.22758792015242
40	1 1	1 3	1 50	1 52	25.035831485694864
41	1 1	1 3	1 52	1 54	18.76158689782713
42	1 1	1 3	1 54	1 56	10.944400184310993
43	1 1	1 3	1 56	1 58	-49.2089955277112
44	1 1	1 3	1 58	1 60	18.412533759964916
45	1 1	1 3	1 60	1 62	15.176645684510685
46	1 1	1 3	1 45	1 47	16.91343926213043
47	1 1	1 3	1 47	1 49	-68.39043377139502
48	1 1	1 3	1 49	1 51	22.610931166726804
49	1 1	1 3	1 51	1 53	23.046523581663664
50	1 1	1 3	1 53	1 55	15.28872312350968
51	1 1	1 3	1 55	1 57	-51.1388128001192
52	1 1	1 3	1 57	1 59	14.425005079843181
53	1 1	1 3	1 59	1 61	17.3613120803949
54	1 1	1 3	1 61	1 63	12.734146985815883
55	1 1	1 3	1 63	1 65	-38.957222302980384
56	1 1	1 3	1 62	1 64	9.169685806221647
57	1 1	1 3	1 64	1 66	-38.732363432199904
58	1 1	1 3	1 66	1 68	13.499967906099647
59	1 1	1 3	1 68	1 70	12.543858451933886
60	1 1	1 3	1 70	1 72	6.5016073514111525
61	1 1	1 3	1 72	1 2	-214.04064514241952
62	1 1	1 3	1 65	1 67	10.469995513642468
63	1 1	1 3	1 67	1 69	13.737047465012804
64	1 1	1 3	1 69	1 71	9.920858277563205
65	1 2	1 4	1 3	1 5	537.4761095204009
66	1 2	1 4	1 5	1 7	-269.790249618487
67	1 2	1 4	1 7	1 9	-566.4484330028781
68	1 2	1 4	1 13	1 15	-33.02217166845478
69	1 2	1 4	1 15	1 17	-356.3558823529412
70	1 2	1 4	1 17	1 19	158.90525501584952
71	1 2	1 4	1 6	1 8	-92.95488070488071
72	1 2	1 4	1 10	1 12	411.6812273018871
73	1 2	1 4	1 12	1 14	14.686021008707566
74	1 2	1 4	1 14	1 16	-31.72743557026277
75	1 2	1 4	1 18	1 20	194.20477796028933
76	1 2	1 4	1 20	1 22	60.04994693279029
77	1 2	1 4	1 22	1 24	-7.561293434525632
78	1 2	1 4	1 23	1 25	-240.48088845557723
79	1 2	1 4	1 25	1 27	99.59347345132744
80	1 2	1 4	1 27	1 29	89.6747804822389
81	1 2	1 4	1 29	1 31	25.51879403003418
82	1 2	1 4	1 31	1 33	-171.96901257693338
83	1 2	1 4	1 33	1 35	62.822305986329255
84	1 2	1 4	1 35	1 37	57.215791372321775
85	1 2	1 4	1 37	1 39	30.249980798598102
86	1 2	1 4	1 39	1 41	-119.72396010871067
87	1 2	1 4	1 41	1 43	37.35658468186645
88	1 2	1 4	1 26	1 28	102.8837322515213
89	1 2	1 4	1 28	1 30	58.63530629139073
90	1 2	1 4	1 30	1 32	7.014501721095148
91	1 2	1 4	1 32	1 34	-137.64931020112738
92	1 2	1 4	1 34	1 36	61.00696999826543
93	1 2	1 4	1 36	1 38	45.1805876677165
94	1 2	1 4	1 38	1 40	17.677183901127563
95	1 2	1 4	1 40	1 42	-107.08610602360604
96	1 2	1 4	1 42	1 44	40.55053170408134
97	1 2	1 4	1 44	1 46	34.389304768232904
98	1 2	1 4	1 43	1 45	39.543557065986974
99	1 2	1 4	1 45	1 47	26.069731952742586
100	1 2	1 4	1 47	1 49	-85.02583473296414
101	1 2	1 4	1 49	1 51	23.74190232713078
102	1 2	1 4	1 51	1 53	28.9833270114583
103	1 2	1 4	1 53	1 55	21.957048073134626
104	1 2	1 4	1 55	1 57	-63.77994356565617
105	1 2	1 4	1 57	1 59	15.938019670012704
106	1 2	1 4	1 59	1 61	21.475986529881624
107	1 2	1 4	1 61	1 63	17.493533578545254
108	1 2	1 4	1 46	1 48	18.197904480301645
109	1 2	1 4	1 48	1 50	-82.5833928052316
110	1 2	1 4	1 50	1 52	28.725273528824683
111	1 2	1 4	1 52	1 54	25.373791470487888
112	1 2	1 4	1 54	1 56	16.41129525770787
113	1 2	1 4	1 56	1 58	-63.43591525618584
114	1 2	1 4	1 58	1 60	21.51783041873098
115	1 2	1 4	1 60	1 62	19.952325946950694
116	1 2	1 4	1 62	1 64	13.064385251988831
117	1 2	1 4	1 64	1 66	-49.56949394019259
118	1 2	1 4	1 63	1 65	-48.588220909854854
119	1 2	1 4	1 65	1 67	12.033332154859519
120	1 2	1 4	1 67	1 69	16.957058659271965
121	1 2	1 4	1 69	1 71	13.221662493551774
122	1 2	1 4	1 71	1 1	-727.3074757281554
123	1 2	1 4	1 66	1 68	16.055887473200844
124	1 2	1 4	1 68	1 70	16.12852920741837
125	1 2	1 4	1 70	1 72	9.256597406917075
126	1 3	1 5	1 4	1 6	404.82622574055165
127	1 3	1 5	1 6	1 8	-223.68838544211042
128	1 3	1 5	1 8	1 10	-448.2276317604857
129	1 3	1 5	1 10	1 12	253.80431792702518
130	1 3	1 5	1 12	1 14	193.4634237327303
131	1 3	1 5	1 14	1 16	-38.29016059488187
132	1 3	1 5	1 16	1 18	-303.3902734170591
133	1 3	1 5	1 18	1 20	139.312074829932
134	1 3	1 5	1 20	1 22	119.01006962045672
135	1 3	1 5	1 9	1 11	39.53368410700236
136	1 3	1 5	1 11	1 13	337.13122985905994
137	1 3	1 5	1 17	1 19	63.88805011045323
138	1 3	1 5	1 19	1 21	169.5637559677054
139	1 3	1 5	1 21	1 23	43.3297783177947
140	1 3	1 5	1 25	1 27	57.59630589666358
141	1 3	1 5	1 24	1 26	-212.38937666823676
142	1 3	1 5	1 26	1 28	80.35135823838787
143	1 3	1 5	1 28	1 30	81.83943405824218
144	1 3	1 5	1 30	1 32	18.659827028627085
145	1 3	1 5	1 32	1 34	-151.7226321493444
146	1 3	1 5	1 34	1 36	50.818583811659316
147	1 3	1 5	1 36	1 38	55.36725483567068
148	1 3	1 5	1 38	1 40	27.068360293226704
149	1 3	1 5	1 40	1 42	-116.4567071902784
150	1 3	1 5	1 42	1 44	35.63513644534085
151	1 3	1 5	1 27	1 29	94.97713176278884
152	1 3	1 5	1 29	1 31	48.001120925982335
153	1 3	1 5	1 33	1 35	43.502430096194814
154	1 3	1 5	1 35	1 37	58.37684821214782
155	1 3	1 5	1 37	1 39	43.01473039936775
156	1 3	1 5	1 39	1 41	-120.92538577728526
157	1 3	1 5	1 41	1 43	28.673504302287768
158	1 3	1 5	1 43	1 45	40.1625390070922
159	1 3	1 5	1 45	1 47	32.66624861160345
160	1 3	1 5	1 44	1 46	39.13244621651701
161	1 3	1 5	1 46	1 48	24.450648996700366
162	1 3	1 5	1 48	1 50	-88.86478345093596
163	1 3	1 5	1 50	1 52	26.247642331408674
164	1 3	1 5	1 52	1 54	27.649590030372952
165	1 3	1 5	1 54	1 56	20.366322485887704
166	1 3	1 5	1 56	1 58	-67.29311074395149
167	1 3	1 5	1 58	1 60	20.269192289825853
168	1 3	1 5	1 60	1 62	21.294525115064843
169	1 3	1 5	1 62	1 64	15.446854279877403
170	1 3	1 5	1 47	1 49	-86.14789636893686
171	1 3	1 5	1 49	1 51	19.810815183068534
172	1 3	1 5	1 51	1 53	29.346192914857383
173	1 3	1 5	1 53	1 55	25.74155016402787
174	1 3	1 5	1 55	1 57	-65.04811189763849
175	1 3	1 5	1 57	1 59	14.177034077516875
176	1 3	1 5	1 59	1 61	21.4733299197859
177	1 3	1 5	1 61	1 63	19.76514439292761
178	1 3	1 5	1 63	1 65	-49.55112508964736
179	1 3	1 5	1 65	1 67	11.212945680784877
180	1 3	1 5	1 64	1 66	-52.06158587197684
181	1 3	1 5	1 66	1 68	15.476992067791045
182	1 3	1 5	1 68	1 70	17.034337358873426
183	1 3	1 5	1 70	1 72	10.322405186201427
184	1 3	1 5	1 67	1 69	17.073711205340878
185	1 3	1 5	1 69	1 71	14.436983801613192
186	1 4	1 6	1 5	1 7	501.19316882942246
187	1 4	1 6	1 7	1 9	-640.638680521397
188	1 4	1 6	1 9	1 11	-34.464066498587755
189	1 4	1 6	1 11	1 13	202.38247427988142
190	1 4	1 6	1 15	1 17	-361.12364573073717
191	1 4	1 6	1 17	1 19	12.147275888007155
192	1 4	1 6	1 19	1 21	118.73662111646587
193	1 4	1 6	1 21	1 23	111.50357755005706
194	1 4	1 6	1 23	1 25	-220.71468791338856
195	1 4	1 6	1 12	1 14	332.2925190831031
196	1 4	1 6	1 14	1 16	19.837101744235902
197	1 4	1 6	1 18	1 20	56.085961817150775
198	1 4	1 6	1 20	1 22	153.2620078121426
199	1 4	1 6	1 22	1 24	53.18369405038655
200	1 4	1 6	1 26	1 28	46.475276161653554
201	1 4	1 6	1 25	1 27	25.627848309507602
202	1 4	1 6	1 27	1 29	74.87693318814654
203	1 4	1 6	1 29	1 31	78.54339281064972
204	1 4	1 6	1 31	1 33	-159.5501899330801
205	1 4	1 6	1 33	1 35	25.492596532914174
206	1 4	1 6	1 35	1 37	49.71887340155222
207	1 4	1 6	1 37	1 39	56.46374826362093
208	1 4	1 6	1 39	1 41	-114.66100900225055
209	1 4	1 6	1 41	1 43	19.277711734815906
210	1 4	1 6	1 43	1 45	35.99082588335462
211	1 4	1 6	1 28	1 30	93.00904685676653
212	1 4	1 6	1 30	1 32	42.7104509555933
213	1 4	1 6	1 32	1 34	-160.32616574705185
214	1 4	1 6	1 34	1 36	34.9841407811459
215	1 4	1 6	1 36	1 38	59.49931100582917
216	1 4	1 6	1 38	1 40	40.614106550339926
217	1 4	1 6	1 40	1 42	-121.30101281163435
218	1 4	1 6	1 42	1 44	27.648040337904355
219	1 4	1 6	1 44	1 46	40.67518617295403
220	1 4	1 6	1 46	1 48	31.7005785993318
221	1 4	1 6	1 45	1 47	38.34768780709858
222	1 4	1 6	1 47	1 49	-81.95058496219147
223	1 4	1 6	1 49	1 51	14.88760030503187
224	1 4	1 6	1 51	1 53	26.96870197364632
225	1 4	1 6	1 53	1 55	28.454746269853125
226	1 4	1 6	1 55	1 57	-62.18097268044221
227	1 4	1 6	1 57	1 59	11.528021900302534
228	1 4	1 6	1 59	1 61	19.8001747638293
229	1 4	1 6	1 61	1 63	21.013096809804576
230	1 4	1 6	1 63	1 65	-47.35860476477637
231	1 4	1 6	1 48	1 50	-90.64921777440117
232	1 4	1 6	1 50	1 52	21.806945270547196
233	1 4	1 6	1 52	1 54	27.886105647175732
234	1 4	1 6	1 54	1 56	24.239494909790082
235	1 4	1 6	1 56	1 58	-67.26743107275564
236	1 4	1 6	1 58	1 60	17.53932942020302
237	1 4	1 6	1 60	1 62	21.271630894563685
238	1 4	1 6	1 62	1 64	17.3547139429274
239	1 4	1 6	1 64	1 66	-51.553680070113366
240	1 4	1 6	1 66	1 68	13.838250431112337
241	1 4	1 6	1 65	1 67	9.645411544151976
242	1 4	1 6	1 67	1 69	15.973203518166446
243	1 4	1 6	1 69	1 71	14.873072155980832
244	1 4	1 6	1 71	1 1	-199.6988235617461
245	1 4	1 6	1 68	1 70	16.787626862448715
246	1 4	1 6	1 70	1 72	11.04067593397359
247	1 4	1 6	1 72	1 2	-270.60430048456163
248	1 5	1 7	1 6	1 8	533.2126577840113
249	1 5	1 7	1 8	1 10	-738.2966742791892
250	1 5	1 7	1 10	1 12	-42.49837686884533
251	1 5	1 7	1 12	1 14	239.2070186934375
252	1 5	1 7	1 16	1 18	-456.19
253	1 5	1 7	1 20	1 22	125.59811011233342
254	1 5	1 7	1 24	1 26	-268.83949493109935
255	1 5	1 7	1 9	1 11	-32.93628715529864
256	1 5	1 7	1 13	1 15	401.27811098994306
257	1 5	1 7	1 15	1 17	-374.8091630591631
258	1 5	1 7	1 17	1 19	-4.562648015819798
259	1 5	1 7	1 19	1 21	53.09775747628704
260	1 5	1 7	1 21	1 23	174.65347443112307
261	1 5	1 7	1 23	1 25	-206.70267203852924
262	1 5	1 7	1 25	1 27	9.408332602919371
263	1 5	1 7	1 27	1 29	48.40341633650408
264	1 5	1 7	1 26	1 28	21.680847253881577
265	1 5	1 7	1 28	1 30	86.0954993114461
266	1 5	1 7	1 30	1 32	77.84507331634947
267	1 5	1 7	1 32	1 34	-171.3200061679443
268	1 5	1 7	1 34	1 36	22.268288038960776
269	1 5	1 7	1 36	1 38	58.134779752950394
270	1 5	1 7	1 38	1 40	57.097103027812025
271	1 5	1 7	1 40	1 42	-126.48093006869826
272	1 5	1 7	1 42	1 44	20.851179185473505
273	1 5	1 7	1 44	1 46	40.11149522335886
274	1 5	1 7	1 29	1 31	104.975322952206
275	1 5	1 7	1 31	1 33	-150.12509431589535
276	1 5	1 7	1 33	1 35	14.317232278052867
277	1 5	1 7	1 35	1 37	38.49858245537021
278	1 5	1 7	1 37	1 39	68.05512907786563
279	1 5	1 7	1 39	1 41	-108.7695227849074
280	1 5	1 7	1 41	1 43	12.882710441937467
281	1 5	1 7	1 43	1 45	31.154651218642563
282	1 5	1 7	1 45	1 47	43.11557765556991
283	1 5	1 7	1 47	1 49	-78.1216601595165
284	1 5	1 7	1 46	1 48	39.869490688015006
285	1 5	1 7	1 48	1 50	-93.03819082467466
286	1 5	1 7	1 50	1 52	17.94172247718526
287	1 5	1 7	1 52	1 54	27.417192587955867
288	1 5	1 7	1 54	1 56	28.246956094224274
289	1 5	1 7	1 56	1 58	-68.05589970501475
290	1 5	1 7	1 58	1 60	15.195216384956797
291	1 5	1 7	1 60	1 62	20.927605953194472
292	1 5	1 7	1 62	1 64	19.347800879982284
293	1 5	1 7	1 64	1 66	-51.30597074034185
294	1 5	1 7	1 49	1 51	11.23708554871856
295	1 5	1 7	1 51	1 53	24.40535123709043
296	1 5	1 7	1 53	1 55	30.624462396054245
297	1 5	1 7	1 55	1 57	-59.594259445042084
298	1 5	1 7	1 57	1 59	9.473312410219574
299	1 5	1 7	1 59	1 61	18.197915579151463
300	1 5	1 7	1 61	1 63	22.094216389729215
301	1 5	1 7	1 63	1 65	-45.45294340693398
302	1 5	1 7	1 65	1 67	8.355093454754957
303	1 5	1 7	1 67	1 69	14.964128568617507
304	1 5	1 7	1 66	1 68	12.414242130299721
305	1 5	1 7	1 68	1 70	16.53004699403163
306	1 5	1 7	1 70	1 72	11.629899488035349
307	1 5	1 7	1 72	1 2	-171.81471831297574
308	1 5	1 7	1 69	1 71	15.276570546355845
309	1 5	1 7	1 71	1 1	-139.37097929545678
310	1 6	1 8	1 9	1 11	-20.4627181828457
311	1 6	1 8	1 11	1 13	-32.57721092157553
312	1 6	1 8	1 17	1 19	-6.670336529357688
313	1 6	1 8	1 19	1 21	9.351775082926846
314	1 6	1 8	1 21	1 23	141.20855945011462
315	1 6	1 8	1 23	1 25	-134.01957328018707
316	1 6	1 8	1 10	1 12	-34.13456613319674
317	1 6	1 8	1 12	1 14	30.406909643693215
318	1 6	1 8	1 14	1 16	527.8351288056206
319	1 6	1 8	1 16	1 18	-508.058118657299
320	1 6	1 8	1 18	1 20	-5.27481976058232
321	1 6	1 8	1 20	1 22	55.68407889085426
322	1 6	1 8	1 22	1 24	219.15774476531985
323	1 6	1 8	1 24	1 26	-255.3641130465695
324	1 6	1 8	1 26	1 28	7.564638760442787
325	1 6	1 8	1 28	1 30	56.61279880238368
326	1 6	1 8	1 27	1 29	23.18246590590848
327	1 6	1 8	1 29	1 31	92.99527121366148
328	1 6	1 8	1 31	1 33	-109.45247046476351
329	1 6	1 8	1 33	1 35	7.2224788784328915
330	1 6	1 8	1 35	1 37	24.433396096999864
331	1 6	1 8	1 37	1 39	60.88093545274491
332	1 6	1 8	1 39	1 41	-83.63859572191663
333	1 6	1 8	1 41	1 43	7.655666926514797
334	1 6	1 8	1 43	1 45	22.346150847203482
335	1 6	1 8	1 45	1 47	37.85382616084371
336	1 6	1 8	1 30	1 32	95.43639779598666
337	1 6	1 8	1 32	1 34	-150.1777290371995
338	1 6	1 8	1 34	1 36	12.065326297743177
339	1 6	1 8	1 36	1 38	43.5036231884058
340	1 6	1 8	1 38	1 40	60.255275847847464
341	1 6	1 8	1 40	1 42	-108.18624686716792
342	1 6	1 8	1 42	1 44	13.554208063132005
343	1 6	1 8	1 44	1 46	31.706473025685117
344	1 6	1 8	1 46	1 48	38.926283231907746
345	1 6	1 8	1 48	1 50	-78.38201378403392
346	1 6	1 8	1 47	1 49	-61.19958169706061
347	1 6	1 8	1 49	1 51	7.449476273915834
348	1 6	1 8	1 51	1 53	18.42187973546126
349	1 6	1 8	1 53	1 55	26.63284292343561
350	1 6	1 8	1 55	1 57	-47.43087065331929
351	1 6	1 8	1 57	1 59	6.735028361231176
352	1 6	1 8	1 59	1 61	14.013102140497544
353	1 6	1 8	1 61	1 63	18.90214843832289
354	1 6	1 8	1 63	1 65	-36.40088581831786
355	1 6	1 8	1 65	1 67	6.2214020273661905
356	1 6	1 8	1 50	1 52	12.661906248940603
357	1 6	1 8	1 52	1 54	21.992279871448062
358	1 6	1 8	1 54	1 56	26.28559301538821
359	1 6	1 8	1 56	1 58	-56.506307486499146
360	1 6	1 8	1 58	1 60	11.203580884287886
361	1 6	1 8	1 60	1 62	17.050158474904094
362	1 6	1 8	1 62	1 64	17.38480329155298
363	1 6	1 8	1 64	1 66	-42.4259339699924
364	1 6	1 8	1 66	1 68	9.435613560674085
365	1 6	1 8	1 68	1 70	13.50755449053366
366	1 6	1 8	1 67	1 69	11.761494609071644
367	1 6	1 8	1 69	1 71	12.894458614515582
368	1 6	1 8	1 71	1 1	-91.97366726694534
369	1 6	1 8	1 70	1 72	10.262319831558813
370	1 6	1 8	1 72	1 2	-109.07216558236854
371	1 7	1 9	1 8	1 10	1422.984047508151
372	1 7	1 9	1 10	1 12	-511.6794258373206
373	1 7	1 9	1 12	1 14	-390.84354722422495
374	1 7	1 9	1 16	1 18	996.8395762711864
375	1 7	1 9	1 18	1 20	-366.3601193461037
376	1 7	1 9	1 20	1 22	-265.8221377496996
377	1 7	1 9	1 22	1 24	-141.1239038035616
378	1 7	1 9	1 24	1 26	662.7618693626723
379	1 7	1 9	1 26	1 28	-224.68010667789594
380	1 7	1 9	1 11	1 13	-407.7582288401254
381	1 7	1 9	1 13	1 15	-388.3361739931561
382	1 7	1 9	1 15	1 17	1161.2466101694915
383	1 7	1 9	1 21	1 23	-212.61945427501666
384	1 7	1 9	1 23	1 25	721.4676415891801
385	1 7	1 9	1 27	1 29	-217.45668665524462
386	1 7	1 9	1 29	1 31	-167.5462976494946
387	1 7	1 9	1 28	1 30	-206.82106889191806
388	1 7	1 9	1 30	1 32	-98.18035912739921
389	1 7	1 9	1 32	1 34	455.67029914529917
390	1 7	1 9	1 34	1 36	-145.00309523809523
391	1 7	1 9	1 36	1 38	-149.61671118337011
392	1 7	1 9	1 38	1 40	-95.85287906459266
393	1 7	1 9	1 40	1 42	346.99603896103895
394	1 7	1 9	1 42	1 44	-103.29287169042772
395	1 7	1 9	1 44	1 46	-109.60149393090569
396	1 7	1 9	1 46	1 48	-78.15461482773577
397	1 7	1 9	1 31	1 33	507.5845942700292
398	1 7	1 9	1 35	1 37	-151.6412040245018
399	1 7	1 9	1 37	1 39	-133.5040050263348
400	1 7	1 9	1 39	1 41	353.80954293732657
401	1 7	1 9	1 41	1 43	-90.39211676378306
402	1 7	1 9	1 43	1 45	-110.5448458566193
403	1 7	1 9	1 45	1 47	-97.41347445508515
404	1 7	1 9	1 47	1 49	250.62165963431784
405	1 7	1 9	1 49	1 51	-59.95817716640085
406	1 7	1 9	1 48	1 50	262.232901645198
407	1 7	1 9	1 50	1 52	-76.20351859426663
408	1 7	1 9	1 52	1 54	-78.58629831706754
409	1 7	1 9	1 54	1 56	-62.1994073134848
410	1 7	1 9	1 56	1 58	197.4421037220198
411	1 7	1 9	1 58	1 60	-58.81356016410229
412	1 7	1 9	1 60	1 62	-61.15558275905305
413	1 7	1 9	1 62	1 64	-46.093296891972386
414	1 7	1 9	1 64	1 66	151.8087848737666
415	1 7	1 9	1 66	1 68	-44.98662923624577
416	1 7	1 9	1 51	1 53	-82.94365881714596
417	1 7	1 9	1 53	1 55	-75.45824356197352
418	1 7	1 9	1 55	1 57	188.54515957446807
419	1 7	1 9	1 57	1 59	-41.817905427654416
420	1 7	1 9	1 59	1 61	-61.611320046114315
421	1 7	1 9	1 61	1 63	-57.723578728351995
422	1 7	1 9	1 63	1 65	143.82519404208557
423	1 7	1 9	1 65	1 67	-32.7051594649471
424	1 7	1 9	1 67	1 69	-49.31684305620016
425	1 7	1 9	1 69	1 71	-42.13078065620809
426	1 7	1 9	1 68	1 70	-49.18441516111008
427	1 7	1 9	1 70	1 72	-30.072387331094276
428	1 7	1 9	1 71	1 1	886.7548747654401
429	1 8	1 10	1 11	1 13	-419.1052740204484
430	1 8	1 10	1 13	1 15	-443.6837406015037
431	1 8	1 10	1 15	1 17	967.1507936507937
432	1 8	1 10	1 19	1 21	-327.0890377302055
433	1 8	1 10	1 21	1 23	-271.7447443795936
434	1 8	1 10	1 23	1 25	655.1754070881227
435	1 8	1 10	1 27	1 29	-214.7984150055371
436	1 8	1 10	1 12	1 14	-394.4531936668473
437	1 8	1 10	1 14	1 16	-509.71179941002947
438	1 8	1 10	1 16	1 18	1231.031145287396
439	1 8	1 10	1 22	1 24	-268.5805808070421
440	1 8	1 10	1 24	1 26	715.5207764338666
441	1 8	1 10	1 28	1 30	-222.47036948748507
442	1 8	1 10	1 30	1 32	-148.18178294573642
443	1 8	1 10	1 29	1 31	-207.11031739697233
444	1 8	1 10	1 31	1 33	479.0711060084194
445	1 8	1 10	1 33	1 35	-99.1809382552023
446	1 8	1 10	1 35	1 37	-144.530299702143
447	1 8	1 10	1 37	1 39	-156.8873881031834
448	1 8	1 10	1 39	1 41	344.33572281959374
449	1 8	1 10	1 41	1 43	-67.64658280825182
450	1 8	1 10	1 43	1 45	-105.40756115970342
451	1 8	1 10	1 45	1 47	-108.13677745485258
452	1 8	1 10	1 47	1 49	243.80891079812207
453	1 8	1 10	1 32	1 34	476.8016826923077
454	1 8	1 10	1 34	1 36	-117.99212703173376
455	1 8	1 10	1 36	1 38	-159.45936858397297
456	1 8	1 10	1 38	1 40	-123.47488068063915
457	1 8	1 10	1 40	1 42	354.8604995311401
458	1 8	1 10	1 42	1 44	-87.56211055378843
459	1 8	1 10	1 44	1 46	-114.17072673162772
460	1 8	1 10	1 46	1 48	-93.07991346511062
461	1 8	1 10	1 48	1 50	266.0713575688725
462	1 8	1 10	1 50	1 52	-67.41033943416495
463	1 8	1 10	1 49	1 51	-48.77465720296223
464	1 8	1 10	1 51	1 53	-79.34470449279289
465	1 8	1 10	1 53	1 55	-81.34342339422885
466	1 8	1 10	1 55	1 57	184.866804881446
467	1 8	1 10	1 57	1 59	-36.245491353913124
468	1 8	1 10	1 59	1 61	-58.863485742592346
469	1 8	1 10	1 61	1 63	-60.52127847474789
470	1 8	1 10	1 63	1 65	140.62604263336988
471	1 8	1 10	1 65	1 67	-29.52470639208555
472	1 8	1 10	1 67	1 69	-47.27777383546484
473	1 8	1 10	1 52	1 54	-79.97456905780186
474	1 8	1 10	1 54	1 56	-70.25682119116723
475	1 8	1 10	1 56	1 58	197.80021240004118
476	1 8	1 10	1 58	1 60	-53.33895491125085
477	1 8	1 10	1 60	1 62	-61.68034650385462
478	1 8	1 10	1 62	1 64	-50.27122831708399
479	1 8	1 10	1 64	1 66	151.79007043680957
480	1 8	1 10	1 66	1 68	-41.58979352343165
481	1 8	1 10	1 68	1 70	-49.1649701805287
482	1 8	1 10	1 70	1 72	-31.91898450445137
483	1 8	1 10	1 69	1 71	-43.16852255473913
484	1 9	1 11	1 12	1 14	-70.131718062734
485	1 9	1 11	1 14	1 16	-15.159242973045593
486	1 9	1 11	1 20	1 22	-22.606164226613032
487	1 9	1 11	1 22	1 24	-10.812138045994072
488	1 9	1 11	1 26	1 28	116.12913331716388
489	1 9	1 11	1 28	1 30	14.631573358132854
490	1 9	1 11	1 13	1 15	-28.642223694457037
491	1 9	1 11	1 19	1 21	15.448499545664319
492	1 9	1 11	1 21	1 23	-16.4140773749495
493	1 9	1 11	1 25	1 27	179.48037823242183
494	1 9	1 11	1 27	1 29	50.29143360865575
495	1 9	1 11	1 30	1 32	-2.3693387694794708
496	1 9	1 11	1 32	1 34	-106.52168884707964
497	1 9	1 11	1 34	1 36	69.15451845046701
498	1 9	1 11	1 36	1 38	23.63166038907756
499	1 9	1 11	1 38	1 40	6.518787846727634
500	1 9	1 11	1 40	1 42	-86.196398469917
501	1 9	1 11	1 42	1 44	44.536865249456255
502	1 9	1 11	1 44	1 46	23.23858091544742
503	1 9	1 11	1 46	1 48	9.515390945823068
504	1 9	1 11	1 48	1 50	-68.38687840480117
505	1 9	1 11	1 33	1 35	95.91850982484219
506	1 9	1 11	1 35	1 37	44.31123454327882
507	1 9	1 11	1 37	1 39	12.08745168138757
508	1 9	1 11	1 39	1 41	-110.98033866948577
509	1 9	1 11	1 41	1 43	50.7477867064995
510	1 9	1 11	1 43	1 45	33.60299166396105
511	1 9	1 11	1 45	1 47	15.081166817684586
512	1 9	1 11	1 47	1 49	-77.49137501265074
513	1 9	1 11	1 49	1 51	29.10675627502495
514	1 9	1 11	1 51	1 53	25.779288960085204
515	1 9	1 11	1 50	1 52	30.31671875939172
516	1 9	1 11	1 52	1 54	19.53764811380644
517	1 9	1 11	1 54	1 56	10.183606515017186
518	1 9	1 11	1 56	1 58	-53.69527551850697
519	1 9	1 11	1 58	1 60	22.00356425638281
520	1 9	1 11	1 60	1 62	16.288667546926696
521	1 9	1 11	1 62	1 64	9.026229293126022
522	1 9	1 11	1 64	1 66	-42.63948049254415
523	1 9	1 11	1 66	1 68	15.916859666612922
524	1 9	1 11	1 68	1 70	13.660408431556014
525	1 9	1 11	1 53	1 55	14.951872849250758
526	1 9	1 11	1 55	1 57	-57.74723758423674
527	1 9	1 11	1 57	1 59	17.904321294037423
528	1 9	1 11	1 59	1 61	19.76387253164969
529	1 9	1 11	1 61	1 63	12.991722281260795
530	1 9	1 11	1 63	1 65	-44.08867815604512
531	1 9	1 11	1 65	1 67	12.63582197019176
532	1 9	1 11	1 67	1 69	15.616573046055354
533	1 9	1 11	1 69	1 71	10.502706672917643
534	1 9	1 11	1 70	1 72	6.69565468727101
535	1 10	1 12	1 11	1 13	244.76074855647406
536	1 10	1 12	1 13	1 15	-67.45588145776735
537	1 10	1 12	1 15	1 17	-388.86760461760457
538	1 10	1 12	1 21	1 23	-25.044505151348858
539	1 10	1 12	1 23	1 25	-271.6333032611601
540	1 10	1 12	1 25	1 27	121.07769599031165
541	1 10	1 12	1 27	1 29	112.441463737488
542	1 10	1 12	1 29	1 31	11.7197186452068
543	1 10	1 12	1 14	1 16	-28.714319812645567
544	1 10	1 12	1 18	1 20	315.33551481413326
545	1 10	1 12	1 20	1 22	13.112725207272614
546	1 10	1 12	1 22	1 24	-18.328071294267318
547	1 10	1 12	1 24	1 26	-209.84293322554706
548	1 10	1 12	1 26	1 28	141.2494481236203
549	1 10	1 12	1 28	1 30	52.98731605216975
550	1 10	1 12	1 30	1 32	-0.8773852565199258
551	1 10	1 12	1 33	1 35	75.95917995396744
552	1 10	1 12	1 35	1 37	68.79361522135977
553	1 10	1 12	1 37	1 39	26.160423954829177
554	1 10	1 12	1 39	1 41	-135.12072293782944
555	1 10	1 12	1 41	1 43	45.1050284046052
556	1 10	1 12	1 43	1 45	45.969493667639085
557	1 10	1 12	1 45	1 47	25.812107029735735
558	1 10	1 12	1 47	1 49	-95.69125303292894
559	1 10	1 12	1 49	1 51	28.390864163847922
560	1 10	1 12	1 34	1 36	77.17910662732982
561	1 10	1 12	1 36	1 38	46.80987231304191
562	1 10	1 12	1 38	1 40	13.578047476828191
563	1 10	1 12	1 40	1 42	-116.394469982455
564	1 10	1 12	1 42	1 44	48.93822056445302
565	1 10	1 12	1 44	1 46	37.048921859905576
566	1 10	1 12	1 46	1 48	16.751839037157474
567	1 10	1 12	1 48	1 50	-90.44423163008703
568	1 10	1 12	1 50	1 52	33.9230718255553
569	1 10	1 12	1 52	1 54	27.84957631284704
570	1 10	1 12	1 51	1 53	33.24329847770542
571	1 10	1 12	1 53	1 55	22.896120326848596
572	1 10	1 12	1 55	1 57	-71.82544726847175
573	1 10	1 12	1 57	1 59	18.753108484908573
574	1 10	1 12	1 59	1 61	24.51096543029282
575	1 10	1 12	1 61	1 63	18.667187047382576
576	1 10	1 12	1 63	1 65	-54.72673193641982
577	1 10	1 12	1 65	1 67	13.987192380667697
578	1 10	1 12	1 67	1 69	19.2074532135483
579	1 10	1 12	1 69	1 71	14.349573224498542
580	1 10	1 12	1 54	1 56	16.285646241720578
581	1 10	1 12	1 56	1 58	-69.7990199728824
582	1 10	1 12	1 58	1 60	25.034843466809228
583	1 10	1 12	1 60	1 62	22.03182568774186
584	1 10	1 12	1 62	1 64	13.524500997789994
585	1 10	1 12	1 64	1 66	-54.941974404218485
586	1 10	1 12	1 66	1 68	18.486219837210342
587	1 10	1 12	1 68	1 70	17.94089775371466
588	1 10	1 12	1 70	1 72	9.505995243594572
589	1 10	1 12	1 71	1 1	-409.2794117647059
590	1 11	1 13	1 12	1 14	207.10034531458695
591	1 11	1 13	1 14	1 16	-57.1045420745434
592	1 11	1 13	1 16	1 18	-325.64421332499217
593	1 11	1 13	1 18	1 20	165.78476718885173
594	1 11	1 13	1 20	1 22	159.20648329360827
595	1 11	1 13	1 22	1 24	-27.21433215130024
596	1 11	1 13	1 24	1 26	-234.7251932648523
597	1 11	1 13	1 26	1 28	97.75233446559506
598	1 11	1 13	1 28	1 30	103.40907077721934
599	1 11	1 13	1 30	1 32	6.573479968346453
600	1 11	1 13	1 19	1 21	287.68066345695075
601	1 11	1 13	1 25	1 27	45.45069977372475
602	1 11	1 13	1 27	1 29	134.27340095326434
603	1 11	1 13	1 29	1 31	40.73240675517761
604	1 11	1 13	1 33	1 35	43.45763837004142
605	1 11	1 13	1 32	1 34	-169.98740772904907
606	1 11	1 13	1 34	1 36	60.42061410551482
607	1 11	1 13	1 36	1 38	67.13801658091153
608	1 11	1 13	1 38	1 40	24.378610681103545
609	1 11	1 13	1 40	1 42	-131.22068163584964
610	1 11	1 13	1 42	1 44	41.55474317070538
611	1 11	1 13	1 44	1 46	46.03959112362146
612	1 11	1 13	1 46	1 48	25.0169637669004
613	1 11	1 13	1 48	1 50	-100.28420872700693
614	1 11	1 13	1 50	1 52	30.301069015667217
615	1 11	1 13	1 35	1 37	74.58321568627451
616	1 11	1 13	1 37	1 39	44.99089467710816
617	1 11	1 13	1 39	1 41	-137.97343767007197
618	1 11	1 13	1 41	1 43	30.852083357043103
619	1 11	1 13	1 43	1 45	48.37765712917768
620	1 11	1 13	1 45	1 47	36.091421146152534
621	1 11	1 13	1 47	1 49	-98.57220945376542
622	1 11	1 13	1 49	1 51	22.13160735647387
623	1 11	1 13	1 51	1 53	34.386277173913044
624	1 11	1 13	1 53	1 55	28.89558973984215
625	1 11	1 13	1 52	1 54	32.062524546597466
626	1 11	1 13	1 54	1 56	21.968481021447026
627	1 11	1 13	1 56	1 58	-75.98727299284289
628	1 11	1 13	1 58	1 60	23.279420217553984
629	1 11	1 13	1 60	1 62	24.46418342342745
630	1 11	1 13	1 62	1 64	17.044013809263685
631	1 11	1 13	1 64	1 66	-58.94904482695745
632	1 11	1 13	1 66	1 68	17.75316495269893
633	1 11	1 13	1 68	1 70	19.346071828060083
634	1 11	1 13	1 70	1 72	11.518832671957671
635	1 11	1 13	1 55	1 57	-74.35380946218933
636	1 11	1 13	1 57	1 59	16.013905785042667
637	1 11	1 13	1 59	1 61	24.83852062027106
638	1 11	1 13	1 61	1 63	22.28356598307031
639	1 11	1 13	1 63	1 65	-56.41701036766611
640	1 11	1 13	1 65	1 67	12.778548321850664
641	1 11	1 13	1 67	1 69	19.546427043262412
642	1 11	1 13	1 69	1 71	16.32922261175105
643	1 11	1 13	1 71	1 1	-245.72552836575585
644	1 11	1 13	1 72	1 2	-283.1169850746269
645	1 12	1 14	1 13	1 15	246.6351223122616
646	1 12	1 14	1 15	1 17	-371.5918240298817
647	1 12	1 14	1 17	1 19	-21.51503961293476
648	1 12	1 14	1 19	1 21	144.88989725683786
649	1 12	1 14	1 23	1 25	-264.86225886547396
650	1 12	1 14	1 25	1 27	10.267171706554617
651	1 12	1 14	1 27	1 29	90.54516779700162
652	1 12	1 14	1 29	1 31	101.66375560061076
653	1 12	1 14	1 31	1 33	-187.35890562760193
654	1 12	1 14	1 18	1 20	2.3827223944712923
655	1 12	1 14	1 20	1 22	271.57860912940083
656	1 12	1 14	1 26	1 28	36.82280069012353
657	1 12	1 14	1 28	1 30	131.01508521491309
658	1 12	1 14	1 30	1 32	39.53195669930818
659	1 12	1 14	1 32	1 34	-185.1835701839922
660	1 12	1 14	1 34	1 36	34.69376646164824
661	1 12	1 14	1 33	1 35	20.248857514737733
662	1 12	1 14	1 35	1 37	58.92420459751529
663	1 12	1 14	1 37	1 39	70.64669391013575
664	1 12	1 14	1 39	1 41	-133.92109048664753
665	1 12	1 14	1 41	1 43	18.237022687655905
666	1 12	1 14	1 43	1 45	42.39950872117878
667	1 12	1 14	1 45	1 47	46.69225181116153
668	1 12	1 14	1 47	1 49	-95.12830249918858
669	1 12	1 14	1 49	1 51	15.3862895772836
670	1 12	1 14	1 51	1 53	31.39588697257861
671	1 12	1 14	1 36	1 38	76.81376288903098
672	1 12	1 14	1 38	1 40	45.826359438001276
673	1 12	1 14	1 40	1 42	-141.75660889919686
674	1 12	1 14	1 42	1 44	29.567230709742837
675	1 12	1 14	1 44	1 46	49.84483944150789
676	1 12	1 14	1 46	1 48	36.99039289414672
677	1 12	1 14	1 48	1 50	-105.61290382666391
678	1 12	1 14	1 50	1 52	24.097183952702967
679	1 12	1 14	1 52	1 54	33.295227272727274
680	1 12	1 14	1 54	1 56	28.616717491369393
681	1 12	1 14	1 53	1 55	34.05310056772372
682	1 12	1 14	1 55	1 57	-72.25017744332598
683	1 12	1 14	1 57	1 59	12.500361731654287
684	1 12	1 14	1 59	1 61	22.855092162284798
685	1 12	1 14	1 61	1 63	24.893137860082305
686	1 12	1 14	1 63	1 65	-54.71205315087511
687	1 12	1 14	1 65	1 67	10.732806104945512
688	1 12	1 14	1 67	1 69	18.426243821685887
689	1 12	1 14	1 69	1 71	17.50760431018915
690	1 12	1 14	1 71	1 1	-167.2990353745665
691	1 12	1 14	1 56	1 58	-78.48660835584863
692	1 12	1 14	1 58	1 60	19.708442490799413
693	1 12	1 14	1 60	1 62	25.036357497879436
694	1 12	1 14	1 62	1 64	20.564520639388036
695	1 12	1 14	1 64	1 66	-60.01690653423678
696	1 12	1 14	1 66	1 68	15.70069621100549
697	1 12	1 14	1 68	1 70	19.631788743730322
698	1 12	1 14	1 70	1 72	12.900854747206822
699	1 12	1 14	1 72	1 2	-192.68082213317808
700	1 13	1 15	1 16	1 18	-435.632905274786
701	1 13	1 15	1 18	1 20	-24.660136462772048
702	1 13	1 15	1 20	1 22	148.23723537010838
703	1 13	1 15	1 24	1 26	-304.3819147673314
704	1 13	1 15	1 26	1 28	5.978759170016836
705	1 13	1 15	1 28	1 30	101.57348078985805
706	1 13	1 15	1 30	1 32	98.91823509213819
707	1 13	1 15	1 32	1 34	-194.3905947402397
708	1 13	1 15	1 17	1 19	-14.769665124061198
709	1 13	1 15	1 21	1 23	289.69864926915136
710	1 13	1 15	1 23	1 25	-259.48770236612705
711	1 13	1 15	1 27	1 29	35.84251567426722
712	1 13	1 15	1 29	1 31	144.04398148148147
713	1 13	1 15	1 31	1 33	-170.1476064273094
714	1 13	1 15	1 33	1 35	8.45344683890088
715	1 13	1 15	1 35	1 37	36.82745526103083
716	1 13	1 15	1 34	1 36	16.227164723243607
717	1 13	1 15	1 36	1 38	67.13197753764234
718	1 13	1 15	1 38	1 40	70.93852218208957
719	1 13	1 15	1 40	1 42	-144.34248600282558
720	1 13	1 15	1 42	1 44	19.09616582211129
721	1 13	1 15	1 44	1 46	45.64161595510021
722	1 13	1 15	1 46	1 48	48.222100559128265
723	1 13	1 15	1 48	1 50	-105.28997688491319
724	1 13	1 15	1 50	1 52	17.74372039714432
725	1 13	1 15	1 52	1 54	30.73549434992719
726	1 13	1 15	1 37	1 39	85.69644680723252
727	1 13	1 15	1 39	1 41	-120.52782552642887
728	1 13	1 15	1 41	1 43	10.136148560495478
729	1 13	1 15	1 43	1 45	32.30946234404798
730	1 13	1 15	1 45	1 47	51.560729989790914
731	1 13	1 15	1 47	1 49	-85.47937205593266
732	1 13	1 15	1 49	1 51	10.233265310828262
733	1 13	1 15	1 51	1 53	26.00933145206243
734	1 13	1 15	1 53	1 55	35.87655782652044
735	1 13	1 15	1 55	1 57	-65.64988310827314
736	1 13	1 15	1 54	1 56	33.573671752797225
737	1 13	1 15	1 56	1 58	-76.17248476945466
738	1 13	1 15	1 58	1 60	15.62445966355919
739	1 13	1 15	1 60	1 62	23.40624481917955
740	1 13	1 15	1 62	1 64	22.61874003364253
741	1 13	1 15	1 64	1 66	-57.56057501524515
742	1 13	1 15	1 66	1 68	13.083468250268098
743	1 13	1 15	1 68	1 70	18.413720712747878
744	1 13	1 15	1 70	1 72	13.422800925925927
745	1 13	1 15	1 72	1 2	-134.64088123885918
746	1 13	1 15	1 57	1 59	9.315142219683795
747	1 13	1 15	1 59	1 61	19.482272596049754
748	1 13	1 15	1 61	1 63	25.338319832897508
749	1 13	1 15	1 63	1 65	-49.72459603681233
750	1 13	1 15	1 65	1 67	8.580775886287757
751	1 13	1 15	1 67	1 69	16.17965623353109
752	1 13	1 15	1 69	1 71	17.312732373522266
753	1 13	1 15	1 71	1 1	-117.27591001863519
754	1 14	1 16	1 17	1 19	-8.727773742056407
755	1 14	1 16	1 19	1 21	-22.57470417096994
756	1 14	1 16	1 23	1 25	-125.56844176133623
757	1 14	1 16	1 25	1 27	-1.7795130163623158
758	1 14	1 16	1 27	1 29	8.31144188028005
759	1 14	1 16	1 29	1 31	111.54513208861036
760	1 14	1 16	1 31	1 33	-109.9833367213829
761	1 14	1 16	1 33	1 35	3.8040056888791405
762	1 14	1 16	1 18	1 20	-14.943164765001523
763	1 14	1 16	1 22	1 24	357.67230368968785
764	1 14	1 16	1 24	1 26	-329.83427318295736
765	1 14	1 16	1 26	1 28	-0.8609431437132353
766	1 14	1 16	1 28	1 30	46.454059013331744
767	1 14	1 16	1 30	1 32	135.78833859458314
768	1 14	1 16	1 32	1 34	-173.0029987148365
769	1 14	1 16	1 34	1 36	7.2875308275739625
770	1 14	1 16	1 36	1 38	43.1855319438428
771	1 14	1 16	1 35	1 37	19.06980981724142
772	1 14	1 16	1 37	1 39	71.17078022188781
773	1 14	1 16	1 39	1 41	-86.71506359641921
774	1 14	1 16	1 41	1 43	5.61252833804965
775	1 14	1 16	1 43	1 45	21.027560689948892
776	1 14	1 16	1 45	1 47	43.61823794409084
777	1 14	1 16	1 47	1 49	-63.876156242511385
778	1 14	1 16	1 49	1 51	6.3897406351943715
779	1 14	1 16	1 51	1 53	18.37029314642788
780	1 14	1 16	1 53	1 55	30.15150170853862
781	1 14	1 16	1 38	1 40	78.64020721925134
782	1 14	1 16	1 40	1 42	-122.77901183783536
783	1 14	1 16	1 42	1 44	11.32188032078427
784	1 14	1 16	1 44	1 46	33.08708715279338
785	1 14	1 16	1 46	1 48	48.2305100696405
786	1 14	1 16	1 48	1 50	-87.00654874426141
787	1 14	1 16	1 50	1 52	11.727713625359804
788	1 14	1 16	1 52	1 54	23.27141525816161
789	1 14	1 16	1 54	1 56	31.438505171878457
790	1 14	1 16	1 56	1 58	-62.11479417836687
791	1 14	1 16	1 55	1 57	-50.20289048597573
792	1 14	1 16	1 57	1 59	6.303432895043288
793	1 14	1 16	1 59	1 61	14.265486652158746
794	1 14	1 16	1 61	1 63	21.165456368725113
795	1 14	1 16	1 63	1 65	-38.48937633104646
796	1 14	1 16	1 65	1 67	6.102606753862817
797	1 14	1 16	1 67	1 69	12.227285735640752
798	1 14	1 16	1 69	1 71	14.238833637246337
799	1 14	1 16	1 71	1 1	-79.70085429498735
800	1 14	1 16	1 58	1 60	10.93647961601213
801	1 14	1 16	1 60	1 62	18.212367578221237
802	1 14	1 16	1 62	1 64	20.22758119332217
803	1 14	1 16	1 64	1 66	-46.0637227304715
804	1 14	1 16	1 66	1 68	9.478731186401163
805	1 14	1 16	1 68	1 70	14.489582447702217
806	1 14	1 16	1 70	1 72	11.678483864534384
807	1 14	1 16	1 72	1 2	-91.56681855028395
808	1 15	1 17	1 16	1 18	981.7310049019608
809	1 15	1 17	1 18	1 20	-386.2263859463277
810	1 15	1 17	1 20	1 22	-287.59620025991705
811	1 15	1 17	1 22	1 24	-142.17415854680362
812	1 15	1 17	1 24	1 26	761.0302899799024
813	1 15	1 17	1 26	1 28	-283.03369248275374
814	1 15	1 17	1 28	1 30	-229.21185933539846
815	1 15	1 17	1 30	1 32	-102.37579089232516
816	1 15	1 17	1 32	1 34	526.1604889216854
817	1 15	1 17	1 34	1 36	-181.04573393124065
818	1 15	1 17	1 19	1 21	-317.6608011553664
819	1 15	1 17	1 21	1 23	-263.64433332031103
820	1 15	1 17	1 23	1 25	901.1752878857669
821	1 15	1 17	1 25	1 27	-338.2545008183306
822	1 15	1 17	1 29	1 31	-189.24467722246158
823	1 15	1 17	1 31	1 33	604.3661419341606
824	1 15	1 17	1 35	1 37	-175.88755654941085
825	1 15	1 17	1 37	1 39	-150.5346837033934
826	1 15	1 17	1 36	1 38	-169.7100140813628
827	1 15	1 17	1 38	1 40	-104.93627334455394
828	1 15	1 17	1 40	1 42	405.01753899835796
829	1 15	1 17	1 42	1 44	-127.00688085063084
830	1 15	1 17	1 44	1 46	-125.7314605296431
831	1 15	1 17	1 46	1 48	-86.81152803869492
832	1 15	1 17	1 48	1 50	307.16799464558903
833	1 15	1 17	1 50	1 52	-92.87033062839515
834	1 15	1 17	1 52	1 54	-91.01812409960483
835	1 15	1 17	1 54	1 56	-69.97178389284366
836	1 15	1 17	1 39	1 41	423.06481970341144
837	1 15	1 17	1 41	1 43	-116.00662951381318
838	1 15	1 17	1 43	1 45	-130.44461864679045
839	1 15	1 17	1 45	1 47	-110.69462726705397
840	1 15	1 17	1 47	1 49	296.294337923206
841	1 15	1 17	1 49	1 51	-74.64786118987547
842	1 15	1 17	1 51	1 53	-97.96368794326241
843	1 15	1 17	1 53	1 55	-86.55415859564164
844	1 15	1 17	1 55	1 57	222.6170672991713
845	1 15	1 17	1 57	1 59	-51.22107430471128
846	1 15	1 17	1 56	1 58	230.44089305286184
847	1 15	1 17	1 58	1 60	-70.871722028927
848	1 15	1 17	1 60	1 62	-71.26411347281137
849	1 15	1 17	1 62	1 64	-52.50946492879655
850	1 15	1 17	1 64	1 66	179.1565894051128
851	1 15	1 17	1 66	1 68	-53.88029873910214
852	1 15	1 17	1 68	1 70	-57.47521355056989
853	1 15	1 17	1 70	1 72	-34.64819383555805
854	1 15	1 17	1 59	1 61	-73.00786165296158
855	1 15	1 17	1 61	1 63	-66.39175988277023
856	1 15	1 17	1 63	1 65	169.30476642637802
857	1 15	1 17	1 65	1 67	-39.555546883935506
858	1 15	1 17	1 67	1 69	-58.2213775237031
859	1 15	1 17	1 69	1 71	-48.709641576949934
860	1 15	1 17	1 71	1 1	541.8372615039282
861	1 16	1 18	1 19	1 21	-354.06766177314853
862	1 16	1 18	1 21	1 23	-300.36122093023255
863	1 16	1 18	1 23	1 25	724.7742248062016
864	1 16	1 18	1 27	1 29	-255.91987626531147
865	1 16	1 18	1 29	1 31	-236.85437617850408
866	1 16	1 18	1 31	1 33	543.6309020436927
867	1 16	1 18	1 35	1 37	-171.67843999697527
868	1 16	1 18	1 20	1 22	-297.8872684272763
869	1 16	1 18	1 22	1 24	-340.1239796704143
870	1 16	1 18	1 24	1 26	887.8828154967396
871	1 16	1 18	1 26	1 28	-250.83544303797467
872	1 16	1 18	1 28	1 30	-247.6206240004062
873	1 16	1 18	1 30	1 32	-177.7994071146245
874	1 16	1 18	1 32	1 34	560.6163822765257
875	1 16	1 18	1 34	1 36	-142.2370658505992
876	1 16	1 18	1 36	1 38	-183.5490661248893
877	1 16	1 18	1 38	1 40	-144.52241683128312
878	1 16	1 18	1 37	1 39	-180.23140062726972
879	1 16	1 18	1 39	1 41	398.0172649239173
880	1 16	1 18	1 41	1 43	-75.45557172114931
881	1 16	1 18	1 43	1 45	-123.34956005519965
882	1 16	1 18	1 45	1 47	-125.93565078718784
883	1 16	1 18	1 47	1 49	284.8840326340327
884	1 16	1 18	1 49	1 51	-55.30297914000635
885	1 16	1 18	1 51	1 53	-91.98981490270526
886	1 16	1 18	1 53	1 55	-94.38243849914467
887	1 16	1 18	1 55	1 57	214.3164883623262
888	1 16	1 18	1 40	1 42	415.51372992322547
889	1 16	1 18	1 42	1 44	-102.15650254227977
890	1 16	1 18	1 44	1 46	-132.05562293732007
891	1 16	1 18	1 46	1 48	-107.89193735920355
892	1 16	1 18	1 48	1 50	308.67188351774644
893	1 16	1 18	1 50	1 52	-77.66767944430151
894	1 16	1 18	1 52	1 54	-92.79741151853602
895	1 16	1 18	1 54	1 56	-81.55006733722874
896	1 16	1 18	1 56	1 58	229.82712030622253
897	1 16	1 18	1 58	1 60	-61.5045285983084
898	1 16	1 18	1 57	1 59	-41.39170038286926
899	1 16	1 18	1 59	1 61	-67.91056086874029
900	1 16	1 18	1 61	1 63	-70.05714384263638
901	1 16	1 18	1 63	1 65	162.1673898531375
902	1 16	1 18	1 65	1 67	-33.96416658316765
903	1 16	1 18	1 67	1 69	-54.794938556589045
904	1 16	1 18	1 69	1 71	-50.04904237583617
905	1 16	1 18	1 60	1 62	-71.41606527043831
906	1 16	1 18	1 62	1 64	-58.25326279745531
907	1 16	1 18	1 64	1 66	175.30703726796827
908	1 16	1 18	1 66	1 68	-47.91462626140553
909	1 16	1 18	1 68	1 70	-56.68728217591854
910	1 16	1 18	1 70	1 72	-36.86865358509194
911	1 17	1 19	1 20	1 22	-47.087321262561424
912	1 17	1 19	1 22	1 24	-9.648641289076725
913	1 17	1 19	1 24	1 26	-131.7820384704354
914	1 17	1 19	1 28	1 30	-16.319634303200722
915	1 17	1 19	1 30	1 32	-5.49068974232161
916	1 17	1 19	1 32	1 34	-109.78793492879123
917	1 17	1 19	1 34	1 36	92.07410883509206
918	1 17	1 19	1 36	1 38	10.608183628266053
919	1 17	1 19	1 21	1 23	-18.160387203034194
920	1 17	1 19	1 25	1 27	317.47997342911503
921	1 17	1 19	1 27	1 29	5.946280945753026
922	1 17	1 19	1 29	1 31	-10.030954220741902
923	1 17	1 19	1 31	1 33	-204.64852417477056
924	1 17	1 19	1 33	1 35	152.00543780797062
925	1 17	1 19	1 35	1 37	38.7207542839229
926	1 17	1 19	1 37	1 39	3.15042799200662
927	1 17	1 19	1 39	1 41	-132.412097366395
928	1 17	1 19	1 38	1 40	1.956257486896972
929	1 17	1 19	1 40	1 42	-91.03755315381602
930	1 17	1 19	1 42	1 44	58.60727223906137
931	1 17	1 19	1 44	1 46	19.380883212229165
932	1 17	1 19	1 46	1 48	6.118682974057911
933	1 17	1 19	1 48	1 50	-74.35727360408558
934	1 17	1 19	1 50	1 52	39.16444420665229
935	1 17	1 19	1 52	1 54	19.3972867336603
936	1 17	1 19	1 54	1 56	8.184869223213637
937	1 17	1 19	1 56	1 58	-59.40176377585814
938	1 17	1 19	1 41	1 43	76.18429338210149
939	1 17	1 19	1 43	1 45	35.67357532593191
940	1 17	1 19	1 45	1 47	10.646455835199578
941	1 17	1 19	1 47	1 49	-91.14541737468139
942	1 17	1 19	1 49	1 51	41.23893430564328
943	1 17	1 19	1 51	1 53	29.049580339872893
944	1 17	1 19	1 53	1 55	13.246004731357667
945	1 17	1 19	1 55	1 57	-67.28688873081671
946	1 17	1 19	1 57	1 59	24.177637972245734
947	1 17	1 19	1 59	1 61	23.15460863955978
948	1 17	1 19	1 58	1 60	27.806173249634625
949	1 17	1 19	1 60	1 62	17.282721912639072
950	1 17	1 19	1 62	1 64	8.220183061433264
951	1 17	1 19	1 64	1 66	-47.95729612449499
952	1 17	1 19	1 66	1 68	19.710896867143315
953	1 17	1 19	1 68	1 70	15.11488113091644
954	1 17	1 19	1 70	1 72	6.625246626068591
955	1 17	1 19	1 72	1 2	-121.83454106280193
956	1 17	1 19	1 61	1 63	12.693525534770282
957	1 17	1 19	1 63	1 65	-51.31765779551549
958	1 17	1 19	1 65	1 67	16.385139990285886
959	1 17	1 19	1 67	1 69	18.38272715920334
960	1 17	1 19	1 69	1 71	10.994860909691175
961	1 18	1 20	1 21	1 23	-45.725680639993094
962	1 18	1 20	1 23	1 25	-301.71481990231985
963	1 18	1 20	1 25	1 27	157.92547810968864
964	1 18	1 20	1 27	1 29	141.96840770214578
965	1 18	1 20	1 29	1 31	-15.895017158544956
966	1 18	1 20	1 31	1 33	-217.16399537544117
967	1 18	1 20	1 33	1 35	99.1300683740221
968	1 18	1 20	1 35	1 37	85.22858136653676
969	1 18	1 20	1 37	1 39	13.659415140173671
970	1 18	1 20	1 22	1 24	-19.553291883116884
971	1 18	1 20	1 26	1 28	241.31217692658458
972	1 18	1 20	1 28	1 30	13.647478581401844
973	1 18	1 20	1 30	1 32	-9.79672989864904
974	1 18	1 20	1 34	1 36	110.24017432895937
975	1 18	1 20	1 36	1 38	40.11576281694032
976	1 18	1 20	1 38	1 40	5.746114460886657
977	1 18	1 20	1 40	1 42	-126.58232892905735
978	1 18	1 20	1 39	1 41	-153.68418022555096
979	1 18	1 20	1 41	1 43	58.24558363822772
980	1 18	1 20	1 43	1 45	54.991732188443706
981	1 18	1 20	1 45	1 47	22.154956224740907
982	1 18	1 20	1 47	1 49	-109.638633665717
983	1 18	1 20	1 49	1 51	35.83744938988914
984	1 18	1 20	1 51	1 53	38.83608641226007
985	1 18	1 20	1 53	1 55	22.31207016216181
986	1 18	1 20	1 55	1 57	-81.72083020827816
987	1 18	1 20	1 57	1 59	23.133908175937872
988	1 18	1 20	1 42	1 44	63.91371379522846
989	1 18	1 20	1 44	1 46	37.7843060039481
990	1 18	1 20	1 46	1 48	12.518484782846151
991	1 18	1 20	1 48	1 50	-98.74023473057548
992	1 18	1 20	1 50	1 52	42.03220014445944
993	1 18	1 20	1 52	1 54	30.07947189985009
994	1 18	1 20	1 54	1 56	14.503723981981887
995	1 18	1 20	1 56	1 58	-77.16499187460867
996	1 18	1 20	1 58	1 60	30.26455168620352
997	1 18	1 20	1 60	1 62	24.16518214550579
998	1 18	1 20	1 59	1 61	28.562811472663093
999	1 18	1 20	1 61	1 63	19.22954971857411
1000	1 18	1 20	1 63	1 65	-62.20567729995733
1001	1 18	1 20	1 65	1 67	16.896612626075743
1002	1 18	1 20	1 67	1 69	22.24486531986532
1003	1 18	1 20	1 69	1 71	15.343700006721784
1004	1 18	1 20	1 71	1 1	-243.5813253012048
1005	1 18	1 20	1 62	1 64	13.097009534019595
1006	1 18	1 20	1 64	1 66	-60.8258682834372
1007	1 18	1 20	1 66	1 68	21.939217670714925
1008	1 18	1 20	1 68	1 70	19.85555784883413
1009	1 18	1 20	1 70	1 72	9.735381897709107
1010	1 18	1 20	1 72	1 2	-179.63169281402946
1011	1 19	1 21	1 20	1 22	177.05731013716962
1012	1 19	1 21	1 22	1 24	-47.260850774086705
1013	1 19	1 21	1 24	1 26	-280.99127272727276
1014	1 19	1 21	1 28	1 30	138.17724613486084
1015	1 19	1 21	1 30	1 32	-15.960967744179092
1016	1 19	1 21	1 32	1 34	-205.56030086690464
1017	1 19	1 21	1 34	1 36	81.8811209587058
1018	1 19	1 21	1 36	1 38	87.87889396044935
1019	1 19	1 21	1 38	1 40	16.56218881708984
1020	1 19	1 21	1 25	1 27	8.820609251275629
1021	1 19	1 21	1 27	1 29	234.19543523496185
1022	1 19	1 21	1 29	1 31	5.743726952458546
1023	1 19	1 21	1 31	1 33	-224.90400941198396
1024	1 19	1 21	1 33	1 35	41.18825250370523
1025	1 19	1 21	1 35	1 37	111.03774737437243
1026	1 19	1 21	1 37	1 39	42.74123372485644
1027	1 19	1 21	1 39	1 41	-168.12556498059345
1028	1 19	1 21	1 41	1 43	34.84364596596828
1029	1 19	1 21	1 40	1 42	-157.69939042067242
1030	1 19	1 21	1 42	1 44	54.19817806087863
1031	1 19	1 21	1 44	1 46	59.110684916549474
1032	1 19	1 21	1 46	1 48	24.52570134198759
1033	1 19	1 21	1 48	1 50	-121.51234894384316
1034	1 19	1 21	1 50	1 52	38.682594716088154
1035	1 19	1 21	1 52	1 54	40.483909772684456
1036	1 19	1 21	1 54	1 56	24.035501464979557
1037	1 19	1 21	1 56	1 58	-92.43761571212745
1038	1 19	1 21	1 58	1 60	29.328333333333333
1039	1 19	1 21	1 43	1 45	65.8226969562063
1040	1 19	1 21	1 45	1 47	40.79601760963999
1041	1 19	1 21	1 47	1 49	-122.08999349170192
1042	1 19	1 21	1 49	1 51	26.542582414237692
1043	1 19	1 21	1 51	1 53	44.628734335839596
1044	1 19	1 21	1 53	1 55	34.00097235204838
1045	1 19	1 21	1 55	1 57	-91.97082326478338
1046	1 19	1 21	1 57	1 59	19.712679489792848
1047	1 19	1 21	1 59	1 61	31.498095065538564
1048	1 19	1 21	1 61	1 63	26.708762599666798
1049	1 19	1 21	1 60	1 62	30.44664615854677
1050	1 19	1 21	1 62	1 64	19.563906390711683
1051	1 19	1 21	1 64	1 66	-72.23540699118934
1052	1 19	1 21	1 66	1 68	22.183104397594725
1053	1 19	1 21	1 68	1 70	23.991580601706332
1054	1 19	1 21	1 70	1 72	13.591460492160005
1055	1 19	1 21	1 72	1 2	-185.39091958445556
1056	1 19	1 21	1 63	1 65	-69.75697127298132
1057	1 19	1 21	1 65	1 67	15.811889670331542
1058	1 19	1 21	1 67	1 69	24.50011170724506
1059	1 19	1 21	1 69	1 71	19.789504927418
1060	1 19	1 21	1 71	1 1	-193.37300825152937
1061	1 20	1 22	1 21	1 23	167.67310388555
1062	1 20	1 22	1 23	1 25	-292.15914248911247
1063	1 20	1 22	1 25	1 27	-16.659712426156375
1064	1 20	1 22	1 27	1 29	124.51123868537758
1065	1 20	1 22	1 29	1 31	132.96087138417403
1066	1 20	1 22	1 31	1 33	-230.77038149986933
1067	1 20	1 22	1 33	1 35	9.70835840010209
1068	1 20	1 22	1 35	1 37	77.65653189196942
1069	1 20	1 22	1 37	1 39	92.32888985020466
1070	1 20	1 22	1 39	1 41	-166.7918376235624
1071	1 20	1 22	1 26	1 28	3.14126077196661
1072	1 20	1 22	1 28	1 30	225.56748683980908
1073	1 20	1 22	1 30	1 32	6.30612506956005
1074	1 20	1 22	1 32	1 34	-216.12673080485322
1075	1 20	1 22	1 34	1 36	31.306550955116528
1076	1 20	1 22	1 36	1 38	111.80876978459156
1077	1 20	1 22	1 38	1 40	45.3898874378751
1078	1 20	1 22	1 40	1 42	-171.71085564737808
1079	1 20	1 22	1 42	1 44	32.60796051217332
1080	1 20	1 22	1 41	1 43	15.646173279731755
1081	1 20	1 22	1 43	1 45	54.05996075447531
1082	1 20	1 22	1 45	1 47	59.82190067473067
1083	1 20	1 22	1 47	1 49	-117.14518483277746
1084	1 20	1 22	1 49	1 51	15.946259275647211
1085	1 20	1 22	1 51	1 53	39.18359560961181
1086	1 20	1 22	1 53	1 55	42.774491561409285
1087	1 20	1 22	1 55	1 57	-88.18268353650592
1088	1 20	1 22	1 57	1 59	14.010695949800343
1089	1 20	1 22	1 59	1 61	28.030124740962503
1090	1 20	1 22	1 44	1 46	66.6791593042965
1091	1 20	1 22	1 46	1 48	42.16627465701671
1092	1 20	1 22	1 48	1 50	-129.0401555797098
1093	1 20	1 22	1 50	1 52	27.83230017431498
1094	1 20	1 22	1 52	1 54	42.65688756994854
1095	1 20	1 22	1 54	1 56	34.22009306293347
1096	1 20	1 22	1 56	1 58	-95.72946849743113
1097	1 20	1 22	1 58	1 60	23.245456411302857
1098	1 20	1 22	1 60	1 62	31.34996603180997
1099	1 20	1 22	1 62	1 64	24.965305528523256
1100	1 20	1 22	1 61	1 63	30.938074104323416
1101	1 20	1 22	1 63	1 65	-66.57892146450027
1102	1 20	1 22	1 65	1 67	12.49560293639447
1103	1 20	1 22	1 67	1 69	22.42909787042121
1104	1 20	1 22	1 69	1 71	21.566363879382894
1105	1 20	1 22	1 71	1 1	-140.5069613140228
1106	1 20	1 22	1 64	1 66	-73.27161100097359
1107	1 20	1 22	1 66	1 68	18.72140392184528
1108	1 20	1 22	1 68	1 70	24.220430225205504
1109	1 20	1 22	1 70	1 72	15.645378495378495
1110	1 20	1 22	1 72	1 2	-148.12195037666737
1111	1 21	1 23	1 24	1 26	-320.9341796110168
1112	1 21	1 23	1 26	1 28	-17.279002361574623
1113	1 21	1 23	1 28	1 30	143.84057706355003
1114	1 21	1 23	1 30	1 32	132.09528106753953
1115	1 21	1 23	1 32	1 34	-250.90255795363709
1116	1 21	1 23	1 34	1 36	7.8191114015245695
1117	1 21	1 23	1 36	1 38	91.83218765747893
1118	1 21	1 23	1 38	1 40	97.08605610561057
1119	1 21	1 23	1 40	1 42	-188.39997224021465
1120	1 21	1 23	1 25	1 27	-9.97890236691979
1121	1 21	1 23	1 29	1 31	261.13825478645066
1122	1 21	1 23	1 31	1 33	-244.3178255838418
1123	1 21	1 23	1 35	1 37	35.356146685840756
1124	1 21	1 23	1 37	1 39	131.55051903114187
1125	1 21	1 23	1 39	1 41	-158.41545794788505
1126	1 21	1 23	1 41	1 43	7.583111194885081
1127	1 21	1 23	1 43	1 45	37.64615628834026
1128	1 21	1 23	1 42	1 44	18.30738767428852
1129	1 21	1 23	1 44	1 46	60.66803711165418
1130	1 21	1 23	1 46	1 48	65.31038580519574
1131	1 21	1 23	1 48	1 50	-136.12330633582076
1132	1 21	1 23	1 50	1 52	19.604484009647962
1133	1 21	1 23	1 52	1 54	39.84199884371725
1134	1 21	1 23	1 54	1 56	44.96877085286029
1135	1 21	1 23	1 56	1 58	-97.52800084301278
1136	1 21	1 23	1 58	1 60	18.170299253626247
1137	1 21	1 23	1 60	1 62	30.02596729711647
1138	1 21	1 23	1 45	1 47	72.70780571904169
1139	1 21	1 23	1 47	1 49	-109.28289241622576
1140	1 21	1 23	1 49	1 51	10.05381108570053
1141	1 21	1 23	1 51	1 53	31.602590053763443
1142	1 21	1 23	1 53	1 55	48.29095302605124
1143	1 21	1 23	1 55	1 57	-82.75980523728008
1144	1 21	1 23	1 57	1 59	10.24616610302309
1145	1 21	1 23	1 59	1 61	23.808834061155686
1146	1 21	1 23	1 61	1 63	33.38618801413155
1147	1 21	1 23	1 63	1 65	-62.46311692016417
1148	1 21	1 23	1 62	1 64	30.003526733486723
1149	1 21	1 23	1 64	1 66	-73.06229115348103
1150	1 21	1 23	1 66	1 68	15.656553108012996
1151	1 21	1 23	1 68	1 70	23.410812842561242
1152	1 21	1 23	1 70	1 72	17.57039824244481
1153	1 21	1 23	1 72	1 2	-126.45162858754412
1154	1 21	1 23	1 65	1 67	9.979376032798953
1155	1 21	1 23	1 67	1 69	20.005803216115325
1156	1 21	1 23	1 69	1 71	22.436432349325838
1157	1 21	1 23	1 71	1 1	-114.23693965330912
1158	1 22	1 24	1 23	1 25	-130.16869994900253
1159	1 22	1 24	1 25	1 27	-5.357443293821513
1160	1 22	1 24	1 27	1 29	-14.842407983151137
1161	1 22	1 24	1 29	1 31	156.7489354913563
1162	1 22	1 24	1 31	1 33	-129.01541144497244
1163	1 22	1 24	1 35	1 37	12.045525980384667
1164	1 22	1 24	1 37	1 39	100.0481097376005
1165	1 22	1 24	1 39	1 41	-105.65128268660968
1166	1 22	1 24	1 41	1 43	3.9630325299512514
1167	1 22	1 24	1 26	1 28	-9.46062961899865
1168	1 22	1 24	1 28	1 30	17.84609616570119
1169	1 22	1 24	1 30	1 32	255.60689481348714
1170	1 22	1 24	1 32	1 34	-254.16530787384684
1171	1 22	1 24	1 34	1 36	2.0239821553773636
1172	1 22	1 24	1 36	1 38	45.15276659925249
1173	1 22	1 24	1 38	1 40	127.36230842911878
1174	1 22	1 24	1 40	1 42	-168.79336763382818
1175	1 22	1 24	1 42	1 44	9.754292293068112
1176	1 22	1 24	1 44	1 46	39.62438515996503
1177	1 22	1 24	1 43	1 45	21.457624170345063
1178	1 22	1 24	1 45	1 47	60.14006183721325
1179	1 22	1 24	1 47	1 49	-78.98850653278073
1180	1 22	1 24	1 49	1 51	6.0346115587751825
1181	1 22	1 24	1 51	1 53	20.98856813178149
1182	1 22	1 24	1 53	1 55	41.04582771893625
1183	1 22	1 24	1 55	1 57	-62.68690874098689
1184	1 22	1 24	1 57	1 59	6.737072618241549
1185	1 22	1 24	1 59	1 61	16.917781870345266
1186	1 22	1 24	1 61	1 63	28.49912259802619
1187	1 22	1 24	1 46	1 48	73.3259041306556
1188	1 22	1 24	1 48	1 50	-117.32825317852493
1189	1 22	1 24	1 50	1 52	12.213079313915683
1190	1 22	1 24	1 52	1 54	28.94547957271923
1191	1 22	1 24	1 54	1 56	45.604839834423046
1192	1 22	1 24	1 56	1 58	-81.78724567258581
1193	1 22	1 24	1 58	1 60	12.28925499186078
1194	1 22	1 24	1 60	1 62	23.1126363558516
1195	1 22	1 24	1 62	1 64	28.49784288976935
1196	1 22	1 24	1 64	1 66	-60.0990654530563
1197	1 22	1 24	1 63	1 65	-48.331038871915034
1198	1 22	1 24	1 65	1 67	6.975407386358473
1199	1 22	1 24	1 67	1 69	14.948876904333382
1200	1 22	1 24	1 69	1 71	18.910206726530046
1201	1 22	1 24	1 71	1 1	-82.2937427180317
1202	1 22	1 24	1 66	1 68	11.191912641686313
1203	1 22	1 24	1 68	1 70	18.535687921410037
1204	1 22	1 24	1 70	1 72	16.000392576968373
1205	1 22	1 24	1 72	1 2	-93.6823791621475
1206	1 23	1 25	1 24	1 26	777.810439846106
1207	1 23	1 25	1 26	1 28	-309.65111636245115
1208	1 23	1 25	1 28	1 30	-272.7948356807512
1209	1 23	1 25	1 30	1 32	-107.43749295774649
1210	1 23	1 25	1 32	1 34	646.5377777777778
1211	1 23	1 25	1 34	1 36	-238.09874591057797
1212	1 23	1 25	1 36	1 38	-203.9175228889087
1213	1 23	1 25	1 38	1 40	-118.72172241497032
1214	1 23	1 25	1 40	1 42	506.61638644189065
1215	1 23	1 25	1 42	1 44	-169.3168268620062
1216	1 23	1 25	1 27	1 29	-262.7465738392509
1217	1 23	1 25	1 29	1 31	-254.10926226551226
1218	1 23	1 25	1 31	1 33	822.7807664410059
1219	1 23	1 25	1 37	1 39	-185.8016366612111
1220	1 23	1 25	1 39	1 41	552.3557393041297
1221	1 23	1 25	1 43	1 45	-162.2460135430319
1222	1 23	1 25	1 45	1 47	-134.65413425525784
1223	1 23	1 25	1 44	1 46	-153.36459737737545
1224	1 23	1 25	1 46	1 48	-100.7641176702396
1225	1 23	1 25	1 48	1 50	381.17008501649343
1226	1 23	1 25	1 50	1 52	-121.7883622660757
1227	1 23	1 25	1 52	1 54	-112.2403968301978
1228	1 23	1 25	1 54	1 56	-82.84382353227156
1229	1 23	1 25	1 56	1 58	287.0907319842971
1230	1 23	1 25	1 58	1 60	-91.89861021657651
1231	1 23	1 25	1 60	1 62	-88.32867744737379
1232	1 23	1 25	1 62	1 64	-63.02656985349932
1233	1 23	1 25	1 47	1 49	382.6105667627281
1234	1 23	1 25	1 49	1 51	-102.38087562189054
1235	1 23	1 25	1 51	1 53	-123.0727201744078
1236	1 23	1 25	1 53	1 55	-104.98515460109752
1237	1 23	1 25	1 55	1 57	282.7767066734764
1238	1 23	1 25	1 57	1 59	-68.016909513251
1239	1 23	1 25	1 59	1 61	-92.30966306488278
1240	1 23	1 25	1 61	1 63	-80.92344362118058
1241	1 23	1 25	1 63	1 65	213.85333590983566
1242	1 23	1 25	1 65	1 67	-51.60929617064783
1243	1 23	1 25	1 64	1 66	223.04870706985207
1244	1 23	1 25	1 66	1 68	-69.40440360386891
1245	1 23	1 25	1 68	1 70	-71.465467898075
1246	1 23	1 25	1 70	1 72	-42.100557439453944
1247	1 23	1 25	1 72	1 2	296.0910484626522
1248	1 23	1 25	1 67	1 69	-73.7243782560684
1249	1 23	1 25	1 69	1 71	-60.04237141459622
1250	1 23	1 25	1 71	1 1	368.72736163129423
1251	1 24	1 26	1 25	1 27	-124.1944478351623
1252	1 24	1 26	1 27	1 29	-295.0515811856038
1253	1 24	1 26	1 29	1 31	-281.5402672800964
1254	1 24	1 26	1 31	1 33	650.5225866522496
1255	1 24	1 26	1 35	1 37	-222.22899129470701
1256	1 24	1 26	1 37	1 39	-223.42097287091326
1257	1 24	1 26	1 39	1 41	496.03312539710043
1258	1 24	1 26	1 41	1 43	-86.37930290111953
1259	1 24	1 26	1 43	1 45	-158.84624726327314
1260	1 24	1 26	1 28	1 30	-286.5266200679383
1261	1 24	1 26	1 30	1 32	-251.72859641901624
1262	1 24	1 26	1 32	1 34	753.5529285533955
1263	1 24	1 26	1 38	1 40	-186.57480386790735
1264	1 24	1 26	1 40	1 42	528.988984590874
1265	1 24	1 26	1 42	1 44	-133.19637339077036
1266	1 24	1 26	1 44	1 46	-163.63128757528466
1267	1 24	1 26	1 46	1 48	-136.80418144156164
1268	1 24	1 26	1 45	1 47	-157.24549689440994
1269	1 24	1 26	1 47	1 49	353.6542313664596
1270	1 24	1 26	1 49	1 51	-65.91952296183489
1271	1 24	1 26	1 51	1 53	-116.82679469641916
1272	1 24	1 26	1 53	1 55	-117.7816449588104
1273	1 24	1 26	1 55	1 57	266.8825315551322
1274	1 24	1 26	1 57	1 59	-50.11836564436676
1275	1 24	1 26	1 59	1 61	-84.8324452764977
1276	1 24	1 26	1 61	1 63	-87.99666455826542
1277	1 24	1 26	1 63	1 65	203.0285087719298
1278	1 24	1 26	1 48	1 50	388.2266353653726
1279	1 24	1 26	1 50	1 52	-97.35701410774811
1280	1 24	1 26	1 52	1 54	-116.19306794359484
1281	1 24	1 26	1 54	1 56	-102.76124370547004
1282	1 24	1 26	1 56	1 58	285.9541198501872
1283	1 24	1 26	1 58	1 60	-76.26803452206481
1284	1 24	1 26	1 60	1 62	-89.4138897819188
1285	1 24	1 26	1 62	1 64	-73.28411841931563
1286	1 24	1 26	1 64	1 66	218.63693343009828
1287	1 24	1 26	1 66	1 68	-59.426185255731056
1288	1 24	1 26	1 65	1 67	-41.52766853833086
1289	1 24	1 26	1 67	1 69	-67.96777044150994
1290	1 24	1 26	1 69	1 71	-62.605584126239606
1291	1 24	1 26	1 71	1 1	310.7188831453634
1292	1 24	1 26	1 68	1 70	-70.80428566222471
1293	1 24	1 26	1 70	1 72	-46.18828217843047
1294	1 25	1 27	1 26	1 28	182.45162964969302
1295	1 25	1 27	1 28	1 30	-48.79128057820608
1296	1 25	1 27	1 30	1 32	-6.683395965546481
1297	1 25	1 27	1 32	1 34	-112.56463581478943
1298	1 25	1 27	1 34	1 36	132.2118969437439
1299	1 25	1 27	1 36	1 38	-17.387686824927513
1300	1 25	1 27	1 38	1 40	-3.4449214759728317
1301	1 25	1 27	1 40	1 42	-100.13259477249625
1302	1 25	1 27	1 42	1 44	86.24618484907674
1303	1 25	1 27	1 44	1 46	8.525502668167809
1304	1 25	1 27	1 29	1 31	-16.47377015662115
1305	1 25	1 27	1 33	1 35	293.3600392524702
1306	1 25	1 27	1 35	1 37	4.580456498473294
1307	1 25	1 27	1 37	1 39	-9.233460585398499
1308	1 25	1 27	1 39	1 41	-179.01174990147962
1309	1 25	1 27	1 41	1 43	133.8025310167093
1310	1 25	1 27	1 43	1 45	33.199896544275
1311	1 25	1 27	1 45	1 47	2.290853412326951
1312	1 25	1 27	1 47	1 49	-118.88692332713191
1313	1 25	1 27	1 46	1 48	0.9467451162714162
1314	1 25	1 27	1 48	1 50	-85.40287764850706
1315	1 25	1 27	1 50	1 52	57.01244306371352
1316	1 25	1 27	1 52	1 54	17.42890433670634
1317	1 25	1 27	1 54	1 56	4.71006660019691
1318	1 25	1 27	1 56	1 58	-70.21392131432229
1319	1 25	1 27	1 58	1 60	39.402974384900574
1320	1 25	1 27	1 60	1 62	18.432964436284507
1321	1 25	1 27	1 62	1 64	6.6409417931214
1322	1 25	1 27	1 64	1 66	-57.665271286763236
1323	1 25	1 27	1 49	1 51	67.99778288415936
1324	1 25	1 27	1 51	1 53	33.48747013544253
1325	1 25	1 27	1 53	1 55	9.43883937252026
1326	1 25	1 27	1 55	1 57	-85.90508674663238
1327	1 25	1 27	1 57	1 59	37.476139092620244
1328	1 25	1 27	1 59	1 61	29.19337170392183
1329	1 25	1 27	1 61	1 63	11.65771214200345
1330	1 25	1 27	1 63	1 65	-65.4622863685812
1331	1 25	1 27	1 65	1 67	24.10847478718407
1332	1 25	1 27	1 67	1 69	23.54457118621643
1333	1 25	1 27	1 66	1 68	27.38221305971779
1334	1 25	1 27	1 68	1 70	17.498976939751675
1335	1 25	1 27	1 70	1 72	6.448700525507162
1336	1 25	1 27	1 72	1 2	-99.53596423070107
1337	1 25	1 27	1 69	1 71	11.652061828596432
1338	1 25	1 27	1 71	1 1	-158.7078576819968
1339	1 26	1 28	1 27	1 29	161.47345119837328
1340	1 26	1 28	1 29	1 31	-42.50121525277258
1341	1 26	1 28	1 31	1 33	-252.07573229514276
1342	1 26	1 28	1 35	1 37	117.09295752797892
1343	1 26	1 28	1 37	1 39	-15.133015498839127
1344	1 26	1 28	1 39	1 41	-182.22764124265052
1345	1 26	1 28	1 41	1 43	82.15145176094714
1346	1 26	1 28	1 43	1 45	72.92798073427844
1347	1 26	1 28	1 45	1 47	10.730721099580775
1348	1 26	1 28	1 30	1 32	-14.146182803500562
1349	1 26	1 28	1 34	1 36	212.2470126885948
1350	1 26	1 28	1 38	1 40	-6.171178230364644
1351	1 26	1 28	1 40	1 42	-145.5189166943196
1352	1 26	1 28	1 42	1 44	99.54651284671725
1353	1 26	1 28	1 44	1 46	32.31975457564961
1354	1 26	1 28	1 46	1 48	3.7046077642161466
1355	1 26	1 28	1 48	1 50	-111.33558337011021
1356	1 26	1 28	1 47	1 49	-131.21191874400768
1357	1 26	1 28	1 49	1 51	50.1682761393883
1358	1 26	1 28	1 51	1 53	49.81050589731879
1359	1 26	1 28	1 53	1 55	18.79195277954667
1360	1 26	1 28	1 55	1 57	-98.11416289592759
1361	1 26	1 28	1 57	1 59	31.38155905152759
1362	1 26	1 28	1 59	1 61	36.05499919562419
1363	1 26	1 28	1 61	1 63	18.883913365420213
1364	1 26	1 28	1 63	1 65	-75.09292046085844
1365	1 26	1 28	1 65	1 67	22.238831051737648
1366	1 26	1 28	1 50	1 52	59.39435649240403
1367	1 26	1 28	1 52	1 54	32.0895966800396
1368	1 26	1 28	1 54	1 56	9.765481931448209
1369	1 26	1 28	1 56	1 58	-87.73287641302099
1370	1 26	1 28	1 58	1 60	40.49227183663197
1371	1 26	1 28	1 60	1 62	27.1326239478774
1372	1 26	1 28	1 62	1 64	11.28651344126387
1373	1 26	1 28	1 64	1 66	-70.33882148581222
1374	1 26	1 28	1 66	1 68	28.37993924210275
1375	1 26	1 28	1 68	1 70	22.895916953958952
1376	1 26	1 28	1 67	1 69	27.478638971322212
1377	1 26	1 28	1 69	1 71	16.417633326599503
1378	1 26	1 28	1 71	1 1	-153.58360556563824
1379	1 26	1 28	1 70	1 72	9.791032388429759
1380	1 26	1 28	1 72	1 2	-115.5031429421402
1381	1 27	1 29	1 28	1 30	169.9815902826411
1382	1 27	1 29	1 30	1 32	-43.378363322205495
1383	1 27	1 29	1 32	1 34	-246.16396457297373
1384	1 27	1 29	1 34	1 36	120.82487807536171
1385	1 27	1 29	1 36	1 38	123.55142360305459
1386	1 27	1 29	1 38	1 40	-11.759541516794393
1387	1 27	1 29	1 40	1 42	-188.35247432306255
1388	1 27	1 29	1 42	1 44	75.78758574858514
1389	1 27	1 29	1 44	1 46	80.19598221819544
1390	1 27	1 29	1 46	1 48	14.008880274371428
1391	1 27	1 29	1 33	1 35	4.301045961334811
1392	1 27	1 29	1 35	1 37	209.8097132062489
1393	1 27	1 29	1 37	1 39	5.369872215894706
1394	1 27	1 29	1 41	1 43	31.463990252979734
1395	1 27	1 29	1 43	1 45	102.67297728572646
1396	1 27	1 29	1 45	1 47	38.69921753243747
1397	1 27	1 29	1 47	1 49	-152.35544794188863
1398	1 27	1 29	1 49	1 51	30.371110879185103
1399	1 27	1 29	1 48	1 50	-146.36593810010604
1400	1 27	1 29	1 50	1 52	51.76445853004925
1401	1 27	1 29	1 52	1 54	53.70875061122151
1402	1 27	1 29	1 54	1 56	22.088228996678357
1403	1 27	1 29	1 56	1 58	-113.15086486922763
1404	1 27	1 29	1 58	1 60	38.4779289385895
1405	1 27	1 29	1 60	1 62	39.21842210112162
1406	1 27	1 29	1 62	1 64	20.761375211760672
1407	1 27	1 29	1 64	1 66	-88.67297828435137
1408	1 27	1 29	1 66	1 68	28.593446753095783
1409	1 27	1 29	1 51	1 53	63.079819942186475
1410	1 27	1 29	1 53	1 55	38.279831233209705
1411	1 27	1 29	1 55	1 57	-115.58384353200601
1412	1 27	1 29	1 57	1 59	24.245468592143578
1413	1 27	1 29	1 59	1 61	42.17055775125782
1414	1 27	1 29	1 61	1 63	31.622031736504482
1415	1 27	1 29	1 63	1 65	-87.70213543670643
1416	1 27	1 29	1 65	1 67	19.895948043703513
1417	1 27	1 29	1 67	1 69	31.696859795017495
1418	1 27	1 29	1 69	1 71	24.001122596837632
1419	1 27	1 29	1 68	1 70	30.25880706138374
1420	1 27	1 29	1 70	1 72	15.498547481374402
1421	1 27	1 29	1 72	1 2	-126.23635960087236
1422	1 27	1 29	1 71	1 1	-140.0967460633845
1423	1 28	1 30	1 29	1 31	171.15946629048375
1424	1 28	1 30	1 31	1 33	-294.0443400189016
1425	1 28	1 30	1 33	1 35	-17.337597799058166
1426	1 28	1 30	1 35	1 37	121.69470738523472
1427	1 28	1 30	1 37	1 39	137.36346664127242
1428	1 28	1 30	1 39	1 41	-233.2151421884518
1429	1 28	1 30	1 41	1 43	6.484602105550623
1430	1 28	1 30	1 43	1 45	81.63515024033985
1431	1 28	1 30	1 45	1 47	88.55576092235523
1432	1 28	1 30	1 47	1 49	-164.95079829008847
1433	1 28	1 30	1 32	1 34	-260.96862924533804
1434	1 28	1 30	1 36	1 38	223.40195428583826
1435	1 28	1 30	1 38	1 40	16.809403001742083
1436	1 28	1 30	1 42	1 44	34.4234646565411
1437	1 28	1 30	1 44	1 46	111.55446348257308
1438	1 28	1 30	1 46	1 48	45.77144129405633
1439	1 28	1 30	1 48	1 50	-176.16126814897945
1440	1 28	1 30	1 50	1 52	35.02203130442727
1441	1 28	1 30	1 49	1 51	15.478359073760847
1442	1 28	1 30	1 51	1 53	57.169808777498446
1443	1 28	1 30	1 53	1 55	61.76367383324378
1444	1 28	1 30	1 55	1 57	-123.06769377931101
1445	1 28	1 30	1 57	1 59	16.660419478517078
1446	1 28	1 30	1 59	1 61	39.57413562920908
1447	1 28	1 30	1 61	1 63	43.98745482943228
1448	1 28	1 30	1 63	1 65	-92.46452801814746
1449	1 28	1 30	1 65	1 67	16.03002928654913
1450	1 28	1 30	1 67	1 69	31.171648182877192
1451	1 28	1 30	1 52	1 54	65.21419512368581
1452	1 28	1 30	1 54	1 56	43.78004842268258
1453	1 28	1 30	1 56	1 58	-131.9685268030508
1454	1 28	1 30	1 58	1 60	30.607519011892002
1455	1 28	1 30	1 60	1 62	45.62079236725265
1456	1 28	1 30	1 62	1 64	33.47706116007925
1457	1 28	1 30	1 64	1 66	-100.99425543924467
1458	1 28	1 30	1 66	1 68	25.133971216691805
1459	1 28	1 30	1 68	1 70	34.26746365623113
1460	1 28	1 30	1 70	1 72	21.66518539897886
1461	1 28	1 30	1 69	1 71	30.37335254910444
1462	1 28	1 30	1 71	1 1	-127.40553879711334
1463	1 28	1 30	1 72	1 2	-127.6335932493057
1464	1 29	1 31	1 30	1 32	185.36394469759733
1465	1 29	1 31	1 32	1 34	-312.06503549695736
1466	1 29	1 31	1 34	1 36	-18.045646477040798
1467	1 29	1 31	1 38	1 40	155.22127722576823
1468	1 29	1 31	1 40	1 42	-263.75165362215716
1469	1 29	1 31	1 42	1 44	9.04508839014542
1470	1 29	1 31	1 44	1 46	84.67428016671977
1471	1 29	1 31	1 46	1 48	100.88938581358136
1472	1 29	1 31	1 48	1 50	-189.2390115780446
1473	1 29	1 31	1 33	1 35	-9.245031800762392
1474	1 29	1 31	1 37	1 39	247.63420186113098
1475	1 29	1 31	1 39	1 41	-232.5007792207792
1476	1 29	1 31	1 43	1 45	36.283132666396156
1477	1 29	1 31	1 45	1 47	118.19601820250286
1478	1 29	1 31	1 47	1 49	-147.19623978784887
1479	1 29	1 31	1 49	1 51	6.912775666360952
1480	1 29	1 31	1 51	1 53	36.711456772815815
1481	1 29	1 31	1 50	1 52	18.17225026183181
1482	1 29	1 31	1 52	1 54	54.13250961249406
1483	1 29	1 31	1 54	1 56	67.5173992870312
1484	1 29	1 31	1 56	1 58	-133.16409824605998
1485	1 29	1 31	1 58	1 60	19.67182852988487
1486	1 29	1 31	1 60	1 62	40.296410387925505
1487	1 29	1 31	1 62	1 64	43.90682834471653
1488	1 29	1 31	1 64	1 66	-98.11313261329994
1489	1 29	1 31	1 66	1 68	18.29141377315188
1490	1 29	1 31	1 68	1 70	31.192514641565396
1491	1 29	1 31	1 53	1 55	72.16005653769882
1492	1 29	1 31	1 55	1 57	-108.74719696749644
1493	1 29	1 31	1 57	1 59	9.895306727222223
1494	1 29	1 31	1 59	1 61	28.794885581000838
1495	1 29	1 31	1 61	1 63	47.93275649794802
1496	1 29	1 31	1 63	1 65	-81.19468505986465
1497	1 29	1 31	1 65	1 67	11.00668643398364
1498	1 29	1 31	1 67	1 69	24.973900714056633
1499	1 29	1 31	1 69	1 71	31.155199380782605
1500	1 29	1 31	1 71	1 1	-104.70533868026502
1501	1 29	1 31	1 70	1 72	25.053036316360476
1502	1 29	1 31	1 72	1 2	-113.18211924203426
1503	1 30	1 32	1 33	1 35	-3.902412245005167
1504	1 30	1 32	1 35	1 37	-15.538254588218827
1505	1 30	1 32	1 37	1 39	139.49888652450272
1506	1 30	1 32	1 39	1 41	-114.3238601914117
1507	1 30	1 32	1 43	1 45	11.00841448003791
1508	1 30	1 32	1 45	1 47	83.37711038163977
1509	1 30	1 32	1 47	1 49	-88.42365815200253
1510	1 30	1 32	1 49	1 51	3.1893366294201417
1511	1 30	1 32	1 34	1 36	-8.278209114398601
1512	1 30	1 32	1 36	1 38	7.6249744499367065
1513	1 30	1 32	1 38	1 40	252.00623820507442
1514	1 30	1 32	1 40	1 42	-245.64346165633324
1515	1 30	1 32	1 42	1 44	2.1752716070777947
1516	1 30	1 32	1 44	1 46	36.168230782373826
1517	1 30	1 32	1 46	1 48	125.65373866218957
1518	1 30	1 32	1 48	1 50	-159.41823464124826
1519	1 30	1 32	1 50	1 52	8.478404095472662
1520	1 30	1 32	1 52	1 54	31.497233236399218
1521	1 30	1 32	1 51	1 53	18.342867525781188
1522	1 30	1 32	1 53	1 55	55.865171792841416
1523	1 30	1 32	1 55	1 57	-72.71331527418752
1524	1 30	1 32	1 57	1 59	5.402076117865442
1525	1 30	1 32	1 59	1 61	16.977221419931965
1526	1 30	1 32	1 61	1 63	38.09546031153351
1527	1 30	1 32	1 63	1 65	-57.08215393442454
1528	1 30	1 32	1 65	1 67	6.644131242438671
1529	1 30	1 32	1 67	1 69	16.40952751333923
1530	1 30	1 32	1 69	1 71	24.744710851937185
1531	1 30	1 32	1 54	1 56	70.66971220795297
1532	1 30	1 32	1 56	1 58	-106.29262296491137
1533	1 30	1 32	1 58	1 60	10.945319730769185
1534	1 30	1 32	1 60	1 62	27.124225181181124
1535	1 30	1 32	1 62	1 64	42.070730386609924
1536	1 30	1 32	1 64	1 66	-76.24107445295034
1537	1 30	1 32	1 66	1 68	11.317528783723837
1538	1 30	1 32	1 68	1 70	22.450007189051757
1539	1 30	1 32	1 70	1 72	22.299711518064857
1540	1 30	1 32	1 72	1 2	-83.0192895968128
1541	1 30	1 32	1 71	1 1	-72.48268683909072
1542	1 31	1 33	1 32	1 34	731.3806941923775
1543	1 31	1 33	1 34	1 36	-282.4201921152692
1544	1 31	1 33	1 36	1 38	-248.38750922055567
1545	1 31	1 33	1 40	1 42	653.43167350936
1546	1 31	1 33	1 42	1 44	-234.73596281485754
1547	1 31	1 33	1 44	1 46	-190.81471649637638
1548	1 31	1 33	1 46	1 48	-120.85389830758561
1549	1 31	1 33	1 48	1 50	504.7579437717075
1550	1 31	1 33	1 50	1 52	-172.02184284059157
1551	1 31	1 33	1 35	1 37	-239.7353729264724
1552	1 31	1 33	1 37	1 39	-248.88047780022262
1553	1 31	1 33	1 39	1 41	780.9463512377997
1554	1 31	1 33	1 41	1 43	-277.295875680115
1555	1 31	1 33	1 45	1 47	-169.911715210356
1556	1 31	1 33	1 47	1 49	519.672773414345
1557	1 31	1 33	1 51	1 53	-160.05174854704734
1558	1 31	1 33	1 53	1 55	-132.06757753827503
1559	1 31	1 33	1 52	1 54	-142.49459157030958
1560	1 31	1 33	1 54	1 56	-100.9969226648749
1561	1 31	1 33	1 56	1 58	379.73722415795584
1562	1 31	1 33	1 58	1 60	-128.24942962149777
1563	1 31	1 33	1 60	1 62	-113.77891728425463
1564	1 31	1 33	1 62	1 64	-78.31707992636495
1565	1 31	1 33	1 64	1 66	291.9097859567926
1566	1 31	1 33	1 66	1 68	-94.7259300252106
1567	1 31	1 33	1 68	1 70	-92.7230623321516
1568	1 31	1 33	1 70	1 72	-52.816423481320584
1569	1 31	1 33	1 55	1 57	379.13520168936986
1570	1 31	1 33	1 57	1 59	-98.20173819991885
1571	1 31	1 33	1 59	1 61	-122.75726660645374
1572	1 31	1 33	1 61	1 63	-102.6765095879233
1573	1 31	1 33	1 63	1 65	285.0819918261256
1574	1 31	1 33	1 65	1 67	-72.1584881995438
1575	1 31	1 33	1 67	1 69	-98.16822288827942
1576	1 31	1 33	1 69	1 71	-76.97411787917177
1577	1 31	1 33	1 71	1 1	266.9542861380265
1578	1 31	1 33	1 72	1 2	231.40814443286433
1579	1 32	1 34	1 33	1 35	-110.30821877649691
1580	1 32	1 34	1 35	1 37	-272.7105896126011
1581	1 32	1 34	1 37	1 39	-272.0018354668675
1582	1 32	1 34	1 39	1 41	622.6864163972965
1583	1 32	1 34	1 41	1 43	-99.58924601620629
1584	1 32	1 34	1 43	1 45	-216.8154439247764
1585	1 32	1 34	1 45	1 47	-199.41161904761907
1586	1 32	1 34	1 47	1 49	458.44249572649574
1587	1 32	1 34	1 49	1 51	-82.04034750039017
1588	1 32	1 34	1 51	1 53	-157.5824082639531
1589	1 32	1 34	1 36	1 38	-254.5874876033058
1590	1 32	1 34	1 38	1 40	-266.291
1591	1 32	1 34	1 40	1 42	735.4272013071311
1592	1 32	1 34	1 42	1 44	-205.57990042697682
1593	1 32	1 34	1 46	1 48	-184.6760828402367
1594	1 32	1 34	1 48	1 50	522.9364942528734
1595	1 32	1 34	1 50	1 52	-134.88640409996646
1596	1 32	1 34	1 52	1 54	-152.47477362051353
1597	1 32	1 34	1 54	1 56	-135.88702646746125
1598	1 32	1 34	1 53	1 55	-154.1508827375763
1599	1 32	1 34	1 55	1 57	353.49965871169985
1600	1 32	1 34	1 57	1 59	-64.22669334289367
1601	1 32	1 34	1 59	1 61	-113.63656444954725
1602	1 32	1 34	1 61	1 63	-115.67607614050459
1603	1 32	1 34	1 63	1 65	268.6856298428838
1604	1 32	1 34	1 65	1 67	-53.796771625171445
1605	1 32	1 34	1 67	1 69	-89.94702648920206
1606	1 32	1 34	1 69	1 71	-82.40512614439554
1607	1 32	1 34	1 71	1 1	232.32135151264748
1608	1 32	1 34	1 56	1 58	381.7395330141362
1609	1 32	1 34	1 58	1 60	-102.29255711499493
1610	1 32	1 34	1 60	1 62	-117.90481871179759
1611	1 32	1 34	1 62	1 64	-96.59293555272552
1612	1 32	1 34	1 64	1 66	289.8778617277623
1613	1 32	1 34	1 66	1 68	-78.65623716265941
1614	1 32	1 34	1 68	1 70	-93.40334539354346
1615	1 32	1 34	1 70	1 72	-60.63404073837138
1616	1 32	1 34	1 72	1 2	219.91212326907413
1617	1 33	1 35	1 34	1 36	167.25594441171745
1618	1 33	1 35	1 36	1 38	-47.33148864747072
1619	1 33	1 35	1 38	1 40	-7.189571988568339
1620	1 33	1 35	1 40	1 42	-107.55780985673144
1621	1 33	1 35	1 42	1 44	134.19536609243164
1622	1 33	1 35	1 44	1 46	-20.112270956622464
1623	1 33	1 35	1 46	1 48	-5.763762679432547
1624	1 33	1 35	1 48	1 50	-98.42377005253815
1625	1 33	1 35	1 50	1 52	89.45470052182469
1626	1 33	1 35	1 52	1 54	7.125728778134645
1627	1 33	1 35	1 37	1 39	-17.680324401631026
1628	1 33	1 35	1 41	1 43	278.055714906611
1629	1 33	1 35	1 45	1 47	-11.277212403558682
1630	1 33	1 35	1 47	1 49	-167.96573397189502
1631	1 33	1 35	1 49	1 51	127.98578387580463
1632	1 33	1 35	1 51	1 53	32.23776892318372
1633	1 33	1 35	1 55	1 57	-117.34132345164434
1634	1 33	1 35	1 56	1 58	-85.48776648883032
1635	1 33	1 35	1 58	1 60	61.09401580953417
1636	1 33	1 35	1 60	1 62	16.913088742441563
1637	1 33	1 35	1 62	1 64	3.0416181381072676
1638	1 33	1 35	1 64	1 66	-72.16171690937921
1639	1 33	1 35	1 66	1 68	41.325105026799946
1640	1 33	1 35	1 68	1 70	19.811103850746555
1641	1 33	1 35	1 70	1 72	5.297655804611189
1642	1 33	1 35	1 72	1 2	-84.59875684086461
1643	1 33	1 35	1 57	1 59	65.48348307430274
1644	1 33	1 35	1 59	1 61	37.10097014270181
1645	1 33	1 35	1 61	1 63	7.597839160169389
1646	1 33	1 35	1 63	1 65	-88.93748950661754
1647	1 33	1 35	1 65	1 67	39.57840611987993
1648	1 33	1 35	1 67	1 69	31.539028333191528
1649	1 33	1 35	1 69	1 71	11.33738001401197
1650	1 33	1 35	1 71	1 1	-115.69549783075351
1651	1 34	1 36	1 35	1 37	160.58561113216285
1652	1 34	1 36	1 37	1 39	-48.6422860293828
1653	1 34	1 36	1 39	1 41	-242.81472626776625
1654	1 34	1 36	1 41	1 43	129.88484475577434
1655	1 34	1 36	1 43	1 45	117.36552042027631
1656	1 34	1 36	1 45	1 47	-16.17560161777174
1657	1 34	1 36	1 47	1 49	-180.69187841253304
1658	1 34	1 36	1 49	1 51	81.47354281277828
1659	1 34	1 36	1 51	1 53	76.65196295407964
1660	1 34	1 36	1 53	1 55	9.888990781869417
1661	1 34	1 36	1 38	1 40	-15.816769088852322
1662	1 34	1 36	1 42	1 44	211.23172028463205
1663	1 34	1 36	1 46	1 48	-9.645907675763382
1664	1 34	1 36	1 48	1 50	-149.16184831491864
1665	1 34	1 36	1 50	1 52	105.50217951722524
1666	1 34	1 36	1 52	1 54	33.80205222896333
1667	1 34	1 36	1 56	1 58	-115.43785387092547
1668	1 34	1 36	1 55	1 57	-135.98014371359324
1669	1 34	1 36	1 57	1 59	50.00674973717746
1670	1 34	1 36	1 59	1 61	54.508876328716696
1671	1 34	1 36	1 61	1 63	17.922684713563797
1672	1 34	1 36	1 63	1 65	-105.04662364827531
1673	1 34	1 36	1 65	1 67	34.575214196372734
1674	1 34	1 36	1 67	1 69	40.16492586713214
1675	1 34	1 36	1 69	1 71	19.03387388087668
1676	1 34	1 36	1 71	1 1	-110.78796185079102
1677	1 34	1 36	1 58	1 60	65.90601572305445
1678	1 34	1 36	1 60	1 62	33.5344323795714
1679	1 34	1 36	1 62	1 64	7.822492204741362
1680	1 34	1 36	1 64	1 66	-93.45727457929931
1681	1 34	1 36	1 66	1 68	43.796616923676126
1682	1 34	1 36	1 68	1 70	30.04096027039006
1683	1 34	1 36	1 70	1 72	9.765786377439628
1684	1 34	1 36	1 72	1 2	-89.15396310866686
1685	1 35	1 37	1 36	1 38	159.02532387932024
1686	1 35	1 37	1 38	1 40	-50.194076849058845
1687	1 35	1 37	1 40	1 42	-235.20166822082786
1688	1 35	1 37	1 42	1 44	122.49708260719811
1689	1 35	1 37	1 44	1 46	120.78916431811012
1690	1 35	1 37	1 46	1 48	-18.335620626742525
1691	1 35	1 37	1 48	1 50	-185.57141212682365
1692	1 35	1 37	1 50	1 52	79.48900546708869
1693	1 35	1 37	1 52	1 54	80.35235156098916
1694	1 35	1 37	1 54	1 56	9.686915069584721
1695	1 35	1 37	1 43	1 45	211.03418802029404
1696	1 35	1 37	1 45	1 47	5.0538602811537645
1697	1 35	1 37	1 47	1 49	-199.44613136516745
1698	1 35	1 37	1 49	1 51	30.85826711114153
1699	1 35	1 37	1 51	1 53	107.60102724400033
1700	1 35	1 37	1 53	1 55	37.38575129533679
1701	1 35	1 37	1 55	1 57	-156.86270255944268
1702	1 35	1 37	1 57	1 59	31.139618073917386
1703	1 35	1 37	1 56	1 58	-146.99480249480249
1704	1 35	1 37	1 58	1 60	56.93358659544499
1705	1 35	1 37	1 60	1 62	55.79714731529354
1706	1 35	1 37	1 62	1 64	18.372448783134665
1707	1 35	1 37	1 64	1 66	-116.995785997188
1708	1 35	1 37	1 66	1 68	41.12670177088677
1709	1 35	1 37	1 68	1 70	41.84593227189734
1710	1 35	1 37	1 70	1 72	17.296284292506314
1711	1 35	1 37	1 72	1 2	-105.01134942843534
1712	1 35	1 37	1 59	1 61	65.00680759050749
1713	1 35	1 37	1 61	1 63	37.345395360954655
1714	1 35	1 37	1 63	1 65	-120.244341770859
1715	1 35	1 37	1 65	1 67	27.202939949266913
1716	1 35	1 37	1 67	1 69	45.89868912831466
1717	1 35	1 37	1 69	1 71	30.377287611110177
1718	1 35	1 37	1 71	1 1	-115.98588086983926
1719	1 36	1 38	1 37	1 39	169.14926477345836
1720	1 36	1 38	1 39	1 41	-281.3664102564103
1721	1 36	1 38	1 41	1 43	-20.126641518538896
1722	1 36	1 38	1 43	1 45	126.58578294018548
1723	1 36	1 38	1 45	1 47	129.21938889582162
1724	1 36	1 38	1 47	1 49	-228.55358585858585
1725	1 36	1 38	1 49	1 51	6.662191621386116
1726	1 36	1 38	1 51	1 53	85.30632221915025
1727	1 36	1 38	1 53	1 55	87.19950720201462
1728	1 36	1 38	1 55	1 57	-168.7748396889283
1729	1 36	1 38	1 44	1 46	225.8462585768578
1730	1 36	1 38	1 50	1 52	36.679895294853644
1731	1 36	1 38	1 52	1 54	107.74335044874815
1732	1 36	1 38	1 54	1 56	40.243756473005476
1733	1 36	1 38	1 56	1 58	-170.5573436303759
1734	1 36	1 38	1 58	1 60	37.53658846157268
1735	1 36	1 38	1 57	1 59	16.490279620704314
1736	1 36	1 38	1 59	1 61	55.801281351124445
1737	1 36	1 38	1 61	1 63	60.660097423759055
1738	1 36	1 38	1 63	1 65	-124.05965261705535
1739	1 36	1 38	1 65	1 67	18.916980125138018
1740	1 36	1 38	1 67	1 69	42.57900217154922
1741	1 36	1 38	1 69	1 71	41.00945809958219
1742	1 36	1 38	1 71	1 1	-117.04162726882006
1743	1 36	1 38	1 60	1 62	67.72229131073829
1744	1 36	1 38	1 62	1 64	38.2172426603672
1745	1 36	1 38	1 64	1 66	-132.87750086422955
1746	1 36	1 38	1 66	1 68	32.259550638999585
1747	1 36	1 38	1 68	1 70	47.84057433169539
1748	1 36	1 38	1 70	1 72	26.949440075081323
1749	1 36	1 38	1 72	1 2	-117.29686353085881
1750	1 37	1 39	1 38	1 40	186.3951120358024
1751	1 37	1 39	1 40	1 42	-313.3410969561412
1752	1 37	1 39	1 42	1 44	-19.060798513763224
1753	1 37	1 39	1 44	1 46	130.92444696549356
1754	1 37	1 39	1 46	1 48	145.14496414466555
1755	1 37	1 39	1 48	1 50	-255.07587064676616
1756	1 37	1 39	1 50	1 52	7.871561604841752
1757	1 37	1 39	1 52	1 54	77.75405357052804
1758	1 37	1 39	1 54	1 56	100.0703634707733
1759	1 37	1 39	1 56	1 58	-180.87926082862526
1760	1 37	1 39	1 41	1 43	-12.311605562611298
1761	1 37	1 39	1 43	1 45	4.042672882079827
1762	1 37	1 39	1 45	1 47	238.5304609732131
1763	1 37	1 39	1 47	1 49	-224.9101601314683
1764	1 37	1 39	1 51	1 53	36.13447838042855
1765	1 37	1 39	1 53	1 55	119.98022160907459
1766	1 37	1 39	1 55	1 57	-149.55331821437096
1767	1 37	1 39	1 57	1 59	6.569890019894915
1768	1 37	1 39	1 59	1 61	32.59898042764108
1769	1 37	1 39	1 58	1 60	17.428528209586588
1770	1 37	1 39	1 60	1 62	55.999875366568915
1771	1 37	1 39	1 62	1 64	64.3352246018953
1772	1 37	1 39	1 64	1 66	-132.85648640184013
1773	1 37	1 39	1 66	1 68	19.605757125708976
1774	1 37	1 39	1 68	1 70	42.23479819085908
1775	1 37	1 39	1 70	1 72	35.927003819769254
1776	1 37	1 39	1 72	1 2	-101.79634746588694
1777	1 37	1 39	1 61	1 63	71.84704021817852
1778	1 37	1 39	1 63	1 65	-106.47253012824645
1779	1 37	1 39	1 65	1 67	10.56705405497076
1780	1 37	1 39	1 67	1 69	30.30275254872981
1781	1 37	1 39	1 69	1 71	44.391234134674136
1782	1 37	1 39	1 71	1 1	-92.34157244616199
1783	1 38	1 40	1 39	1 41	-127.98003331681261
1784	1 38	1 40	1 41	1 43	-6.559833310866747
1785	1 38	1 40	1 43	1 45	-22.30654405799234
1786	1 38	1 40	1 45	1 47	127.86525965939833
1787	1 38	1 40	1 47	1 49	-95.23394177298005
1788	1 38	1 40	1 49	1 51	-2.7821354524156634
1789	1 38	1 40	1 51	1 53	4.3838199890576215
1790	1 38	1 40	1 53	1 55	84.60123054276136
1791	1 38	1 40	1 55	1 57	-83.34235040273462
1792	1 38	1 40	1 57	1 59	1.4549430698518337
1793	1 38	1 40	1 42	1 44	-12.395534265281299
1794	1 38	1 40	1 46	1 48	281.37485204182286
1795	1 38	1 40	1 48	1 50	-257.77849916956063
1796	1 38	1 40	1 50	1 52	-2.1273380350936426
1797	1 38	1 40	1 52	1 54	25.656854979212635
1798	1 38	1 40	1 54	1 56	132.79234234234235
1799	1 38	1 40	1 56	1 58	-153.7433952198037
1800	1 38	1 40	1 58	1 60	5.090106218316841
1801	1 38	1 40	1 60	1 62	30.1890312188277
1802	1 38	1 40	1 59	1 61	12.208163839767384
1803	1 38	1 40	1 61	1 63	55.92147471679225
1804	1 38	1 40	1 63	1 65	-67.09872189862682
1805	1 38	1 40	1 65	1 67	4.512842802512209
1806	1 38	1 40	1 67	1 69	16.29231547868288
1807	1 38	1 40	1 69	1 71	35.0935429359339
1808	1 38	1 40	1 71	1 1	-54.5670346387892
1809	1 38	1 40	1 62	1 64	72.12582934368756
1810	1 38	1 40	1 64	1 66	-104.90810942508432
1811	1 38	1 40	1 66	1 68	9.084977257947394
1812	1 38	1 40	1 68	1 70	27.483576402680114
1813	1 38	1 40	1 70	1 72	35.478088263709836
1814	1 38	1 40	1 72	1 2	-68.50889999789835
1815	1 39	1 41	1 40	1 42	748.8420592443431
1816	1 39	1 41	1 42	1 44	-297.5977870346264
1817	1 39	1 41	1 44	1 46	-245.72845227062095
1818	1 39	1 41	1 46	1 48	-123.18295089926539
1819	1 39	1 41	1 48	1 50	665.0041618889879
1820	1 39	1 41	1 50	1 52	-260.4428642714571
1821	1 39	1 41	1 52	1 54	-185.3904711635823
1822	1 39	1 41	1 54	1 56	-114.35883556644932
1823	1 39	1 41	1 56	1 58	520.472145040289
1824	1 39	1 41	1 58	1 60	-196.84919772144193
1825	1 39	1 41	1 43	1 45	-242.9383762809244
1826	1 39	1 41	1 45	1 47	-241.3383343258967
1827	1 39	1 41	1 47	1 49	800.8813622754491
1828	1 39	1 41	1 51	1 53	-217.97585361252592
1829	1 39	1 41	1 53	1 55	-172.04357637028306
1830	1 39	1 41	1 55	1 57	554.7484335839599
1831	1 39	1 41	1 57	1 59	-163.26714708531722
1832	1 39	1 41	1 59	1 61	-172.11854424097322
1833	1 39	1 41	1 61	1 63	-132.0223139129389
1834	1 39	1 41	1 60	1 62	-151.48248731660496
1835	1 39	1 41	1 62	1 64	-94.39975922050141
1836	1 39	1 41	1 64	1 66	405.396885879858
1837	1 39	1 41	1 66	1 68	-142.70014034719918
1838	1 39	1 41	1 68	1 70	-125.89845670544335
1839	1 39	1 41	1 70	1 72	-66.70790715539947
1840	1 39	1 41	1 72	1 2	195.06746932691203
1841	1 39	1 41	1 63	1 65	409.723137740522
1842	1 39	1 41	1 65	1 67	-112.85328821919006
1843	1 39	1 41	1 67	1 69	-139.1887843571297
1844	1 39	1 41	1 69	1 71	-100.99442740889255
1845	1 39	1 41	1 71	1 1	208.60330404672914
1846	1 40	1 42	1 41	1 43	-115.56549539085661
1847	1 40	1 42	1 43	1 45	-270.8373709775349
1848	1 40	1 42	1 47	1 49	648.0077521389682
1849	1 40	1 42	1 49	1 51	-108.42396681706138
1850	1 40	1 42	1 51	1 53	-224.23537275943715
1851	1 40	1 42	1 53	1 55	-201.61345666385023
1852	1 40	1 42	1 55	1 57	482.82244556113903
1853	1 40	1 42	1 57	1 59	-86.35201470731621
1854	1 40	1 42	1 59	1 61	-160.66735636801928
1855	1 40	1 42	1 44	1 46	-249.49122807017542
1856	1 40	1 42	1 46	1 48	-274.54495792458965
1857	1 40	1 42	1 48	1 50	765.3836864889497
1858	1 40	1 42	1 54	1 56	-185.29869154869152
1859	1 40	1 42	1 56	1 58	528.7901774451266
1860	1 40	1 42	1 58	1 60	-149.53475807313623
1861	1 40	1 42	1 60	1 62	-158.78903713485576
1862	1 40	1 42	1 62	1 64	-129.8101495180371
1863	1 40	1 42	1 61	1 63	-153.08087833647522
1864	1 40	1 42	1 63	1 65	369.529866095186
1865	1 40	1 42	1 65	1 67	-73.30506662276008
1866	1 40	1 42	1 67	1 69	-125.83422121938432
1867	1 40	1 42	1 69	1 71	-111.09338574982232
1868	1 40	1 42	1 71	1 1	191.28505760368662
1869	1 40	1 42	1 64	1 66	396.58931203931206
1870	1 40	1 42	1 66	1 68	-109.76862768711464
1871	1 40	1 42	1 68	1 70	-127.10455232909862
1872	1 40	1 42	1 70	1 72	-81.25351586513455
1873	1 40	1 42	1 72	1 2	192.02978640856003
1874	1 41	1 43	1 42	1 44	179.22825082839643
1875	1 41	1 43	1 44	1 46	-49.758492396390835
1876	1 41	1 43	1 46	1 48	-9.394808319243847
1877	1 41	1 43	1 48	1 50	-128.73943106157617
1878	1 41	1 43	1 50	1 52	156.55549014696058
1879	1 41	1 43	1 52	1 54	-19.04608213641768
1880	1 41	1 43	1 54	1 56	-7.35634313292674
1881	1 41	1 43	1 56	1 58	-119.57355748879078
1882	1 41	1 43	1 58	1 60	107.62805158912943
1883	1 41	1 43	1 60	1 62	10.283351673950207
1884	1 41	1 43	1 45	1 47	-19.59818603106399
1885	1 41	1 43	1 49	1 51	316.6038986013986
1886	1 41	1 43	1 53	1 55	-11.368146806186465
1887	1 41	1 43	1 55	1 57	-195.4077337504345
1888	1 41	1 43	1 57	1 59	137.23865594643541
1889	1 41	1 43	1 59	1 61	46.10846782171467
1890	1 41	1 43	1 61	1 63	0.6407073776180217
1891	1 41	1 43	1 63	1 65	-145.7755292238051
1892	1 41	1 43	1 64	1 66	-103.99869478487166
1893	1 41	1 43	1 66	1 68	71.85954648394403
1894	1 41	1 43	1 68	1 70	23.307772786003124
1895	1 41	1 43	1 70	1 72	4.025124897550862
1896	1 41	1 43	1 72	1 2	-65.26262735314153
1897	1 41	1 43	1 65	1 67	76.24993194779603
1898	1 41	1 43	1 67	1 69	46.9348810397803
1899	1 41	1 43	1 69	1 71	10.869617689475241
1900	1 41	1 43	1 71	1 1	-81.93925647330784
1901	1 42	1 44	1 43	1 45	173.52697563874034
1902	1 42	1 44	1 45	1 47	-54.77594773647405
1903	1 42	1 44	1 47	1 49	-273.7130325814536
1904	1 42	1 44	1 51	1 53	131.75713472218567
1905	1 42	1 44	1 53	1 55	-20.06656608906239
1906	1 42	1 44	1 55	1 57	-203.52076046680747
1907	1 42	1 44	1 57	1 59	89.23482234909747
1908	1 42	1 44	1 59	1 61	92.61644721770061
1909	1 42	1 44	1 61	1 63	7.278431027359961
1910	1 42	1 44	1 46	1 48	-21.34388525095007
1911	1 42	1 44	1 50	1 52	241.07254267145953
1912	1 42	1 44	1 54	1 56	-15.325231659093891
1913	1 42	1 44	1 56	1 58	-168.40837315399287
1914	1 42	1 44	1 58	1 60	127.36564139648033
1915	1 42	1 44	1 60	1 62	35.88903370435837
1916	1 42	1 44	1 64	1 66	-134.10802359882007
1917	1 42	1 44	1 63	1 65	-160.9027046742607
1918	1 42	1 44	1 65	1 67	60.238275613848444
1919	1 42	1 44	1 67	1 69	65.82015831733545
1920	1 42	1 44	1 69	1 71	19.795004816243186
1921	1 42	1 44	1 71	1 1	-104.54034188914348
1922	1 42	1 44	1 66	1 68	77.48925745283697
1923	1 42	1 44	1 68	1 70	40.15266450562185
1924	1 42	1 44	1 70	1 72	7.344947170092933
1925	1 42	1 44	1 72	1 2	-90.01391273917866
1926	1 43	1 45	1 44	1 46	160.24909258154335
1927	1 43	1 45	1 46	1 48	-58.60550816516197
1928	1 43	1 45	1 48	1 50	-242.53810817805385
1929	1 43	1 45	1 52	1 54	130.28342088303154
1930	1 43	1 45	1 54	1 56	-27.57635513412493
1931	1 43	1 45	1 56	1 58	-196.7037992786967
1932	1 43	1 45	1 58	1 60	92.43294249903798
1933	1 43	1 45	1 60	1 62	85.59235664166403
1934	1 43	1 45	1 62	1 64	4.501662976168754
1935	1 43	1 45	1 47	1 49	-252.129723934602
1936	1 43	1 45	1 51	1 53	228.31799884274452
1937	1 43	1 45	1 55	1 57	-214.56242449627442
1938	1 43	1 45	1 57	1 59	35.61951084890039
1939	1 43	1 45	1 59	1 61	115.641087873185
1940	1 43	1 45	1 61	1 63	36.981828370803406
1941	1 43	1 45	1 63	1 65	-172.6641607393178
1942	1 43	1 45	1 65	1 67	37.75592184361774
1943	1 43	1 45	1 64	1 66	-158.74357859531773
1944	1 43	1 45	1 66	1 68	64.00058528428093
1945	1 43	1 45	1 68	1 70	61.84548207461049
1946	1 43	1 45	1 70	1 72	16.11226729791178
1947	1 43	1 45	1 72	1 2	-115.27183325071634
1948	1 43	1 45	1 67	1 69	73.68185553707143
1949	1 43	1 45	1 69	1 71	37.8633624532781
1950	1 43	1 45	1 71	1 1	-123.56297125793208
1951	1 44	1 46	1 45	1 47	180.93365287025574
1952	1 44	1 46	1 47	1 49	-293.3302405198543
1953	1 44	1 46	1 49	1 51	-22.76493633159657
1954	1 44	1 46	1 51	1 53	132.8305111096716
1955	1 44	1 46	1 53	1 55	137.07149036044683
1956	1 44	1 46	1 55	1 57	-244.38661408548364
1957	1 44	1 46	1 57	1 59	6.7277035728995696
1958	1 44	1 46	1 59	1 61	82.13884059671119
1959	1 44	1 46	1 61	1 63	94.12970677708299
1960	1 44	1 46	1 63	1 65	-177.00645545613696
1961	1 44	1 46	1 52	1 54	225.07673307385642
1962	1 44	1 46	1 54	1 56	3.7367584512442455
1963	1 44	1 46	1 56	1 58	-220.42482917795598
1964	1 44	1 46	1 58	1 60	36.55836434139651
1965	1 44	1 46	1 60	1 62	118.11098957620787
1966	1 44	1 46	1 62	1 64	37.859899579311495
1967	1 44	1 46	1 64	1 66	-180.71641738569338
1968	1 44	1 46	1 66	1 68	38.912582978742
1969	1 44	1 46	1 65	1 67	18.571427168719275
1970	1 44	1 46	1 67	1 69	60.676972129260896
1971	1 44	1 46	1 69	1 71	60.7959291253612
1972	1 44	1 46	1 71	1 1	-118.26460196669466
1973	1 44	1 46	1 68	1 70	73.9468044900722
1974	1 44	1 46	1 70	1 72	34.128400859164415
1975	1 44	1 46	1 72	1 2	-120.79024940991346
1976	1 45	1 47	1 46	1 48	183.9047408913018
1977	1 45	1 47	1 48	1 50	-317.0484248964465
1978	1 45	1 47	1 50	1 52	-22.8019126178189
1979	1 45	1 47	1 52	1 54	126.01749247959529
1980	1 45	1 47	1 54	1 56	165.3958355319473
1981	1 45	1 47	1 56	1 58	-270.1776286529053
1982	1 45	1 47	1 58	1 60	5.5589813440322065
1983	1 45	1 47	1 60	1 62	88.79649440421329
1984	1 45	1 47	1 62	1 64	106.75623460303726
1985	1 45	1 47	1 64	1 66	-199.93965335660334
1986	1 45	1 47	1 49	1 51	-14.214484971076413
1987	1 45	1 47	1 51	1 53	3.6560830293831943
1988	1 45	1 47	1 55	1 57	-260.3372621719192
1989	1 45	1 47	1 57	1 59	-1.6961876469288353
1990	1 45	1 47	1 59	1 61	30.593397151343552
1991	1 45	1 47	1 61	1 63	135.35323495514226
1992	1 45	1 47	1 63	1 65	-161.3127522541863
1993	1 45	1 47	1 65	1 67	7.6091733259662675
1994	1 45	1 47	1 67	1 69	37.429996849334906
1995	1 45	1 47	1 66	1 68	18.267041285168695
1996	1 45	1 47	1 68	1 70	64.18465079224572
1997	1 45	1 47	1 70	1 72	57.75981203007518
1998	1 45	1 47	1 72	1 2	-115.94623042505592
1999	1 45	1 47	1 69	1 71	73.43851892788064
2000	1 45	1 47	1 71	1 1	-98.39767891682786
2001	1 46	1 48	1 47	1 49	-114.27185998264119
2002	1 46	1 48	1 49	1 51	-8.322944632545408
2003	1 46	1 48	1 51	1 53	-26.682206712023465
2004	1 46	1 48	1 53	1 55	158.67601712172214
2005	1 46	1 48	1 57	1 59	-2.968223233552205
2006	1 46	1 48	1 59	1 61	2.5040171198345504
2007	1 46	1 48	1 61	1 63	105.25588535270487
2008	1 46	1 48	1 63	1 65	-102.4773287793694
2009	1 46	1 48	1 65	1 67	2.586823049794202
2010	1 46	1 48	1 50	1 52	-15.754471744684723
2011	1 46	1 48	1 52	1 54	-8.46269895547016
2012	1 46	1 48	1 54	1 56	343.6159340659341
2013	1 46	1 48	1 56	1 58	-306.68419203747067
2014	1 46	1 48	1 58	1 60	-3.247075891671901
2015	1 46	1 48	1 60	1 62	35.39752664782824
2016	1 46	1 48	1 62	1 64	164.2119639487213
2017	1 46	1 48	1 64	1 66	-194.6840169838502
2018	1 46	1 48	1 66	1 68	7.1582060377990215
2019	1 46	1 48	1 68	1 70	41.80769090161312
2020	1 46	1 48	1 67	1 69	18.418838668253443
2021	1 46	1 48	1 69	1 71	64.26816396499089
2022	1 46	1 48	1 71	1 1	-68.41125181211245
2023	1 46	1 48	1 70	1 72	73.097062737795
2024	1 46	1 48	1 72	1 2	-102.36912560386475
2025	1 47	1 49	1 48	1 50	817.1858054226475
2026	1 47	1 49	1 50	1 52	-353.1272411798727
2027	1 47	1 49	1 52	1 54	-255.18675491385028
2028	1 47	1 49	1 54	1 56	-133.67782850413067
2029	1 47	1 49	1 56	1 58	735.1254266659664
2030	1 47	1 49	1 58	1 60	-301.19608460696884
2031	1 47	1 49	1 60	1 62	-209.27534263747282
2032	1 47	1 49	1 62	1 64	-116.70565551891977
2033	1 47	1 49	1 64	1 66	585.6186012479982
2034	1 47	1 49	1 66	1 68	-220.75435501998
2035	1 47	1 49	1 51	1 53	-275.9468599033816
2036	1 47	1 49	1 53	1 55	-287.9549765558397
2037	1 47	1 49	1 55	1 57	888.2430363401586
2038	1 47	1 49	1 61	1 63	-189.13218981243665
2039	1 47	1 49	1 63	1 65	615.2360754789363
2040	1 47	1 49	1 65	1 67	-179.9669088995306
2041	1 47	1 49	1 67	1 69	-201.68994439468577
2042	1 47	1 49	1 69	1 71	-140.11675210336253
2043	1 47	1 49	1 68	1 70	-177.45852309355956
2044	1 47	1 49	1 70	1 72	-86.95183536166421
2045	1 47	1 49	1 72	1 2	220.61327380811218
2046	1 47	1 49	1 71	1 1	215.1234398944133
2047	1 48	1 50	1 51	1 53	-300.1932261057841
2048	1 48	1 50	1 53	1 55	-295.15688043299986
2049	1 48	1 50	1 55	1 57	734.6846066278774
2050	1 48	1 50	1 57	1 59	-123.7092338308098
2051	1 48	1 50	1 59	1 61	-255.95370048412548
2052	1 48	1 50	1 61	1 63	-232.73651939960348
2053	1 48	1 50	1 63	1 65	578.4501165501166
2054	1 48	1 50	1 65	1 67	-107.29986188772088
2055	1 48	1 50	1 67	1 69	-197.04614884627887
2056	1 48	1 50	1 52	1 54	-255.19851492217623
2057	1 48	1 50	1 54	1 56	-336.9185596282912
2058	1 48	1 50	1 56	1 58	884.4281815650236
2059	1 48	1 50	1 62	1 64	-213.70994892530325
2060	1 48	1 50	1 64	1 66	630.477658991228
2061	1 48	1 50	1 68	1 70	-191.1699074074074
2062	1 48	1 50	1 70	1 72	-126.95625889046941
2063	1 48	1 50	1 69	1 71	-168.6028030489304
2064	1 48	1 50	1 71	1 1	213.72771893567554
2065	1 48	1 50	1 72	1 2	238.6459012477518
2066	1 49	1 51	1 50	1 52	224.36548671227834
2067	1 49	1 51	1 52	1 54	-58.48806646685101
2068	1 49	1 51	1 54	1 56	-11.47422775289887
2069	1 49	1 51	1 56	1 58	-149.89784983682242
2070	1 49	1 51	1 58	1 60	179.8693936403614
2071	1 49	1 51	1 60	1 62	-20.888594448009755
2072	1 49	1 51	1 62	1 64	-7.678118624108231
2073	1 49	1 51	1 64	1 66	-134.01238166783318
2074	1 49	1 51	1 66	1 68	118.58037309511298
2075	1 49	1 51	1 68	1 70	14.62306703081084
2076	1 49	1 51	1 53	1 55	-22.50503231820342
2077	1 49	1 51	1 57	1 59	295.45119204169293
2078	1 49	1 51	1 59	1 61	13.804929311559807
2079	1 49	1 51	1 61	1 63	-14.459568615890596
2080	1 49	1 51	1 65	1 67	145.57292316460752
2081	1 49	1 51	1 67	1 69	54.507370732515746
2082	1 49	1 51	1 69	1 71	3.01838947208468
2083	1 49	1 51	1 71	1 1	-74.71126622081877
2084	1 49	1 51	1 72	1 2	-63.45339795076894
2085	1 50	1 52	1 51	1 53	189.63250937869367
2086	1 50	1 52	1 53	1 55	-62.67055687558653
2087	1 50	1 52	1 55	1 57	-312.69477689380835
2088	1 50	1 52	1 57	1 59	167.99526755584122
2089	1 50	1 52	1 59	1 61	166.58640830585392
2090	1 50	1 52	1 61	1 63	-31.75837469415501
2091	1 50	1 52	1 65	1 67	111.58072372263999
2092	1 50	1 52	1 67	1 69	113.31601887383941
2093	1 50	1 52	1 69	1 71	9.156040779615918
2094	1 50	1 52	1 54	1 56	-26.879688086730056
2095	1 50	1 52	1 58	1 60	297.11129510522755
2096	1 50	1 52	1 60	1 62	-6.9898351359226485
2097	1 50	1 52	1 62	1 64	-18.16294981492163
2098	1 50	1 52	1 66	1 68	152.74334883055812
2099	1 50	1 52	1 68	1 70	43.40485127985127
2100	1 50	1 52	1 72	1 2	-100.64874090714058
2101	1 50	1 52	1 71	1 1	-114.08931736462915
2102	1 51	1 53	1 52	1 54	192.66796855809383
2103	1 51	1 53	1 54	1 56	-74.1776323987539
2104	1 51	1 53	1 56	1 58	-278.5289875565611
2105	1 51	1 53	1 60	1 62	144.97712202175103
2106	1 51	1 53	1 62	1 64	-35.57086366987538
2107	1 51	1 53	1 64	1 66	-231.22660799335506
2108	1 51	1 53	1 66	1 68	110.03752624942766
2109	1 51	1 53	1 68	1 70	100.97321270621632
2110	1 51	1 53	1 70	1 72	5.8180795933241924
2111	1 51	1 53	1 59	1 61	268.758309489733
2112	1 51	1 53	1 65	1 67	46.1742780351761
2113	1 51	1 53	1 67	1 69	138.85795765725263
2114	1 51	1 53	1 69	1 71	41.584233265219744
2115	1 51	1 53	1 71	1 1	-147.90384117087663
2116	1 51	1 53	1 72	1 2	-135.2623625919634
2117	1 52	1 54	1 53	1 55	173.2859543158357
2118	1 52	1 54	1 55	1 57	-314.3142004946893
2119	1 52	1 54	1 57	1 59	-26.715853660903083
2120	1 52	1 54	1 59	1 61	138.0450486471049
2121	1 52	1 54	1 61	1 63	164.0039839982914
2122	1 52	1 54	1 63	1 65	-277.68174354381256
2123	1 52	1 54	1 65	1 67	8.94786240650341
2124	1 52	1 54	1 67	1 69	98.20502306454455
2125	1 52	1 54	1 69	1 71	103.41302951543761
2126	1 52	1 54	1 71	1 1	-151.3098577338311
2127	1 52	1 54	1 60	1 62	278.91848230421834
2128	1 52	1 54	1 62	1 64	-16.9250822805937
2129	1 52	1 54	1 66	1 68	40.76275378368402
2130	1 52	1 54	1 68	1 70	139.60250869363244
2131	1 52	1 54	1 70	1 72	36.21484378827262
2132	1 52	1 54	1 72	1 2	-148.90012750242954
2133	1 53	1 55	1 56	1 58	-391.60786713286717
2134	1 53	1 55	1 58	1 60	-32.99274660214073
2135	1 53	1 55	1 60	1 62	152.1881576276799
2136	1 53	1 55	1 62	1 64	197.06294206051436
2137	1 53	1 55	1 64	1 66	-322.8006148440931
2138	1 53	1 55	1 66	1 68	4.372772127459031
2139	1 53	1 55	1 68	1 70	106.0954592267432
2140	1 53	1 55	1 70	1 72	103.4175233487872
2141	1 53	1 55	1 72	1 2	-159.1859756097561
2142	1 53	1 55	1 57	1 59	-16.477325079026688
2143	1 53	1 55	1 59	1 61	-19.454776038957025
2144	1 53	1 55	1 61	1 63	340.8118276460382
2145	1 53	1 55	1 63	1 65	-299.671978021978
2146	1 53	1 55	1 65	1 67	-2.117674200225627
2147	1 53	1 55	1 67	1 69	36.645805972390136
2148	1 53	1 55	1 69	1 71	142.74611244827867
2149	1 53	1 55	1 71	1 1	-127.81471970752091
2150	1 54	1 56	1 55	1 57	-170.22989284109826
2151	1 54	1 56	1 57	1 59	-8.828985186445935
2152	1 54	1 56	1 59	1 61	-32.0295871303239
2153	1 54	1 56	1 61	1 63	197.38978716841456
2154	1 54	1 56	1 63	1 65	-154.31171886487283
2155	1 54	1 56	1 65	1 67	-2.0558840692761446
2156	1 54	1 56	1 67	1 69	11.0665271522877
2157	1 54	1 56	1 69	1 71	118.88228321153449
2158	1 54	1 56	1 71	1 1	-96.07098488010365
2159	1 54	1 56	1 58	1 60	-18.771688642093352
2160	1 54	1 56	1 62	1 64	442.7158411740339
2161	1 54	1 56	1 64	1 66	-412.54344315245476
2162	1 54	1 56	1 68	1 70	54.33358784630299
2163	1 54	1 56	1 70	1 72	163.46605164698116
2164	1 54	1 56	1 72	1 2	-181.42381404389
2165	1 55	1 57	1 56	1 58	983.2600490196079
2166	1 55	1 57	1 60	1 62	-302.1454870207192
2167	1 55	1 57	1 62	1 64	-158.0722329794574
2168	1 55	1 57	1 64	1 66	886.8035846267553
2169	1 55	1 57	1 66	1 68	-361.5392035276285
2170	1 55	1 57	1 68	1 70	-260.59707402234636
2171	1 55	1 57	1 70	1 72	-119.28191580712618
2172	1 55	1 57	1 72	1 2	294.00820247243564
2173	1 55	1 57	1 59	1 61	-321.5746031746032
2174	1 55	1 57	1 61	1 63	-326.29970760233914
2175	1 55	1 57	1 63	1 65	1059.4455638034642
2176	1 55	1 57	1 69	1 71	-212.77493221376716
2177	1 55	1 57	1 71	1 1	273.76263836393093
2178	1 56	1 58	1 59	1 61	-356.2407122145705
2179	1 56	1 58	1 61	1 63	-356.957906504065
2180	1 56	1 58	1 63	1 65	896.7156755275419
2181	1 56	1 58	1 65	1 67	-156.2804074754902
2182	1 56	1 58	1 67	1 69	-317.93170707472177
2183	1 56	1 58	1 69	1 71	-263.28098586417957
2184	1 56	1 58	1 71	1 1	300.017706433691
2185	1 56	1 58	1 60	1 62	-310.3697577276524
2186	1 56	1 58	1 62	1 64	-405.80522234339026
2187	1 56	1 58	1 64	1 66	1054.9216884513098
2188	1 56	1 58	1 66	1 68	-325.4928359898963
2189	1 56	1 58	1 70	1 72	-212.1024661540484
2190	1 56	1 58	1 72	1 2	363.41366140843155
2191	1 57	1 59	1 58	1 60	254.62179014711518
2192	1 57	1 59	1 60	1 62	-67.33383758722874
2193	1 57	1 59	1 62	1 64	-11.503252245726753
2194	1 57	1 59	1 68	1 70	-27.458215614269516
2195	1 57	1 59	1 70	1 72	-8.216674616166504
2196	1 57	1 59	1 72	1 2	-71.25447347571111
2197	1 57	1 59	1 61	1 63	-25.94384105041814
2198	1 57	1 59	1 65	1 67	359.2823723262156
2199	1 57	1 59	1 69	1 71	-15.200183157863048
2200	1 57	1 59	1 71	1 1	-80.86861290487906
2201	1 58	1 60	1 59	1 61	251.22981434250133
2202	1 58	1 60	1 61	1 63	-82.92566914599055
2203	1 58	1 60	1 69	1 71	-30.897648628009982
2204	1 58	1 60	1 71	1 1	-135.81395573070978
2205	1 58	1 60	1 62	1 64	-28.58899945570784
2206	1 58	1 60	1 66	1 68	354.98930132411965
2207	1 58	1 60	1 70	1 72	-17.505201816654445
2208	1 58	1 60	1 72	1 2	-120.341903179375
2209	1 59	1 61	1 60	1 62	187.14302726259245
2210	1 59	1 61	1 62	1 64	-71.92760568878386
2211	1 59	1 61	1 64	1 66	-344.86748256498504
2212	1 59	1 61	1 66	1 68	201.4374036143676
2213	1 59	1 61	1 68	1 70	171.86309389127285
2214	1 59	1 61	1 70	1 72	-28.093502099185045
2215	1 59	1 61	1 72	1 2	-155.47465190488882
2216	1 59	1 61	1 67	1 69	329.93800484001673
2217	1 59	1 61	1 71	1 1	-176.1024728354605
2218	1 60	1 62	1 61	1 63	272.0118136835094
2219	1 60	1 62	1 63	1 65	-408.99048800661706
2220	1 60	1 62	1 65	1 67	-28.521211493560294
2221	1 60	1 62	1 67	1 69	168.22657456922164
2222	1 60	1 62	1 71	1 1	-252.99318181818182
2223	1 60	1 62	1 66	1 68	-11.47128203391406
2224	1 60	1 62	1 68	1 70	338.5486874533575
2225	1 60	1 62	1 72	1 2	-221.17644495316503
2226	1 61	1 63	1 64	1 66	-464.3122568611777
2227	1 61	1 63	1 66	1 68	-32.64727770309199
2228	1 61	1 63	1 70	1 72	184.5918098251959
2229	1 61	1 63	1 72	1 2	-297.32748316498316
2230	1 61	1 63	1 65	1 67	-17.16602172298286
2231	1 61	1 63	1 67	1 69	2.5815584131311233
2232	1 61	1 63	1 69	1 71	378.26008403361345
2233	1 61	1 63	1 71	1 1	-281.49693627450984
2234	1 62	1 64	1 65	1 67	-9.665851668309113
2235	1 62	1 64	1 67	1 69	-28.04318100059956
2236	1 62	1 64	1 69	1 71	189.22787932260525
2237	1 62	1 64	1 71	1 1	-103.3508959711855
2238	1 62	1 64	1 66	1 68	-18.237650169002407
2239	1 62	1 64	1 68	1 70	4.965075956901899
2240	1 62	1 64	1 70	1 72	400.00078125
2241	1 62	1 64	1 72	1 2	-321.0098684210526
2242	1 63	1 65	1 64	1 66	1162.5931653302787
2243	1 63	1 65	1 68	1 70	-400.73561065908996
2244	1 63	1 65	1 71	1 1	470.07861078315625
2245	1 64	1 66	1 67	1 69	-453.8315789473684
2246	1 64	1 66	1 69	1 71	-405.8065920615493
2247	1 64	1 66	1 71	1 1	445.263346538389
2248	1 64	1 66	1 68	1 70	-410.9361114651034
2249	1 64	1 66	1 70	1 72	-401.5603070175439
2250	1 64	1 66	1 72	1 2	597.7140495105975
2251	1 65	1 67	1 66	1 68	308.76907865972413
2252	1 65	1 67	1 68	1 70	-81.10775031351065
2253	1 65	1 67	1 70	1 72	-15.153462322354722
2254	1 65	1 67	1 72	1 2	-84.37132067210334
2255	1 65	1 67	1 69	1 71	-32.24716700450498
2256	1 65	1 67	1 71	1 1	-94.95203118399533
2257	1 66	1 68	1 67	1 69	295.00577559517455
2258	1 66	1 68	1 69	1 71	-84.57213082803375
2259	1 66	1 68	1 71	1 1	-154.4717113587908
2260	1 66	1 68	1 70	1 72	-30.189083887201143
2261	1 66	1 68	1 72	1 2	-138.92480049109884
2262	1 67	1 69	1 68	1 70	266.6486484272608
2263	1 67	1 69	1 70	1 72	-75.7095655806182
2264	1 67	1 69	1 72	1 2	-198.63544618429808
2265	1 67	1 69	1 71	1 1	-227.46556634542065
2266	1 68	1 70	1 71	1 1	-380.4873368400546
2267	1 70	1 72	1 71	1 1	-179.80530365994835
2268	1 71	1 1	1 72	1 2	2033.2495746171553
