-419.74849
-494.25996
-647.39987
-1025.32011
-965.45615
-621.03697
-488.68956
-432.21037
-376.80601
-429.58187
-506.01489
-586.05791
-562.51520
-497.55739
-439.10644
-403.84262
-311.03307
-355.35834
-399.35060
-437.52387
-437.31340
-413.54129
-373.45875
-357.89506
-225.78922
-264.42411
-297.56337
-327.05537
-338.14069
-330.86319
-318.62525
-309.29014
-90.06049
-129.70999
-169.26728
-211.50247
-235.76330
-249.89031
-261.45736
-267.63496
86.58698
25.33715
-41.35649
-94.43522
-135.25098
-170.49372
-193.86727
-210.35654
279.45330
205.49927
95.00490
16.67228
-45.91327
-90.83537
-131.87883
-147.53460
598.54245
434.22967
262.43736
122.77781
41.88296
-22.44641
-61.38642
-90.24025
652.26983
395.63693
224.84319
120.35102
42.67560
