7.15e+02
-3.06e+02
6.81e+02
6.61e+02
6.41e+02
6.14e+02
5.93e+02
5.78e+02
7.25e+02
7.08e+02
6.85e+02
6.62e+02
6.37e+02
6.09e+02
5.86e+02
5.70e+02
7.45e+02
7.21e+02
6.95e+02
6.65e+02
6.35e+02
6.02e+02
5.72e+02
5.52e+02
7.77e+02
7.45e+02
7.10e+02
6.71e+02
6.28e+02
5.84e+02
5.49e+02
5.26e+02
8.36e+02
7.90e+02
7.38e+02
6.79e+02
6.21e+02
5.63e+02
5.18e+02
4.87e+02
9.34e+02
8.66e+02
7.79e+02
6.89e+02
6.10e+02
5.34e+02
4.63e+02
4.09e+02
1.08e+03
9.80e+02
8.38e+02
7.11e+02
5.91e+02
4.85e+02
3.67e+02
2.63e+02
1.33e+03
1.14e+03
9.30e+02
7.30e+02
5.77e+02
3.86e+02
1.90e+02
-6.21e+00
1.30e+03
1.00e+03
7.52e+02
5.39e+02
2.86e+02
7.15e+02
1.00e+03
6.81e+02
6.61e+02
6.41e+02
6.14e+02
5.93e+02
5.78e+02
7.25e+02
7.08e+02
6.85e+02
6.62e+02
6.37e+02
6.09e+02
5.86e+02
5.70e+02
7.45e+02
7.21e+02
6.95e+02
6.65e+02
6.35e+02
6.02e+02
5.72e+02
5.52e+02
7.77e+02
7.45e+02
7.10e+02
6.71e+02
6.28e+02
5.84e+02
5.49e+02
5.26e+02
8.36e+02
7.90e+02
7.38e+02
6.79e+02
6.21e+02
5.63e+02
5.18e+02
4.87e+02
9.34e+02
8.66e+02
7.79e+02
6.89e+02
6.10e+02
5.34e+02
4.63e+02
4.09e+02
1.08e+03
9.80e+02
8.38e+02
7.11e+02
5.91e+02
4.85e+02
3.67e+02
2.63e+02
1.33e+03
1.14e+03
9.30e+02
7.30e+02
5.77e+02
3.86e+02
1.90e+02
-6.21e+00
1.30e+03
1.00e+03
7.52e+02
5.39e+02
2.86e+02
7.15e+02
6.37e+02
6.81e+02
6.61e+02
6.41e+02
6.14e+02
5.93e+02
5.78e+02
7.25e+02
7.08e+02
6.85e+02
6.62e+02
6.37e+02
6.09e+02
5.86e+02
5.70e+02
7.45e+02
7.21e+02
6.95e+02
6.65e+02
6.35e+02
6.02e+02
5.72e+02
5.52e+02
7.77e+02
7.45e+02
7.10e+02
6.71e+02
6.28e+02
5.84e+02
5.49e+02
5.26e+02
8.36e+02
7.90e+02
7.38e+02
6.79e+02
6.21e+02
5.63e+02
5.18e+02
4.87e+02
9.34e+02
8.66e+02
7.79e+02
6.89e+02
6.10e+02
5.34e+02
4.63e+02
4.09e+02
1.08e+03
9.80e+02
8.38e+02
7.11e+02
5.91e+02
4.85e+02
3.67e+02
2.63e+02
1.33e+03
1.14e+03
9.30e+02
7.30e+02
5.77e+02
3.86e+02
1.90e+02
-6.21e+00
1.30e+03
1.00e+03
7.52e+02
5.39e+02
2.86e+02
7.15e+02
6.95e+02
6.81e+02
6.61e+02
6.41e+02
6.14e+02
5.93e+02
5.78e+02
7.25e+02
7.08e+02
6.85e+02
6.62e+02
6.37e+02
6.09e+02
5.86e+02
5.70e+02
7.45e+02
7.21e+02
6.95e+02
6.65e+02
6.35e+02
6.02e+02
5.72e+02
5.52e+02
7.77e+02
7.45e+02
7.10e+02
6.71e+02
6.28e+02
5.84e+02
5.49e+02
5.26e+02
8.36e+02
7.90e+02
7.38e+02
6.79e+02
6.21e+02
5.63e+02
5.18e+02
4.87e+02
9.34e+02
8.66e+02
7.79e+02
6.89e+02
6.10e+02
5.34e+02
4.63e+02
4.09e+02
1.08e+03
9.80e+02
8.38e+02
7.11e+02
5.91e+02
4.85e+02
3.67e+02
2.63e+02
1.33e+03
1.14e+03
9.30e+02
7.30e+02
5.77e+02
3.86e+02
1.90e+02
-6.21e+00
1.30e+03
1.00e+03
7.52e+02
5.39e+02
2.86e+02
7.15e+02
5.84e+02
6.81e+02
6.61e+02
6.41e+02
6.14e+02
5.93e+02
5.78e+02
7.25e+02
7.08e+02
6.85e+02
6.62e+02
6.37e+02
6.09e+02
5.86e+02
5.70e+02
7.45e+02
7.21e+02
6.95e+02
6.65e+02
6.35e+02
6.02e+02
5.72e+02
5.52e+02
7.77e+02
7.45e+02
7.10e+02
6.71e+02
6.28e+02
5.84e+02
5.49e+02
5.26e+02
8.36e+02
7.90e+02
7.38e+02
6.79e+02
6.21e+02
5.63e+02
5.18e+02
4.87e+02
9.34e+02
8.66e+02
7.79e+02
6.89e+02
6.10e+02
5.34e+02
4.63e+02
4.09e+02
1.08e+03
9.80e+02
8.38e+02
7.11e+02
5.91e+02
4.85e+02
3.67e+02
2.63e+02
1.33e+03
1.14e+03
9.30e+02
7.30e+02
5.77e+02
3.86e+02
1.90e+02
-6.21e+00
1.30e+03
1.00e+03
7.52e+02
5.39e+02
2.86e+02
7.15e+02
7.42e+02
6.81e+02
6.61e+02
6.41e+02
6.14e+02
5.93e+02
5.78e+02
7.25e+02
7.08e+02
6.85e+02
6.62e+02
6.37e+02
6.09e+02
5.86e+02
5.70e+02
7.45e+02
7.21e+02
6.95e+02
6.65e+02
6.35e+02
6.02e+02
5.72e+02
5.52e+02
7.77e+02
7.45e+02
7.10e+02
6.71e+02
6.28e+02
5.84e+02
5.49e+02
5.26e+02
8.36e+02
7.90e+02
7.38e+02
6.79e+02
6.21e+02
5.63e+02
5.18e+02
4.87e+02
9.34e+02
8.66e+02
7.79e+02
6.89e+02
6.10e+02
5.34e+02
4.63e+02
4.09e+02
1.08e+03
9.80e+02
8.38e+02
7.11e+02
5.91e+02
4.85e+02
3.67e+02
2.63e+02
1.33e+03
1.14e+03
9.30e+02
7.30e+02
5.77e+02
3.86e+02
1.90e+02
-6.21e+00
1.30e+03
1.00e+03
7.52e+02
5.39e+02
2.86e+02
7.15e+02
1.24e+03
6.81e+02
6.61e+02
6.41e+02
6.14e+02
5.93e+02
5.78e+02
7.25e+02
7.08e+02
6.85e+02
6.62e+02
6.37e+02
6.09e+02
5.86e+02
5.70e+02
7.45e+02
7.21e+02
6.95e+02
6.65e+02
6.35e+02
6.02e+02
5.72e+02
5.52e+02
7.77e+02
7.45e+02
7.10e+02
6.71e+02
6.28e+02
5.84e+02
5.49e+02
5.26e+02
8.36e+02
7.90e+02
7.38e+02
6.79e+02
6.21e+02
5.63e+02
5.18e+02
4.87e+02
9.34e+02
8.66e+02
7.79e+02
6.89e+02
6.10e+02
5.34e+02
4.63e+02
4.09e+02
1.08e+03
9.80e+02
8.38e+02
7.11e+02
5.91e+02
4.85e+02
3.67e+02
2.63e+02
1.33e+03
1.14e+03
9.30e+02
7.30e+02
5.77e+02
3.86e+02
1.90e+02
-6.21e+00
1.30e+03
1.00e+03
7.52e+02
5.39e+02
2.86e+02
7.15e+02
6.67e+02
6.81e+02
6.61e+02
6.41e+02
6.14e+02
5.93e+02
5.78e+02
7.25e+02
7.08e+02
6.85e+02
6.62e+02
6.37e+02
6.09e+02
5.86e+02
5.70e+02
7.45e+02
7.21e+02
6.95e+02
6.65e+02
6.35e+02
6.02e+02
5.72e+02
5.52e+02
7.77e+02
7.45e+02
7.10e+02
6.71e+02
6.28e+02
5.84e+02
5.49e+02
5.26e+02
8.36e+02
7.90e+02
7.38e+02
6.79e+02
6.21e+02
5.63e+02
5.18e+02
4.87e+02
9.34e+02
8.66e+02
7.79e+02
6.89e+02
6.10e+02
5.34e+02
4.63e+02
4.09e+02
1.08e+03
9.80e+02
8.38e+02
7.11e+02
5.91e+02
4.85e+02
3.67e+02
2.63e+02
1.33e+03
1.14e+03
9.30e+02
7.30e+02
5.77e+02
3.86e+02
1.90e+02
-6.21e+00
1.30e+03
1.00e+03
7.52e+02
5.39e+02
2.86e+02
7.15e+02
7.28e+02
6.81e+02
6.61e+02
6.41e+02
6.14e+02
5.93e+02
5.78e+02
7.25e+02
7.08e+02
6.85e+02
6.62e+02
6.37e+02
6.09e+02
5.86e+02
5.70e+02
7.45e+02
7.21e+02
6.95e+02
6.65e+02
6.35e+02
6.02e+02
5.72e+02
5.52e+02
7.77e+02
7.45e+02
7.10e+02
6.71e+02
6.28e+02
5.84e+02
5.49e+02
5.26e+02
8.36e+02
7.90e+02
7.38e+02
6.79e+02
6.21e+02
5.63e+02
5.18e+02
4.87e+02
9.34e+02
8.66e+02
7.79e+02
6.89e+02
6.10e+02
5.34e+02
4.63e+02
4.09e+02
1.08e+03
9.80e+02
8.38e+02
7.11e+02
5.91e+02
4.85e+02
3.67e+02
2.63e+02
1.33e+03
1.14e+03
9.30e+02
7.30e+02
5.77e+02
3.86e+02
1.90e+02
-6.21e+00
1.30e+03
1.00e+03
7.52e+02
5.39e+02
2.86e+02
7.15e+02
7.53e+02
6.81e+02
6.61e+02
6.41e+02
6.14e+02
5.93e+02
5.78e+02
7.25e+02
7.08e+02
6.85e+02
6.62e+02
6.37e+02
6.09e+02
5.86e+02
5.70e+02
7.45e+02
7.21e+02
6.95e+02
6.65e+02
6.35e+02
6.02e+02
5.72e+02
5.52e+02
7.77e+02
7.45e+02
7.10e+02
6.71e+02
6.28e+02
5.84e+02
5.49e+02
5.26e+02
8.36e+02
7.90e+02
7.38e+02
6.79e+02
6.21e+02
5.63e+02
5.18e+02
4.87e+02
9.34e+02
8.66e+02
7.79e+02
6.89e+02
6.10e+02
5.34e+02
4.63e+02
4.09e+02
1.08e+03
9.80e+02
8.38e+02
7.11e+02
5.91e+02
4.85e+02
3.67e+02
2.63e+02
1.33e+03
1.14e+03
9.30e+02
7.30e+02
5.77e+02
3.86e+02
1.90e+02
-6.21e+00
1.30e+03
1.00e+03
7.52e+02
5.39e+02
2.86e+02
7.15e+02
7.63e+02
6.81e+02
6.61e+02
6.41e+02
6.14e+02
5.93e+02
5.78e+02
7.25e+02
7.08e+02
6.85e+02
6.62e+02
6.37e+02
6.09e+02
5.86e+02
5.70e+02
7.45e+02
7.21e+02
6.95e+02
6.65e+02
6.35e+02
6.02e+02
5.72e+02
5.52e+02
7.77e+02
7.45e+02
7.10e+02
6.71e+02
6.28e+02
5.84e+02
5.49e+02
5.26e+02
8.36e+02
7.90e+02
7.38e+02
6.79e+02
6.21e+02
5.63e+02
5.18e+02
4.87e+02
9.34e+02
8.66e+02
7.79e+02
6.89e+02
6.10e+02
5.34e+02
4.63e+02
4.09e+02
1.08e+03
9.80e+02
8.38e+02
7.11e+02
5.91e+02
4.85e+02
3.67e+02
2.63e+02
1.33e+03
1.14e+03
9.30e+02
7.30e+02
5.77e+02
3.86e+02
1.90e+02
-6.21e+00
1.30e+03
1.00e+03
7.52e+02
5.39e+02
2.86e+02
7.15e+02
8.91e+02
6.81e+02
6.61e+02
6.41e+02
6.14e+02
5.93e+02
5.78e+02
7.25e+02
7.08e+02
6.85e+02
6.62e+02
6.37e+02
6.09e+02
5.86e+02
5.70e+02
7.45e+02
7.21e+02
6.95e+02
6.65e+02
6.35e+02
6.02e+02
5.72e+02
5.52e+02
7.77e+02
7.45e+02
7.10e+02
6.71e+02
6.28e+02
5.84e+02
5.49e+02
5.26e+02
8.36e+02
7.90e+02
7.38e+02
6.79e+02
6.21e+02
5.63e+02
5.18e+02
4.87e+02
9.34e+02
8.66e+02
7.79e+02
6.89e+02
6.10e+02
5.34e+02
4.63e+02
4.09e+02
1.08e+03
9.80e+02
8.38e+02
7.11e+02
5.91e+02
4.85e+02
3.67e+02
2.63e+02
1.33e+03
1.14e+03
9.30e+02
7.30e+02
5.77e+02
3.86e+02
1.90e+02
-6.21e+00
1.30e+03
1.00e+03
7.52e+02
5.39e+02
2.86e+02
7.15e+02
6.59e+02
6.81e+02
6.61e+02
6.41e+02
6.14e+02
5.93e+02
5.78e+02
7.25e+02
7.08e+02
6.85e+02
6.62e+02
6.37e+02
6.09e+02
5.86e+02
5.70e+02
7.45e+02
7.21e+02
6.95e+02
6.65e+02
6.35e+02
6.02e+02
5.72e+02
5.52e+02
7.77e+02
7.45e+02
7.10e+02
6.71e+02
6.28e+02
5.84e+02
5.49e+02
5.26e+02
8.36e+02
7.90e+02
7.38e+02
6.79e+02
6.21e+02
5.63e+02
5.18e+02
4.87e+02
9.34e+02
8.66e+02
7.79e+02
6.89e+02
6.10e+02
5.34e+02
4.63e+02
4.09e+02
1.08e+03
9.80e+02
8.38e+02
7.11e+02
5.91e+02
4.85e+02
3.67e+02
2.63e+02
1.33e+03
1.14e+03
9.30e+02
7.30e+02
5.77e+02
3.86e+02
1.90e+02
-6.21e+00
1.30e+03
1.00e+03
7.52e+02
5.39e+02
2.86e+02
7.15e+02
4.54e+02
6.81e+02
6.61e+02
6.41e+02
6.14e+02
5.93e+02
5.78e+02
7.25e+02
7.08e+02
6.85e+02
6.62e+02
6.37e+02
6.09e+02
5.86e+02
5.70e+02
7.45e+02
7.21e+02
6.95e+02
6.65e+02
6.35e+02
6.02e+02
5.72e+02
5.52e+02
7.77e+02
7.45e+02
7.10e+02
6.71e+02
6.28e+02
5.84e+02
5.49e+02
5.26e+02
8.36e+02
7.90e+02
7.38e+02
6.79e+02
6.21e+02
5.63e+02
5.18e+02
4.87e+02
9.34e+02
8.66e+02
7.79e+02
6.89e+02
6.10e+02
5.34e+02
4.63e+02
4.09e+02
1.08e+03
9.80e+02
8.38e+02
7.11e+02
5.91e+02
4.85e+02
3.67e+02
2.63e+02
1.33e+03
1.14e+03
9.30e+02
7.30e+02
5.77e+02
3.86e+02
1.90e+02
-6.21e+00
1.30e+03
1.00e+03
7.52e+02
5.39e+02
2.86e+02
7.15e+02
4.55e+02
6.81e+02
6.61e+02
6.41e+02
6.14e+02
5.93e+02
5.78e+02
7.25e+02
7.08e+02
6.85e+02
6.62e+02
6.37e+02
6.09e+02
5.86e+02
5.70e+02
7.45e+02
7.21e+02
6.95e+02
6.65e+02
6.35e+02
6.02e+02
5.72e+02
5.52e+02
7.77e+02
7.45e+02
7.10e+02
6.71e+02
6.28e+02
5.84e+02
5.49e+02
5.26e+02
8.36e+02
7.90e+02
7.38e+02
6.79e+02
6.21e+02
5.63e+02
5.18e+02
4.87e+02
9.34e+02
8.66e+02
7.79e+02
6.89e+02
6.10e+02
5.34e+02
4.63e+02
4.09e+02
1.08e+03
9.80e+02
8.38e+02
7.11e+02
5.91e+02
4.85e+02
3.67e+02
2.63e+02
1.33e+03
1.14e+03
9.30e+02
7.30e+02
5.77e+02
3.86e+02
1.90e+02
-6.21e+00
1.30e+03
1.00e+03
7.52e+02
5.39e+02
2.86e+02
7.15e+02
5.41e+02
6.81e+02
6.61e+02
6.41e+02
6.14e+02
5.93e+02
5.78e+02
7.25e+02
7.08e+02
6.85e+02
6.62e+02
6.37e+02
6.09e+02
5.86e+02
5.70e+02
7.45e+02
7.21e+02
6.95e+02
6.65e+02
6.35e+02
6.02e+02
5.72e+02
5.52e+02
7.77e+02
7.45e+02
7.10e+02
6.71e+02
6.28e+02
5.84e+02
5.49e+02
5.26e+02
8.36e+02
7.90e+02
7.38e+02
6.79e+02
6.21e+02
5.63e+02
5.18e+02
4.87e+02
9.34e+02
8.66e+02
7.79e+02
6.89e+02
6.10e+02
5.34e+02
4.63e+02
4.09e+02
1.08e+03
9.80e+02
8.38e+02
7.11e+02
5.91e+02
4.85e+02
3.67e+02
2.63e+02
1.33e+03
1.14e+03
9.30e+02
7.30e+02
5.77e+02
3.86e+02
1.90e+02
-6.21e+00
1.30e+03
1.00e+03
7.52e+02
5.39e+02
2.86e+02
7.15e+02
5.58e+02
6.81e+02
6.61e+02
6.41e+02
6.14e+02
5.93e+02
5.78e+02
7.25e+02
7.08e+02
6.85e+02
6.62e+02
6.37e+02
6.09e+02
5.86e+02
5.70e+02
7.45e+02
7.21e+02
6.95e+02
6.65e+02
6.35e+02
6.02e+02
5.72e+02
5.52e+02
7.77e+02
7.45e+02
7.10e+02
6.71e+02
6.28e+02
5.84e+02
5.49e+02
5.26e+02
8.36e+02
7.90e+02
7.38e+02
6.79e+02
6.21e+02
5.63e+02
5.18e+02
4.87e+02
9.34e+02
8.66e+02
7.79e+02
6.89e+02
6.10e+02
5.34e+02
4.63e+02
4.09e+02
1.08e+03
9.80e+02
8.38e+02
7.11e+02
5.91e+02
4.85e+02
3.67e+02
2.63e+02
1.33e+03
1.14e+03
9.30e+02
7.30e+02
5.77e+02
3.86e+02
1.90e+02
-6.21e+00
1.30e+03
1.00e+03
7.52e+02
5.39e+02
2.86e+02
7.15e+02
7.37e+02
6.81e+02
6.61e+02
6.41e+02
6.14e+02
5.93e+02
5.78e+02
7.25e+02
7.08e+02
6.85e+02
6.62e+02
6.37e+02
6.09e+02
5.86e+02
5.70e+02
7.45e+02
7.21e+02
6.95e+02
6.65e+02
6.35e+02
6.02e+02
5.72e+02
5.52e+02
7.77e+02
7.45e+02
7.10e+02
6.71e+02
6.28e+02
5.84e+02
5.49e+02
5.26e+02
8.36e+02
7.90e+02
7.38e+02
6.79e+02
6.21e+02
5.63e+02
5.18e+02
4.87e+02
9.34e+02
8.66e+02
7.79e+02
6.89e+02
6.10e+02
5.34e+02
4.63e+02
4.09e+02
1.08e+03
9.80e+02
8.38e+02
7.11e+02
5.91e+02
4.85e+02
3.67e+02
2.63e+02
1.33e+03
1.14e+03
9.30e+02
7.30e+02
5.77e+02
3.86e+02
1.90e+02
-6.21e+00
1.30e+03
1.00e+03
7.52e+02
5.39e+02
2.86e+02
7.15e+02
6.16e+02
6.81e+02
6.61e+02
6.41e+02
6.14e+02
5.93e+02
5.78e+02
7.25e+02
7.08e+02
6.85e+02
6.62e+02
6.37e+02
6.09e+02
5.86e+02
5.70e+02
7.45e+02
7.21e+02
6.95e+02
6.65e+02
6.35e+02
6.02e+02
5.72e+02
5.52e+02
7.77e+02
7.45e+02
7.10e+02
6.71e+02
6.28e+02
5.84e+02
5.49e+02
5.26e+02
8.36e+02
7.90e+02
7.38e+02
6.79e+02
6.21e+02
5.63e+02
5.18e+02
4.87e+02
9.34e+02
8.66e+02
7.79e+02
6.89e+02
6.10e+02
5.34e+02
4.63e+02
4.09e+02
1.08e+03
9.80e+02
8.38e+02
7.11e+02
5.91e+02
4.85e+02
3.67e+02
2.63e+02
1.33e+03
1.14e+03
9.30e+02
7.30e+02
5.77e+02
3.86e+02
1.90e+02
-6.21e+00
1.30e+03
1.00e+03
7.52e+02
5.39e+02
2.86e+02
7.15e+02
7.73e+02
6.81e+02
6.61e+02
6.41e+02
6.14e+02
5.93e+02
5.78e+02
7.25e+02
7.08e+02
6.85e+02
6.62e+02
6.37e+02
6.09e+02
5.86e+02
5.70e+02
7.45e+02
7.21e+02
6.95e+02
6.65e+02
6.35e+02
6.02e+02
5.72e+02
5.52e+02
7.77e+02
7.45e+02
7.10e+02
6.71e+02
6.28e+02
5.84e+02
5.49e+02
5.26e+02
8.36e+02
7.90e+02
7.38e+02
6.79e+02
6.21e+02
5.63e+02
5.18e+02
4.87e+02
9.34e+02
8.66e+02
7.79e+02
6.89e+02
6.10e+02
5.34e+02
4.63e+02
4.09e+02
1.08e+03
9.80e+02
8.38e+02
7.11e+02
5.91e+02
4.85e+02
3.67e+02
2.63e+02
1.33e+03
1.14e+03
9.30e+02
7.30e+02
5.77e+02
3.86e+02
1.90e+02
-6.21e+00
1.30e+03
1.00e+03
7.52e+02
5.39e+02
2.86e+02
7.15e+02
2.15e+02
6.81e+02
6.61e+02
6.41e+02
6.14e+02
5.93e+02
5.78e+02
7.25e+02
7.08e+02
6.85e+02
6.62e+02
6.37e+02
6.09e+02
5.86e+02
5.70e+02
7.45e+02
7.21e+02
6.95e+02
6.65e+02
6.35e+02
6.02e+02
5.72e+02
5.52e+02
7.77e+02
7.45e+02
7.10e+02
6.71e+02
6.28e+02
5.84e+02
5.49e+02
5.26e+02
8.36e+02
7.90e+02
7.38e+02
6.79e+02
6.21e+02
5.63e+02
5.18e+02
4.87e+02
9.34e+02
8.66e+02
7.79e+02
6.89e+02
6.10e+02
5.34e+02
4.63e+02
4.09e+02
1.08e+03
9.80e+02
8.38e+02
7.11e+02
5.91e+02
4.85e+02
3.67e+02
2.63e+02
1.33e+03
1.14e+03
9.30e+02
7.30e+02
5.77e+02
3.86e+02
1.90e+02
-6.21e+00
1.30e+03
1.00e+03
7.52e+02
5.39e+02
2.86e+02
7.15e+02
7.45e+02
6.81e+02
6.61e+02
6.41e+02
6.14e+02
5.93e+02
5.78e+02
7.25e+02
7.08e+02
6.85e+02
6.62e+02
6.37e+02
6.09e+02
5.86e+02
5.70e+02
7.45e+02
7.21e+02
6.95e+02
6.65e+02
6.35e+02
6.02e+02
5.72e+02
5.52e+02
7.77e+02
7.45e+02
7.10e+02
6.71e+02
6.28e+02
5.84e+02
5.49e+02
5.26e+02
8.36e+02
7.90e+02
7.38e+02
6.79e+02
6.21e+02
5.63e+02
5.18e+02
4.87e+02
9.34e+02
8.66e+02
7.79e+02
6.89e+02
6.10e+02
5.34e+02
4.63e+02
4.09e+02
1.08e+03
9.80e+02
8.38e+02
7.11e+02
5.91e+02
4.85e+02
3.67e+02
2.63e+02
1.33e+03
1.14e+03
9.30e+02
7.30e+02
5.77e+02
3.86e+02
1.90e+02
-6.21e+00
1.30e+03
1.00e+03
7.52e+02
5.39e+02
2.86e+02
7.15e+02
7.17e+02
6.81e+02
6.61e+02
6.41e+02
6.14e+02
5.93e+02
5.78e+02
7.25e+02
7.08e+02
6.85e+02
6.62e+02
6.37e+02
6.09e+02
5.86e+02
5.70e+02
7.45e+02
7.21e+02
6.95e+02
6.65e+02
6.35e+02
6.02e+02
5.72e+02
5.52e+02
7.77e+02
7.45e+02
7.10e+02
6.71e+02
6.28e+02
5.84e+02
5.49e+02
5.26e+02
8.36e+02
7.90e+02
7.38e+02
6.79e+02
6.21e+02
5.63e+02
5.18e+02
4.87e+02
9.34e+02
8.66e+02
7.79e+02
6.89e+02
6.10e+02
5.34e+02
4.63e+02
4.09e+02
1.08e+03
9.80e+02
8.38e+02
7.11e+02
5.91e+02
4.85e+02
3.67e+02
2.63e+02
1.33e+03
1.14e+03
9.30e+02
7.30e+02
5.77e+02
3.86e+02
1.90e+02
-6.21e+00
1.30e+03
1.00e+03
7.52e+02
5.39e+02
2.86e+02
7.15e+02
7.28e+02
6.81e+02
6.61e+02
6.41e+02
6.14e+02
5.93e+02
5.78e+02
7.25e+02
7.08e+02
6.85e+02
6.62e+02
6.37e+02
6.09e+02
5.86e+02
5.70e+02
7.45e+02
7.21e+02
6.95e+02
6.65e+02
6.35e+02
6.02e+02
5.72e+02
5.52e+02
7.77e+02
7.45e+02
7.10e+02
6.71e+02
6.28e+02
5.84e+02
5.49e+02
5.26e+02
8.36e+02
7.90e+02
7.38e+02
6.79e+02
6.21e+02
5.63e+02
5.18e+02
4.87e+02
9.34e+02
8.66e+02
7.79e+02
6.89e+02
6.10e+02
5.34e+02
4.63e+02
4.09e+02
1.08e+03
9.80e+02
8.38e+02
7.11e+02
5.91e+02
4.85e+02
3.67e+02
2.63e+02
1.33e+03
1.14e+03
9.30e+02
7.30e+02
5.77e+02
3.86e+02
1.90e+02
-6.21e+00
1.30e+03
1.00e+03
7.52e+02
5.39e+02
2.86e+02
7.15e+02
5.62e+02
6.81e+02
6.61e+02
6.41e+02
6.14e+02
5.93e+02
5.78e+02
7.25e+02
7.08e+02
6.85e+02
6.62e+02
6.37e+02
6.09e+02
5.86e+02
5.70e+02
7.45e+02
7.21e+02
6.95e+02
6.65e+02
6.35e+02
6.02e+02
5.72e+02
5.52e+02
7.77e+02
7.45e+02
7.10e+02
6.71e+02
6.28e+02
5.84e+02
5.49e+02
5.26e+02
8.36e+02
7.90e+02
7.38e+02
6.79e+02
6.21e+02
5.63e+02
5.18e+02
4.87e+02
9.34e+02
8.66e+02
7.79e+02
6.89e+02
6.10e+02
5.34e+02
4.63e+02
4.09e+02
1.08e+03
9.80e+02
8.38e+02
7.11e+02
5.91e+02
4.85e+02
3.67e+02
2.63e+02
1.33e+03
1.14e+03
9.30e+02
7.30e+02
5.77e+02
3.86e+02
1.90e+02
-6.21e+00
1.30e+03
1.00e+03
7.52e+02
5.39e+02
2.86e+02
