2225
1	1 1	1 3	1 2	1 4	643.9171695681531
2	1 1	1 3	1 4	1 6	-219.5224527186004
3	1 1	1 3	1 6	1 8	-48.65503860984421
4	1 1	1 3	1 8	1 10	-266.1070316214327
5	1 1	1 3	1 10	1 12	326.1801229310204
6	1 1	1 3	1 12	1 14	-43.69983248548721
7	1 1	1 3	1 14	1 16	-25.714064502774526
8	1 1	1 3	1 16	1 18	-207.94817899969067
9	1 1	1 3	1 18	1 20	191.1468412944252
10	1 1	1 3	1 20	1 22	15.438278862658006
11	1 1	1 3	1 5	1 7	-84.52022215653966
12	1 1	1 3	1 9	1 11	624.2128796466341
13	1 1	1 3	1 11	1 13	32.66002514249619
14	1 1	1 3	1 13	1 15	-36.300477208202835
15	1 1	1 3	1 15	1 17	-363.5844708586335
16	1 1	1 3	1 17	1 19	275.2880968949827
17	1 1	1 3	1 19	1 21	77.8193408687645
18	1 1	1 3	1 21	1 23	-7.893275553533368
19	1 1	1 3	1 23	1 25	-231.0642334889969
20	1 1	1 3	1 22	1 24	-11.881586180513587
21	1 1	1 3	1 24	1 26	-150.87365519294343
22	1 1	1 3	1 26	1 28	105.38219009383192
23	1 1	1 3	1 28	1 30	28.624108797138184
24	1 1	1 3	1 30	1 32	0.9486605905724204
25	1 1	1 3	1 32	1 34	-105.20975064977257
26	1 1	1 3	1 34	1 36	59.43662982092484
27	1 1	1 3	1 36	1 38	24.848821019239615
28	1 1	1 3	1 38	1 40	9.22897899553931
29	1 1	1 3	1 40	1 42	-77.33140990878897
30	1 1	1 3	1 25	1 27	143.83294302552957
31	1 1	1 3	1 27	1 29	60.528615870451915
32	1 1	1 3	1 29	1 31	9.22775522255126
33	1 1	1 3	1 31	1 33	-150.7654255802616
34	1 1	1 3	1 33	1 35	77.30167631220213
35	1 1	1 3	1 35	1 37	42.27808079206525
36	1 1	1 3	1 37	1 39	13.842591614587917
37	1 1	1 3	1 39	1 41	-95.83973178312421
38	1 1	1 3	1 41	1 43	41.26727405324691
39	1 1	1 3	1 43	1 45	28.76580494793337
40	1 1	1 3	1 42	1 44	35.81701325609515
41	1 1	1 3	1 44	1 46	21.480502026238536
42	1 1	1 3	1 46	1 48	8.790129513811934
43	1 1	1 3	1 48	1 50	-56.32793708864553
44	1 1	1 3	1 50	1 52	22.378759071570467
45	1 1	1 3	1 52	1 54	16.767958795561107
46	1 1	1 3	1 54	1 56	8.57846120586223
47	1 1	1 3	1 56	1 58	-41.75093189380104
48	1 1	1 3	1 58	1 60	14.994836607792472
49	1 1	1 3	1 60	1 62	12.536943096215351
50	1 1	1 3	1 45	1 47	13.816928038395448
51	1 1	1 3	1 47	1 49	-62.16595298733785
52	1 1	1 3	1 49	1 51	21.18009587690983
53	1 1	1 3	1 51	1 53	20.730752876943697
54	1 1	1 3	1 53	1 55	13.040104666185625
55	1 1	1 3	1 55	1 57	-42.92442084979271
56	1 1	1 3	1 57	1 59	10.598810241884644
57	1 1	1 3	1 59	1 61	14.64504632495763
58	1 1	1 3	1 61	1 63	10.852939224829758
59	1 1	1 3	1 63	1 65	-30.983888879724176
60	1 1	1 3	1 62	1 64	7.64981564463822
61	1 1	1 3	1 64	1 66	-31.478970119921673
62	1 1	1 3	1 66	1 68	10.678296668620504
63	1 1	1 3	1 68	1 70	8.718807247358779
64	1 1	1 3	1 70	1 72	4.537106215186903
65	1 1	1 3	1 65	1 67	7.66187473643794
66	1 1	1 3	1 67	1 69	10.026851417818047
67	1 1	1 3	1 69	1 71	7.38986560254558
68	1 2	1 4	1 3	1 5	399.15308276751534
69	1 2	1 4	1 5	1 7	-168.5231788629461
70	1 2	1 4	1 7	1 9	-553.7304233713628
71	1 2	1 4	1 9	1 11	352.21155044821455
72	1 2	1 4	1 11	1 13	208.30163054113928
73	1 2	1 4	1 13	1 15	-35.254495204099086
74	1 2	1 4	1 15	1 17	-356.26006074411544
75	1 2	1 4	1 17	1 19	180.4323724475273
76	1 2	1 4	1 19	1 21	136.99185070754424
77	1 2	1 4	1 21	1 23	7.888341444109679
78	1 2	1 4	1 6	1 8	-85.68878574245795
79	1 2	1 4	1 10	1 12	435.4585959060587
80	1 2	1 4	1 12	1 14	18.150281534125018
81	1 2	1 4	1 14	1 16	-34.7198691431489
82	1 2	1 4	1 16	1 18	-273.5260990325485
83	1 2	1 4	1 18	1 20	203.00265825854962
84	1 2	1 4	1 20	1 22	58.790673500436384
85	1 2	1 4	1 22	1 24	-8.455091573415231
86	1 2	1 4	1 24	1 26	-184.98533929587109
87	1 2	1 4	1 23	1 25	-236.9165363983218
88	1 2	1 4	1 25	1 27	106.17778857085246
89	1 2	1 4	1 27	1 29	81.07869889593907
90	1 2	1 4	1 29	1 31	23.573681162510386
91	1 2	1 4	1 33	1 35	62.05950043986884
92	1 2	1 4	1 35	1 37	48.96340655303179
93	1 2	1 4	1 37	1 39	22.65702386250625
94	1 2	1 4	1 39	1 41	-100.91335258133725
95	1 2	1 4	1 41	1 43	35.29912836580711
96	1 2	1 4	1 26	1 28	103.68051043033623
97	1 2	1 4	1 28	1 30	50.287721789746826
98	1 2	1 4	1 30	1 32	7.795594912606191
99	1 2	1 4	1 32	1 34	-125.6497645211931
100	1 2	1 4	1 34	1 36	56.872306987019144
101	1 2	1 4	1 36	1 38	34.753562936057904
102	1 2	1 4	1 38	1 40	15.640906628369816
103	1 2	1 4	1 40	1 42	-89.10841388288112
104	1 2	1 4	1 42	1 44	34.40565637401603
105	1 2	1 4	1 44	1 46	26.39030223355377
106	1 2	1 4	1 43	1 45	31.655123171304258
107	1 2	1 4	1 45	1 47	18.778458181381502
108	1 2	1 4	1 47	1 49	-65.85450658437183
109	1 2	1 4	1 49	1 51	19.093228392554924
110	1 2	1 4	1 51	1 53	22.11706391040658
111	1 2	1 4	1 53	1 55	16.04560438042893
112	1 2	1 4	1 55	1 57	-45.715065148885735
113	1 2	1 4	1 57	1 59	9.982011552363472
114	1 2	1 4	1 59	1 61	15.336631421119979
115	1 2	1 4	1 61	1 63	12.663430117117581
116	1 2	1 4	1 46	1 48	12.82436812681351
117	1 2	1 4	1 48	1 50	-62.66285639202114
118	1 2	1 4	1 50	1 52	21.737835350888645
119	1 2	1 4	1 52	1 54	19.379959648739312
120	1 2	1 4	1 54	1 56	11.199919359232648
121	1 2	1 4	1 56	1 58	-45.742284073939246
122	1 2	1 4	1 58	1 60	14.948711555984953
123	1 2	1 4	1 60	1 62	13.989597163340125
124	1 2	1 4	1 62	1 64	9.26623183399025
125	1 2	1 4	1 64	1 66	-34.17333041056271
126	1 2	1 4	1 63	1 65	-33.023681127649006
127	1 2	1 4	1 65	1 67	7.575280019626799
128	1 2	1 4	1 67	1 69	10.51428695295046
129	1 2	1 4	1 69	1 71	8.258821768386582
130	1 2	1 4	1 66	1 68	10.82943069916033
131	1 2	1 4	1 68	1 70	9.521485266767305
132	1 2	1 4	1 70	1 72	5.369691508323706
133	1 3	1 5	1 4	1 6	508.5210777486465
134	1 3	1 5	1 6	1 8	-212.26725591350447
135	1 3	1 5	1 8	1 10	-462.65789079988167
136	1 3	1 5	1 10	1 12	241.396841492025
137	1 3	1 5	1 12	1 14	234.76206801421392
138	1 3	1 5	1 14	1 16	-41.77989097180916
139	1 3	1 5	1 16	1 18	-323.04680981915635
140	1 3	1 5	1 18	1 20	135.07526167618585
141	1 3	1 5	1 20	1 22	138.3015281053031
142	1 3	1 5	1 22	1 24	11.954684729628607
143	1 3	1 5	1 9	1 11	47.00216132999063
144	1 3	1 5	1 11	1 13	352.5440026042238
145	1 3	1 5	1 13	1 15	32.18717077733471
146	1 3	1 5	1 15	1 17	-355.6352172725751
147	1 3	1 5	1 17	1 19	64.19629111669357
148	1 3	1 5	1 19	1 21	170.7561388257031
149	1 3	1 5	1 21	1 23	59.68834123849544
150	1 3	1 5	1 23	1 25	-237.68697237862085
151	1 3	1 5	1 25	1 27	54.23710692616265
152	1 3	1 5	1 24	1 26	-222.14819572207017
153	1 3	1 5	1 26	1 28	76.87605107121627
154	1 3	1 5	1 28	1 30	81.31219374050363
155	1 3	1 5	1 30	1 32	26.447346229451767
156	1 3	1 5	1 32	1 34	-145.0841010440866
157	1 3	1 5	1 34	1 36	45.14605782882332
158	1 3	1 5	1 36	1 38	47.114468197827755
159	1 3	1 5	1 38	1 40	28.625417173519722
160	1 3	1 5	1 40	1 42	-102.07535629361118
161	1 3	1 5	1 42	1 44	28.820548590222327
162	1 3	1 5	1 27	1 29	89.17915975872816
163	1 3	1 5	1 29	1 31	54.32101249734628
164	1 3	1 5	1 33	1 35	39.03345196655659
165	1 3	1 5	1 35	1 37	50.82706110872995
166	1 3	1 5	1 37	1 39	38.29996488967944
167	1 3	1 5	1 39	1 41	-102.0887918192231
168	1 3	1 5	1 41	1 43	25.151922515773506
169	1 3	1 5	1 43	1 45	32.18116633715865
170	1 3	1 5	1 45	1 47	26.29207448147413
171	1 3	1 5	1 44	1 46	32.031497297891256
172	1 3	1 5	1 46	1 48	20.197287036828698
173	1 3	1 5	1 48	1 50	-69.88804668165531
174	1 3	1 5	1 50	1 52	19.137687074829934
175	1 3	1 5	1 52	1 54	22.006140934634722
176	1 3	1 5	1 54	1 56	15.381102810993589
177	1 3	1 5	1 56	1 58	-49.97591977073131
178	1 3	1 5	1 58	1 60	13.878727976546267
179	1 3	1 5	1 60	1 62	15.288067001472337
180	1 3	1 5	1 62	1 64	11.582593275491941
181	1 3	1 5	1 47	1 49	-67.1615433383071
182	1 3	1 5	1 49	1 51	14.942940969768875
183	1 3	1 5	1 51	1 53	22.45190092494693
184	1 3	1 5	1 53	1 55	20.193317953879454
185	1 3	1 5	1 55	1 57	-47.32385328103554
186	1 3	1 5	1 57	1 59	8.517038821121787
187	1 3	1 5	1 59	1 61	15.403354690916117
188	1 3	1 5	1 61	1 63	14.936463773143535
189	1 3	1 5	1 63	1 65	-34.17872248330448
190	1 3	1 5	1 65	1 67	6.974455516792218
191	1 3	1 5	1 64	1 66	-36.77713635833301
192	1 3	1 5	1 66	1 68	10.460395918058529
193	1 3	1 5	1 68	1 70	10.209368132384832
194	1 3	1 5	1 70	1 72	6.1365554060695615
195	1 3	1 5	1 67	1 69	10.670009118426236
196	1 3	1 5	1 69	1 71	9.301489306178166
197	1 4	1 6	1 5	1 7	395.6872993879794
198	1 4	1 6	1 7	1 9	-647.9961033654644
199	1 4	1 6	1 9	1 11	-31.466790002433754
200	1 4	1 6	1 11	1 13	225.1314495498579
201	1 4	1 6	1 13	1 15	249.47191410106274
202	1 4	1 6	1 17	1 19	11.300638403718917
203	1 4	1 6	1 19	1 21	131.51365971245787
204	1 4	1 6	1 21	1 23	143.28474931367492
205	1 4	1 6	1 23	1 25	-249.40702892395342
206	1 4	1 6	1 12	1 14	380.5706133842131
207	1 4	1 6	1 14	1 16	31.37574560171875
208	1 4	1 6	1 16	1 18	-385.63575912224064
209	1 4	1 6	1 18	1 20	57.12353365153602
210	1 4	1 6	1 20	1 22	178.42104403906137
211	1 4	1 6	1 22	1 24	75.1618940866673
212	1 4	1 6	1 24	1 26	-265.04364732347955
213	1 4	1 6	1 26	1 28	46.1322872402946
214	1 4	1 6	1 25	1 27	23.601489568263155
215	1 4	1 6	1 27	1 29	76.70167991811827
216	1 4	1 6	1 29	1 31	92.69172912616253
217	1 4	1 6	1 31	1 33	-161.1676531180288
218	1 4	1 6	1 33	1 35	23.22159778626621
219	1 4	1 6	1 35	1 37	46.16393684778804
220	1 4	1 6	1 37	1 39	55.528082336415636
221	1 4	1 6	1 39	1 41	-104.80456983362521
222	1 4	1 6	1 41	1 43	17.535223557833394
223	1 4	1 6	1 43	1 45	30.901473984078137
224	1 4	1 6	1 28	1 30	96.81978798094448
225	1 4	1 6	1 30	1 32	60.73512191863899
226	1 4	1 6	1 34	1 36	32.39284164325816
227	1 4	1 6	1 36	1 38	54.52878549667622
228	1 4	1 6	1 38	1 40	47.07179439318594
229	1 4	1 6	1 40	1 42	-115.68368156937808
230	1 4	1 6	1 42	1 44	23.319908236049272
231	1 4	1 6	1 44	1 46	35.715730082187946
232	1 4	1 6	1 46	1 48	29.323893519809108
233	1 4	1 6	1 45	1 47	34.08576191313685
234	1 4	1 6	1 47	1 49	-68.53186599636292
235	1 4	1 6	1 49	1 51	11.577511077146184
236	1 4	1 6	1 51	1 53	22.005479182235604
237	1 4	1 6	1 53	1 55	24.274690491409196
238	1 4	1 6	1 55	1 57	-48.63937096012038
239	1 4	1 6	1 57	1 59	7.247232319285552
240	1 4	1 6	1 59	1 61	15.143293489847661
241	1 4	1 6	1 61	1 63	17.134104571645217
242	1 4	1 6	1 63	1 65	-35.25241835575321
243	1 4	1 6	1 48	1 50	-77.15924641944181
244	1 4	1 6	1 50	1 52	16.518190387104337
245	1 4	1 6	1 52	1 54	23.89797452374466
246	1 4	1 6	1 54	1 56	20.221965195572864
247	1 4	1 6	1 56	1 58	-53.971552133827586
248	1 4	1 6	1 58	1 60	12.790459588764374
249	1 4	1 6	1 60	1 62	16.38861178782409
250	1 4	1 6	1 62	1 64	14.088884502582081
251	1 4	1 6	1 64	1 66	-39.17871987004253
252	1 4	1 6	1 66	1 68	10.022247205509174
253	1 4	1 6	1 65	1 67	6.442965273630232
254	1 4	1 6	1 67	1 69	10.71118484109794
255	1 4	1 6	1 69	1 71	10.2496873890214
256	1 4	1 6	1 71	1 1	-208.31673729029887
257	1 4	1 6	1 68	1 70	10.78001269580843
258	1 4	1 6	1 70	1 72	7.108886275771036
259	1 4	1 6	1 72	1 2	-272.3136164475901
260	1 5	1 7	1 6	1 8	616.3619387943072
261	1 5	1 7	1 8	1 10	-806.5542489803788
262	1 5	1 7	1 10	1 12	-43.95291052364006
263	1 5	1 7	1 12	1 14	258.6722461668795
264	1 5	1 7	1 14	1 16	341.52608526517497
265	1 5	1 7	1 18	1 20	5.594909023609811
266	1 5	1 7	1 20	1 22	144.04330209155
267	1 5	1 7	1 22	1 24	210.27376148187898
268	1 5	1 7	1 24	1 26	-329.37307626084515
269	1 5	1 7	1 9	1 11	-35.623783194250194
270	1 5	1 7	1 11	1 13	15.86073565331943
271	1 5	1 7	1 13	1 15	477.3664513579014
272	1 5	1 7	1 15	1 17	-434.6116023178074
273	1 5	1 7	1 17	1 19	-9.594679472031597
274	1 5	1 7	1 19	1 21	56.10914299753318
275	1 5	1 7	1 21	1 23	221.49950724281882
276	1 5	1 7	1 23	1 25	-243.24360643856897
277	1 5	1 7	1 25	1 27	5.3346957558123105
278	1 5	1 7	1 27	1 29	48.62702525945549
279	1 5	1 7	1 26	1 28	19.699854426313834
280	1 5	1 7	1 28	1 30	91.72704434118344
281	1 5	1 7	1 30	1 32	115.91805447556922
282	1 5	1 7	1 34	1 36	19.74235858396896
283	1 5	1 7	1 36	1 38	55.63356333614881
284	1 5	1 7	1 38	1 40	71.66563378185732
285	1 5	1 7	1 40	1 42	-130.96975937612302
286	1 5	1 7	1 42	1 44	17.346089712284137
287	1 5	1 7	1 44	1 46	37.31340041509888
288	1 5	1 7	1 29	1 31	128.81259303493192
289	1 5	1 7	1 33	1 35	11.725366772531144
290	1 5	1 7	1 35	1 37	36.03967121746689
291	1 5	1 7	1 37	1 39	72.31341634565452
292	1 5	1 7	1 39	1 41	-103.74577780252687
293	1 5	1 7	1 41	1 43	11.281754014868461
294	1 5	1 7	1 43	1 45	27.326673523005677
295	1 5	1 7	1 45	1 47	41.689650032425575
296	1 5	1 7	1 47	1 49	-68.33213109091875
297	1 5	1 7	1 46	1 48	40.70890698381201
298	1 5	1 7	1 48	1 50	-84.68129006666739
299	1 5	1 7	1 50	1 52	13.682173214049289
300	1 5	1 7	1 52	1 54	24.96667921686747
301	1 5	1 7	1 54	1 56	25.73667308977766
302	1 5	1 7	1 56	1 58	-57.79604618794245
303	1 5	1 7	1 58	1 60	11.520242109948216
304	1 5	1 7	1 60	1 62	17.037942700329225
305	1 5	1 7	1 62	1 64	16.821384273831523
306	1 5	1 7	1 64	1 66	-41.45022105288976
307	1 5	1 7	1 49	1 51	8.59207283776271
308	1 5	1 7	1 51	1 53	20.718584068962016
309	1 5	1 7	1 53	1 55	28.286490290743203
310	1 5	1 7	1 55	1 57	-49.4800781291557
311	1 5	1 7	1 57	1 59	6.06273875497821
312	1 5	1 7	1 59	1 61	14.601122285493537
313	1 5	1 7	1 61	1 63	19.280259794253233
314	1 5	1 7	1 63	1 65	-35.95164401686945
315	1 5	1 7	1 65	1 67	5.890603872321274
316	1 5	1 7	1 67	1 69	10.581355581499093
317	1 5	1 7	1 66	1 68	9.47228914494103
318	1 5	1 7	1 68	1 70	11.247006381381382
319	1 5	1 7	1 70	1 72	8.093658736153072
320	1 5	1 7	1 69	1 71	11.137672942185905
321	1 6	1 8	1 7	1 9	-345.66147894790544
322	1 6	1 8	1 9	1 11	-26.169065754968997
323	1 6	1 8	1 11	1 13	-38.96900896630723
324	1 6	1 8	1 13	1 15	337.6503238578124
325	1 6	1 8	1 17	1 19	-11.405777456685023
326	1 6	1 8	1 19	1 21	12.740726090415029
327	1 6	1 8	1 21	1 23	198.46816016520043
328	1 6	1 8	1 23	1 25	-182.79531712702826
329	1 6	1 8	1 10	1 12	-38.19084763906476
330	1 6	1 8	1 12	1 14	47.60018976854968
331	1 6	1 8	1 14	1 16	615.698018712847
332	1 6	1 8	1 16	1 18	-606.4314378639671
333	1 6	1 8	1 18	1 20	-7.794489449430028
334	1 6	1 8	1 20	1 22	71.57866430761813
335	1 6	1 8	1 22	1 24	296.9871509721222
336	1 6	1 8	1 24	1 26	-338.97842450427595
337	1 6	1 8	1 26	1 28	7.2648165352219
338	1 6	1 8	1 28	1 30	65.63975158426464
339	1 6	1 8	1 27	1 29	26.485534912976583
340	1 6	1 8	1 29	1 31	125.364648182602
341	1 6	1 8	1 33	1 35	6.245077216435302
342	1 6	1 8	1 35	1 37	25.21081866524682
343	1 6	1 8	1 37	1 39	71.33297051217644
344	1 6	1 8	1 39	1 41	-90.73394101927539
345	1 6	1 8	1 41	1 43	7.424255583781055
346	1 6	1 8	1 43	1 45	21.815123056091018
347	1 6	1 8	1 45	1 47	40.66809964615875
348	1 6	1 8	1 30	1 32	143.91269299298665
349	1 6	1 8	1 34	1 36	11.670332265067714
350	1 6	1 8	1 36	1 38	46.32139824706754
351	1 6	1 8	1 38	1 40	80.32003844045386
352	1 6	1 8	1 40	1 42	-124.78683912902176
353	1 6	1 8	1 42	1 44	12.485950405622887
354	1 6	1 8	1 44	1 46	32.82752327679538
355	1 6	1 8	1 46	1 48	43.5907222504131
356	1 6	1 8	1 48	1 50	-79.68282284141728
357	1 6	1 8	1 47	1 49	-60.594053483845
358	1 6	1 8	1 49	1 51	6.317290339079403
359	1 6	1 8	1 51	1 53	17.470495119188108
360	1 6	1 8	1 53	1 55	27.234932722717453
361	1 6	1 8	1 55	1 57	-44.26117480936001
362	1 6	1 8	1 57	1 59	4.8273903995711365
363	1 6	1 8	1 59	1 61	12.57098713075317
364	1 6	1 8	1 61	1 63	18.301899175982996
365	1 6	1 8	1 63	1 65	-32.37038038002184
366	1 6	1 8	1 65	1 67	4.969714812209496
367	1 6	1 8	1 50	1 52	10.725870186602172
368	1 6	1 8	1 52	1 54	22.40183870666207
369	1 6	1 8	1 54	1 56	26.37692101245206
370	1 6	1 8	1 56	1 58	-53.900282004421726
371	1 6	1 8	1 58	1 60	9.59543961675195
372	1 6	1 8	1 60	1 62	15.476535560690014
373	1 6	1 8	1 62	1 64	16.62560757274766
374	1 6	1 8	1 64	1 66	-38.17812189892972
375	1 6	1 8	1 66	1 68	8.150303901941937
376	1 6	1 8	1 68	1 70	10.21400182367853
377	1 6	1 8	1 67	1 69	9.301458678044604
378	1 6	1 8	1 69	1 71	10.409002796611807
379	1 6	1 8	1 70	1 72	7.664497638463725
380	1 7	1 9	1 16	1 18	1017.1241965858696
381	1 7	1 9	1 15	1 17	1157.9583333333335
382	1 7	1 9	1 28	1 30	-203.35782449160297
383	1 7	1 9	1 30	1 32	-140.3858488722468
384	1 7	1 9	1 32	1 34	468.30680868838766
385	1 7	1 9	1 34	1 36	-139.56869631732695
386	1 7	1 9	1 36	1 38	-131.0708268401345
387	1 7	1 9	1 38	1 40	-109.26804512484756
388	1 7	1 9	1 40	1 42	327.31374638832517
389	1 7	1 9	1 42	1 44	-90.98648904006048
390	1 7	1 9	1 44	1 46	-94.54238048621309
391	1 7	1 9	1 46	1 48	-70.43961282908361
392	1 7	1 9	1 31	1 33	493.9877730698255
393	1 7	1 9	1 33	1 35	-150.34067845098883
394	1 7	1 9	1 35	1 37	-138.3347537795638
395	1 7	1 9	1 37	1 39	-125.47851276798231
396	1 7	1 9	1 39	1 41	323.9474231340049
397	1 7	1 9	1 41	1 43	-89.21380521044951
398	1 7	1 9	1 43	1 45	-94.76776474204621
399	1 7	1 9	1 45	1 47	-83.9324527895433
400	1 7	1 9	1 47	1 49	211.72867043909287
401	1 7	1 9	1 49	1 51	-50.33014016559392
402	1 7	1 9	1 48	1 50	223.83815735418443
403	1 7	1 9	1 50	1 52	-61.062221207972016
404	1 7	1 9	1 52	1 54	-67.48591948534519
405	1 7	1 9	1 54	1 56	-51.28490696347279
406	1 7	1 9	1 56	1 58	158.8134136328673
407	1 7	1 9	1 58	1 60	-44.23830808349807
408	1 7	1 9	1 60	1 62	-47.78470086996765
409	1 7	1 9	1 62	1 64	-37.651104977826925
410	1 7	1 9	1 64	1 66	117.08083469725062
411	1 7	1 9	1 66	1 68	-33.27538805694873
412	1 7	1 9	1 51	1 53	-69.30877697182045
413	1 7	1 9	1 53	1 55	-64.58881393054587
414	1 7	1 9	1 55	1 57	150.6928738540759
415	1 7	1 9	1 57	1 59	-28.206625595669934
416	1 7	1 9	1 59	1 61	-48.55134859671365
417	1 7	1 9	1 61	1 63	-47.74911733601078
418	1 7	1 9	1 63	1 65	109.31757048748354
419	1 7	1 9	1 65	1 67	-22.647311892169633
420	1 7	1 9	1 67	1 69	-33.92645331014147
421	1 7	1 9	1 69	1 71	-29.68415412529599
422	1 7	1 9	1 68	1 70	-32.40600409140548
423	1 7	1 9	1 70	1 72	-19.936588423091315
424	1 8	1 10	1 11	1 13	-405.0788634892176
425	1 8	1 10	1 15	1 17	982.5900395256916
426	1 8	1 10	1 29	1 31	-243.32499900548055
427	1 8	1 10	1 31	1 33	469.6291517991366
428	1 8	1 10	1 33	1 35	-95.48911935519062
429	1 8	1 10	1 35	1 37	-130.9946544195448
430	1 8	1 10	1 37	1 39	-152.89819891209993
431	1 8	1 10	1 39	1 41	307.27201026121406
432	1 8	1 10	1 41	1 43	-63.536852767503504
433	1 8	1 10	1 43	1 45	-90.10664838777635
434	1 8	1 10	1 45	1 47	-96.52498745935253
435	1 8	1 10	1 47	1 49	204.52992364316253
436	1 8	1 10	1 32	1 34	506.05415212311425
437	1 8	1 10	1 34	1 36	-111.2312161993946
438	1 8	1 10	1 36	1 38	-143.30527942912215
439	1 8	1 10	1 38	1 40	-145.067642659873
440	1 8	1 10	1 40	1 42	344.614341829269
441	1 8	1 10	1 42	1 44	-75.59441973209451
442	1 8	1 10	1 44	1 46	-100.10898837877413
443	1 8	1 10	1 46	1 48	-87.8177451182832
444	1 8	1 10	1 48	1 50	229.79650359534287
445	1 8	1 10	1 50	1 52	-52.15827361647393
446	1 8	1 10	1 49	1 51	-39.57114824383106
447	1 8	1 10	1 51	1 53	-65.93283186172158
448	1 8	1 10	1 53	1 55	-70.93610960977192
449	1 8	1 10	1 55	1 57	146.96578171342432
450	1 8	1 10	1 57	1 59	-23.564308477348646
451	1 8	1 10	1 59	1 61	-45.938346287992765
452	1 8	1 10	1 61	1 63	-50.678138749300274
453	1 8	1 10	1 63	1 65	106.72250791737541
454	1 8	1 10	1 65	1 67	-20.230432051439458
455	1 8	1 10	1 67	1 69	-32.4612739655888
456	1 8	1 10	1 52	1 54	-69.69034668021709
457	1 8	1 10	1 54	1 56	-60.14401607962904
458	1 8	1 10	1 56	1 58	161.97891577483412
459	1 8	1 10	1 58	1 60	-39.92650053399355
460	1 8	1 10	1 60	1 62	-48.66067214090809
461	1 8	1 10	1 62	1 64	-41.908273551006175
462	1 8	1 10	1 64	1 66	118.07456849838124
463	1 8	1 10	1 66	1 68	-30.942271489107675
464	1 8	1 10	1 68	1 70	-32.37630233924163
465	1 8	1 10	1 70	1 72	-21.411756000397553
466	1 8	1 10	1 69	1 71	-30.461937256116762
467	1 8	1 10	1 71	1 1	627.2896012115094
468	1 9	1 11	1 10	1 12	353.457703261304
469	1 9	1 11	1 12	1 14	-74.97810873950804
470	1 9	1 11	1 14	1 16	-20.960961263800684
471	1 9	1 11	1 18	1 20	242.81007498547856
472	1 9	1 11	1 20	1 22	-30.1863155863403
473	1 9	1 11	1 22	1 24	-16.06879667766507
474	1 9	1 11	1 24	1 26	-151.37328806141997
475	1 9	1 11	1 26	1 28	135.13299428010671
476	1 9	1 11	1 28	1 30	9.197414317817366
477	1 9	1 11	1 13	1 15	-35.665318898217706
478	1 9	1 11	1 17	1 19	468.2491977926304
479	1 9	1 11	1 21	1 23	-22.550552120256974
480	1 9	1 11	1 23	1 25	-276.47504387104834
481	1 9	1 11	1 25	1 27	217.1030780184226
482	1 9	1 11	1 27	1 29	49.7149990841214
483	1 9	1 11	1 32	1 34	-107.89259194064687
484	1 9	1 11	1 34	1 36	75.06548888388127
485	1 9	1 11	1 36	1 38	18.705657097406377
486	1 9	1 11	1 38	1 40	4.510285585110391
487	1 9	1 11	1 40	1 42	-81.77483303161404
488	1 9	1 11	1 42	1 44	44.71036591620036
489	1 9	1 11	1 44	1 46	20.382406356970616
490	1 9	1 11	1 46	1 48	6.321561537706497
491	1 9	1 11	1 48	1 50	-60.749622960938396
492	1 9	1 11	1 33	1 35	109.33893399264531
493	1 9	1 11	1 35	1 37	43.47863108609566
494	1 9	1 11	1 37	1 39	7.214399734970003
495	1 9	1 11	1 39	1 41	-110.37054411877247
496	1 9	1 11	1 41	1 43	55.99900929896633
497	1 9	1 11	1 43	1 45	31.640111366308645
498	1 9	1 11	1 45	1 47	11.338555694182062
499	1 9	1 11	1 47	1 49	-71.22374362532102
500	1 9	1 11	1 49	1 51	27.78817165477355
501	1 9	1 11	1 51	1 53	23.39613826225343
502	1 9	1 11	1 50	1 52	27.84037925356342
503	1 9	1 11	1 52	1 54	17.357767408567074
504	1 9	1 11	1 54	1 56	7.584954469125117
505	1 9	1 11	1 56	1 58	-45.805877827236486
506	1 9	1 11	1 58	1 60	18.16359772601129
507	1 9	1 11	1 60	1 62	13.614945676121414
508	1 9	1 11	1 62	1 64	7.528721423397134
509	1 9	1 11	1 64	1 66	-35.031911457481414
510	1 9	1 11	1 66	1 68	12.68851087437612
511	1 9	1 11	1 68	1 70	9.643890815577564
512	1 9	1 11	1 53	1 55	12.592608096227622
513	1 9	1 11	1 55	1 57	-48.81698566858875
514	1 9	1 11	1 57	1 59	13.442830307875507
515	1 9	1 11	1 59	1 61	16.91152356211831
516	1 9	1 11	1 61	1 63	11.163042618100077
517	1 9	1 11	1 63	1 65	-35.28136120401338
518	1 9	1 11	1 65	1 67	9.342208092129571
519	1 9	1 11	1 67	1 69	11.536644356393232
520	1 9	1 11	1 69	1 71	7.92548122416455
521	1 9	1 11	1 71	1 1	-536.7772148444606
522	1 9	1 11	1 72	1 2	-215.14619329461067
523	1 10	1 12	1 11	1 13	241.9407804732292
524	1 10	1 12	1 13	1 15	-73.892032660449
525	1 10	1 12	1 17	1 19	219.00936350616578
526	1 10	1 12	1 19	1 21	191.54069250609894
527	1 10	1 12	1 21	1 23	-29.741687306860797
528	1 10	1 12	1 23	1 25	-273.3945434387347
529	1 10	1 12	1 25	1 27	134.50914275093163
530	1 10	1 12	1 27	1 29	108.57197895132495
531	1 10	1 12	1 29	1 31	7.846107304657979
532	1 10	1 12	1 14	1 16	-34.1883994564204
533	1 10	1 12	1 18	1 20	363.0292454712471
534	1 10	1 12	1 22	1 24	-23.511555792976047
535	1 10	1 12	1 24	1 26	-215.21015567051842
536	1 10	1 12	1 26	1 28	153.77418851291623
537	1 10	1 12	1 28	1 30	45.671785670257194
538	1 10	1 12	1 30	1 32	-3.0356783025014016
539	1 10	1 12	1 33	1 35	78.75803301570863
540	1 10	1 12	1 35	1 37	62.482850328749876
541	1 10	1 12	1 37	1 39	18.312398472484666
542	1 10	1 12	1 39	1 41	-117.38207808489871
543	1 10	1 12	1 41	1 43	44.69113969087206
544	1 10	1 12	1 43	1 45	38.93056435312803
545	1 10	1 12	1 45	1 47	18.659380598767516
546	1 10	1 12	1 47	1 49	-77.68443215742337
547	1 10	1 12	1 49	1 51	23.9706729487571
548	1 10	1 12	1 34	1 36	76.7479798791916
549	1 10	1 12	1 36	1 38	37.214317749325645
550	1 10	1 12	1 38	1 40	10.863939065349552
551	1 10	1 12	1 40	1 42	-100.85314440109359
552	1 10	1 12	1 42	1 44	44.150128326339605
553	1 10	1 12	1 44	1 46	29.79767514177893
554	1 10	1 12	1 46	1 48	11.310587889391318
555	1 10	1 12	1 48	1 50	-71.74011424609634
556	1 10	1 12	1 50	1 52	27.16936471766526
557	1 10	1 12	1 52	1 54	22.269194535898546
558	1 10	1 12	1 51	1 53	26.630827339915967
559	1 10	1 12	1 53	1 55	17.235709184390046
560	1 10	1 12	1 55	1 57	-53.56875024945104
561	1 10	1 12	1 57	1 59	12.34155673985218
562	1 10	1 12	1 59	1 61	18.385660948850674
563	1 10	1 12	1 61	1 63	14.06138227693555
564	1 10	1 12	1 63	1 65	-38.74225554045357
565	1 10	1 12	1 65	1 67	9.190030861348003
566	1 10	1 12	1 67	1 69	12.489733534630613
567	1 10	1 12	1 69	1 71	9.430923774851566
568	1 10	1 12	1 54	1 56	11.182903171918321
569	1 10	1 12	1 56	1 58	-52.56680022140819
570	1 10	1 12	1 58	1 60	18.2872200366387
571	1 10	1 12	1 60	1 62	16.243994561147765
572	1 10	1 12	1 62	1 64	9.951443917817445
573	1 10	1 12	1 64	1 66	-39.681609815504984
574	1 10	1 12	1 66	1 68	13.107856938924689
575	1 10	1 12	1 68	1 70	11.099137163451346
576	1 10	1 12	1 70	1 72	5.860390765848985
577	1 10	1 12	1 71	1 1	-391.4565956615204
578	1 11	1 13	1 12	1 14	230.4795235993659
579	1 11	1 13	1 14	1 16	-67.55266898043544
580	1 11	1 13	1 18	1 20	161.88730501519308
581	1 11	1 13	1 20	1 22	179.30827960310413
582	1 11	1 13	1 22	1 24	-32.54639672378069
583	1 11	1 13	1 24	1 26	-235.09354631362908
584	1 11	1 13	1 26	1 28	93.94857712462563
585	1 11	1 13	1 28	1 30	103.3727275202667
586	1 11	1 13	1 30	1 32	8.469282215881641
587	1 11	1 13	1 17	1 19	-9.593709323136999
588	1 11	1 13	1 23	1 25	-250.3055301601447
589	1 11	1 13	1 25	1 27	38.873285732568334
590	1 11	1 13	1 27	1 29	130.33579628480928
591	1 11	1 13	1 29	1 31	43.36319385744898
592	1 11	1 13	1 33	1 35	37.91028250619547
593	1 11	1 13	1 32	1 34	-155.8804162637565
594	1 11	1 13	1 34	1 36	53.75706842994602
595	1 11	1 13	1 36	1 38	56.852741624437975
596	1 11	1 13	1 38	1 40	23.353943408720355
597	1 11	1 13	1 40	1 42	-109.07012483531302
598	1 11	1 13	1 42	1 44	33.235043613467035
599	1 11	1 13	1 44	1 46	37.003238471843005
600	1 11	1 13	1 46	1 48	18.94828871308396
601	1 11	1 13	1 48	1 50	-76.00882733707171
602	1 11	1 13	1 50	1 52	21.636503294231076
603	1 11	1 13	1 35	1 37	65.39581367364954
604	1 11	1 13	1 37	1 39	37.89987963679044
605	1 11	1 13	1 39	1 41	-111.76001226107428
606	1 11	1 13	1 41	1 43	26.183183090849788
607	1 11	1 13	1 43	1 45	38.58707337176553
608	1 11	1 13	1 45	1 47	27.74803388037804
609	1 11	1 13	1 47	1 49	-74.32117605952234
610	1 11	1 13	1 49	1 51	16.064408654178475
611	1 11	1 13	1 51	1 53	25.734465931063728
612	1 11	1 13	1 53	1 55	21.765614161348502
613	1 11	1 13	1 52	1 54	24.884128591170494
614	1 11	1 13	1 54	1 56	15.877570193318038
615	1 11	1 13	1 56	1 58	-54.75017401934828
616	1 11	1 13	1 58	1 60	15.624533009377107
617	1 11	1 13	1 60	1 62	17.18577647837861
618	1 11	1 13	1 62	1 64	12.301005818595527
619	1 11	1 13	1 64	1 66	-40.56207254064704
620	1 11	1 13	1 66	1 68	11.702901269564219
621	1 11	1 13	1 68	1 70	11.356597453518775
622	1 11	1 13	1 70	1 72	6.760031968362345
623	1 11	1 13	1 55	1 57	-52.56558539171341
624	1 11	1 13	1 57	1 59	9.481548677515836
625	1 11	1 13	1 59	1 61	17.36439546760471
626	1 11	1 13	1 61	1 63	16.300474318569165
627	1 11	1 13	1 63	1 65	-37.912899848119366
628	1 11	1 13	1 65	1 67	7.742847519025575
629	1 11	1 13	1 67	1 69	11.924716248147703
630	1 11	1 13	1 69	1 71	10.191868372107873
631	1 11	1 13	1 71	1 1	-224.2892083254365
632	1 11	1 13	1 72	1 2	-238.8568748271912
633	1 12	1 14	1 13	1 15	293.6656986097226
634	1 12	1 14	1 17	1 19	-30.340201592634095
635	1 12	1 14	1 19	1 21	166.50882760069737
636	1 12	1 14	1 21	1 23	191.1879619349118
637	1 12	1 14	1 25	1 27	4.582266292506256
638	1 12	1 14	1 27	1 29	95.44836068371694
639	1 12	1 14	1 29	1 31	117.9821241496124
640	1 12	1 14	1 31	1 33	-187.85563709590764
641	1 12	1 14	1 20	1 22	325.442251733407
642	1 12	1 14	1 22	1 24	13.120248492298138
643	1 12	1 14	1 24	1 26	-294.8533602536478
644	1 12	1 14	1 26	1 28	35.74049542386304
645	1 12	1 14	1 28	1 30	141.90367116790088
646	1 12	1 14	1 30	1 32	55.33844640524854
647	1 12	1 14	1 34	1 36	31.881025142261493
648	1 12	1 14	1 33	1 35	16.920402004165883
649	1 12	1 14	1 35	1 37	56.625585608150985
650	1 12	1 14	1 37	1 39	69.88628677706453
651	1 12	1 14	1 39	1 41	-121.64139608319586
652	1 12	1 14	1 41	1 43	16.093233231710855
653	1 12	1 14	1 43	1 45	36.96414947933747
654	1 12	1 14	1 45	1 47	41.804486879001814
655	1 12	1 14	1 47	1 49	-80.0100160741096
656	1 12	1 14	1 49	1 51	11.732778954378562
657	1 12	1 14	1 51	1 53	25.907153807600462
658	1 12	1 14	1 36	1 38	72.22223292597893
659	1 12	1 14	1 38	1 40	52.47872034804613
660	1 12	1 14	1 42	1 44	24.94295701106976
661	1 12	1 14	1 44	1 46	44.457322180112655
662	1 12	1 14	1 46	1 48	33.99346836492274
663	1 12	1 14	1 48	1 50	-90.16473265073947
664	1 12	1 14	1 50	1 52	18.171053575300082
665	1 12	1 14	1 52	1 54	28.809931862397356
666	1 12	1 14	1 54	1 56	23.770870712453217
667	1 12	1 14	1 53	1 55	29.231036637257752
668	1 12	1 14	1 55	1 57	-56.73598590333186
669	1 12	1 14	1 57	1 59	7.81681444223805
670	1 12	1 14	1 59	1 61	17.63078645245013
671	1 12	1 14	1 61	1 63	20.383116828140125
672	1 12	1 14	1 63	1 65	-40.95706307623438
673	1 12	1 14	1 65	1 67	7.23090440028634
674	1 12	1 14	1 67	1 69	12.405348612963387
675	1 12	1 14	1 69	1 71	12.090989515404495
676	1 12	1 14	1 71	1 1	-167.6951659014121
677	1 12	1 14	1 56	1 58	-62.95893878756729
678	1 12	1 14	1 58	1 60	14.405967035993372
679	1 12	1 14	1 60	1 62	19.395700058570778
680	1 12	1 14	1 62	1 64	16.657460959371
681	1 12	1 14	1 64	1 66	-45.76141828635596
682	1 12	1 14	1 66	1 68	11.434094911520887
683	1 12	1 14	1 68	1 70	12.682002726775263
684	1 12	1 14	1 70	1 72	8.427306375399228
685	1 13	1 15	1 14	1 16	333.1978013447506
686	1 13	1 15	1 18	1 20	-30.48640933444979
687	1 13	1 15	1 20	1 22	178.6088156703276
688	1 13	1 15	1 22	1 24	266.1037960181502
689	1 13	1 15	1 26	1 28	4.288070438778785
690	1 13	1 15	1 28	1 30	114.14375039522895
691	1 13	1 15	1 30	1 32	148.80230762015523
692	1 13	1 15	1 32	1 34	-237.67137411591807
693	1 13	1 15	1 17	1 19	-22.322249216012374
694	1 13	1 15	1 21	1 23	368.3680383568929
695	1 13	1 15	1 23	1 25	-327.6384935003007
696	1 13	1 15	1 25	1 27	-5.448853676526411
697	1 13	1 15	1 27	1 29	39.331399867354605
698	1 13	1 15	1 29	1 31	181.23354761007363
699	1 13	1 15	1 33	1 35	6.274258346053138
700	1 13	1 15	1 35	1 37	36.50701236013048
701	1 13	1 15	1 34	1 36	14.825601213380349
702	1 13	1 15	1 36	1 38	67.87344060137134
703	1 13	1 15	1 38	1 40	91.12321228387448
704	1 13	1 15	1 40	1 42	-154.4520828522243
705	1 13	1 15	1 42	1 44	16.61338494010813
706	1 13	1 15	1 44	1 46	44.79160635410569
707	1 13	1 15	1 46	1 48	51.150876050139246
708	1 13	1 15	1 48	1 50	-100.43554406797385
709	1 13	1 15	1 50	1 52	14.186764737931785
710	1 13	1 15	1 52	1 54	29.543219036041187
711	1 13	1 15	1 37	1 39	94.29143222908259
712	1 13	1 15	1 39	1 41	-119.82002803204429
713	1 13	1 15	1 41	1 43	9.147309425442417
714	1 13	1 15	1 43	1 45	29.940178151136546
715	1 13	1 15	1 45	1 47	52.175837143699894
716	1 13	1 15	1 47	1 49	-78.89987685895613
717	1 13	1 15	1 49	1 51	8.118132454705345
718	1 13	1 15	1 51	1 53	23.274653571230395
719	1 13	1 15	1 53	1 55	34.50596926950128
720	1 13	1 15	1 55	1 57	-57.074829710213706
721	1 13	1 15	1 54	1 56	31.77136574247897
722	1 13	1 15	1 56	1 58	-67.96650730101803
723	1 13	1 15	1 58	1 60	12.545776144918856
724	1 13	1 15	1 60	1 62	19.995814559015052
725	1 13	1 15	1 62	1 64	20.468245210782786
726	1 13	1 15	1 64	1 66	-48.34823021217858
727	1 13	1 15	1 66	1 68	10.582045454066149
728	1 13	1 15	1 68	1 70	13.106218543223072
729	1 13	1 15	1 70	1 72	9.691550622192265
730	1 13	1 15	1 57	1 59	6.254614336916317
731	1 13	1 15	1 59	1 61	16.464105268546056
732	1 13	1 15	1 61	1 63	23.12577968417856
733	1 13	1 15	1 63	1 65	-41.50693165280665
734	1 13	1 15	1 65	1 67	6.440283014955465
735	1 13	1 15	1 67	1 69	12.06894035969467
736	1 13	1 15	1 69	1 71	13.198855105105105
737	1 13	1 15	1 71	1 1	-126.59945366391496
738	1 14	1 16	1 17	1 19	-14.387858120229353
739	1 14	1 16	1 19	1 21	-30.063687506445383
740	1 14	1 16	1 21	1 23	231.5207179195201
741	1 14	1 16	1 25	1 27	-5.841580895888306
742	1 14	1 16	1 27	1 29	7.402913508815971
743	1 14	1 16	1 29	1 31	150.22524342420152
744	1 14	1 16	1 18	1 20	-20.357041511518034
745	1 14	1 16	1 20	1 22	-6.929724983445698
746	1 14	1 16	1 22	1 24	470.77735811268684
747	1 14	1 16	1 24	1 26	-428.0490345070892
748	1 14	1 16	1 26	1 28	-3.588107769188372
749	1 14	1 16	1 28	1 30	50.96965567176521
750	1 14	1 16	1 30	1 32	202.27993433228954
751	1 14	1 16	1 34	1 36	5.774606245898825
752	1 14	1 16	1 36	1 38	46.00563389285451
753	1 14	1 16	1 35	1 37	18.682860059598625
754	1 14	1 16	1 37	1 39	85.05083954704648
755	1 14	1 16	1 39	1 41	-93.8357188806014
756	1 14	1 16	1 41	1 43	4.974571747765641
757	1 14	1 16	1 43	1 45	20.232195157314777
758	1 14	1 16	1 45	1 47	47.70500461928413
759	1 14	1 16	1 47	1 49	-63.99922600619195
760	1 14	1 16	1 49	1 51	5.199251846594407
761	1 14	1 16	1 51	1 53	17.441601827423273
762	1 14	1 16	1 53	1 55	31.32507424517407
763	1 14	1 16	1 38	1 40	104.53803310199916
764	1 14	1 16	1 42	1 44	9.861220807167943
765	1 14	1 16	1 44	1 46	34.66054793610757
766	1 14	1 16	1 46	1 48	54.765257571100115
767	1 14	1 16	1 48	1 50	-89.92674029828318
768	1 14	1 16	1 50	1 52	9.724773692934171
769	1 14	1 16	1 52	1 54	24.06019382527624
770	1 14	1 16	1 54	1 56	31.971540707988304
771	1 14	1 16	1 56	1 58	-59.801697407859
772	1 14	1 16	1 55	1 57	-47.459366624437386
773	1 14	1 16	1 57	1 59	4.491827397346491
774	1 14	1 16	1 59	1 61	12.935752727683031
775	1 14	1 16	1 61	1 63	20.765179304681084
776	1 14	1 16	1 63	1 65	-34.77875772339654
777	1 14	1 16	1 65	1 67	4.970423886931693
778	1 14	1 16	1 67	1 69	9.805071392918054
779	1 14	1 16	1 69	1 71	11.62730736510391
780	1 14	1 16	1 58	1 60	9.443388065690232
781	1 14	1 16	1 60	1 62	16.74180452600013
782	1 14	1 16	1 62	1 64	19.558001045466725
783	1 14	1 16	1 64	1 66	-42.06623488840272
784	1 14	1 16	1 66	1 68	8.341447570480033
785	1 14	1 16	1 68	1 70	11.102386995261847
786	1 14	1 16	1 70	1 72	8.920741561333857
787	1 15	1 17	1 16	1 18	1026.5023329574933
788	1 15	1 17	1 24	1 26	799.0246374562215
789	1 15	1 17	1 32	1 34	537.9685865701481
790	1 15	1 17	1 19	1 21	-295.8791419530137
791	1 15	1 17	1 31	1 33	599.7344190416536
792	1 15	1 17	1 36	1 38	-150.92997485938002
793	1 15	1 17	1 38	1 40	-120.3246096768627
794	1 15	1 17	1 40	1 42	383.1800905516502
795	1 15	1 17	1 42	1 44	-116.54209927815683
796	1 15	1 17	1 44	1 46	-111.27975276457528
797	1 15	1 17	1 46	1 48	-78.88065349950595
798	1 15	1 17	1 48	1 50	265.5828002585441
799	1 15	1 17	1 50	1 52	-76.82933828076686
800	1 15	1 17	1 52	1 54	-79.73016877823264
801	1 15	1 17	1 54	1 56	-58.250888573537424
802	1 15	1 17	1 39	1 41	395.0448972404738
803	1 15	1 17	1 41	1 43	-119.97916509355521
804	1 15	1 17	1 43	1 45	-115.57880553460481
805	1 15	1 17	1 45	1 47	-96.57300535535711
806	1 15	1 17	1 47	1 49	259.5484153673473
807	1 15	1 17	1 49	1 51	-66.09999690557481
808	1 15	1 17	1 51	1 53	-83.868717904959
809	1 15	1 17	1 53	1 55	-74.70753083791755
810	1 15	1 17	1 55	1 57	181.86537640706126
811	1 15	1 17	1 57	1 59	-35.76672939310908
812	1 15	1 17	1 56	1 58	191.0184274038669
813	1 15	1 17	1 58	1 60	-55.35670903410248
814	1 15	1 17	1 60	1 62	-57.43207799235213
815	1 15	1 17	1 62	1 64	-43.939022188808565
816	1 15	1 17	1 64	1 66	140.8053218723253
817	1 15	1 17	1 66	1 68	-41.27006696957598
818	1 15	1 17	1 68	1 70	-38.89215583201916
819	1 15	1 17	1 70	1 72	-23.561024437577853
820	1 15	1 17	1 72	1 2	339.22576830178303
821	1 15	1 17	1 59	1 61	-59.008047927448935
822	1 15	1 17	1 61	1 63	-55.98327364169318
823	1 15	1 17	1 63	1 65	131.93145349583676
824	1 15	1 17	1 65	1 67	-28.198766845325174
825	1 15	1 17	1 67	1 69	-41.225121035091576
826	1 15	1 17	1 69	1 71	-35.201209504429556
827	1 15	1 17	1 71	1 1	494.313751885768
828	1 16	1 18	1 17	1 19	-174.3836248819831
829	1 16	1 18	1 19	1 21	-353.91031538935295
830	1 16	1 18	1 21	1 23	-378.00692687946014
831	1 16	1 18	1 23	1 25	774.5558085094649
832	1 16	1 18	1 25	1 27	-142.55332874713642
833	1 16	1 18	1 27	1 29	-251.22167199068116
834	1 16	1 18	1 29	1 31	-275.857963618316
835	1 16	1 18	1 31	1 33	543.2171938460959
836	1 16	1 18	1 33	1 35	-106.08585967322034
837	1 16	1 18	1 35	1 37	-158.12360843727143
838	1 16	1 18	1 24	1 26	962.9366792929293
839	1 16	1 18	1 26	1 28	-249.22338456769864
840	1 16	1 18	1 28	1 30	-246.95276215765904
841	1 16	1 18	1 32	1 34	591.2258017063842
842	1 16	1 18	1 37	1 39	-178.69092438221176
843	1 16	1 18	1 39	1 41	363.32957703778715
844	1 16	1 18	1 41	1 43	-73.37894730814406
845	1 16	1 18	1 43	1 45	-108.5667957742992
846	1 16	1 18	1 45	1 47	-114.09511793794968
847	1 16	1 18	1 47	1 49	241.15282208803535
848	1 16	1 18	1 49	1 51	-45.45507691658187
849	1 16	1 18	1 51	1 53	-77.88656850460622
850	1 16	1 18	1 53	1 55	-83.01276153039545
851	1 16	1 18	1 55	1 57	172.3273139111937
852	1 16	1 18	1 40	1 42	402.21124671757764
853	1 16	1 18	1 42	1 44	-90.64718711149229
854	1 16	1 18	1 44	1 46	-118.26518596569062
855	1 16	1 18	1 46	1 48	-103.28052112914062
856	1 16	1 18	1 48	1 50	271.65416283981176
857	1 16	1 18	1 50	1 52	-61.90190901353158
858	1 16	1 18	1 52	1 54	-81.8136372882939
859	1 16	1 18	1 54	1 56	-70.26751472099204
860	1 16	1 18	1 56	1 58	189.75635802391992
861	1 16	1 18	1 58	1 60	-46.72883223421944
862	1 16	1 18	1 57	1 59	-27.62073133479691
863	1 16	1 18	1 59	1 61	-54.35636294334385
864	1 16	1 18	1 61	1 63	-59.669644295355184
865	1 16	1 18	1 63	1 65	125.59745979729365
866	1 16	1 18	1 65	1 67	-23.78130470142782
867	1 16	1 18	1 67	1 69	-38.304520029474816
868	1 16	1 18	1 69	1 71	-36.04782385943651
869	1 16	1 18	1 71	1 1	414.1703801777946
870	1 16	1 18	1 60	1 62	-57.29872925114482
871	1 16	1 18	1 62	1 64	-49.2802999486039
872	1 16	1 18	1 64	1 66	138.4177403502382
873	1 16	1 18	1 66	1 68	-36.439376944678386
874	1 16	1 18	1 68	1 70	-38.16884556288241
875	1 16	1 18	1 70	1 72	-25.140127410516936
876	1 16	1 18	1 72	1 2	349.4199573887655
877	1 17	1 19	1 18	1 20	250.88850227102267
878	1 17	1 19	1 20	1 22	-62.49427952397726
879	1 17	1 19	1 22	1 24	-16.576250383740884
880	1 17	1 19	1 26	1 28	179.04853419136933
881	1 17	1 19	1 28	1 30	-27.935795393676216
882	1 17	1 19	1 30	1 32	-11.008658963731143
883	1 17	1 19	1 34	1 36	104.9900900981824
884	1 17	1 19	1 36	1 38	5.175413423539406
885	1 17	1 19	1 21	1 23	-27.79978219017164
886	1 17	1 19	1 25	1 27	400.7746107048291
887	1 17	1 19	1 29	1 31	-18.170908981786482
888	1 17	1 19	1 33	1 35	181.76404511584553
889	1 17	1 19	1 35	1 37	39.18754959546591
890	1 17	1 19	1 37	1 39	-2.8006374214944403
891	1 17	1 19	1 39	1 41	-135.97350025907235
892	1 17	1 19	1 40	1 42	-93.03965924688336
893	1 17	1 19	1 42	1 44	63.100077285417726
894	1 17	1 19	1 44	1 46	17.772510948679532
895	1 17	1 19	1 46	1 48	2.9219501258154974
896	1 17	1 19	1 48	1 50	-71.3068428730218
897	1 17	1 19	1 50	1 52	38.52673036337823
898	1 17	1 19	1 52	1 54	18.488302234421166
899	1 17	1 19	1 54	1 56	6.195520603555341
900	1 17	1 19	1 56	1 58	-53.988232596432724
901	1 17	1 19	1 41	1 43	88.10910806398948
902	1 17	1 19	1 43	1 45	35.77539984749998
903	1 17	1 19	1 45	1 47	7.220116223412838
904	1 17	1 19	1 47	1 49	-90.17067660515458
905	1 17	1 19	1 49	1 51	41.92064340689426
906	1 17	1 19	1 51	1 53	28.439360086963788
907	1 17	1 19	1 53	1 55	11.71878553826193
908	1 17	1 19	1 55	1 57	-60.849613524869355
909	1 17	1 19	1 57	1 59	19.36673570528736
910	1 17	1 19	1 59	1 61	21.271243637735786
911	1 17	1 19	1 58	1 60	24.603288718679018
912	1 17	1 19	1 60	1 62	15.72628371425374
913	1 17	1 19	1 62	1 64	7.522904374687384
914	1 17	1 19	1 64	1 66	-42.31054668389736
915	1 17	1 19	1 66	1 68	16.81849638461605
916	1 17	1 19	1 68	1 70	11.587067976973232
917	1 17	1 19	1 70	1 72	5.26571661883555
918	1 17	1 19	1 61	1 63	11.866612173172161
919	1 17	1 19	1 63	1 65	-43.96447252940144
920	1 17	1 19	1 65	1 67	12.799693966588004
921	1 17	1 19	1 67	1 69	14.600927841202395
922	1 17	1 19	1 69	1 71	9.088293214551339
923	1 18	1 20	1 19	1 21	214.03723989558816
924	1 18	1 20	1 21	1 23	-59.20006319174628
925	1 18	1 20	1 25	1 27	183.67219276907016
926	1 18	1 20	1 27	1 29	146.44450900716072
927	1 18	1 20	1 29	1 31	-26.446069688267006
928	1 18	1 20	1 33	1 35	107.8086715904698
929	1 18	1 20	1 35	1 37	83.29703697599925
930	1 18	1 20	1 37	1 39	4.519799096364565
931	1 18	1 20	1 22	1 24	-28.354347586700527
932	1 18	1 20	1 26	1 28	287.69832550496704
933	1 18	1 20	1 30	1 32	-17.028998562322936
934	1 18	1 20	1 34	1 36	118.23493217231564
935	1 18	1 20	1 36	1 38	31.530356106006373
936	1 18	1 20	1 40	1 42	-109.12863421230561
937	1 18	1 20	1 39	1 41	-140.75728913913412
938	1 18	1 20	1 41	1 43	60.9101374384321
939	1 18	1 20	1 43	1 45	49.882534132891166
940	1 18	1 20	1 45	1 47	15.212712582658472
941	1 18	1 20	1 47	1 49	-93.3499565476269
942	1 18	1 20	1 49	1 51	32.14491719182668
943	1 18	1 20	1 51	1 53	33.45917077469395
944	1 18	1 20	1 53	1 55	17.358048661928102
945	1 18	1 20	1 55	1 57	-64.61358354717038
946	1 18	1 20	1 57	1 59	16.261233173132794
947	1 18	1 20	1 42	1 44	61.36870377036311
948	1 18	1 20	1 44	1 46	31.758055705919986
949	1 18	1 20	1 46	1 48	6.763862965492056
950	1 18	1 20	1 48	1 50	-82.23517544866876
951	1 18	1 20	1 50	1 52	36.15081912039689
952	1 18	1 20	1 52	1 54	25.379746965749234
953	1 18	1 20	1 54	1 56	9.816006249435887
954	1 18	1 20	1 56	1 58	-61.312930805639894
955	1 18	1 20	1 58	1 60	23.54958355876398
956	1 18	1 20	1 60	1 62	18.93271684820657
957	1 18	1 20	1 59	1 61	22.948515452007314
958	1 18	1 20	1 61	1 63	15.372107856556255
959	1 18	1 20	1 63	1 65	-46.714310567596584
960	1 18	1 20	1 65	1 67	11.783292899172295
961	1 18	1 20	1 67	1 69	15.386054639804641
962	1 18	1 20	1 69	1 71	10.772271118561981
963	1 18	1 20	1 71	1 1	-233.43109674639086
964	1 18	1 20	1 62	1 64	10.083981057270254
965	1 18	1 20	1 64	1 66	-46.45309980082982
966	1 18	1 20	1 66	1 68	16.503588053248496
967	1 18	1 20	1 68	1 70	13.13888314059647
968	1 18	1 20	1 70	1 72	6.4834393767067215
969	1 18	1 20	1 72	1 2	-162.75360879693608
970	1 19	1 21	1 20	1 22	208.45003918481967
971	1 19	1 21	1 22	1 24	-68.96243486419732
972	1 19	1 21	1 26	1 28	144.82676248821468
973	1 19	1 21	1 28	1 30	149.44532302080074
974	1 19	1 21	1 30	1 32	-28.224172270303455
975	1 19	1 21	1 32	1 34	-190.48915662956074
976	1 19	1 21	1 34	1 36	80.598350706275
977	1 19	1 21	1 36	1 38	80.94405525113106
978	1 19	1 21	1 38	1 40	10.827793047879283
979	1 19	1 21	1 25	1 27	-3.059650920525547
980	1 19	1 21	1 27	1 29	263.4469265592726
981	1 19	1 21	1 29	1 31	-4.690452547563671
982	1 19	1 21	1 33	1 35	36.180583020528935
983	1 19	1 21	1 35	1 37	110.23889569624674
984	1 19	1 21	1 37	1 39	32.564107040096594
985	1 19	1 21	1 39	1 41	-143.5552134634105
986	1 19	1 21	1 41	1 43	31.476204049930857
987	1 19	1 21	1 40	1 42	-135.01734289941
988	1 19	1 21	1 42	1 44	47.31503536802771
989	1 19	1 21	1 44	1 46	50.83865671560288
990	1 19	1 21	1 46	1 48	16.355438450447146
991	1 19	1 21	1 48	1 50	-95.2753786524481
992	1 19	1 21	1 50	1 52	29.692922518588688
993	1 19	1 21	1 52	1 54	33.40605126153463
994	1 19	1 21	1 54	1 56	16.71580153489764
995	1 19	1 21	1 56	1 58	-69.28521652899592
996	1 19	1 21	1 58	1 60	20.95335805188365
997	1 19	1 21	1 43	1 45	57.857415724590105
998	1 19	1 21	1 45	1 47	31.338800783766164
999	1 19	1 21	1 47	1 49	-96.7529509684017
1000	1 19	1 21	1 49	1 51	20.67952436294198
1001	1 19	1 21	1 51	1 53	36.16270109894147
1002	1 19	1 21	1 53	1 55	26.413250095050856
1003	1 19	1 21	1 55	1 57	-68.32402533911377
1004	1 19	1 21	1 57	1 59	12.290426775455874
1005	1 19	1 21	1 59	1 61	23.495703493268635
1006	1 19	1 21	1 61	1 63	20.306836355439387
1007	1 19	1 21	1 60	1 62	22.525409376638162
1008	1 19	1 21	1 62	1 64	14.365165681690186
1009	1 19	1 21	1 64	1 66	-51.624254425013966
1010	1 19	1 21	1 66	1 68	15.500376719413268
1011	1 19	1 21	1 68	1 70	14.783465041106282
1012	1 19	1 21	1 70	1 72	8.291381758855493
1013	1 19	1 21	1 63	1 65	-49.37851618184641
1014	1 19	1 21	1 65	1 67	10.243938707107338
1015	1 19	1 21	1 67	1 69	15.803099215318742
1016	1 19	1 21	1 69	1 71	12.976547556410551
1017	1 20	1 22	1 21	1 23	206.4938081927798
1018	1 20	1 22	1 25	1 27	-28.595197364560175
1019	1 20	1 22	1 27	1 29	140.87232258002595
1020	1 20	1 22	1 29	1 31	154.49737715609012
1021	1 20	1 22	1 33	1 35	4.607693772181237
1022	1 20	1 22	1 35	1 37	78.74918168397126
1023	1 20	1 22	1 37	1 39	90.04874125259087
1024	1 20	1 22	1 39	1 41	-146.6423311419211
1025	1 20	1 22	1 26	1 28	-2.683909408732325
1026	1 20	1 22	1 28	1 30	268.26902823206154
1027	1 20	1 22	1 34	1 36	28.879337288470563
1028	1 20	1 22	1 36	1 38	110.25420491301686
1029	1 20	1 22	1 38	1 40	47.23040941017655
1030	1 20	1 22	1 42	1 44	27.62605637675955
1031	1 20	1 22	1 41	1 43	13.13845645717836
1032	1 20	1 22	1 43	1 45	48.79723168948118
1033	1 20	1 22	1 45	1 47	53.06661893863178
1034	1 20	1 22	1 47	1 49	-98.18183557122772
1035	1 20	1 22	1 49	1 51	11.862353930099347
1036	1 20	1 22	1 51	1 53	32.94167200629295
1037	1 20	1 22	1 53	1 55	36.382063247760996
1038	1 20	1 22	1 55	1 57	-69.54843846439849
1039	1 20	1 22	1 57	1 59	8.728174198350207
1040	1 20	1 22	1 59	1 61	21.808042544154922
1041	1 20	1 22	1 44	1 46	60.805660802886784
1042	1 20	1 22	1 46	1 48	36.490699849988985
1043	1 20	1 22	1 48	1 50	-107.96953895225208
1044	1 20	1 22	1 50	1 52	21.14122707689879
1045	1 20	1 22	1 52	1 54	37.332602674492016
1046	1 20	1 22	1 54	1 56	27.491988111142085
1047	1 20	1 22	1 56	1 58	-76.20849487996995
1048	1 20	1 22	1 58	1 60	17.143813010073956
1049	1 20	1 22	1 60	1 62	24.32040740560136
1050	1 20	1 22	1 62	1 64	19.842446363275307
1051	1 20	1 22	1 61	1 63	25.113928441012654
1052	1 20	1 22	1 63	1 65	-49.93383654919124
1053	1 20	1 22	1 65	1 67	8.494428439004235
1054	1 20	1 22	1 67	1 69	15.164800619778525
1055	1 20	1 22	1 69	1 71	14.805879371266926
1056	1 20	1 22	1 71	1 1	-134.74936271817768
1057	1 20	1 22	1 64	1 66	-55.34161265303297
1058	1 20	1 22	1 66	1 68	13.737243728621769
1059	1 20	1 22	1 68	1 70	15.622915153507261
1060	1 20	1 22	1 70	1 72	10.21813215903156
1061	1 21	1 23	1 22	1 24	286.8045816049495
1062	1 21	1 23	1 26	1 28	-27.398959385111194
1063	1 21	1 23	1 28	1 30	164.14807104693108
1064	1 21	1 23	1 30	1 32	199.02297690611385
1065	1 21	1 23	1 32	1 34	-308.1917637966328
1066	1 21	1 23	1 34	1 36	2.956121023910651
1067	1 21	1 23	1 36	1 38	95.23145128509695
1068	1 21	1 23	1 38	1 40	127.48193363402652
1069	1 21	1 23	1 40	1 42	-203.53801321003155
1070	1 21	1 23	1 25	1 27	-19.126504153843776
1071	1 21	1 23	1 27	1 29	-5.594985493843922
1072	1 21	1 23	1 29	1 31	342.9417629319395
1073	1 21	1 23	1 35	1 37	32.77550397859926
1074	1 21	1 23	1 37	1 39	148.68575293861272
1075	1 21	1 23	1 41	1 43	5.304592896292103
1076	1 21	1 23	1 43	1 45	34.60155085788436
1077	1 21	1 23	1 42	1 44	14.425536908243725
1078	1 21	1 23	1 44	1 46	60.72208678625175
1079	1 21	1 23	1 46	1 48	70.5380917644361
1080	1 21	1 23	1 48	1 50	-130.72754750670543
1081	1 21	1 23	1 50	1 52	15.031266780482937
1082	1 21	1 23	1 52	1 54	38.9945796747039
1083	1 21	1 23	1 54	1 56	43.485150148703
1084	1 21	1 23	1 56	1 58	-88.26504474974047
1085	1 21	1 23	1 58	1 60	14.603817678146218
1086	1 21	1 23	1 60	1 62	26.01901204862952
1087	1 21	1 23	1 45	1 47	75.12595512081968
1088	1 21	1 23	1 47	1 49	-100.87154042303148
1089	1 21	1 23	1 49	1 51	7.239485493518552
1090	1 21	1 23	1 51	1 53	28.421647617077717
1091	1 21	1 23	1 53	1 55	47.41491709775016
1092	1 21	1 23	1 55	1 57	-73.00785472735248
1093	1 21	1 23	1 57	1 59	6.726961400811756
1094	1 21	1 23	1 59	1 61	20.3056272329721
1095	1 21	1 23	1 61	1 63	30.98854611660286
1096	1 21	1 23	1 63	1 65	-52.811926520629214
1097	1 21	1 23	1 62	1 64	27.7020953925007
1098	1 21	1 23	1 64	1 66	-62.69477839216644
1099	1 21	1 23	1 66	1 68	12.866166328143244
1100	1 21	1 23	1 68	1 70	16.98210089433265
1101	1 21	1 23	1 70	1 72	12.926486100700025
1102	1 21	1 23	1 72	1 2	-127.84493450045522
1103	1 21	1 23	1 65	1 67	7.580728172991192
1104	1 21	1 23	1 67	1 69	15.125796066121042
1105	1 21	1 23	1 69	1 71	17.36795414484233
1106	1 22	1 24	1 25	1 27	-11.77803453262913
1107	1 22	1 24	1 27	1 29	-26.708535099336146
1108	1 22	1 24	1 29	1 31	219.93179547925536
1109	1 22	1 24	1 33	1 35	-2.916929512804269
1110	1 22	1 24	1 35	1 37	8.017010928452486
1111	1 22	1 24	1 37	1 39	124.9208893540474
1112	1 22	1 24	1 39	1 41	-117.64267415198759
1113	1 22	1 24	1 41	1 43	2.3327729974879534
1114	1 22	1 24	1 26	1 28	-16.874169267795033
1115	1 22	1 24	1 30	1 32	380.3470302620036
1116	1 22	1 24	1 34	1 36	-2.3764545595087814
1117	1 22	1 24	1 36	1 38	47.52376800577191
1118	1 22	1 24	1 38	1 40	173.72335598530853
1119	1 22	1 24	1 42	1 44	7.134328135179349
1120	1 22	1 24	1 44	1 46	42.651587194510824
1121	1 22	1 24	1 43	1 45	20.020211831724577
1122	1 22	1 24	1 45	1 47	68.88794843027256
1123	1 22	1 24	1 47	1 49	-81.10909326298392
1124	1 22	1 24	1 49	1 51	4.419254171765202
1125	1 22	1 24	1 51	1 53	20.22191777819204
1126	1 22	1 24	1 53	1 55	44.56344062742153
1127	1 22	1 24	1 55	1 57	-61.503950039409844
1128	1 22	1 24	1 57	1 59	4.769472333437195
1129	1 22	1 24	1 59	1 61	15.719997784365377
1130	1 22	1 24	1 61	1 63	28.950882317322275
1131	1 22	1 24	1 46	1 48	86.6791072894825
1132	1 22	1 24	1 48	1 50	-124.3610264532584
1133	1 22	1 24	1 50	1 52	9.705750336346748
1134	1 22	1 24	1 52	1 54	30.932441607671482
1135	1 22	1 24	1 54	1 56	48.38430146893587
1136	1 22	1 24	1 56	1 58	-81.64790759066526
1137	1 22	1 24	1 58	1 60	10.835788382687756
1138	1 22	1 24	1 60	1 62	21.917563926347583
1139	1 22	1 24	1 62	1 64	28.547501739704398
1140	1 22	1 24	1 64	1 66	-56.477571578627916
1141	1 22	1 24	1 63	1 65	-45.39114386836502
1142	1 22	1 24	1 65	1 67	5.882659844640802
1143	1 22	1 24	1 67	1 69	12.39720518215584
1144	1 22	1 24	1 69	1 71	15.91447815552792
1145	1 22	1 24	1 71	1 1	-92.85197114407642
1146	1 22	1 24	1 66	1 68	10.164052223885527
1147	1 22	1 24	1 68	1 70	14.652613633512413
1148	1 22	1 24	1 70	1 72	12.676266832336614
1149	1 23	1 25	1 24	1 26	833.658391985085
1150	1 23	1 25	1 32	1 34	662.283881650212
1151	1 23	1 25	1 40	1 42	472.0650706952887
1152	1 23	1 25	1 29	1 31	-307.4330106872779
1153	1 23	1 25	1 31	1 33	836.0193415925901
1154	1 23	1 25	1 33	1 35	-321.85702657833554
1155	1 23	1 25	1 37	1 39	-175.25887014853907
1156	1 23	1 25	1 39	1 41	513.5247452883245
1157	1 23	1 25	1 44	1 46	-138.81309107486322
1158	1 23	1 25	1 46	1 48	-91.75442133978433
1159	1 23	1 25	1 48	1 50	335.81319340744426
1160	1 23	1 25	1 50	1 52	-103.9902225411214
1161	1 23	1 25	1 52	1 54	-100.84249150658366
1162	1 23	1 25	1 54	1 56	-69.94134470515104
1163	1 23	1 25	1 56	1 58	241.8194549235384
1164	1 23	1 25	1 58	1 60	-73.38894938733957
1165	1 23	1 25	1 60	1 62	-72.65769606693252
1166	1 23	1 25	1 62	1 64	-53.573181688782896
1167	1 23	1 25	1 47	1 49	337.0804701385989
1168	1 23	1 25	1 49	1 51	-93.19211558110308
1169	1 23	1 25	1 51	1 53	-108.21461042700233
1170	1 23	1 25	1 53	1 55	-92.35729301896228
1171	1 23	1 25	1 55	1 57	236.0171339291093
1172	1 23	1 25	1 57	1 59	-49.13835566934821
1173	1 23	1 25	1 59	1 61	-76.81280140886356
1174	1 23	1 25	1 61	1 63	-69.93447503211434
1175	1 23	1 25	1 63	1 65	170.58339395258892
1176	1 23	1 25	1 65	1 67	-37.68131108903971
1177	1 23	1 25	1 64	1 66	180.2462810446391
1178	1 23	1 25	1 66	1 68	-54.49767887133673
1179	1 23	1 25	1 68	1 70	-49.80769313965757
1180	1 23	1 25	1 70	1 72	-29.488763032630658
1181	1 23	1 25	1 72	1 2	218.28777921251952
1182	1 23	1 25	1 67	1 69	-53.44322559433537
1183	1 23	1 25	1 69	1 71	-44.362802250645835
1184	1 23	1 25	1 71	1 1	309.5698883616351
1185	1 24	1 26	1 25	1 27	-126.68969669289376
1186	1 24	1 26	1 27	1 29	-300.2137330659449
1187	1 24	1 26	1 29	1 31	-340.4663799652466
1188	1 24	1 26	1 31	1 33	663.8129358326403
1189	1 24	1 26	1 33	1 35	-107.77853591443694
1190	1 24	1 26	1 35	1 37	-213.05097429938186
1191	1 24	1 26	1 37	1 39	-222.52406579717035
1192	1 24	1 26	1 39	1 41	451.0506787467426
1193	1 24	1 26	1 41	1 43	-81.72150218844266
1194	1 24	1 26	1 43	1 45	-141.62491313064652
1195	1 24	1 26	1 30	1 32	-348.198485729267
1196	1 24	1 26	1 32	1 34	796.3535997522993
1197	1 24	1 26	1 34	1 36	-208.68117591170721
1198	1 24	1 26	1 40	1 42	511.1476708027524
1199	1 24	1 26	1 44	1 46	-147.89454957356077
1200	1 24	1 26	1 45	1 47	-145.6020752614582
1201	1 24	1 26	1 47	1 49	305.6378222277809
1202	1 24	1 26	1 49	1 51	-54.253912283953085
1203	1 24	1 26	1 51	1 53	-100.91644982010837
1204	1 24	1 26	1 53	1 55	-106.80014114532943
1205	1 24	1 26	1 55	1 57	217.83941740199762
1206	1 24	1 26	1 57	1 59	-33.63451230790247
1207	1 24	1 26	1 59	1 61	-69.17786026204476
1208	1 24	1 26	1 61	1 63	-76.19623083653984
1209	1 24	1 26	1 63	1 65	159.07489451230038
1210	1 24	1 26	1 48	1 50	346.8312262116214
1211	1 24	1 26	1 50	1 52	-78.6653821061561
1212	1 24	1 26	1 52	1 54	-104.79805200477537
1213	1 24	1 26	1 54	1 56	-90.57291238321724
1214	1 24	1 26	1 56	1 58	242.68737826604385
1215	1 24	1 26	1 58	1 60	-59.07898366118042
1216	1 24	1 26	1 60	1 62	-73.00756677340456
1217	1 24	1 26	1 62	1 64	-63.03627430951217
1218	1 24	1 26	1 64	1 66	175.7017981152011
1219	1 24	1 26	1 66	1 68	-45.76022701209202
1220	1 24	1 26	1 65	1 67	-29.65481259920257
1221	1 24	1 26	1 67	1 69	-48.61132120958945
1222	1 24	1 26	1 69	1 71	-45.98566007739771
1223	1 24	1 26	1 71	1 1	272.37003810633166
1224	1 24	1 26	1 68	1 70	-48.58110098822705
1225	1 24	1 26	1 70	1 72	-32.15961731455574
1226	1 24	1 26	1 72	1 2	223.7000411551201
1227	1 25	1 27	1 26	1 28	205.31140623385522
1228	1 25	1 27	1 28	1 30	-67.56715439530512
1229	1 25	1 27	1 30	1 32	-13.762527441469963
1230	1 25	1 27	1 32	1 34	-115.26914315833517
1231	1 25	1 27	1 34	1 36	147.19434157683705
1232	1 25	1 27	1 36	1 38	-27.71558056719102
1233	1 25	1 27	1 38	1 40	-8.341791763647748
1234	1 25	1 27	1 40	1 42	-103.53662301041095
1235	1 25	1 27	1 42	1 44	93.57225887713525
1236	1 25	1 27	1 44	1 46	5.944481207060839
1237	1 25	1 27	1 29	1 31	-27.03409216459937
1238	1 25	1 27	1 33	1 35	356.920548989684
1239	1 25	1 27	1 35	1 37	-4.894385581643165
1240	1 25	1 27	1 37	1 39	-17.23806611099094
1241	1 25	1 27	1 41	1 43	155.84344541437866
1242	1 25	1 27	1 43	1 45	32.6660687206038
1243	1 25	1 27	1 45	1 47	-1.9012655362324131
1244	1 25	1 27	1 47	1 49	-118.96328618641601
1245	1 25	1 27	1 46	1 48	-2.7500389450869553
1246	1 25	1 27	1 48	1 50	-84.12992625371724
1247	1 25	1 27	1 50	1 52	57.34394804516136
1248	1 25	1 27	1 52	1 54	16.66531885747679
1249	1 25	1 27	1 54	1 56	3.0203080012662404
1250	1 25	1 27	1 56	1 58	-66.61812044873552
1251	1 25	1 27	1 58	1 60	35.55583461952528
1252	1 25	1 27	1 60	1 62	17.52920344378181
1253	1 25	1 27	1 62	1 64	6.625952385667495
1254	1 25	1 27	1 64	1 66	-52.603615058295986
1255	1 25	1 27	1 49	1 51	70.13633431405032
1256	1 25	1 27	1 51	1 53	33.42854596411969
1257	1 25	1 27	1 53	1 55	8.227932971266327
1258	1 25	1 27	1 55	1 57	-79.03105724671724
1259	1 25	1 27	1 57	1 59	30.647271191148228
1260	1 25	1 27	1 59	1 61	27.555672924369
1261	1 25	1 27	1 61	1 63	11.633362676960788
1262	1 25	1 27	1 63	1 65	-57.18929469431166
1263	1 25	1 27	1 65	1 67	18.995913062153193
1264	1 25	1 27	1 67	1 69	19.19325926011014
1265	1 25	1 27	1 66	1 68	23.694556428806997
1266	1 25	1 27	1 68	1 70	13.999144202313943
1267	1 25	1 27	1 70	1 72	5.572212006962738
1268	1 25	1 27	1 72	1 2	-78.93396470814643
1269	1 25	1 27	1 69	1 71	10.27024837627811
1270	1 25	1 27	1 71	1 1	-148.93513877953774
1271	1 26	1 28	1 27	1 29	179.0154505417995
1272	1 26	1 28	1 29	1 31	-59.44452858082953
1273	1 26	1 28	1 33	1 35	146.9825777536284
1274	1 26	1 28	1 35	1 37	123.49828161824456
1275	1 26	1 28	1 37	1 39	-27.07268403300059
1276	1 26	1 28	1 39	1 41	-172.94435263705702
1277	1 26	1 28	1 41	1 43	86.58386123554654
1278	1 26	1 28	1 43	1 45	70.98693286514046
1279	1 26	1 28	1 45	1 47	4.226276353704002
1280	1 26	1 28	1 30	1 32	-24.5120330371332
1281	1 26	1 28	1 34	1 36	245.70975572720107
1282	1 26	1 28	1 38	1 40	-13.947293585571067
1283	1 26	1 28	1 42	1 44	100.36730212711035
1284	1 26	1 28	1 44	1 46	28.68132017965993
1285	1 26	1 28	1 48	1 50	-97.05550829470882
1286	1 26	1 28	1 47	1 49	-117.36348766958832
1287	1 26	1 28	1 49	1 51	45.83901101969889
1288	1 26	1 28	1 51	1 53	45.46044739834099
1289	1 26	1 28	1 53	1 55	15.1463253737728
1290	1 26	1 28	1 55	1 57	-80.646310308641
1291	1 26	1 28	1 57	1 59	22.750159715816793
1292	1 26	1 28	1 59	1 61	30.540426199020615
1293	1 26	1 28	1 61	1 63	16.21298605297701
1294	1 26	1 28	1 63	1 65	-58.85106047610932
1295	1 26	1 28	1 65	1 67	16.021497386391893
1296	1 26	1 28	1 50	1 52	53.28688064227821
1297	1 26	1 28	1 52	1 54	28.64788152206103
1298	1 26	1 28	1 54	1 56	5.954375008230002
1299	1 26	1 28	1 56	1 58	-73.78993806263045
1300	1 26	1 28	1 58	1 60	32.78198889733048
1301	1 26	1 28	1 60	1 62	22.75664040778276
1302	1 26	1 28	1 62	1 64	9.396706702519598
1303	1 26	1 28	1 64	1 66	-56.74284470509795
1304	1 26	1 28	1 66	1 68	22.19278075007425
1305	1 26	1 28	1 68	1 70	16.110390581926534
1306	1 26	1 28	1 67	1 69	20.03734492107654
1307	1 26	1 28	1 69	1 71	12.470347062954676
1308	1 26	1 28	1 71	1 1	-141.5764960254372
1309	1 26	1 28	1 70	1 72	7.038746246352913
1310	1 26	1 28	1 72	1 2	-98.43279152190233
1311	1 27	1 29	1 28	1 30	191.22785389201525
1312	1 27	1 29	1 30	1 32	-67.71839066085037
1313	1 27	1 29	1 32	1 34	-234.69853558954847
1314	1 27	1 29	1 34	1 36	128.7721868874167
1315	1 27	1 29	1 36	1 38	124.87855966054218
1316	1 27	1 29	1 38	1 40	-26.170525083183264
1317	1 27	1 29	1 40	1 42	-167.0788937984067
1318	1 27	1 29	1 42	1 44	71.65743939343889
1319	1 27	1 29	1 44	1 46	75.85331450908458
1320	1 27	1 29	1 46	1 48	3.3587130203622544
1321	1 27	1 29	1 33	1 35	-8.36646728860154
1322	1 27	1 29	1 35	1 37	235.7780893134733
1323	1 27	1 29	1 37	1 39	-12.03324002782741
1324	1 27	1 29	1 39	1 41	-180.87118698644224
1325	1 27	1 29	1 41	1 43	28.17283247516513
1326	1 27	1 29	1 43	1 45	100.43818383332712
1327	1 27	1 29	1 45	1 47	28.737576179023606
1328	1 27	1 29	1 47	1 49	-128.55393565202058
1329	1 27	1 29	1 49	1 51	24.266872016961322
1330	1 27	1 29	1 48	1 50	-120.79169725191983
1331	1 27	1 29	1 50	1 52	42.629469436160626
1332	1 27	1 29	1 52	1 54	48.100542404105596
1333	1 27	1 29	1 54	1 56	14.448299174887136
1334	1 27	1 29	1 56	1 58	-89.4798958273098
1335	1 27	1 29	1 58	1 60	29.31353399164829
1336	1 27	1 29	1 60	1 62	31.155192680070158
1337	1 27	1 29	1 62	1 64	15.87344328199205
1338	1 27	1 29	1 64	1 66	-67.50559383341196
1339	1 27	1 29	1 66	1 68	21.285126130101993
1340	1 27	1 29	1 51	1 53	55.48085035404876
1341	1 27	1 29	1 53	1 55	31.129871586315687
1342	1 27	1 29	1 55	1 57	-90.7632067011049
1343	1 27	1 29	1 57	1 59	15.847045496475113
1344	1 27	1 29	1 59	1 61	33.84417711150405
1345	1 27	1 29	1 61	1 63	25.54319095017098
1346	1 27	1 29	1 63	1 65	-66.12595108695652
1347	1 27	1 29	1 65	1 67	13.713265123444621
1348	1 27	1 29	1 67	1 69	21.850239934611224
1349	1 27	1 29	1 69	1 71	16.816372674514145
1350	1 27	1 29	1 68	1 70	20.044589468515873
1351	1 27	1 29	1 70	1 72	10.14189083861902
1352	1 27	1 29	1 72	1 2	-106.70733110170671
1353	1 27	1 29	1 71	1 1	-124.49370561557247
1354	1 28	1 30	1 29	1 31	194.50609443314465
1355	1 28	1 30	1 33	1 35	-27.41050867271605
1356	1 28	1 30	1 35	1 37	130.3806479694931
1357	1 28	1 30	1 37	1 39	136.9318923605875
1358	1 28	1 30	1 39	1 41	-218.46326529017335
1359	1 28	1 30	1 41	1 43	2.7704439404873447
1360	1 28	1 30	1 43	1 45	78.58932151678987
1361	1 28	1 30	1 45	1 47	80.33964812988975
1362	1 28	1 30	1 47	1 49	-142.50044840721415
1363	1 28	1 30	1 34	1 36	-5.497618508009067
1364	1 28	1 30	1 36	1 38	244.75379602734944
1365	1 28	1 30	1 40	1 42	-205.601884047262
1366	1 28	1 30	1 42	1 44	29.14894291602599
1367	1 28	1 30	1 44	1 46	107.57284978255026
1368	1 28	1 30	1 46	1 48	33.892032532492095
1369	1 28	1 30	1 48	1 50	-146.9753871032764
1370	1 28	1 30	1 50	1 52	26.780202152634853
1371	1 28	1 30	1 49	1 51	10.733257679551885
1372	1 28	1 30	1 51	1 53	50.357761916003
1373	1 28	1 30	1 53	1 55	53.53834481859463
1374	1 28	1 30	1 55	1 57	-99.16931011415377
1375	1 28	1 30	1 57	1 59	10.384918486260581
1376	1 28	1 30	1 59	1 61	31.876403330583216
1377	1 28	1 30	1 61	1 63	36.24888026118148
1378	1 28	1 30	1 63	1 65	-70.89625172156619
1379	1 28	1 30	1 65	1 67	11.268786752835222
1380	1 28	1 30	1 67	1 69	21.69417400647221
1381	1 28	1 30	1 52	1 54	59.351383823811474
1382	1 28	1 30	1 54	1 56	33.76935454397692
1383	1 28	1 30	1 56	1 58	-105.25588868743964
1384	1 28	1 30	1 58	1 60	23.247803330912653
1385	1 28	1 30	1 60	1 62	36.4793928400218
1386	1 28	1 30	1 62	1 64	26.466666963659907
1387	1 28	1 30	1 64	1 66	-77.6037306222533
1388	1 28	1 30	1 66	1 68	18.989631905141422
1389	1 28	1 30	1 68	1 70	22.634122209511226
1390	1 28	1 30	1 70	1 72	14.190913200589751
1391	1 28	1 30	1 69	1 71	21.160056554217867
1392	1 28	1 30	1 71	1 1	-116.62774918618922
1393	1 28	1 30	1 72	1 2	-111.65978221794441
1394	1 29	1 31	1 30	1 32	269.7045301355256
1395	1 29	1 31	1 32	1 34	-385.0250884839493
1396	1 29	1 31	1 34	1 36	-29.423563724997642
1397	1 29	1 31	1 36	1 38	136.92875080246216
1398	1 29	1 31	1 38	1 40	203.56458675424196
1399	1 29	1 31	1 40	1 42	-289.16052169420294
1400	1 29	1 31	1 42	1 44	3.202139802318492
1401	1 29	1 31	1 44	1 46	88.4282777335734
1402	1 29	1 31	1 46	1 48	109.83607312882557
1403	1 29	1 31	1 48	1 50	-183.9408849329303
1404	1 29	1 31	1 33	1 35	-16.84044887973959
1405	1 29	1 31	1 35	1 37	-12.253317670034011
1406	1 29	1 31	1 37	1 39	297.7951271625046
1407	1 29	1 31	1 41	1 43	-3.896111398981173
1408	1 29	1 31	1 43	1 45	32.44461644341479
1409	1 29	1 31	1 45	1 47	126.36503656578742
1410	1 29	1 31	1 47	1 49	-140.4486486360068
1411	1 29	1 31	1 49	1 51	3.679468894585407
1412	1 29	1 31	1 51	1 53	33.65764551809366
1413	1 29	1 31	1 50	1 52	12.94449709438982
1414	1 29	1 31	1 52	1 54	55.048668842574976
1415	1 29	1 31	1 54	1 56	66.27790509484555
1416	1 29	1 31	1 56	1 58	-122.49480808638083
1417	1 29	1 31	1 58	1 60	16.3369173872772
1418	1 29	1 31	1 60	1 62	36.11799348485797
1419	1 29	1 31	1 62	1 64	40.99089520043081
1420	1 29	1 31	1 64	1 66	-86.01592785807645
1421	1 29	1 31	1 66	1 68	15.627881024517183
1422	1 29	1 31	1 68	1 70	23.161889253815055
1423	1 29	1 31	1 53	1 55	72.86979852691017
1424	1 29	1 31	1 55	1 57	-98.17252232300191
1425	1 29	1 31	1 57	1 59	6.376076248143372
1426	1 29	1 31	1 59	1 61	25.32311104150782
1427	1 29	1 31	1 61	1 63	45.43074464293575
1428	1 29	1 31	1 63	1 65	-71.02746086030717
1429	1 29	1 31	1 65	1 67	8.767279091366724
1430	1 29	1 31	1 67	1 69	19.51330448003481
1431	1 29	1 31	1 69	1 71	24.57282882720181
1432	1 29	1 31	1 71	1 1	-103.6271965701944
1433	1 29	1 31	1 70	1 72	18.665651192478233
1434	1 29	1 31	1 72	1 2	-108.40268383231847
1435	1 30	1 32	1 33	1 35	-9.421455454601922
1436	1 30	1 32	1 35	1 37	-29.331648118631524
1437	1 30	1 32	1 37	1 39	183.43676884838442
1438	1 30	1 32	1 39	1 41	-134.9420070715745
1439	1 30	1 32	1 41	1 43	-3.536744236624619
1440	1 30	1 32	1 43	1 45	7.186242100145843
1441	1 30	1 32	1 45	1 47	101.17689462063578
1442	1 30	1 32	1 47	1 49	-95.72548631824667
1443	1 30	1 32	1 49	1 51	1.2046299003701353
1444	1 30	1 32	1 34	1 36	-17.155262528587812
1445	1 30	1 32	1 36	1 38	-2.1546407229979296
1446	1 30	1 32	1 38	1 40	349.1526764703866
1447	1 30	1 32	1 42	1 44	-2.597128398991909
1448	1 30	1 32	1 44	1 46	40.05699761904762
1449	1 30	1 32	1 46	1 48	153.20528600541314
1450	1 30	1 32	1 48	1 50	-177.71275
1451	1 30	1 32	1 50	1 52	5.600376158228529
1452	1 30	1 32	1 52	1 54	35.53074437535331
1453	1 30	1 32	1 51	1 53	17.913292634719305
1454	1 30	1 32	1 53	1 55	64.33053858617845
1455	1 30	1 32	1 55	1 57	-75.34602936339653
1456	1 30	1 32	1 57	1 59	3.7746582328401277
1457	1 30	1 32	1 59	1 61	16.622679730845867
1458	1 30	1 32	1 61	1 63	40.88662027186061
1459	1 30	1 32	1 63	1 65	-56.92898394077845
1460	1 30	1 32	1 65	1 67	6.0683432882306185
1461	1 30	1 32	1 67	1 69	14.494203927415935
1462	1 30	1 32	1 69	1 71	21.78130007981006
1463	1 30	1 32	1 54	1 56	79.03487277526693
1464	1 30	1 32	1 56	1 58	-111.00529417419015
1465	1 30	1 32	1 58	1 60	10.177992843080474
1466	1 30	1 32	1 60	1 62	27.111668432923505
1467	1 30	1 32	1 62	1 64	43.883265305773634
1468	1 30	1 32	1 64	1 66	-75.58351477469468
1469	1 30	1 32	1 66	1 68	11.065946321646061
1470	1 30	1 32	1 68	1 70	18.652842329849435
1471	1 30	1 32	1 70	1 72	18.408039605227742
1472	1 30	1 32	1 72	1 2	-87.4164192866788
1473	1 30	1 32	1 71	1 1	-79.81885911617935
1474	1 31	1 33	1 32	1 34	763.316850456887
1475	1 31	1 33	1 34	1 36	-278.7328470745427
1476	1 31	1 33	1 36	1 38	-229.3103289552281
1477	1 31	1 33	1 38	1 40	-165.4967960018732
1478	1 31	1 33	1 40	1 42	617.2352223295809
1479	1 31	1 33	1 42	1 44	-214.94507601743143
1480	1 31	1 33	1 44	1 46	-176.2710857969578
1481	1 31	1 33	1 46	1 48	-109.99283302645591
1482	1 31	1 33	1 48	1 50	435.8400377408682
1483	1 31	1 33	1 50	1 52	-143.34720704180188
1484	1 31	1 33	1 37	1 39	-259.61767626613704
1485	1 31	1 33	1 39	1 41	715.2253237988571
1486	1 31	1 33	1 47	1 49	451.03953857301656
1487	1 31	1 33	1 49	1 51	-135.23878851822178
1488	1 31	1 33	1 51	1 53	-139.84198808355222
1489	1 31	1 33	1 52	1 54	-131.9879673142167
1490	1 31	1 33	1 54	1 56	-87.70351926389225
1491	1 31	1 33	1 56	1 58	321.2963085925149
1492	1 31	1 33	1 58	1 60	-102.1380426724737
1493	1 31	1 33	1 60	1 62	-96.43473207382888
1494	1 31	1 33	1 62	1 64	-68.78412042904309
1495	1 31	1 33	1 64	1 66	239.4451274891726
1496	1 31	1 33	1 66	1 68	-74.68644835056645
1497	1 31	1 33	1 68	1 70	-66.06306997529619
1498	1 31	1 33	1 70	1 72	-38.324865133566405
1499	1 31	1 33	1 55	1 57	314.55551174586486
1500	1 31	1 33	1 57	1 59	-70.28340553462874
1501	1 31	1 33	1 59	1 61	-103.36512491904139
1502	1 31	1 33	1 61	1 63	-90.71799443173909
1503	1 31	1 33	1 63	1 65	228.88893805309738
1504	1 31	1 33	1 65	1 67	-52.43212308257358
1505	1 31	1 33	1 67	1 69	-72.02620983009875
1506	1 31	1 33	1 69	1 71	-58.28825893762669
1507	1 31	1 33	1 71	1 1	200.44587363655074
1508	1 31	1 33	1 72	1 2	145.0768688211661
1509	1 32	1 34	1 33	1 35	-102.97579348798416
1510	1 32	1 34	1 35	1 37	-266.6762197432288
1511	1 32	1 34	1 37	1 39	-289.5423970575043
1512	1 32	1 34	1 39	1 41	591.9195298092271
1513	1 32	1 34	1 41	1 43	-91.7982323386241
1514	1 32	1 34	1 43	1 45	-200.50755973484257
1515	1 32	1 34	1 45	1 47	-192.2243708994706
1516	1 32	1 34	1 47	1 49	406.81942720590234
1517	1 32	1 34	1 49	1 51	-66.38068091665345
1518	1 32	1 34	1 51	1 53	-139.78321931273098
1519	1 32	1 34	1 36	1 38	-235.3524968483648
1520	1 32	1 34	1 38	1 40	-330.33223992237475
1521	1 32	1 34	1 40	1 42	730.8144683303947
1522	1 32	1 34	1 42	1 44	-193.8754105384673
1523	1 32	1 34	1 44	1 46	-194.27199139556814
1524	1 32	1 34	1 46	1 48	-185.00008680033568
1525	1 32	1 34	1 48	1 50	472.297630834512
1526	1 32	1 34	1 50	1 52	-110.33679194830157
1527	1 32	1 34	1 52	1 54	-140.01151570781724
1528	1 32	1 34	1 53	1 55	-144.31498377236807
1529	1 32	1 34	1 55	1 57	294.6812826346662
1530	1 32	1 34	1 57	1 59	-43.43008973572709
1531	1 32	1 34	1 59	1 61	-95.29866064270212
1532	1 32	1 34	1 61	1 63	-103.76776021892866
1533	1 32	1 34	1 63	1 65	214.17779920554233
1534	1 32	1 34	1 65	1 67	-39.366602797570756
1535	1 32	1 34	1 67	1 69	-66.2327154569109
1536	1 32	1 34	1 69	1 71	-62.589523110775616
1537	1 32	1 34	1 71	1 1	177.5362216635698
1538	1 32	1 34	1 56	1 58	329.8531746031746
1539	1 32	1 34	1 58	1 60	-81.0238528179741
1540	1 32	1 34	1 60	1 62	-100.07947293712515
1541	1 32	1 34	1 62	1 64	-86.44781600309238
1542	1 32	1 34	1 64	1 66	240.1111276384757
1543	1 32	1 34	1 66	1 68	-62.23001463001463
1544	1 32	1 34	1 68	1 70	-66.32936189509931
1545	1 32	1 34	1 70	1 72	-43.989038856189254
1546	1 32	1 34	1 72	1 2	149.40182717544923
1547	1 33	1 35	1 34	1 36	175.11258959721067
1548	1 33	1 35	1 36	1 38	-60.070873027979815
1549	1 33	1 35	1 38	1 40	-12.17033383472674
1550	1 33	1 35	1 40	1 42	-103.89805284298426
1551	1 33	1 35	1 42	1 44	137.18142110552947
1552	1 33	1 35	1 44	1 46	-26.499143773891994
1553	1 33	1 35	1 46	1 48	-9.270804696276594
1554	1 33	1 35	1 48	1 50	-93.01881640156522
1555	1 33	1 35	1 50	1 52	86.7753807242091
1556	1 33	1 35	1 52	1 54	4.4943956029466605
1557	1 33	1 35	1 37	1 39	-24.95789232138041
1558	1 33	1 35	1 41	1 43	307.93935485348845
1559	1 33	1 35	1 43	1 45	-9.11950349540227
1560	1 33	1 35	1 45	1 47	-16.347042265858192
1561	1 33	1 35	1 47	1 49	-159.110104653953
1562	1 33	1 35	1 49	1 51	125.65681784133668
1563	1 33	1 35	1 51	1 53	30.186842920268962
1564	1 33	1 35	1 55	1 57	-100.32099218427311
1565	1 33	1 35	1 54	1 56	-2.7363156346993227
1566	1 33	1 35	1 56	1 58	-77.55271876572007
1567	1 33	1 35	1 58	1 60	52.37598608584179
1568	1 33	1 35	1 60	1 62	15.907070135343464
1569	1 33	1 35	1 62	1 64	3.653735696527427
1570	1 33	1 35	1 64	1 66	-62.70115438919491
1571	1 33	1 35	1 66	1 68	33.83556299201261
1572	1 33	1 35	1 68	1 70	15.543640047441347
1573	1 33	1 35	1 70	1 72	4.950716663255253
1574	1 33	1 35	1 72	1 2	-64.49269320418186
1575	1 33	1 35	1 57	1 59	51.27897066958671
1576	1 33	1 35	1 59	1 61	33.647241121244775
1577	1 33	1 35	1 61	1 63	7.982513916163781
1578	1 33	1 35	1 63	1 65	-73.16509161597193
1579	1 33	1 35	1 65	1 67	29.28194408764668
1580	1 33	1 35	1 67	1 69	24.61247464868393
1581	1 33	1 35	1 69	1 71	10.249317709148237
1582	1 33	1 35	1 71	1 1	-100.34593187422226
1583	1 34	1 36	1 35	1 37	172.62273101946562
1584	1 34	1 36	1 37	1 39	-61.580620647895856
1585	1 34	1 36	1 39	1 41	-230.1261184810977
1586	1 34	1 36	1 41	1 43	131.66266413334813
1587	1 34	1 36	1 43	1 45	117.45039397160053
1588	1 34	1 36	1 45	1 47	-23.128471412055802
1589	1 34	1 36	1 47	1 49	-163.54688503470024
1590	1 34	1 36	1 49	1 51	73.12532336073212
1591	1 34	1 36	1 51	1 53	72.36566497551965
1592	1 34	1 36	1 53	1 55	7.556762564441016
1593	1 34	1 36	1 38	1 40	-24.581346430103917
1594	1 34	1 36	1 42	1 44	220.9400879793657
1595	1 34	1 36	1 46	1 48	-15.425365333385393
1596	1 34	1 36	1 48	1 50	-132.9482006750871
1597	1 34	1 36	1 50	1 52	96.29815346187992
1598	1 34	1 36	1 52	1 54	31.016481924598615
1599	1 34	1 36	1 56	1 58	-99.393523622208
1600	1 34	1 36	1 55	1 57	-113.33769495431456
1601	1 34	1 36	1 57	1 59	35.994819148533615
1602	1 34	1 36	1 59	1 61	47.253112523646514
1603	1 34	1 36	1 61	1 63	16.831944269051185
1604	1 34	1 36	1 63	1 65	-82.98434900882407
1605	1 34	1 36	1 65	1 67	24.84875177044434
1606	1 34	1 36	1 67	1 69	29.854911976161112
1607	1 34	1 36	1 69	1 71	15.58246503074906
1608	1 34	1 36	1 71	1 1	-88.01083159332188
1609	1 34	1 36	1 58	1 60	53.62111986385206
1610	1 34	1 36	1 60	1 62	29.60962565854231
1611	1 34	1 36	1 62	1 64	7.701779030601749
1612	1 34	1 36	1 64	1 66	-77.7068037512088
1613	1 34	1 36	1 66	1 68	34.41041434922032
1614	1 34	1 36	1 68	1 70	22.07338647399584
1615	1 34	1 36	1 70	1 72	7.950020028584987
1616	1 34	1 36	1 72	1 2	-63.73751991991503
1617	1 35	1 37	1 36	1 38	166.02298574080658
1618	1 35	1 37	1 38	1 40	-66.09710201675719
1619	1 35	1 37	1 40	1 42	-218.21949645264112
1620	1 35	1 37	1 42	1 44	116.9604166469937
1621	1 35	1 37	1 44	1 46	121.89495878678689
1622	1 35	1 37	1 46	1 48	-27.700579387053082
1623	1 35	1 37	1 48	1 50	-161.97815891705716
1624	1 35	1 37	1 50	1 52	66.43467712049579
1625	1 35	1 37	1 52	1 54	77.03889618864001
1626	1 35	1 37	1 54	1 56	5.008429325052791
1627	1 35	1 37	1 41	1 43	-11.394280515443644
1628	1 35	1 37	1 47	1 49	-175.73314543730763
1629	1 35	1 37	1 49	1 51	21.872306709348813
1630	1 35	1 37	1 51	1 53	99.31518152984893
1631	1 35	1 37	1 53	1 55	33.306574257729395
1632	1 35	1 37	1 55	1 57	-128.4073066247022
1633	1 35	1 37	1 57	1 59	19.812282141619416
1634	1 35	1 37	1 56	1 58	-122.85241578722825
1635	1 35	1 37	1 58	1 60	44.34052189811352
1636	1 35	1 37	1 60	1 62	47.45447696950434
1637	1 35	1 37	1 62	1 64	16.160625795963377
1638	1 35	1 37	1 64	1 66	-93.37325871816576
1639	1 35	1 37	1 66	1 68	31.46509554346848
1640	1 35	1 37	1 68	1 70	29.427778361956747
1641	1 35	1 37	1 70	1 72	12.687777603347296
1642	1 35	1 37	1 72	1 2	-77.1575979726165
1643	1 35	1 37	1 59	1 61	54.40980371183132
1644	1 35	1 37	1 61	1 63	32.93018375086247
1645	1 35	1 37	1 63	1 65	-93.02606421714665
1646	1 35	1 37	1 65	1 67	19.13230320965691
1647	1 35	1 37	1 67	1 69	32.93906060848771
1648	1 35	1 37	1 69	1 71	23.105679969673197
1649	1 35	1 37	1 71	1 1	-90.45874360099458
1650	1 36	1 38	1 37	1 39	177.79892741061755
1651	1 36	1 38	1 39	1 41	-268.34747846992116
1652	1 36	1 38	1 41	1 43	-26.840095757399823
1653	1 36	1 38	1 43	1 45	124.88844972401584
1654	1 36	1 38	1 45	1 47	124.54075444442174
1655	1 36	1 38	1 47	1 49	-204.06427137276728
1656	1 36	1 38	1 49	1 51	1.2395012311505766
1657	1 36	1 38	1 51	1 53	78.61003084923573
1658	1 36	1 38	1 53	1 55	80.07408757099448
1659	1 36	1 38	1 55	1 57	-142.3188465000634
1660	1 36	1 38	1 44	1 46	231.2499629541264
1661	1 36	1 38	1 46	1 48	-13.671739295089235
1662	1 36	1 38	1 48	1 50	-186.7808572910492
1663	1 36	1 38	1 50	1 52	26.76560315170719
1664	1 36	1 38	1 52	1 54	103.260897833598
1665	1 36	1 38	1 54	1 56	30.897556492845332
1666	1 36	1 38	1 56	1 58	-141.18412039781336
1667	1 36	1 38	1 58	1 60	29.330349769935502
1668	1 36	1 38	1 57	1 59	9.864512388602899
1669	1 36	1 38	1 59	1 61	46.89970016210104
1670	1 36	1 38	1 61	1 63	52.663430586063974
1671	1 36	1 38	1 63	1 65	-99.18244424929972
1672	1 36	1 38	1 65	1 67	13.950951378198223
1673	1 36	1 38	1 67	1 69	30.88505069477432
1674	1 36	1 38	1 69	1 71	30.14977603148442
1675	1 36	1 38	1 71	1 1	-102.00501210934267
1676	1 36	1 38	1 60	1 62	57.01947114193554
1677	1 36	1 38	1 62	1 64	32.107216201572015
1678	1 36	1 38	1 64	1 66	-104.95358245164769
1679	1 36	1 38	1 66	1 68	25.351611544828742
1680	1 36	1 38	1 68	1 70	33.06405224226846
1681	1 36	1 38	1 70	1 72	18.825694934780184
1682	1 36	1 38	1 72	1 2	-98.56893703705866
1683	1 37	1 39	1 38	1 40	233.07619847192734
1684	1 37	1 39	1 40	1 42	-333.8287338363583
1685	1 37	1 39	1 42	1 44	-25.22209803498896
1686	1 37	1 39	1 44	1 46	137.92890714263984
1687	1 37	1 39	1 46	1 48	151.14096767046644
1688	1 37	1 39	1 48	1 50	-244.27473530051023
1689	1 37	1 39	1 50	1 52	3.7703001266442584
1690	1 37	1 39	1 52	1 54	79.39509924081065
1691	1 37	1 39	1 54	1 56	93.08586203433573
1692	1 37	1 39	1 56	1 58	-162.79329950852951
1693	1 37	1 39	1 41	1 43	-16.79851548658543
1694	1 37	1 39	1 43	1 45	0.4441295855111737
1695	1 37	1 39	1 45	1 47	251.18660368021241
1696	1 37	1 39	1 47	1 49	-221.41736175337428
1697	1 37	1 39	1 49	1 51	-3.627873509611764
1698	1 37	1 39	1 51	1 53	34.783481884095856
1699	1 37	1 39	1 53	1 55	119.29654686694562
1700	1 37	1 39	1 55	1 57	-137.87090058029383
1701	1 37	1 39	1 57	1 59	4.367592559295298
1702	1 37	1 39	1 59	1 61	30.12159333468859
1703	1 37	1 39	1 58	1 60	15.855527525580882
1704	1 37	1 39	1 60	1 62	50.903482171958544
1705	1 37	1 39	1 62	1 64	58.614430133064204
1706	1 37	1 39	1 64	1 66	-115.39210173452031
1707	1 37	1 39	1 66	1 68	18.068341884813012
1708	1 37	1 39	1 68	1 70	31.55552352555602
1709	1 37	1 39	1 70	1 72	26.331471368189888
1710	1 37	1 39	1 72	1 2	-97.29349470380939
1711	1 37	1 39	1 61	1 63	67.69554801569615
1712	1 37	1 39	1 63	1 65	-93.87764698252101
1713	1 37	1 39	1 65	1 67	9.397274221313866
1714	1 37	1 39	1 67	1 69	24.66403696185107
1715	1 37	1 39	1 69	1 71	34.71454305714023
1716	1 37	1 39	1 71	1 1	-92.5781173728429
1717	1 38	1 40	1 39	1 41	-149.60651421836985
1718	1 38	1 40	1 41	1 43	-9.978841507680473
1719	1 38	1 40	1 43	1 45	-27.98349541544615
1720	1 38	1 40	1 45	1 47	149.70681077144815
1721	1 38	1 40	1 47	1 49	-105.17346192235814
1722	1 38	1 40	1 49	1 51	-4.033186924922427
1723	1 38	1 40	1 51	1 53	4.566767501402918
1724	1 38	1 40	1 53	1 55	94.45017336897567
1725	1 38	1 40	1 55	1 57	-88.40572459795322
1726	1 38	1 40	1 57	1 59	1.227916126449624
1727	1 38	1 40	1 42	1 44	-17.4195250342812
1728	1 38	1 40	1 44	1 46	-5.356813650080735
1729	1 38	1 40	1 46	1 48	308.07420546517943
1730	1 38	1 40	1 48	1 50	-274.022218269778
1731	1 38	1 40	1 50	1 52	-4.0268053872867124
1732	1 38	1 40	1 52	1 54	30.56686666883303
1733	1 38	1 40	1 54	1 56	137.90091297080806
1734	1 38	1 40	1 56	1 58	-155.26127764075972
1735	1 38	1 40	1 58	1 60	6.120750590283843
1736	1 38	1 40	1 60	1 62	30.457960269992718
1737	1 38	1 40	1 59	1 61	13.127666705077022
1738	1 38	1 40	1 61	1 63	58.38589939140168
1739	1 38	1 40	1 63	1 65	-68.30775452800721
1740	1 38	1 40	1 65	1 67	5.110671839950214
1741	1 38	1 40	1 67	1 69	15.228501574129337
1742	1 38	1 40	1 69	1 71	30.16675737157992
1743	1 38	1 40	1 71	1 1	-59.72366372255085
1744	1 38	1 40	1 62	1 64	70.88429935886987
1745	1 38	1 40	1 64	1 66	-100.20987060665965
1746	1 38	1 40	1 66	1 68	10.22988713197828
1747	1 38	1 40	1 68	1 70	22.742998809086025
1748	1 38	1 40	1 70	1 72	27.66153666175126
1749	1 38	1 40	1 72	1 2	-68.06422245087198
1750	1 39	1 41	1 40	1 42	686.5461549077108
1751	1 39	1 41	1 42	1 44	-258.5147952367122
1752	1 39	1 41	1 44	1 46	-230.95191902551045
1753	1 39	1 41	1 46	1 48	-111.77336651183367
1754	1 39	1 41	1 48	1 50	552.469897084048
1755	1 39	1 41	1 50	1 52	-200.2439393939394
1756	1 39	1 41	1 52	1 54	-169.36271142460646
1757	1 39	1 41	1 54	1 56	-98.17369784577838
1758	1 39	1 41	1 56	1 58	413.1758007566204
1759	1 39	1 41	1 58	1 60	-141.0226045798297
1760	1 39	1 41	1 43	1 45	-208.63024477516694
1761	1 39	1 41	1 45	1 47	-227.92944275263397
1762	1 39	1 41	1 49	1 51	-220.42108353825103
1763	1 39	1 41	1 51	1 53	-181.07632790135096
1764	1 39	1 41	1 53	1 55	-154.48671925214927
1765	1 39	1 41	1 55	1 57	425.07858679126343
1766	1 39	1 41	1 57	1 59	-103.76435904723081
1767	1 39	1 41	1 59	1 61	-136.91086727870115
1768	1 39	1 41	1 61	1 63	-115.09879294063614
1769	1 39	1 41	1 60	1 62	-126.33884102305046
1770	1 39	1 41	1 62	1 64	-83.24175296693662
1771	1 39	1 41	1 64	1 66	312.795464952448
1772	1 39	1 41	1 66	1 68	-103.40065247252747
1773	1 39	1 41	1 68	1 70	-86.9431975043735
1774	1 39	1 41	1 70	1 72	-48.39372829611297
1775	1 39	1 41	1 72	1 2	126.94609736450761
1776	1 39	1 41	1 63	1 65	302.5022831050228
1777	1 39	1 41	1 65	1 67	-74.37611917427196
1778	1 39	1 41	1 67	1 69	-96.81994254914983
1779	1 39	1 41	1 69	1 71	-75.2020918546697
1780	1 39	1 41	1 71	1 1	152.11550210612015
1781	1 40	1 42	1 41	1 43	-99.70082652632311
1782	1 40	1 42	1 43	1 45	-245.7585175706692
1783	1 40	1 42	1 45	1 47	-250.47308997175077
1784	1 40	1 42	1 47	1 49	540.5944481424672
1785	1 40	1 42	1 49	1 51	-82.88786595634451
1786	1 40	1 42	1 51	1 53	-195.8657505112604
1787	1 40	1 42	1 53	1 55	-190.0872943941658
1788	1 40	1 42	1 55	1 57	396.8532154518789
1789	1 40	1 42	1 57	1 59	-56.05512638887745
1790	1 40	1 42	1 59	1 61	-132.93636272814496
1791	1 40	1 42	1 46	1 48	-272.7310658145085
1792	1 40	1 42	1 48	1 50	658.6338885868862
1793	1 40	1 42	1 50	1 52	-180.93424123031758
1794	1 40	1 42	1 52	1 54	-179.99165993288182
1795	1 40	1 42	1 56	1 58	444.2709232750133
1796	1 40	1 42	1 58	1 60	-114.22108819777684
1797	1 40	1 42	1 61	1 63	-138.9807562279135
1798	1 40	1 42	1 63	1 65	290.8419715709301
1799	1 40	1 42	1 65	1 67	-52.74987304961442
1800	1 40	1 42	1 67	1 69	-91.29973321378303
1801	1 40	1 42	1 69	1 71	-85.39190112959724
1802	1 40	1 42	1 71	1 1	136.00390064483264
1803	1 40	1 42	1 64	1 66	320.8395479658463
1804	1 40	1 42	1 66	1 68	-85.43631605655202
1805	1 40	1 42	1 68	1 70	-89.47688951868422
1806	1 40	1 42	1 70	1 72	-59.14602180789808
1807	1 40	1 42	1 72	1 2	124.09009191530616
1808	1 41	1 43	1 42	1 44	167.14653831751997
1809	1 41	1 43	1 44	1 46	-55.96859782271317
1810	1 41	1 43	1 46	1 48	-11.737523974445654
1811	1 41	1 43	1 48	1 50	-102.20676813972013
1812	1 41	1 43	1 50	1 52	131.64335409751476
1813	1 41	1 43	1 52	1 54	-22.627421098546627
1814	1 41	1 43	1 54	1 56	-7.791813868099059
1815	1 41	1 43	1 56	1 58	-91.56705947837528
1816	1 41	1 43	1 58	1 60	79.12135344327987
1817	1 41	1 43	1 60	1 62	8.601822016030376
1818	1 41	1 43	1 45	1 47	-23.72041282752654
1819	1 41	1 43	1 49	1 51	253.18744087245506
1820	1 41	1 43	1 53	1 55	-12.930517254540806
1821	1 41	1 43	1 55	1 57	-134.38202502198644
1822	1 41	1 43	1 57	1 59	91.47167898418351
1823	1 41	1 43	1 59	1 61	36.363925035867524
1824	1 41	1 43	1 63	1 65	-94.99606298491162
1825	1 41	1 43	1 64	1 66	-76.81533208194476
1826	1 41	1 43	1 66	1 68	50.026582400447204
1827	1 41	1 43	1 68	1 70	15.965704464185297
1828	1 41	1 43	1 70	1 72	3.7888760600794944
1829	1 41	1 43	1 72	1 2	-50.12823459766807
1830	1 41	1 43	1 65	1 67	47.654019747892136
1831	1 41	1 43	1 67	1 69	31.249190092421383
1832	1 41	1 43	1 69	1 71	9.13643740512455
1833	1 41	1 43	1 71	1 1	-68.31203218367799
1834	1 42	1 44	1 43	1 45	157.69953394517978
1835	1 42	1 44	1 45	1 47	-59.13308656785688
1836	1 42	1 44	1 47	1 49	-217.74899877444128
1837	1 42	1 44	1 49	1 51	118.97637224995057
1838	1 42	1 44	1 51	1 53	115.89098587972781
1839	1 42	1 44	1 53	1 55	-20.768770756587443
1840	1 42	1 44	1 55	1 57	-154.9715458930916
1841	1 42	1 44	1 57	1 59	59.134105512961725
1842	1 42	1 44	1 59	1 61	75.80244855991414
1843	1 42	1 44	1 61	1 63	8.238091991877953
1844	1 42	1 44	1 46	1 48	-23.890722322365043
1845	1 42	1 44	1 50	1 52	211.8412847664718
1846	1 42	1 44	1 54	1 56	-14.75934595009376
1847	1 42	1 44	1 56	1 58	-134.31616129797803
1848	1 42	1 44	1 58	1 60	96.99845087364497
1849	1 42	1 44	1 60	1 62	30.736588411862996
1850	1 42	1 44	1 64	1 66	-100.78718739744009
1851	1 42	1 44	1 63	1 65	-116.05339509709117
1852	1 42	1 44	1 65	1 67	39.92482037840216
1853	1 42	1 44	1 67	1 69	45.48714705169523
1854	1 42	1 44	1 69	1 71	16.82207580178962
1855	1 42	1 44	1 71	1 1	-72.30631313969712
1856	1 42	1 44	1 66	1 68	56.382942762900406
1857	1 42	1 44	1 68	1 70	28.323192612115974
1858	1 42	1 44	1 70	1 72	6.991346916319185
1859	1 42	1 44	1 72	1 2	-58.19495027003535
1860	1 43	1 45	1 44	1 46	154.30203971433775
1861	1 43	1 45	1 46	1 48	-60.619223540387935
1862	1 43	1 45	1 50	1 52	105.4638147111086
1863	1 43	1 45	1 52	1 54	119.81670245900932
1864	1 43	1 45	1 54	1 56	-25.73055907781056
1865	1 43	1 45	1 56	1 58	-159.54051485702763
1866	1 43	1 45	1 58	1 60	68.92113553281379
1867	1 43	1 45	1 60	1 62	71.29073159770932
1868	1 43	1 45	1 62	1 64	6.808767058319564
1869	1 43	1 45	1 49	1 51	-9.92661863283558
1870	1 43	1 45	1 51	1 53	208.69098809423178
1871	1 43	1 45	1 55	1 57	-169.9614123401113
1872	1 43	1 45	1 57	1 59	20.174611556237778
1873	1 43	1 45	1 59	1 61	93.59660473271444
1874	1 43	1 45	1 61	1 63	33.16610594048207
1875	1 43	1 45	1 63	1 65	-128.4341802782819
1876	1 43	1 45	1 65	1 67	25.772591527684337
1877	1 43	1 45	1 64	1 66	-124.0583949594284
1878	1 43	1 45	1 66	1 68	47.020279128383166
1879	1 43	1 45	1 68	1 70	42.57134489017442
1880	1 43	1 45	1 70	1 72	13.241438143267608
1881	1 43	1 45	1 72	1 2	-78.94865733816658
1882	1 43	1 45	1 67	1 69	50.727651008939254
1883	1 43	1 45	1 69	1 71	29.16832764314422
1884	1 43	1 45	1 71	1 1	-87.4030284951416
1885	1 44	1 46	1 45	1 47	179.02204449818214
1886	1 44	1 46	1 47	1 49	-264.89107947667037
1887	1 44	1 46	1 49	1 51	-25.3109920289831
1888	1 44	1 46	1 51	1 53	119.33722231878465
1889	1 44	1 46	1 53	1 55	126.98547923572708
1890	1 44	1 46	1 55	1 57	-203.49979617626678
1891	1 44	1 46	1 57	1 59	2.639003994482805
1892	1 44	1 46	1 59	1 61	68.71697298148624
1893	1 44	1 46	1 61	1 63	81.66861855524334
1894	1 44	1 46	1 63	1 65	-141.66463418682366
1895	1 44	1 46	1 52	1 54	217.05703426860805
1896	1 44	1 46	1 54	1 56	1.1368711000778617
1897	1 44	1 46	1 56	1 58	-186.98095998297148
1898	1 44	1 46	1 58	1 60	29.120959229543644
1899	1 44	1 46	1 60	1 62	97.96067573409348
1900	1 44	1 46	1 62	1 64	34.80715148470402
1901	1 44	1 46	1 64	1 66	-144.11573145245558
1902	1 44	1 46	1 66	1 68	31.42915738317918
1903	1 44	1 46	1 65	1 67	14.783516022888701
1904	1 44	1 46	1 67	1 69	44.04233633858974
1905	1 44	1 46	1 69	1 71	45.3613757981366
1906	1 44	1 46	1 71	1 1	-92.53527591888893
1907	1 44	1 46	1 68	1 70	50.83353252830278
1908	1 44	1 46	1 70	1 72	25.20304001870948
1909	1 44	1 46	1 72	1 2	-91.35627259363704
1910	1 45	1 47	1 46	1 48	184.84755914366292
1911	1 45	1 47	1 50	1 52	-24.348807880213048
1912	1 45	1 47	1 52	1 54	121.87388525869811
1913	1 45	1 47	1 54	1 56	148.98727584161549
1914	1 45	1 47	1 56	1 58	-232.1094083128965
1915	1 45	1 47	1 58	1 60	7.293234638303912
1916	1 45	1 47	1 60	1 62	76.12993977465284
1917	1 45	1 47	1 62	1 64	92.35899232902987
1918	1 45	1 47	1 64	1 66	-164.3678866141787
1919	1 45	1 47	1 49	1 51	-14.666381081329517
1920	1 45	1 47	1 51	1 53	2.539303638830214
1921	1 45	1 47	1 53	1 55	249.28986741183888
1922	1 45	1 47	1 55	1 57	-225.82847102345505
1923	1 45	1 47	1 57	1 59	-1.1102974098775453
1924	1 45	1 47	1 59	1 61	28.007533354886725
1925	1 45	1 47	1 61	1 63	116.15079136021518
1926	1 45	1 47	1 63	1 65	-134.22321625280648
1927	1 45	1 47	1 65	1 67	8.17523791740619
1928	1 45	1 47	1 67	1 69	29.802308855631203
1929	1 45	1 47	1 66	1 68	18.134084338021545
1930	1 45	1 47	1 68	1 70	45.199580250996036
1931	1 45	1 47	1 70	1 72	40.36906259329659
1932	1 45	1 47	1 72	1 2	-97.65601479758374
1933	1 45	1 47	1 69	1 71	53.44346768988939
1934	1 45	1 47	1 71	1 1	-88.64338423114037
1935	1 46	1 48	1 47	1 49	-107.73002608215309
1936	1 46	1 48	1 49	1 51	-7.877234741311294
1937	1 46	1 48	1 51	1 53	-24.26105263338121
1938	1 46	1 48	1 53	1 55	152.7667402229655
1939	1 46	1 48	1 55	1 57	-114.0775300977815
1940	1 46	1 48	1 57	1 59	-1.320585388867611
1941	1 46	1 48	1 59	1 61	4.773520025959879
1942	1 46	1 48	1 61	1 63	95.72530873219966
1943	1 46	1 48	1 63	1 65	-94.6360389990527
1944	1 46	1 48	1 65	1 67	4.371064528578108
1945	1 46	1 48	1 50	1 52	-14.97269953835159
1946	1 46	1 48	1 54	1 56	296.67480849438056
1947	1 46	1 48	1 56	1 58	-267.7347080867362
1948	1 46	1 48	1 60	1 62	32.0277677455417
1949	1 46	1 48	1 62	1 64	136.62083329868653
1950	1 46	1 48	1 64	1 66	-160.25784469203847
1951	1 46	1 48	1 66	1 68	9.574256244457185
1952	1 46	1 48	1 68	1 70	30.564523086108565
1953	1 46	1 48	1 67	1 69	16.703317191028354
1954	1 46	1 48	1 69	1 71	47.92885849810591
1955	1 46	1 48	1 71	1 1	-67.23616409708887
1956	1 46	1 48	1 70	1 72	48.96671965520244
1957	1 46	1 48	1 72	1 2	-85.69083072799633
1958	1 47	1 49	1 48	1 50	634.2067753001716
1959	1 47	1 49	1 50	1 52	-249.43739864849658
1960	1 47	1 49	1 52	1 54	-218.2246456458874
1961	1 47	1 49	1 56	1 58	537.4537862629577
1962	1 47	1 49	1 58	1 60	-196.48233212600016
1963	1 47	1 49	1 60	1 62	-164.61598572503084
1964	1 47	1 49	1 64	1 66	411.1347141052372
1965	1 47	1 49	1 51	1 53	-215.0447657127296
1966	1 47	1 49	1 53	1 55	-235.67802563593003
1967	1 47	1 49	1 55	1 57	603.7587126600284
1968	1 47	1 49	1 57	1 59	-165.0990775005922
1969	1 47	1 49	1 59	1 61	-179.31236573364714
1970	1 47	1 49	1 61	1 63	-155.91914953932053
1971	1 47	1 49	1 63	1 65	414.48995080606926
1972	1 47	1 49	1 65	1 67	-107.34704288730623
1973	1 47	1 49	1 67	1 69	-130.22465721076208
1974	1 47	1 49	1 69	1 71	-99.08749206993465
1975	1 47	1 49	1 68	1 70	-115.72309951692742
1976	1 47	1 49	1 70	1 72	-61.75660879544844
1977	1 47	1 49	1 72	1 2	136.30622155305196
1978	1 47	1 49	1 71	1 1	142.94006760651445
1979	1 48	1 50	1 49	1 51	-100.8575624495647
1980	1 48	1 50	1 51	1 53	-239.38341835156945
1981	1 48	1 50	1 53	1 55	-258.78787078436517
1982	1 48	1 50	1 55	1 57	538.9273241069488
1983	1 48	1 50	1 57	1 59	-71.97892481114583
1984	1 48	1 50	1 59	1 61	-189.09758066357057
1985	1 48	1 50	1 61	1 63	-193.53921371197225
1986	1 48	1 50	1 63	1 65	405.6203404458482
1987	1 48	1 50	1 65	1 67	-71.4367071373214
1988	1 48	1 50	1 67	1 69	-129.64660858692602
1989	1 48	1 50	1 52	1 54	-215.91361608897682
1990	1 48	1 50	1 54	1 56	-278.56862767154104
1991	1 48	1 50	1 56	1 58	658.7667113419333
1992	1 48	1 50	1 58	1 60	-179.96055100173982
1993	1 48	1 50	1 60	1 62	-177.46084014912395
1994	1 48	1 50	1 62	1 64	-175.0856680605764
1995	1 48	1 50	1 64	1 66	459.62644953471727
1996	1 48	1 50	1 66	1 68	-123.44896021285281
1997	1 48	1 50	1 68	1 70	-124.4154553087204
1998	1 48	1 50	1 70	1 72	-85.62525077483664
1999	1 48	1 50	1 69	1 71	-120.47728530805941
2000	1 48	1 50	1 71	1 1	142.88134543674778
2001	1 48	1 50	1 72	1 2	150.97905960908793
2002	1 49	1 51	1 50	1 52	162.06453308097582
2003	1 49	1 51	1 52	1 54	-50.673314681400456
2004	1 49	1 51	1 54	1 56	-8.976860402744535
2005	1 49	1 51	1 56	1 58	-97.4223371420092
2006	1 49	1 51	1 58	1 60	114.90880983282028
2007	1 49	1 51	1 60	1 62	-14.03723757350624
2008	1 49	1 51	1 62	1 64	-3.9834895518682103
2009	1 49	1 51	1 64	1 66	-85.54048091043657
2010	1 49	1 51	1 66	1 68	72.04262980390573
2011	1 49	1 51	1 68	1 70	9.331582789427227
2012	1 49	1 51	1 53	1 55	-18.95665976414432
2013	1 49	1 51	1 57	1 59	185.10216625190114
2014	1 49	1 51	1 59	1 61	7.755759726827254
2015	1 49	1 51	1 61	1 63	-8.861657068794699
2016	1 49	1 51	1 63	1 65	-119.81203366411255
2017	1 49	1 51	1 65	1 67	80.92423955417927
2018	1 49	1 51	1 67	1 69	31.803076256615714
2019	1 49	1 51	1 69	1 71	3.974483608601523
2020	1 49	1 51	1 71	1 1	-51.413523550627694
2021	1 49	1 51	1 72	1 2	-41.61203589703983
2022	1 50	1 52	1 51	1 53	151.02319215569247
2023	1 50	1 52	1 53	1 55	-55.51466329578595
2024	1 50	1 52	1 55	1 57	-202.7325586183421
2025	1 50	1 52	1 57	1 59	99.5054871932541
2026	1 50	1 52	1 59	1 61	121.76959293009715
2027	1 50	1 52	1 61	1 63	-20.877951019633457
2028	1 50	1 52	1 63	1 65	-158.66566660235384
2029	1 50	1 52	1 65	1 67	67.18581517962633
2030	1 50	1 52	1 67	1 69	70.87728998050375
2031	1 50	1 52	1 69	1 71	10.68274238216339
2032	1 50	1 52	1 54	1 56	-21.89376494577953
2033	1 50	1 52	1 60	1 62	-2.7574356093150625
2034	1 50	1 52	1 62	1 64	-10.50989064739955
2035	1 50	1 52	1 64	1 66	-136.85347557344394
2036	1 50	1 52	1 66	1 68	99.9105338990851
2037	1 50	1 52	1 68	1 70	29.10833903474596
2038	1 50	1 52	1 72	1 2	-61.01522255460985
2039	1 50	1 52	1 71	1 1	-70.65239912758997
2040	1 51	1 53	1 52	1 54	161.0571962387072
2041	1 51	1 53	1 54	1 56	-64.07841647276982
2042	1 51	1 53	1 56	1 58	-207.72770651856925
2043	1 51	1 53	1 58	1 60	118.80435472526719
2044	1 51	1 53	1 60	1 62	111.83355942245922
2045	1 51	1 53	1 62	1 64	-25.252538424995294
2046	1 51	1 53	1 64	1 66	-167.32381422631553
2047	1 51	1 53	1 66	1 68	78.07096628947022
2048	1 51	1 53	1 68	1 70	66.41190555951262
2049	1 51	1 53	1 70	1 72	7.3996131476716105
2050	1 51	1 53	1 59	1 61	210.35499766600537
2051	1 51	1 53	1 63	1 65	-179.45255475162406
2052	1 51	1 53	1 65	1 67	33.20074401653493
2053	1 51	1 53	1 67	1 69	91.57357619420205
2054	1 51	1 53	1 69	1 71	31.965777071760442
2055	1 51	1 53	1 71	1 1	-100.84193918845017
2056	1 51	1 53	1 72	1 2	-92.47171561362651
2057	1 52	1 54	1 53	1 55	152.10985414931156
2058	1 52	1 54	1 57	1 59	-18.713003195313096
2059	1 52	1 54	1 59	1 61	107.40765910606007
2060	1 52	1 54	1 61	1 63	127.15916228921768
2061	1 52	1 54	1 65	1 67	10.517490049884266
2062	1 52	1 54	1 67	1 69	67.18582519836815
2063	1 52	1 54	1 69	1 71	70.81283224063279
2064	1 52	1 54	1 71	1 1	-106.71481141495151
2065	1 52	1 54	1 56	1 58	-207.93590770931195
2066	1 52	1 54	1 58	1 60	-0.266871692493189
2067	1 52	1 54	1 60	1 62	218.33554488437875
2068	1 52	1 54	1 64	1 66	-188.14607651622651
2069	1 52	1 54	1 66	1 68	34.27878552886668
2070	1 52	1 54	1 68	1 70	89.24464691418319
2071	1 52	1 54	1 70	1 72	27.122400809140352
2072	1 52	1 54	1 72	1 2	-104.06278471369654
2073	1 53	1 55	1 54	1 56	214.4389126566399
2074	1 53	1 55	1 56	1 58	-301.48081537427925
2075	1 53	1 55	1 58	1 60	-22.172235216724786
2076	1 53	1 55	1 60	1 62	115.43816003492813
2077	1 53	1 55	1 62	1 64	158.5811156384178
2078	1 53	1 55	1 64	1 66	-240.24044216317148
2079	1 53	1 55	1 66	1 68	8.632078059485089
2080	1 53	1 55	1 68	1 70	66.6611373924417
2081	1 53	1 55	1 70	1 72	67.32943123585417
2082	1 53	1 55	1 72	1 2	-105.87599824091978
2083	1 53	1 55	1 57	1 59	-10.053626179047495
2084	1 53	1 55	1 59	1 61	-16.948320207942587
2085	1 53	1 55	1 61	1 63	251.20283155580103
2086	1 53	1 55	1 63	1 65	-216.66760444734982
2087	1 53	1 55	1 65	1 67	2.2163655739790737
2088	1 53	1 55	1 67	1 69	27.613932097376114
2089	1 53	1 55	1 69	1 71	92.32178573240037
2090	1 53	1 55	1 71	1 1	-90.29830655661618
2091	1 54	1 56	1 55	1 57	-137.6551435323857
2092	1 54	1 56	1 57	1 59	-4.691936399737023
2093	1 54	1 56	1 59	1 61	-24.399523675178504
2094	1 54	1 56	1 61	1 63	153.6365717271696
2095	1 54	1 56	1 63	1 65	-120.16470811979501
2096	1 54	1 56	1 67	1 69	9.78052889823115
2097	1 54	1 56	1 69	1 71	74.74264559657655
2098	1 54	1 56	1 71	1 1	-67.09951112948033
2099	1 54	1 56	1 58	1 60	-11.20690106235453
2100	1 54	1 56	1 62	1 64	304.2545303165772
2101	1 54	1 56	1 64	1 66	-275.4943329653211
2102	1 54	1 56	1 66	1 68	3.2492680820824233
2103	1 54	1 56	1 68	1 70	32.4290185572368
2104	1 54	1 56	1 70	1 72	92.41240289301174
2105	1 54	1 56	1 72	1 2	-107.20451343276703
2106	1 55	1 57	1 56	1 58	659.1116804407714
2107	1 55	1 57	1 58	1 60	-248.426868584791
2108	1 55	1 57	1 60	1 62	-220.12913419655695
2109	1 55	1 57	1 62	1 64	-132.43840857248912
2110	1 55	1 57	1 64	1 66	568.5798433962202
2111	1 55	1 57	1 66	1 68	-210.43787665942995
2112	1 55	1 57	1 68	1 70	-155.86117793344053
2113	1 55	1 57	1 70	1 72	-80.25351001565198
2114	1 55	1 57	1 72	1 2	168.11005799388414
2115	1 55	1 57	1 59	1 61	-213.66988890365243
2116	1 55	1 57	1 61	1 63	-240.60650342737068
2117	1 55	1 57	1 67	1 69	-176.03572971628012
2118	1 55	1 57	1 69	1 71	-137.31881088907494
2119	1 55	1 57	1 71	1 1	164.01389789287538
2120	1 56	1 58	1 57	1 59	-99.55092913448482
2121	1 56	1 58	1 59	1 61	-234.01469457532994
2122	1 56	1 58	1 61	1 63	-264.1444627989274
2123	1 56	1 58	1 63	1 65	554.3512898441136
2124	1 56	1 58	1 65	1 67	-101.22871178910117
2125	1 56	1 58	1 67	1 69	-181.74626384809204
2126	1 56	1 58	1 69	1 71	-166.0958443961979
2127	1 56	1 58	1 71	1 1	178.93932085104973
2128	1 56	1 58	1 60	1 62	-214.38092576177434
2129	1 56	1 58	1 62	1 64	-284.6336192665808
2130	1 56	1 58	1 66	1 68	-192.3691132100223
2131	1 56	1 58	1 68	1 70	-166.24526732029133
2132	1 56	1 58	1 70	1 72	-125.88743714585914
2133	1 56	1 58	1 72	1 2	209.48707002496735
2134	1 57	1 59	1 58	1 60	144.81115857322527
2135	1 57	1 59	1 60	1 62	-38.0294919262318
2136	1 57	1 59	1 62	1 64	-5.285735656875335
2137	1 57	1 59	1 64	1 66	-98.02389643989191
2138	1 57	1 59	1 66	1 68	113.91430580619596
2139	1 57	1 59	1 68	1 70	-10.213941489795115
2140	1 57	1 59	1 70	1 72	-2.30385674417371
2141	1 57	1 59	1 72	1 2	-41.01568304527866
2142	1 57	1 59	1 61	1 63	-13.669802147659457
2143	1 57	1 59	1 65	1 67	182.81928509717983
2144	1 57	1 59	1 69	1 71	-4.676747680010109
2145	1 57	1 59	1 71	1 1	-46.44846982628584
2146	1 58	1 60	1 59	1 61	166.66823762857874
2147	1 58	1 60	1 61	1 63	-54.23748597975336
2148	1 58	1 60	1 65	1 67	122.66146742000967
2149	1 58	1 60	1 67	1 69	114.59436513236966
2150	1 58	1 60	1 69	1 71	-14.040573792877087
2151	1 58	1 60	1 71	1 1	-92.13896075320906
2152	1 58	1 60	1 62	1 64	-16.61142759673149
2153	1 58	1 60	1 70	1 72	-7.512927388850436
2154	1 58	1 60	1 72	1 2	-83.71782015622752
2155	1 59	1 61	1 60	1 62	124.70669437922277
2156	1 59	1 61	1 62	1 64	-49.46332188849615
2157	1 59	1 61	1 64	1 66	-211.13328167649908
2158	1 59	1 61	1 66	1 68	128.69645746758493
2159	1 59	1 61	1 68	1 70	99.82728319366784
2160	1 59	1 61	1 70	1 72	-12.954541250343013
2161	1 59	1 61	1 72	1 2	-105.66144565474781
2162	1 59	1 61	1 65	1 67	15.397163675975028
2163	1 59	1 61	1 67	1 69	192.71863396672353
2164	1 59	1 61	1 71	1 1	-116.1650684867116
2165	1 60	1 62	1 61	1 63	179.67234781811652
2166	1 60	1 62	1 65	1 67	-10.778894497233388
2167	1 60	1 62	1 67	1 69	98.67293138327285
2168	1 60	1 62	1 69	1 71	124.01425615035154
2169	1 60	1 62	1 71	1 1	-144.61485121836978
2170	1 60	1 62	1 64	1 66	-208.62507040752638
2171	1 60	1 62	1 70	1 72	9.666708126737099
2172	1 60	1 62	1 72	1 2	-129.80188356813778
2173	1 61	1 63	1 62	1 64	187.14208885197326
2174	1 61	1 63	1 64	1 66	-305.8672689980406
2175	1 61	1 63	1 66	1 68	-14.940268235890645
2176	1 61	1 63	1 68	1 70	113.67039069172138
2177	1 61	1 63	1 70	1 72	111.11762229240901
2178	1 61	1 63	1 72	1 2	-153.00883077011883
2179	1 61	1 63	1 65	1 67	-6.873302873308154
2180	1 61	1 63	1 69	1 71	202.21233753387207
2181	1 61	1 63	1 71	1 1	-148.1151279345819
2182	1 62	1 64	1 63	1 65	-130.36825369491686
2183	1 62	1 64	1 65	1 67	-3.814351454968099
2184	1 62	1 64	1 67	1 69	-13.610919157270502
2185	1 62	1 64	1 69	1 71	107.31114444150323
2186	1 62	1 64	1 71	1 1	-57.33416082495371
2187	1 62	1 64	1 66	1 68	-8.253208875986184
2188	1 62	1 64	1 70	1 72	196.22077496780852
2189	1 62	1 64	1 72	1 2	-151.9354009876314
2190	1 63	1 65	1 64	1 66	662.1314251332302
2191	1 63	1 65	1 66	1 68	-260.7179321630923
2192	1 63	1 65	1 68	1 70	-210.37988429915754
2193	1 63	1 65	1 70	1 72	-98.27529579776574
2194	1 63	1 65	1 72	1 2	260.5417781812524
2195	1 63	1 65	1 67	1 69	-215.39247542058683
2196	1 63	1 65	1 69	1 71	-207.21877087618265
2197	1 63	1 65	1 71	1 1	268.3281007647323
2198	1 64	1 66	1 65	1 67	-116.31612038714132
2199	1 64	1 66	1 67	1 69	-228.35254742875907
2200	1 64	1 66	1 69	1 71	-224.17989713389346
2201	1 64	1 66	1 71	1 1	248.391569734523
2202	1 64	1 66	1 70	1 72	-201.28990623608843
2203	1 64	1 66	1 72	1 2	318.37391982484695
2204	1 65	1 67	1 66	1 68	162.04184242281855
2205	1 65	1 67	1 68	1 70	-28.983800917853365
2206	1 65	1 67	1 70	1 72	-5.051855172565523
2207	1 65	1 67	1 72	1 2	-56.27814449570113
2208	1 65	1 67	1 69	1 71	-11.415743840673018
2209	1 65	1 67	1 71	1 1	-60.93242839156437
2210	1 66	1 68	1 67	1 69	149.7973244567744
2211	1 66	1 68	1 69	1 71	-33.697743938280304
2212	1 66	1 68	1 71	1 1	-103.93154587021284
2213	1 66	1 68	1 70	1 72	-11.709627950938225
2214	1 66	1 68	1 72	1 2	-95.39396983780816
2215	1 67	1 69	1 68	1 70	132.02395222960854
2216	1 67	1 69	1 70	1 72	-30.380053032856086
2217	1 67	1 69	1 72	1 2	-121.7947870189261
2218	1 67	1 69	1 71	1 1	-131.90840146342867
2219	1 68	1 70	1 69	1 71	156.47574591375349
2220	1 68	1 70	1 71	1 1	-187.36676374024773
2221	1 68	1 70	1 72	1 2	-161.1403560017489
2222	1 69	1 71	1 70	1 72	189.0192037573128
2223	1 69	1 71	1 72	1 2	-252.96949092083997
2224	1 70	1 72	1 71	1 1	-123.63839522745214
2225	1 71	1 1	1 72	1 2	1674.3120368497507
