1106.35687
1058.18960
989.61535
756.36148
698.82697
660.79424
1075.17640
998.91510
682.49741
642.77731
1182.25157
1114.97073
1019.93723
911.37418
804.85495
601.77776
1274.67519
1183.08827
1054.58655
909.81951
771.55877
658.55655
580.18062
535.08620
1419.80026
1288.97408
1106.06019
901.56526
710.91773
567.22491
481.96651
441.17561
1639.87366
1448.46866
1180.17195
879.28021
599.33488
412.62719
338.71535
322.15069
1974.29241
1685.21371
1288.17897
840.92034
386.06610
124.59513
145.56444
193.26714
1437.46755
834.92196
38.41737
-599.71167
-27.42438
96.10148
1586.61869
932.42258
282.88856
-88.04668
