1703
1	1 1	1 3	1 2	1 4	471.1110759872098
2	1 1	1 3	1 6	1 8	-28.504736463301448
3	1 1	1 3	1 8	1 10	-199.41172265904217
4	1 1	1 3	1 10	1 12	238.38154321721552
5	1 1	1 3	1 12	1 14	-28.847811831026114
6	1 1	1 3	1 14	1 16	-13.906912198144127
7	1 1	1 3	1 16	1 18	-164.80057048214942
8	1 1	1 3	1 18	1 20	150.28794712742092
9	1 1	1 3	1 20	1 22	14.58584471603163
10	1 1	1 3	1 5	1 7	-61.795009155001836
11	1 1	1 3	1 9	1 11	449.9325902865195
12	1 1	1 3	1 11	1 13	23.435664260479072
13	1 1	1 3	1 13	1 15	-20.525018152556743
14	1 1	1 3	1 15	1 17	-281.87256103320544
15	1 1	1 3	1 17	1 19	209.94684571666966
16	1 1	1 3	1 19	1 21	67.24914507234874
17	1 1	1 3	1 24	1 26	-128.9699843796701
18	1 1	1 3	1 26	1 28	91.98388539263746
19	1 1	1 3	1 28	1 30	28.04720255026761
20	1 1	1 3	1 30	1 32	0.3280411780745819
21	1 1	1 3	1 34	1 36	54.24152236406577
22	1 1	1 3	1 36	1 38	25.346994867431473
23	1 1	1 3	1 38	1 40	9.309748974322968
24	1 1	1 3	1 25	1 27	119.70061164759213
25	1 1	1 3	1 27	1 29	56.327681042626125
26	1 1	1 3	1 29	1 31	8.856892122348167
27	1 1	1 3	1 33	1 35	65.72793000889341
28	1 1	1 3	1 35	1 37	40.18188559618734
29	1 1	1 3	1 37	1 39	15.501671388308162
30	1 1	1 3	1 41	1 43	35.140679531213834
31	1 1	1 3	1 43	1 45	28.13085080739607
32	1 1	1 3	1 42	1 44	34.12207169362179
33	1 1	1 3	1 44	1 46	21.186570540005654
34	1 1	1 3	1 46	1 48	9.585360040312422
35	1 1	1 3	1 50	1 52	22.861132440970568
36	1 1	1 3	1 52	1 54	16.59289924977932
37	1 1	1 3	1 54	1 56	8.94833604620253
38	1 1	1 3	1 56	1 58	-42.249223170321436
39	1 1	1 3	1 58	1 60	16.232913333529993
40	1 1	1 3	1 60	1 62	13.269978897960794
41	1 1	1 3	1 45	1 47	14.562068085182826
42	1 1	1 3	1 49	1 51	20.7079219256538
43	1 1	1 3	1 51	1 53	20.39784173419543
44	1 1	1 3	1 53	1 55	13.37939176377311
45	1 1	1 3	1 55	1 57	-44.409539330800946
46	1 1	1 3	1 57	1 59	12.736265055272394
47	1 1	1 3	1 59	1 61	15.173942744079305
48	1 1	1 3	1 61	1 63	10.975732657176026
49	1 1	1 3	1 63	1 65	-33.52424743053191
50	1 1	1 3	1 62	1 64	7.27140420191088
51	1 1	1 3	1 64	1 66	-32.687170304099894
52	1 1	1 3	1 66	1 68	11.65262452116411
53	1 1	1 3	1 68	1 70	10.836992257950271
54	1 1	1 3	1 70	1 72	5.938030761383732
55	1 1	1 3	1 65	1 67	9.16740468303135
56	1 1	1 3	1 67	1 69	11.848320616855272
57	1 1	1 3	1 69	1 71	8.732050427525479
58	1 2	1 4	1 3	1 5	421.0952899565056
59	1 2	1 4	1 5	1 7	-188.11007567924207
60	1 2	1 4	1 7	1 9	-466.92645938382225
61	1 2	1 4	1 9	1 11	277.70457502731597
62	1 2	1 4	1 11	1 13	190.1566619988883
63	1 2	1 4	1 13	1 15	-19.183855668394056
64	1 2	1 4	1 15	1 17	-324.4265883613079
65	1 2	1 4	1 17	1 19	157.25725315123978
66	1 2	1 4	1 19	1 21	135.5934338407045
67	1 2	1 4	1 6	1 8	-68.65548752527413
68	1 2	1 4	1 10	1 12	364.2521715364204
69	1 2	1 4	1 12	1 14	24.72470440882066
70	1 2	1 4	1 14	1 16	-22.23649882351829
71	1 2	1 4	1 16	1 18	-252.39135475867675
72	1 2	1 4	1 18	1 20	185.21344563737887
73	1 2	1 4	1 20	1 22	58.51288771356569
74	1 2	1 4	1 24	1 26	-183.9491690071715
75	1 2	1 4	1 23	1 25	-230.92971887708396
76	1 2	1 4	1 25	1 27	101.98696110017919
77	1 2	1 4	1 27	1 29	87.16890329295558
78	1 2	1 4	1 29	1 31	25.12375044518244
79	1 2	1 4	1 33	1 35	61.59999708662225
80	1 2	1 4	1 35	1 37	55.10717252997928
81	1 2	1 4	1 37	1 39	28.358936691378617
82	1 2	1 4	1 41	1 43	35.5373571654833
83	1 2	1 4	1 26	1 28	105.21607385032836
84	1 2	1 4	1 28	1 30	57.58879229176216
85	1 2	1 4	1 30	1 32	6.089170131200868
86	1 2	1 4	1 34	1 36	61.29986517476553
87	1 2	1 4	1 36	1 38	41.69106570669676
88	1 2	1 4	1 38	1 40	17.537643421962386
89	1 2	1 4	1 42	1 44	39.222016969590484
90	1 2	1 4	1 44	1 46	30.777570375921613
91	1 2	1 4	1 43	1 45	36.85069506703543
92	1 2	1 4	1 45	1 47	22.972726319291354
93	1 2	1 4	1 49	1 51	22.434925628798283
94	1 2	1 4	1 51	1 53	26.057044854952515
95	1 2	1 4	1 53	1 55	19.482214090083637
96	1 2	1 4	1 57	1 59	14.373851812693658
97	1 2	1 4	1 59	1 61	19.05934956097917
98	1 2	1 4	1 61	1 63	15.310441461313719
99	1 2	1 4	1 46	1 48	15.893915029408085
100	1 2	1 4	1 50	1 52	26.773731903368017
101	1 2	1 4	1 52	1 54	22.826004575373226
102	1 2	1 4	1 54	1 56	13.679040400524888
103	1 2	1 4	1 56	1 58	-55.40910876816638
104	1 2	1 4	1 58	1 60	19.3585729762908
105	1 2	1 4	1 60	1 62	17.759654768492812
106	1 2	1 4	1 62	1 64	10.551550154943719
107	1 2	1 4	1 64	1 66	-42.42756911072499
108	1 2	1 4	1 63	1 65	-42.52624831865693
109	1 2	1 4	1 65	1 67	10.82164798326371
110	1 2	1 4	1 67	1 69	14.902843465627996
111	1 2	1 4	1 69	1 71	11.775250083989171
112	1 2	1 4	1 66	1 68	14.167072740937773
113	1 2	1 4	1 68	1 70	14.175225337520665
114	1 2	1 4	1 70	1 72	8.307353986416526
115	1 3	1 5	1 4	1 6	318.354060935424
116	1 3	1 5	1 6	1 8	-170.18057523056464
117	1 3	1 5	1 8	1 10	-379.5919438101441
118	1 3	1 5	1 10	1 12	212.5187064631914
119	1 3	1 5	1 12	1 14	173.12482633596434
120	1 3	1 5	1 14	1 16	-23.046500693226186
121	1 3	1 5	1 16	1 18	-276.2494172463217
122	1 3	1 5	1 18	1 20	126.77375708473755
123	1 3	1 5	1 20	1 22	114.0783814565296
124	1 3	1 5	1 9	1 11	46.69410762490596
125	1 3	1 5	1 11	1 13	282.5544866231854
126	1 3	1 5	1 13	1 15	31.82233875539417
127	1 3	1 5	1 15	1 17	-303.84433449134997
128	1 3	1 5	1 17	1 19	64.6479340511861
129	1 3	1 5	1 19	1 21	152.7822066054579
130	1 3	1 5	1 21	1 23	46.55534783058606
131	1 3	1 5	1 23	1 25	-218.3020263225171
132	1 3	1 5	1 25	1 27	56.60220152238027
133	1 3	1 5	1 24	1 26	-201.21965291860084
134	1 3	1 5	1 26	1 28	77.7609810049014
135	1 3	1 5	1 28	1 30	81.55767807639361
136	1 3	1 5	1 30	1 32	18.228537416591834
137	1 3	1 5	1 34	1 36	48.69110533516972
138	1 3	1 5	1 36	1 38	51.425406570719865
139	1 3	1 5	1 38	1 40	26.715570020433518
140	1 3	1 5	1 40	1 42	-106.58290307399216
141	1 3	1 5	1 42	1 44	33.20354219908589
142	1 3	1 5	1 27	1 29	90.44395103701325
143	1 3	1 5	1 29	1 31	48.34705278781651
144	1 3	1 5	1 33	1 35	40.56222541393224
145	1 3	1 5	1 35	1 37	54.644199424490154
146	1 3	1 5	1 37	1 39	40.69878311416289
147	1 3	1 5	1 41	1 43	26.295158400359938
148	1 3	1 5	1 43	1 45	36.0743883039701
149	1 3	1 5	1 45	1 47	28.572313399293144
150	1 3	1 5	1 44	1 46	34.702690687872064
151	1 3	1 5	1 46	1 48	21.225748146266646
152	1 3	1 5	1 48	1 50	-77.04325665499744
153	1 3	1 5	1 50	1 52	23.618506206267732
154	1 3	1 5	1 52	1 54	24.339172775159938
155	1 3	1 5	1 54	1 56	16.746835183876286
156	1 3	1 5	1 56	1 58	-57.055319357936014
157	1 3	1 5	1 58	1 60	17.643317323357913
158	1 3	1 5	1 60	1 62	18.49950766502971
159	1 3	1 5	1 62	1 64	12.192085265650986
160	1 3	1 5	1 47	1 49	-75.47110392977997
161	1 3	1 5	1 49	1 51	18.12060753885685
162	1 3	1 5	1 51	1 53	25.534328689199747
163	1 3	1 5	1 53	1 55	22.453983931096925
164	1 3	1 5	1 55	1 57	-55.87942774984959
165	1 3	1 5	1 59	1 61	18.538727934136812
166	1 3	1 5	1 61	1 63	16.92654608228929
167	1 3	1 5	1 63	1 65	-42.18221423599307
168	1 3	1 5	1 65	1 67	9.77602815536292
169	1 3	1 5	1 64	1 66	-43.35975390560597
170	1 3	1 5	1 66	1 68	13.271989367359708
171	1 3	1 5	1 68	1 70	14.559969227779217
172	1 3	1 5	1 70	1 72	9.051345121517894
173	1 3	1 5	1 67	1 69	14.575449404635943
174	1 3	1 5	1 69	1 71	12.553587193748687
175	1 4	1 6	1 5	1 7	351.1761151292017
176	1 4	1 6	1 7	1 9	-479.99972507396717
177	1 4	1 6	1 9	1 11	-21.06558673567678
178	1 4	1 6	1 11	1 13	163.57288686284147
179	1 4	1 6	1 13	1 15	182.68218645279916
180	1 4	1 6	1 17	1 19	12.960536030257769
181	1 4	1 6	1 19	1 21	104.45008409876215
182	1 4	1 6	1 21	1 23	105.21007606197003
183	1 4	1 6	1 23	1 25	-197.72436573261086
184	1 4	1 6	1 12	1 14	271.85244777167975
185	1 4	1 6	1 14	1 16	32.429089052173666
186	1 4	1 6	1 16	1 18	-289.6787929452179
187	1 4	1 6	1 18	1 20	47.96401322163283
188	1 4	1 6	1 20	1 22	136.7520957963053
189	1 4	1 6	1 22	1 24	55.207551412016045
190	1 4	1 6	1 24	1 26	-208.30659415946593
191	1 4	1 6	1 26	1 28	40.646621954794185
192	1 4	1 6	1 25	1 27	22.50706801884764
193	1 4	1 6	1 27	1 29	68.77524960313369
194	1 4	1 6	1 29	1 31	75.32308380304397
195	1 4	1 6	1 33	1 35	21.70211101340837
196	1 4	1 6	1 35	1 37	44.814648111855384
197	1 4	1 6	1 37	1 39	51.76948004834766
198	1 4	1 6	1 39	1 41	-99.10080213903743
199	1 4	1 6	1 41	1 43	16.69020346694006
200	1 4	1 6	1 43	1 45	31.119144203525707
201	1 4	1 6	1 28	1 30	89.0822682497469
202	1 4	1 6	1 30	1 32	40.94746773130865
203	1 4	1 6	1 34	1 36	31.126456731426785
204	1 4	1 6	1 36	1 38	53.40160541632469
205	1 4	1 6	1 38	1 40	38.46213104996388
206	1 4	1 6	1 42	1 44	24.389870405418733
207	1 4	1 6	1 44	1 46	34.413917372545704
208	1 4	1 6	1 46	1 48	26.64630383371676
209	1 4	1 6	1 45	1 47	32.51118033847566
210	1 4	1 6	1 47	1 49	-68.23101003827085
211	1 4	1 6	1 49	1 51	12.963050442625715
212	1 4	1 6	1 51	1 53	22.492905115726273
213	1 4	1 6	1 53	1 55	23.842176800681663
214	1 4	1 6	1 55	1 57	-51.06148239700142
215	1 4	1 6	1 57	1 59	9.618824231088364
216	1 4	1 6	1 59	1 61	16.361587385692218
217	1 4	1 6	1 61	1 63	17.269722751301376
218	1 4	1 6	1 63	1 65	-38.49568520320027
219	1 4	1 6	1 50	1 52	18.65480551670294
220	1 4	1 6	1 52	1 54	23.592654982368614
221	1 4	1 6	1 54	1 56	19.25309850392413
222	1 4	1 6	1 56	1 58	-54.76422340542621
223	1 4	1 6	1 58	1 60	14.580009066497901
224	1 4	1 6	1 60	1 62	17.770745835501913
225	1 4	1 6	1 62	1 64	13.214997361045075
226	1 4	1 6	1 64	1 66	-41.022789876781985
227	1 4	1 6	1 66	1 68	11.374124279596405
228	1 4	1 6	1 65	1 67	8.045964589861146
229	1 4	1 6	1 67	1 69	13.093344003808795
230	1 4	1 6	1 69	1 71	12.403151289551094
231	1 4	1 6	1 68	1 70	13.736342671481449
232	1 4	1 6	1 70	1 72	9.28963719854065
233	1 5	1 7	1 6	1 8	423.53498763105
234	1 5	1 7	1 8	1 10	-562.8342399757237
235	1 5	1 7	1 12	1 14	186.82880702088033
236	1 5	1 7	1 14	1 16	229.55428690834293
237	1 5	1 7	1 20	1 22	110.79639948380189
238	1 5	1 7	1 22	1 24	138.2201792327472
239	1 5	1 7	1 24	1 26	-237.41376565358428
240	1 5	1 7	1 9	1 11	-22.266618882008977
241	1 5	1 7	1 11	1 13	25.151183814859124
242	1 5	1 7	1 13	1 15	315.1049888153551
243	1 5	1 7	1 15	1 17	-303.1023094121572
244	1 5	1 7	1 19	1 21	47.9378653876
245	1 5	1 7	1 21	1 23	152.32860106756868
246	1 5	1 7	1 27	1 29	44.57579185349397
247	1 5	1 7	1 26	1 28	18.217995087106885
248	1 5	1 7	1 28	1 30	81.95308506308507
249	1 5	1 7	1 30	1 32	74.24654678314074
250	1 5	1 7	1 34	1 36	19.662647537950953
251	1 5	1 7	1 36	1 38	52.2089087579866
252	1 5	1 7	1 38	1 40	53.483906470427215
253	1 5	1 7	1 42	1 44	18.539870475390323
254	1 5	1 7	1 44	1 46	34.21732279171211
255	1 5	1 7	1 29	1 31	97.63593424760533
256	1 5	1 7	1 35	1 37	34.82919949007862
257	1 5	1 7	1 37	1 39	61.77083957920197
258	1 5	1 7	1 41	1 43	11.2167186449742
259	1 5	1 7	1 43	1 45	26.85453943662521
260	1 5	1 7	1 45	1 47	36.54088709344511
261	1 5	1 7	1 46	1 48	33.429435884137646
262	1 5	1 7	1 50	1 52	15.37391795457502
263	1 5	1 7	1 52	1 54	23.27272983412938
264	1 5	1 7	1 54	1 56	22.386785151973193
265	1 5	1 7	1 56	1 58	-54.88516372930347
266	1 5	1 7	1 58	1 60	12.65919310307963
267	1 5	1 7	1 60	1 62	17.506125802274177
268	1 5	1 7	1 62	1 64	14.617989047958968
269	1 5	1 7	1 64	1 66	-40.63586556326918
270	1 5	1 7	1 49	1 51	9.89886348086334
271	1 5	1 7	1 51	1 53	20.366842815508114
272	1 5	1 7	1 53	1 55	25.74562835127607
273	1 5	1 7	1 55	1 57	-48.93260486946319
274	1 5	1 7	1 57	1 59	8.00191991762939
275	1 5	1 7	1 59	1 61	15.084136748528078
276	1 5	1 7	1 61	1 63	18.145704243256375
277	1 5	1 7	1 63	1 65	-37.052280404313606
278	1 5	1 7	1 65	1 67	7.051884226371465
279	1 5	1 7	1 67	1 69	12.304076801371664
280	1 5	1 7	1 66	1 68	10.235798326608727
281	1 5	1 7	1 68	1 70	13.559231620677387
282	1 5	1 7	1 70	1 72	9.873008794041885
283	1 5	1 7	1 69	1 71	12.685226158745635
284	1 6	1 8	1 7	1 9	-219.32340494006792
285	1 6	1 8	1 9	1 11	-14.971380822147939
286	1 6	1 8	1 11	1 13	-20.076636117828773
287	1 6	1 8	1 13	1 15	214.30101041040817
288	1 6	1 8	1 17	1 19	-5.558487686577246
289	1 6	1 8	1 19	1 21	11.474499291595741
290	1 6	1 8	1 21	1 23	129.47808747840992
291	1 6	1 8	1 23	1 25	-125.53006890517767
292	1 6	1 8	1 10	1 12	-23.131197916701787
293	1 6	1 8	1 12	1 14	34.00614041142428
294	1 6	1 8	1 14	1 16	406.78490515970907
295	1 6	1 8	1 16	1 18	-405.89113723298317
296	1 6	1 8	1 20	1 22	53.62986469479178
297	1 6	1 8	1 22	1 24	190.22936145110197
298	1 6	1 8	1 24	1 26	-227.17678426019992
299	1 6	1 8	1 26	1 28	6.272332908649874
300	1 6	1 8	1 28	1 30	55.69961040101981
301	1 6	1 8	1 27	1 29	22.413363835694675
302	1 6	1 8	1 29	1 31	89.0627979428979
303	1 6	1 8	1 35	1 37	22.913723406927666
304	1 6	1 8	1 37	1 39	56.245661035899886
305	1 6	1 8	1 41	1 43	6.999846459544816
306	1 6	1 8	1 43	1 45	19.873905799201665
307	1 6	1 8	1 45	1 47	32.78641168069393
308	1 6	1 8	1 30	1 32	90.17816326742462
309	1 6	1 8	1 34	1 36	11.054452141152737
310	1 6	1 8	1 36	1 38	40.31744219818448
311	1 6	1 8	1 38	1 40	56.40706959367892
312	1 6	1 8	1 42	1 44	12.592688258178189
313	1 6	1 8	1 44	1 46	27.694086402914493
314	1 6	1 8	1 46	1 48	33.154196503018525
315	1 6	1 8	1 49	1 51	6.867694319702361
316	1 6	1 8	1 51	1 53	15.827438232618515
317	1 6	1 8	1 53	1 55	22.71766402629835
318	1 6	1 8	1 55	1 57	-40.06785626268568
319	1 6	1 8	1 57	1 59	5.877242536917567
320	1 6	1 8	1 59	1 61	11.94763548493773
321	1 6	1 8	1 61	1 63	15.812291509588835
322	1 6	1 8	1 63	1 65	-30.40359834179796
323	1 6	1 8	1 65	1 67	5.42492239539449
324	1 6	1 8	1 50	1 52	11.242524263251191
325	1 6	1 8	1 52	1 54	19.163373840465326
326	1 6	1 8	1 54	1 56	21.058726154944964
327	1 6	1 8	1 56	1 58	-46.59924353214275
328	1 6	1 8	1 58	1 60	9.64480360842811
329	1 6	1 8	1 60	1 62	14.605014179593901
330	1 6	1 8	1 62	1 64	13.326679329984488
331	1 6	1 8	1 64	1 66	-34.20675473863845
332	1 6	1 8	1 66	1 68	8.051584155623909
333	1 6	1 8	1 68	1 70	11.289275956724087
334	1 6	1 8	1 67	1 69	9.919817702217193
335	1 6	1 8	1 69	1 71	10.91333962959777
336	1 6	1 8	1 70	1 72	8.661013562062152
337	1 7	1 9	1 16	1 18	796.2976957070707
338	1 7	1 9	1 17	1 19	-329.5465579710145
339	1 7	1 9	1 32	1 34	407.59019558057196
340	1 7	1 9	1 40	1 42	306.3589261988909
341	1 7	1 9	1 42	1 44	-93.7944493745099
342	1 7	1 9	1 33	1 35	-135.60373389158946
343	1 7	1 9	1 35	1 37	-137.4509605779192
344	1 7	1 9	1 37	1 39	-119.93599277086639
345	1 7	1 9	1 41	1 43	-81.63935115078951
346	1 7	1 9	1 43	1 45	-96.98809990297059
347	1 7	1 9	1 45	1 47	-82.11218729321374
348	1 7	1 9	1 47	1 49	213.95359065376812
349	1 7	1 9	1 49	1 51	-53.72566675775154
350	1 7	1 9	1 48	1 50	221.2263863232506
351	1 7	1 9	1 50	1 52	-67.29962909397838
352	1 7	1 9	1 52	1 54	-67.69421143728923
353	1 7	1 9	1 54	1 56	-49.77266627214923
354	1 7	1 9	1 56	1 58	163.58720785372424
355	1 7	1 9	1 58	1 60	-50.401571592225174
356	1 7	1 9	1 60	1 62	-52.14474688418187
357	1 7	1 9	1 62	1 64	-35.53380048712587
358	1 7	1 9	1 64	1 66	123.80058754760813
359	1 7	1 9	1 66	1 68	-37.837722894035664
360	1 7	1 9	1 51	1 53	-70.8961872001872
361	1 7	1 9	1 53	1 55	-64.35351684258195
362	1 7	1 9	1 55	1 57	159.50284316931769
363	1 7	1 9	1 59	1 61	-52.29005857740586
364	1 7	1 9	1 61	1 63	-48.365178160677424
365	1 7	1 9	1 63	1 65	120.41487167070218
366	1 7	1 9	1 65	1 67	-28.198397127165187
367	1 7	1 9	1 67	1 69	-41.45322565926324
368	1 7	1 9	1 69	1 71	-35.87400197726149
369	1 7	1 9	1 68	1 70	-41.46291118862108
370	1 7	1 9	1 70	1 72	-26.205104454116164
371	1 8	1 10	1 15	1 17	780.3826746834773
372	1 8	1 10	1 33	1 35	-91.44282520919714
373	1 8	1 10	1 39	1 41	295.0785592852151
374	1 8	1 10	1 41	1 43	-61.32683240211842
375	1 8	1 10	1 47	1 49	204.58098921678555
376	1 8	1 10	1 40	1 42	311.9736967539062
377	1 8	1 10	1 44	1 46	-96.66749979347995
378	1 8	1 10	1 48	1 50	221.8599882985493
379	1 8	1 10	1 49	1 51	-44.17186610622181
380	1 8	1 10	1 51	1 53	-67.61051048931304
381	1 8	1 10	1 53	1 55	-68.60866311327582
382	1 8	1 10	1 55	1 57	154.00589082594556
383	1 8	1 10	1 57	1 59	-31.2674837006088
384	1 8	1 10	1 59	1 61	-49.63727143818387
385	1 8	1 10	1 61	1 63	-50.35753744859884
386	1 8	1 10	1 63	1 65	116.29917298654286
387	1 8	1 10	1 65	1 67	-25.37166452727517
388	1 8	1 10	1 67	1 69	-39.62912516327162
389	1 8	1 10	1 52	1 54	-68.56728741986458
390	1 8	1 10	1 54	1 56	-55.79314440311412
391	1 8	1 10	1 56	1 58	162.98377740486768
392	1 8	1 10	1 58	1 60	-45.7022597176492
393	1 8	1 10	1 60	1 62	-52.39612947812073
394	1 8	1 10	1 62	1 64	-38.48613908830897
395	1 8	1 10	1 64	1 66	122.81700508756921
396	1 8	1 10	1 66	1 68	-35.1649413968355
397	1 8	1 10	1 68	1 70	-40.96463911827921
398	1 8	1 10	1 70	1 72	-27.400453638178192
399	1 9	1 11	1 10	1 12	266.6208345752706
400	1 9	1 11	1 12	1 14	-49.32625775405947
401	1 9	1 11	1 14	1 16	-12.041959351587145
402	1 9	1 11	1 18	1 20	192.54548693264405
403	1 9	1 11	1 20	1 22	-15.775771796929359
404	1 9	1 11	1 22	1 24	-9.850324018316744
405	1 9	1 11	1 24	1 26	-136.42400873551367
406	1 9	1 11	1 26	1 28	118.65928642927207
407	1 9	1 11	1 28	1 30	13.985011697213288
408	1 9	1 11	1 13	1 15	-21.793431830745263
409	1 9	1 11	1 17	1 19	350.2157256787225
410	1 9	1 11	1 19	1 21	24.634222786094277
411	1 9	1 11	1 21	1 23	-14.032525651661619
412	1 9	1 11	1 23	1 25	-235.93269762299616
413	1 9	1 11	1 25	1 27	178.39288260442032
414	1 9	1 11	1 27	1 29	50.72617559798478
415	1 9	1 11	1 30	1 32	-3.16871569786314
416	1 9	1 11	1 34	1 36	68.90676214256546
417	1 9	1 11	1 36	1 38	21.3200657269866
418	1 9	1 11	1 38	1 40	6.603556359508513
419	1 9	1 11	1 42	1 44	42.518030507913295
420	1 9	1 11	1 44	1 46	21.188083121289228
421	1 9	1 11	1 46	1 48	8.27216220600162
422	1 9	1 11	1 48	1 50	-61.45824491033325
423	1 9	1 11	1 33	1 35	92.652183544828
424	1 9	1 11	1 35	1 37	42.89134325935335
425	1 9	1 11	1 37	1 39	11.179368781319647
426	1 9	1 11	1 41	1 43	47.46915008051908
427	1 9	1 11	1 43	1 45	31.669076057762187
428	1 9	1 11	1 45	1 47	13.367318511009273
429	1 9	1 11	1 47	1 49	-70.38404677117644
430	1 9	1 11	1 49	1 51	26.896161325014695
431	1 9	1 11	1 51	1 53	23.395055805639746
432	1 9	1 11	1 50	1 52	28.206032334758916
433	1 9	1 11	1 52	1 54	17.8023192125014
434	1 9	1 11	1 54	1 56	8.595974391651774
435	1 9	1 11	1 56	1 58	-47.55657412761193
436	1 9	1 11	1 58	1 60	19.735084061982306
437	1 9	1 11	1 60	1 62	14.647796149952708
438	1 9	1 11	1 62	1 64	7.41252617947759
439	1 9	1 11	1 64	1 66	-36.99904717776262
440	1 9	1 11	1 66	1 68	13.93381756310944
441	1 9	1 11	1 68	1 70	12.167252749206048
442	1 9	1 11	1 53	1 55	13.553185204840307
443	1 9	1 11	1 55	1 57	-51.335802614594435
444	1 9	1 11	1 57	1 59	15.977733925826504
445	1 9	1 11	1 59	1 61	17.677388488872545
446	1 9	1 11	1 61	1 63	11.611764874485036
447	1 9	1 11	1 63	1 65	-38.75950918786725
448	1 9	1 11	1 65	1 67	11.228556987231752
449	1 9	1 11	1 67	1 69	13.779642187145544
450	1 9	1 11	1 69	1 71	9.53181796118188
451	1 9	1 11	1 70	1 72	6.3646170669333975
452	1 10	1 12	1 11	1 13	204.20675054932065
453	1 10	1 12	1 13	1 15	-47.03122406455901
454	1 10	1 12	1 17	1 19	179.99247409418393
455	1 10	1 12	1 19	1 21	167.7802228921785
456	1 10	1 12	1 21	1 23	-18.730339710624946
457	1 10	1 12	1 23	1 25	-249.63267753766957
458	1 10	1 12	1 25	1 27	120.935016340712
459	1 10	1 12	1 27	1 29	104.71011226266128
460	1 10	1 12	1 14	1 16	-20.82400962322881
461	1 10	1 12	1 18	1 20	290.5321922294751
462	1 10	1 12	1 22	1 24	-15.084591240127885
463	1 10	1 12	1 24	1 26	-198.79616563182998
464	1 10	1 12	1 26	1 28	140.68493947391735
465	1 10	1 12	1 28	1 30	48.96740933117006
466	1 10	1 12	1 33	1 35	72.76917991270207
467	1 10	1 12	1 35	1 37	63.699079570023514
468	1 10	1 12	1 37	1 39	23.172993207799877
469	1 10	1 12	1 41	1 43	41.68365723640369
470	1 10	1 12	1 43	1 45	41.22461218174982
471	1 10	1 12	1 45	1 47	21.674319733243664
472	1 10	1 12	1 47	1 49	-82.71048737217431
473	1 10	1 12	1 49	1 51	25.8585508347152
474	1 10	1 12	1 34	1 36	75.41154239935472
475	1 10	1 12	1 36	1 38	40.97921915607601
476	1 10	1 12	1 38	1 40	12.974748722501218
477	1 10	1 12	1 42	1 44	45.8589148447639
478	1 10	1 12	1 44	1 46	31.84284283472545
479	1 10	1 12	1 46	1 48	13.958420123808835
480	1 10	1 12	1 50	1 52	30.537206454455376
481	1 10	1 12	1 52	1 54	24.06607818683235
482	1 10	1 12	1 51	1 53	28.80591435010593
483	1 10	1 12	1 53	1 55	19.559622125961674
484	1 10	1 12	1 55	1 57	-61.123817389449904
485	1 10	1 12	1 57	1 59	16.3775126955594
486	1 10	1 12	1 59	1 61	21.004600226597898
487	1 10	1 12	1 61	1 63	15.764272119397361
488	1 10	1 12	1 63	1 65	-46.09340744568128
489	1 10	1 12	1 65	1 67	12.099522381318234
490	1 10	1 12	1 67	1 69	16.294184533847265
491	1 10	1 12	1 69	1 71	12.359949990625017
492	1 10	1 12	1 54	1 56	13.00352318451247
493	1 10	1 12	1 56	1 58	-58.73120948272158
494	1 10	1 12	1 58	1 60	21.762120708353123
495	1 10	1 12	1 60	1 62	18.898541459138016
496	1 10	1 12	1 62	1 64	10.508406727692144
497	1 10	1 12	1 64	1 66	-45.39281332702385
498	1 10	1 12	1 66	1 68	15.720893122212086
499	1 10	1 12	1 68	1 70	15.160069462701042
500	1 10	1 12	1 70	1 72	8.467465429307534
501	1 11	1 13	1 12	1 14	175.86949679065174
502	1 11	1 13	1 14	1 16	-40.57623964984799
503	1 11	1 13	1 18	1 20	145.46376791222207
504	1 11	1 13	1 20	1 22	144.9039075709831
505	1 11	1 13	1 22	1 24	-20.67726381418276
506	1 11	1 13	1 24	1 26	-212.0565018991842
507	1 11	1 13	1 26	1 28	90.41747697276847
508	1 11	1 13	1 28	1 30	99.28086526531781
509	1 11	1 13	1 30	1 32	5.160424748125993
510	1 11	1 13	1 17	1 19	10.13222458527257
511	1 11	1 13	1 19	1 21	251.69678627904
512	1 11	1 13	1 25	1 27	44.02409003952719
513	1 11	1 13	1 27	1 29	123.66960149108908
514	1 11	1 13	1 29	1 31	39.50332921833048
515	1 11	1 13	1 33	1 35	38.95052272935363
516	1 11	1 13	1 34	1 36	55.408867111550876
517	1 11	1 13	1 36	1 38	59.4990197203451
518	1 11	1 13	1 38	1 40	22.848050487422213
519	1 11	1 13	1 42	1 44	37.099548912158696
520	1 11	1 13	1 44	1 46	38.84685833250718
521	1 11	1 13	1 46	1 48	20.501822304679447
522	1 11	1 13	1 50	1 52	25.99352429335108
523	1 11	1 13	1 35	1 37	66.88991997031982
524	1 11	1 13	1 37	1 39	40.597822266987436
525	1 11	1 13	1 41	1 43	27.230457690725636
526	1 11	1 13	1 43	1 45	41.6868197933271
527	1 11	1 13	1 45	1 47	30.086627134759883
528	1 11	1 13	1 49	1 51	19.358701254275687
529	1 11	1 13	1 51	1 53	28.574420200045438
530	1 11	1 13	1 53	1 55	24.02410874176561
531	1 11	1 13	1 52	1 54	26.885958386907177
532	1 11	1 13	1 54	1 56	17.17017398412345
533	1 11	1 13	1 56	1 58	-61.678458134077886
534	1 11	1 13	1 58	1 60	19.374054513064642
535	1 11	1 13	1 60	1 62	20.249494278035336
536	1 11	1 13	1 62	1 64	12.805214555817395
537	1 11	1 13	1 64	1 66	-46.857177940834575
538	1 11	1 13	1 66	1 68	14.481784535964906
539	1 11	1 13	1 68	1 70	15.834334145651853
540	1 11	1 13	1 70	1 72	9.704877733943931
541	1 11	1 13	1 55	1 57	-60.876047267177285
542	1 11	1 13	1 57	1 59	13.447799958406675
543	1 11	1 13	1 59	1 61	20.45303697867635
544	1 11	1 13	1 61	1 63	18.18092225642137
545	1 11	1 13	1 63	1 65	-45.84877286422115
546	1 11	1 13	1 65	1 67	10.628115209635626
547	1 11	1 13	1 67	1 69	15.957583237934996
548	1 11	1 13	1 69	1 71	13.536858498788781
549	1 12	1 14	1 13	1 15	205.47443341563024
550	1 12	1 14	1 17	1 19	-16.055647443329164
551	1 12	1 14	1 19	1 21	132.46665998533928
552	1 12	1 14	1 21	1 23	138.44673100871734
553	1 12	1 14	1 25	1 27	8.508579038967408
554	1 12	1 14	1 27	1 29	86.81107750600222
555	1 12	1 14	1 29	1 31	97.07004188858724
556	1 12	1 14	1 20	1 22	239.1357898464204
557	1 12	1 14	1 24	1 26	-231.5353995937312
558	1 12	1 14	1 26	1 28	32.49629181555102
559	1 12	1 14	1 28	1 30	128.4249245365607
560	1 12	1 14	1 30	1 32	36.646113034315576
561	1 12	1 14	1 34	1 36	31.65173067035292
562	1 12	1 14	1 33	1 35	17.386275897309247
563	1 12	1 14	1 35	1 37	54.89723505615098
564	1 12	1 14	1 37	1 39	65.00971406592652
565	1 12	1 14	1 41	1 43	16.250210897963264
566	1 12	1 14	1 43	1 45	37.381356969624036
567	1 12	1 14	1 45	1 47	39.91304111693754
568	1 12	1 14	1 49	1 51	13.789076536112109
569	1 12	1 14	1 51	1 53	26.630328598734543
570	1 12	1 14	1 36	1 38	70.28109241705982
571	1 12	1 14	1 38	1 40	43.28334148406768
572	1 12	1 14	1 42	1 44	26.881638010531937
573	1 12	1 14	1 44	1 46	42.87500562352777
574	1 12	1 14	1 46	1 48	31.24662016070844
575	1 12	1 14	1 50	1 52	20.99689049121226
576	1 12	1 14	1 52	1 54	28.493675275751784
577	1 12	1 14	1 54	1 56	22.797288642043615
578	1 12	1 14	1 53	1 55	28.797838306799193
579	1 12	1 14	1 55	1 57	-59.97347431533623
580	1 12	1 14	1 57	1 59	10.682043664963944
581	1 12	1 14	1 59	1 61	19.205893322381204
582	1 12	1 14	1 61	1 63	20.670397796348475
583	1 12	1 14	1 63	1 65	-45.12081663750776
584	1 12	1 14	1 65	1 67	9.146432581439555
585	1 12	1 14	1 67	1 69	15.313022053856157
586	1 12	1 14	1 69	1 71	14.741343731154835
587	1 12	1 14	1 56	1 58	-64.19712136080389
588	1 12	1 14	1 58	1 60	16.64627110825346
589	1 12	1 14	1 60	1 62	21.153996189331558
590	1 12	1 14	1 62	1 64	15.69594828641311
591	1 12	1 14	1 64	1 66	-48.2136647765867
592	1 12	1 14	1 66	1 68	13.09425393111094
593	1 12	1 14	1 68	1 70	16.257495226882504
594	1 12	1 14	1 70	1 72	11.049673571895386
595	1 13	1 15	1 14	1 16	220.81151449474095
596	1 13	1 15	1 18	1 20	-18.65860975513872
597	1 13	1 15	1 20	1 22	134.63646599984514
598	1 13	1 15	1 22	1 24	175.47347486457718
599	1 13	1 15	1 28	1 30	100.54613930130878
600	1 13	1 15	1 30	1 32	95.86364193715556
601	1 13	1 15	1 17	1 19	-12.802729960185603
602	1 13	1 15	1 21	1 23	251.16350724467185
603	1 13	1 15	1 27	1 29	36.18259326567156
604	1 13	1 15	1 29	1 31	136.59287618689854
605	1 13	1 15	1 35	1 37	35.224570372668396
606	1 13	1 15	1 34	1 36	15.3023593934378
607	1 13	1 15	1 36	1 38	62.907854790470246
608	1 13	1 15	1 38	1 40	67.79256299623484
609	1 13	1 15	1 42	1 44	18.119031548642987
610	1 13	1 15	1 44	1 46	40.52017404642384
611	1 13	1 15	1 46	1 48	41.524093868968436
612	1 13	1 15	1 50	1 52	16.01283781504883
613	1 13	1 15	1 52	1 54	27.141159048610476
614	1 13	1 15	1 37	1 39	79.65745863321331
615	1 13	1 15	1 41	1 43	9.544048842213144
616	1 13	1 15	1 43	1 45	29.255688544036005
617	1 13	1 15	1 45	1 47	45.20715430113356
618	1 13	1 15	1 49	1 51	9.63741861742124
619	1 13	1 15	1 51	1 53	22.691756085823883
620	1 13	1 15	1 53	1 55	31.060451013050425
621	1 13	1 15	1 55	1 57	-55.92148166438366
622	1 13	1 15	1 54	1 56	27.337217424617172
623	1 13	1 15	1 56	1 58	-63.67480150302653
624	1 13	1 15	1 58	1 60	13.660011835496192
625	1 13	1 15	1 60	1 62	20.32258965076042
626	1 13	1 15	1 62	1 64	17.647187248593163
627	1 13	1 15	1 64	1 66	-46.863641146234116
628	1 13	1 15	1 66	1 68	11.286989004446284
629	1 13	1 15	1 68	1 70	15.643959565583245
630	1 13	1 15	1 70	1 72	11.722566481510071
631	1 13	1 15	1 57	1 59	8.29446635306773
632	1 13	1 15	1 59	1 61	16.908928449884502
633	1 13	1 15	1 61	1 63	21.555528151722466
634	1 13	1 15	1 63	1 65	-42.2583114241954
635	1 13	1 15	1 65	1 67	7.627105457369773
636	1 13	1 15	1 67	1 69	13.899451491879685
637	1 13	1 15	1 69	1 71	14.921154168711523
638	1 14	1 16	1 17	1 19	-7.99080550551988
639	1 14	1 16	1 19	1 21	-16.808722978513636
640	1 14	1 16	1 21	1 23	154.04821192765928
641	1 14	1 16	1 29	1 31	107.59050121935306
642	1 14	1 16	1 18	1 20	-12.211231158225402
643	1 14	1 16	1 22	1 24	304.78670668774885
644	1 14	1 16	1 24	1 26	-288.20140138824434
645	1 14	1 16	1 26	1 28	-1.4876539057032983
646	1 14	1 16	1 28	1 30	46.37475542657545
647	1 14	1 16	1 30	1 32	129.52603977891687
648	1 14	1 16	1 34	1 36	6.855274067511699
649	1 14	1 16	1 36	1 38	40.81735520628797
650	1 14	1 16	1 35	1 37	18.477689518525736
651	1 14	1 16	1 37	1 39	67.15365553086443
652	1 14	1 16	1 41	1 43	5.412362619156971
653	1 14	1 16	1 43	1 45	19.14479384689666
654	1 14	1 16	1 45	1 47	38.51332949112414
655	1 14	1 16	1 49	1 51	6.1494448977331775
656	1 14	1 16	1 51	1 53	16.134182233363756
657	1 14	1 16	1 53	1 55	26.195863785267456
658	1 14	1 16	1 38	1 40	74.18796062906182
659	1 14	1 16	1 42	1 44	10.902466453454636
660	1 14	1 16	1 44	1 46	29.571895236646856
661	1 14	1 16	1 46	1 48	41.63639911439709
662	1 14	1 16	1 50	1 52	10.703671907451906
663	1 14	1 16	1 52	1 54	20.79167647088913
664	1 14	1 16	1 54	1 56	25.544178208294795
665	1 14	1 16	1 56	1 58	-51.82805138685883
666	1 14	1 16	1 55	1 57	-43.26320114731817
667	1 14	1 16	1 57	1 59	5.689817591751048
668	1 14	1 16	1 59	1 61	12.4815266301049
669	1 14	1 16	1 61	1 63	18.05417053037076
670	1 14	1 16	1 63	1 65	-32.905787814468475
671	1 14	1 16	1 65	1 67	5.4944569298017925
672	1 14	1 16	1 67	1 69	10.557724093551082
673	1 14	1 16	1 69	1 71	12.29025923249469
674	1 14	1 16	1 58	1 60	9.683764798102246
675	1 14	1 16	1 60	1 62	16.006318352147915
676	1 14	1 16	1 62	1 64	15.764089456414295
677	1 14	1 16	1 64	1 66	-37.855671549599606
678	1 14	1 16	1 66	1 68	8.326935564472421
679	1 14	1 16	1 68	1 70	12.396063744989384
680	1 14	1 16	1 70	1 72	10.053201237037548
681	1 15	1 17	1 24	1 26	648.6228267228266
682	1 15	1 17	1 32	1 34	467.99813408298803
683	1 15	1 17	1 31	1 33	528.5341053065795
684	1 15	1 17	1 36	1 38	-150.8331177153359
685	1 15	1 17	1 38	1 40	-99.25915108744489
686	1 15	1 17	1 40	1 42	357.03100324091236
687	1 15	1 17	1 42	1 44	-116.56658506494392
688	1 15	1 17	1 44	1 46	-108.67483398144472
689	1 15	1 17	1 48	1 50	258.91161520136563
690	1 15	1 17	1 50	1 52	-82.37137063658386
691	1 15	1 17	1 52	1 54	-78.82365590161496
692	1 15	1 17	1 41	1 43	-106.23622204985269
693	1 15	1 17	1 43	1 45	-115.88907409165816
694	1 15	1 17	1 45	1 47	-93.49563071430478
695	1 15	1 17	1 47	1 49	256.34072135115224
696	1 15	1 17	1 49	1 51	-68.02728538474861
697	1 15	1 17	1 51	1 53	-84.32807905482323
698	1 15	1 17	1 53	1 55	-73.8703885216704
699	1 15	1 17	1 55	1 57	189.6986945247478
700	1 15	1 17	1 57	1 59	-44.76996539390918
701	1 15	1 17	1 56	1 58	193.25455601947525
702	1 15	1 17	1 58	1 60	-61.49759384095901
703	1 15	1 17	1 60	1 62	-61.4072955118521
704	1 15	1 17	1 62	1 64	-40.914728750032424
705	1 15	1 17	1 64	1 66	146.43857279415917
706	1 15	1 17	1 66	1 68	-45.84214630726175
707	1 15	1 17	1 68	1 70	-48.85901160783889
708	1 15	1 17	1 70	1 72	-30.429600204872976
709	1 15	1 17	1 59	1 61	-62.50737250101143
710	1 15	1 17	1 61	1 63	-55.95059303128059
711	1 15	1 17	1 63	1 65	142.7659866583138
712	1 15	1 17	1 65	1 67	-34.37753365154588
713	1 15	1 17	1 67	1 69	-49.44554495884984
714	1 15	1 17	1 69	1 71	-41.88057895792588
715	1 16	1 18	1 23	1 25	630.8043801484985
716	1 16	1 18	1 31	1 33	474.4975904530252
717	1 16	1 18	1 24	1 26	757.280495379488
718	1 16	1 18	1 32	1 34	490.39816355810615
719	1 16	1 18	1 37	1 39	-161.3579989592866
720	1 16	1 18	1 39	1 41	343.4235137102645
721	1 16	1 18	1 41	1 43	-69.62291105828893
722	1 16	1 18	1 43	1 45	-109.39831617878954
723	1 16	1 18	1 45	1 47	-106.13469087260381
724	1 16	1 18	1 47	1 49	238.25780885780887
725	1 16	1 18	1 49	1 51	-50.57079613403724
726	1 16	1 18	1 51	1 53	-78.9616462976276
727	1 16	1 18	1 53	1 55	-79.68629716291312
728	1 16	1 18	1 55	1 57	178.8412589323245
729	1 16	1 18	1 42	1 44	-94.66180431018216
730	1 16	1 18	1 44	1 46	-113.62541278166277
731	1 16	1 18	1 46	1 48	-90.50121199383494
732	1 16	1 18	1 48	1 50	259.9709977912225
733	1 16	1 18	1 50	1 52	-69.21784796239683
734	1 16	1 18	1 52	1 54	-79.77369450667993
735	1 16	1 18	1 56	1 58	189.32745726495727
736	1 16	1 18	1 58	1 60	-53.023917499707636
737	1 16	1 18	1 57	1 59	-36.18844301989931
738	1 16	1 18	1 59	1 61	-58.01501845812384
739	1 16	1 18	1 61	1 63	-58.74528971989977
740	1 16	1 18	1 63	1 65	135.46369046108157
741	1 16	1 18	1 65	1 67	-29.457738324609572
742	1 16	1 18	1 67	1 69	-46.2050241484102
743	1 16	1 18	1 69	1 71	-42.65098438216124
744	1 16	1 18	1 60	1 62	-60.923379380691685
745	1 16	1 18	1 62	1 64	-44.73272707902235
746	1 16	1 18	1 64	1 66	141.97816829095075
747	1 16	1 18	1 66	1 68	-40.78182471623185
748	1 16	1 18	1 68	1 70	-47.61939254120968
749	1 16	1 18	1 70	1 72	-31.805858618463525
750	1 16	1 18	1 72	1 2	346.8781406522533
751	1 17	1 19	1 18	1 20	199.5813103742414
752	1 17	1 19	1 20	1 22	-40.649249191170405
753	1 17	1 19	1 22	1 24	-9.738958764149132
754	1 17	1 19	1 26	1 28	155.12369273965518
755	1 17	1 19	1 30	1 32	-6.39753885431791
756	1 17	1 19	1 34	1 36	93.06394221513243
757	1 17	1 19	1 36	1 38	8.742257672138926
758	1 17	1 19	1 21	1 23	-17.225984049140536
759	1 17	1 19	1 25	1 27	325.2018258336036
760	1 17	1 19	1 29	1 31	-11.076676856830137
761	1 17	1 19	1 33	1 35	149.97496260187512
762	1 17	1 19	1 35	1 37	38.18402746551503
763	1 17	1 19	1 37	1 39	2.5555666895932063
764	1 17	1 19	1 42	1 44	57.142126907879614
765	1 17	1 19	1 44	1 46	18.39334542620287
766	1 17	1 19	1 46	1 48	5.492573659134203
767	1 17	1 19	1 50	1 52	37.09704500503318
768	1 17	1 19	1 52	1 54	18.240427483991695
769	1 17	1 19	1 54	1 56	7.215469925771887
770	1 17	1 19	1 56	1 58	-54.294370229007626
771	1 17	1 19	1 41	1 43	71.97931186580848
772	1 17	1 19	1 43	1 45	34.5214269432904
773	1 17	1 19	1 45	1 47	9.647051651449171
774	1 17	1 19	1 49	1 51	38.49020269153033
775	1 17	1 19	1 51	1 53	27.05030968765955
776	1 17	1 19	1 53	1 55	12.485886253917336
777	1 17	1 19	1 55	1 57	-61.22172334368541
778	1 17	1 19	1 57	1 59	21.818133827330048
779	1 17	1 19	1 59	1 61	21.18744020106955
780	1 17	1 19	1 58	1 60	25.453291071553938
781	1 17	1 19	1 60	1 62	15.999845543253969
782	1 17	1 19	1 62	1 64	7.050075439529298
783	1 17	1 19	1 64	1 66	-42.68609878561091
784	1 17	1 19	1 66	1 68	17.605466625436364
785	1 17	1 19	1 68	1 70	13.812970102957351
786	1 17	1 19	1 70	1 72	6.601728500494017
787	1 17	1 19	1 61	1 63	11.746988231717111
788	1 17	1 19	1 63	1 65	-46.13736130264196
789	1 17	1 19	1 65	1 67	14.730221161966117
790	1 17	1 19	1 67	1 69	16.573667808006242
791	1 17	1 19	1 69	1 71	10.31429820116267
792	1 18	1 20	1 19	1 21	182.64249736512687
793	1 18	1 20	1 21	1 23	-38.3382936815744
794	1 18	1 20	1 25	1 27	158.71714329231366
795	1 18	1 20	1 27	1 29	133.22155441588643
796	1 18	1 20	1 29	1 31	-16.4190144466782
797	1 18	1 20	1 33	1 35	95.89671684302378
798	1 18	1 20	1 35	1 37	80.23652307077853
799	1 18	1 20	1 37	1 39	11.372352719667605
800	1 18	1 20	1 22	1 24	-17.63025953172153
801	1 18	1 20	1 30	1 32	-10.499716814152686
802	1 18	1 20	1 34	1 36	110.17958519500716
803	1 18	1 20	1 36	1 38	34.13020400535342
804	1 18	1 20	1 38	1 40	5.644999609621152
805	1 18	1 20	1 41	1 43	54.26564859516421
806	1 18	1 20	1 43	1 45	50.0828216832628
807	1 18	1 20	1 45	1 47	18.520521196292574
808	1 18	1 20	1 49	1 51	33.003389449901086
809	1 18	1 20	1 51	1 53	34.18766459061075
810	1 18	1 20	1 53	1 55	19.296328160808542
811	1 18	1 20	1 55	1 57	-70.30161883692315
812	1 18	1 20	1 57	1 59	20.396324751847363
813	1 18	1 20	1 42	1 44	60.364326120352366
814	1 18	1 20	1 44	1 46	32.762457402984
815	1 18	1 20	1 46	1 48	10.373547240994341
816	1 18	1 20	1 50	1 52	38.40738767658949
817	1 18	1 20	1 52	1 54	26.26406323609894
818	1 18	1 20	1 54	1 56	11.729919024264104
819	1 18	1 20	1 56	1 58	-65.79048441631753
820	1 18	1 20	1 58	1 60	26.64918651874287
821	1 18	1 20	1 60	1 62	20.97454253707253
822	1 18	1 20	1 59	1 61	24.854593884568366
823	1 18	1 20	1 61	1 63	16.51066911067133
824	1 18	1 20	1 63	1 65	-53.13068278309404
825	1 18	1 20	1 65	1 67	14.769899114994935
826	1 18	1 20	1 67	1 69	19.061101750581386
827	1 18	1 20	1 69	1 71	13.430974302990302
828	1 18	1 20	1 62	1 64	10.353512407669388
829	1 18	1 20	1 66	1 68	18.888378437294847
830	1 18	1 20	1 68	1 70	17.10223447003633
831	1 18	1 20	1 70	1 72	8.935426802299869
832	1 19	1 21	1 20	1 22	167.16316936095697
833	1 19	1 21	1 22	1 24	-41.58918047169324
834	1 19	1 21	1 26	1 28	127.28104956670529
835	1 19	1 21	1 28	1 30	136.09080478700042
836	1 19	1 21	1 30	1 32	-17.366468597845994
837	1 19	1 21	1 34	1 36	76.54423144019088
838	1 19	1 21	1 36	1 38	80.51225638809791
839	1 19	1 21	1 38	1 40	16.03161633789906
840	1 19	1 21	1 25	1 27	7.8912570069815295
841	1 19	1 21	1 27	1 29	226.85478254205518
842	1 19	1 21	1 29	1 31	5.765250761395032
843	1 19	1 21	1 33	1 35	36.50587389333219
844	1 19	1 21	1 35	1 37	102.40432840004698
845	1 19	1 21	1 37	1 39	39.07005668263723
846	1 19	1 21	1 41	1 43	31.016817730505437
847	1 19	1 21	1 42	1 44	49.15832017667289
848	1 19	1 21	1 44	1 46	50.83797458078189
849	1 19	1 21	1 46	1 48	20.35578765462042
850	1 19	1 21	1 50	1 52	33.661905258220855
851	1 19	1 21	1 52	1 54	34.488392972388645
852	1 19	1 21	1 54	1 56	19.09480001698759
853	1 19	1 21	1 56	1 58	-76.24835477714848
854	1 19	1 21	1 58	1 60	24.750418241882485
855	1 19	1 21	1 43	1 45	58.02274975759356
856	1 19	1 21	1 45	1 47	34.505219650173785
857	1 19	1 21	1 49	1 51	23.61967581384775
858	1 19	1 21	1 51	1 53	37.65279220325092
859	1 19	1 21	1 53	1 55	28.845053197173627
860	1 19	1 21	1 55	1 57	-76.34129516198797
861	1 19	1 21	1 57	1 59	16.77329803739876
862	1 19	1 21	1 59	1 61	26.319289646405885
863	1 19	1 21	1 61	1 63	22.198129929951993
864	1 19	1 21	1 60	1 62	25.603464085920045
865	1 19	1 21	1 62	1 64	14.994021113451321
866	1 19	1 21	1 64	1 66	-58.09286369086685
867	1 19	1 21	1 66	1 68	18.36581460846878
868	1 19	1 21	1 68	1 70	19.856632674780784
869	1 19	1 21	1 70	1 72	11.724382232714245
870	1 19	1 21	1 63	1 65	-57.32651638737991
871	1 19	1 21	1 65	1 67	13.382369626423499
872	1 19	1 21	1 67	1 69	20.198486981331357
873	1 19	1 21	1 69	1 71	16.69753662502601
874	1 20	1 22	1 21	1 23	154.2012190133932
875	1 20	1 22	1 25	1 27	-18.71333829757465
876	1 20	1 22	1 27	1 29	123.17682418623795
877	1 20	1 22	1 29	1 31	128.21478603080902
878	1 20	1 22	1 35	1 37	74.40099936160559
879	1 20	1 22	1 37	1 39	85.81143262002576
880	1 20	1 22	1 26	1 28	-1.0033413337268178
881	1 20	1 22	1 28	1 30	228.32001240455753
882	1 20	1 22	1 34	1 36	28.39733026231007
883	1 20	1 22	1 36	1 38	105.06310884828139
884	1 20	1 22	1 38	1 40	43.263042677828174
885	1 20	1 22	1 42	1 44	30.103042242717574
886	1 20	1 22	1 41	1 43	14.211830346419909
887	1 20	1 22	1 43	1 45	48.6905329291056
888	1 20	1 22	1 45	1 47	51.89885644384563
889	1 20	1 22	1 49	1 51	14.6369753578735
890	1 20	1 22	1 51	1 53	33.78541359641941
891	1 20	1 22	1 53	1 55	36.71701358012388
892	1 20	1 22	1 55	1 57	-74.37461206041777
893	1 20	1 22	1 57	1 59	12.216301703134928
894	1 20	1 22	1 59	1 61	23.924998392722244
895	1 20	1 22	1 44	1 46	58.56729513419512
896	1 20	1 22	1 46	1 48	36.0010731802939
897	1 20	1 22	1 50	1 52	24.690775309667334
898	1 20	1 22	1 52	1 54	37.04125728355851
899	1 20	1 22	1 54	1 56	27.662752695692195
900	1 20	1 22	1 56	1 58	-79.39003831561206
901	1 20	1 22	1 58	1 60	19.981383744041523
902	1 20	1 22	1 60	1 62	26.864134499082667
903	1 20	1 22	1 62	1 64	19.3737047063674
904	1 20	1 22	1 61	1 63	26.07209958430088
905	1 20	1 22	1 63	1 65	-55.75273500535344
906	1 20	1 22	1 65	1 67	10.86001096167
907	1 20	1 22	1 67	1 69	18.938382647398754
908	1 20	1 22	1 69	1 71	18.439437488979017
909	1 20	1 22	1 64	1 66	-59.392752929668546
910	1 20	1 22	1 66	1 68	15.878678550428834
911	1 20	1 22	1 68	1 70	20.341779418925746
912	1 20	1 22	1 70	1 72	13.74335453799836
913	1 21	1 23	1 22	1 24	186.57399888584834
914	1 21	1 23	1 26	1 28	-17.887898084092456
915	1 21	1 23	1 28	1 30	142.0753080852185
916	1 21	1 23	1 30	1 32	127.49582251038856
917	1 21	1 23	1 36	1 38	87.42571807930423
918	1 21	1 23	1 38	1 40	93.65162457690846
919	1 21	1 23	1 29	1 31	249.1630997100906
920	1 21	1 23	1 35	1 37	34.60175807194848
921	1 21	1 23	1 37	1 39	122.33847619618277
922	1 21	1 23	1 41	1 43	7.539370432600377
923	1 21	1 23	1 43	1 45	34.51597198043659
924	1 21	1 23	1 42	1 44	17.939437071107964
925	1 21	1 23	1 44	1 46	54.62735014387483
926	1 21	1 23	1 46	1 48	56.716249159381306
927	1 21	1 23	1 50	1 52	18.027072131874196
928	1 21	1 23	1 52	1 54	35.769398857683086
929	1 21	1 23	1 54	1 56	37.05080136589412
930	1 21	1 23	1 56	1 58	-82.33725108702906
931	1 21	1 23	1 58	1 60	16.168225478793573
932	1 21	1 23	1 60	1 62	26.441876082652502
933	1 21	1 23	1 45	1 47	64.1058572397875
934	1 21	1 23	1 49	1 51	9.834184785865663
935	1 21	1 23	1 51	1 53	28.01043596934266
936	1 21	1 23	1 53	1 55	42.24830487770965
937	1 21	1 23	1 55	1 57	-71.38198526707473
938	1 21	1 23	1 57	1 59	9.35236691843852
939	1 21	1 23	1 59	1 61	21.02429746960868
940	1 21	1 23	1 61	1 63	28.727413178190197
941	1 21	1 23	1 63	1 65	-53.57676198392521
942	1 21	1 23	1 62	1 64	23.66722729212003
943	1 21	1 23	1 64	1 66	-60.40730544097414
944	1 21	1 23	1 66	1 68	13.78627941539224
945	1 21	1 23	1 68	1 70	20.20950303898131
946	1 21	1 23	1 70	1 72	15.542904225927066
947	1 21	1 23	1 65	1 67	9.072781719982864
948	1 21	1 23	1 67	1 69	17.43202577990965
949	1 21	1 23	1 69	1 71	19.56272901573667
950	1 22	1 24	1 25	1 27	-6.411235444681857
951	1 22	1 24	1 27	1 29	-14.915072970990503
952	1 22	1 24	1 29	1 31	156.27473823614616
953	1 22	1 24	1 35	1 37	12.133660718225421
954	1 22	1 24	1 37	1 39	97.60546884805981
955	1 22	1 24	1 41	1 43	4.168012449343229
956	1 22	1 24	1 26	1 28	-10.089741837583176
957	1 22	1 24	1 28	1 30	17.541549317444733
958	1 22	1 24	1 30	1 32	247.62647212600484
959	1 22	1 24	1 36	1 38	44.29649926680055
960	1 22	1 24	1 38	1 40	123.68262821260078
961	1 22	1 24	1 42	1 44	9.98647160293877
962	1 22	1 24	1 44	1 46	37.08352713858277
963	1 22	1 24	1 43	1 45	20.291393834147506
964	1 22	1 24	1 45	1 47	55.16622975105763
965	1 22	1 24	1 49	1 51	6.174809526756089
966	1 22	1 24	1 51	1 53	19.206321284852947
967	1 22	1 24	1 53	1 55	37.06582782736734
968	1 22	1 24	1 55	1 57	-56.140476071794595
969	1 22	1 24	1 57	1 59	6.384589633769181
970	1 22	1 24	1 59	1 61	15.416334879733144
971	1 22	1 24	1 61	1 63	25.12327619494088
972	1 22	1 24	1 46	1 48	65.40949230189511
973	1 22	1 24	1 50	1 52	11.632649364280972
974	1 22	1 24	1 52	1 54	26.924904122670654
975	1 22	1 24	1 54	1 56	38.39111839581156
976	1 22	1 24	1 56	1 58	-70.5006160897329
977	1 22	1 24	1 58	1 60	11.345876053599712
978	1 22	1 24	1 60	1 62	21.097391111259356
979	1 22	1 24	1 62	1 64	22.97210287126926
980	1 22	1 24	1 64	1 66	-50.71042263912239
981	1 22	1 24	1 63	1 65	-42.92699854542556
982	1 22	1 24	1 65	1 67	6.585255080206312
983	1 22	1 24	1 67	1 69	13.462074566381101
984	1 22	1 24	1 69	1 71	16.898525951032838
985	1 22	1 24	1 71	1 1	-82.72952154501445
986	1 22	1 24	1 66	1 68	10.242706714072353
987	1 22	1 24	1 68	1 70	16.459214120605203
988	1 22	1 24	1 70	1 72	14.229855826992392
989	1 23	1 25	1 24	1 26	688.2097673160172
990	1 23	1 25	1 32	1 34	578.7273757026555
991	1 23	1 25	1 40	1 42	446.91789421997754
992	1 23	1 25	1 39	1 41	483.68320687249263
993	1 23	1 25	1 44	1 46	-135.66299160777712
994	1 23	1 25	1 48	1 50	331.675777432312
995	1 23	1 25	1 56	1 58	247.8564978588717
996	1 23	1 25	1 58	1 60	-82.72246803177231
997	1 23	1 25	1 60	1 62	-78.28401957086581
998	1 23	1 25	1 49	1 51	-97.40482275792607
999	1 23	1 25	1 51	1 53	-109.70262267343486
1000	1 23	1 25	1 53	1 55	-91.86240225499324
1001	1 23	1 25	1 55	1 57	248.74996255478825
1002	1 23	1 25	1 57	1 59	-62.18972829302288
1003	1 23	1 25	1 59	1 61	-82.20959542693217
1004	1 23	1 25	1 61	1 63	-70.38447756216652
1005	1 23	1 25	1 63	1 65	187.00625139774124
1006	1 23	1 25	1 65	1 67	-46.75901820270924
1007	1 23	1 25	1 64	1 66	189.61865022479196
1008	1 23	1 25	1 66	1 68	-61.37497014527606
1009	1 23	1 25	1 68	1 70	-63.06826148082399
1010	1 23	1 25	1 70	1 72	-38.38580453463005
1011	1 23	1 25	1 67	1 69	-64.74352984300222
1012	1 23	1 25	1 69	1 71	-53.15696385736049
1013	1 23	1 25	1 71	1 1	322.76497603169565
1014	1 24	1 26	1 33	1 35	-106.17626805270294
1015	1 24	1 26	1 39	1 41	432.6959785550114
1016	1 24	1 26	1 32	1 34	674.2044860813704
1017	1 24	1 26	1 40	1 42	468.30131569348544
1018	1 24	1 26	1 45	1 47	-135.8473229323429
1019	1 24	1 26	1 47	1 49	306.2706125124172
1020	1 24	1 26	1 49	1 51	-62.542839936817735
1021	1 24	1 26	1 51	1 53	-103.55989580384829
1022	1 24	1 26	1 53	1 55	-103.17906292282314
1023	1 24	1 26	1 55	1 57	228.89736695624515
1024	1 24	1 26	1 57	1 59	-45.46098080469733
1025	1 24	1 26	1 59	1 61	-75.06917517313936
1026	1 24	1 26	1 61	1 63	-75.80178070063909
1027	1 24	1 26	1 63	1 65	174.1400288917594
1028	1 24	1 26	1 50	1 52	-89.83973017639015
1029	1 24	1 26	1 52	1 54	-103.33811841622239
1030	1 24	1 26	1 56	1 58	244.7478347458352
1031	1 24	1 26	1 58	1 60	-68.32341448700419
1032	1 24	1 26	1 60	1 62	-78.84646539702885
1033	1 24	1 26	1 62	1 64	-57.87886581753607
1034	1 24	1 26	1 64	1 66	183.27123146476276
1035	1 24	1 26	1 66	1 68	-52.360941060039686
1036	1 24	1 26	1 65	1 67	-37.57983307120946
1037	1 24	1 26	1 67	1 69	-59.750068570773145
1038	1 24	1 26	1 69	1 71	-55.22100831139267
1039	1 24	1 26	1 71	1 1	285.3132637277649
1040	1 24	1 26	1 68	1 70	-61.701081411956736
1041	1 24	1 26	1 70	1 72	-41.21648239933567
1042	1 24	1 26	1 72	1 2	253.72932399354198
1043	1 25	1 27	1 26	1 28	191.48864007227507
1044	1 25	1 27	1 28	1 30	-57.37585141014806
1045	1 25	1 27	1 30	1 32	-8.107657041761684
1046	1 25	1 27	1 34	1 36	138.66533125236236
1047	1 25	1 27	1 36	1 38	-23.89712895594169
1048	1 25	1 27	1 38	1 40	-4.064319461772902
1049	1 25	1 27	1 42	1 44	88.36908547023727
1050	1 25	1 27	1 44	1 46	7.532830075880389
1051	1 25	1 27	1 29	1 31	-19.676612013364654
1052	1 25	1 27	1 33	1 35	320.30661387299983
1053	1 25	1 27	1 37	1 39	-11.702179353079496
1054	1 25	1 27	1 41	1 43	136.4706821293409
1055	1 25	1 27	1 43	1 45	32.908914965745396
1056	1 25	1 27	1 45	1 47	1.0543238188004336
1057	1 25	1 27	1 50	1 52	57.016192723035935
1058	1 25	1 27	1 52	1 54	16.91323268067107
1059	1 25	1 27	1 54	1 56	4.063984363970809
1060	1 25	1 27	1 58	1 60	38.22933083658822
1061	1 25	1 27	1 60	1 62	17.808404549010795
1062	1 25	1 27	1 62	1 64	5.897716555459532
1063	1 25	1 27	1 64	1 66	-54.22527136934036
1064	1 25	1 27	1 49	1 51	67.51702855499786
1065	1 25	1 27	1 51	1 53	32.58487684692479
1066	1 25	1 27	1 53	1 55	9.106007123189855
1067	1 25	1 27	1 55	1 57	-81.99603796414215
1068	1 25	1 27	1 57	1 59	35.81095799784754
1069	1 25	1 27	1 59	1 61	28.06179629228665
1070	1 25	1 27	1 61	1 63	11.249702730312112
1071	1 25	1 27	1 63	1 65	-61.82559143166414
1072	1 25	1 27	1 65	1 67	22.81720669566593
1073	1 25	1 27	1 67	1 69	22.237996954451127
1074	1 25	1 27	1 66	1 68	25.743139634632396
1075	1 25	1 27	1 68	1 70	16.839269782041647
1076	1 25	1 27	1 70	1 72	6.83896233381542
1077	1 25	1 27	1 69	1 71	11.470098249615326
1078	1 26	1 28	1 27	1 29	158.0570234973091
1079	1 26	1 28	1 29	1 31	-48.213008475893794
1080	1 26	1 28	1 33	1 35	138.41520377430874
1081	1 26	1 28	1 35	1 37	118.07721313126953
1082	1 26	1 28	1 37	1 39	-20.47615474251788
1083	1 26	1 28	1 41	1 43	81.34582578899094
1084	1 26	1 28	1 43	1 45	71.40972510355206
1085	1 26	1 28	1 30	1 32	-15.926687950252045
1086	1 26	1 28	1 34	1 36	235.5271681849661
1087	1 26	1 28	1 42	1 44	101.40109755570234
1088	1 26	1 28	1 44	1 46	28.89580408611313
1089	1 26	1 28	1 49	1 51	49.01976009456298
1090	1 26	1 28	1 51	1 53	46.68017923798349
1091	1 26	1 28	1 53	1 55	16.833671076057435
1092	1 26	1 28	1 57	1 59	29.445208364532377
1093	1 26	1 28	1 59	1 61	33.37616758430919
1094	1 26	1 28	1 61	1 63	17.064490163399363
1095	1 26	1 28	1 63	1 65	-67.83127152117795
1096	1 26	1 28	1 65	1 67	20.658971029644867
1097	1 26	1 28	1 50	1 52	57.860634869613534
1098	1 26	1 28	1 52	1 54	29.515715858861633
1099	1 26	1 28	1 54	1 56	7.748875536502975
1100	1 26	1 28	1 58	1 60	38.10149173778307
1101	1 26	1 28	1 60	1 62	24.962629211608608
1102	1 26	1 28	1 62	1 64	9.278949036898176
1103	1 26	1 28	1 64	1 66	-62.74344326229411
1104	1 26	1 28	1 66	1 68	25.950588640680635
1105	1 26	1 28	1 68	1 70	20.903127871379787
1106	1 26	1 28	1 67	1 69	25.097739478138664
1107	1 26	1 28	1 69	1 71	15.237852899658478
1108	1 26	1 28	1 70	1 72	9.37787737587103
1109	1 27	1 29	1 28	1 30	175.15724508627255
1110	1 27	1 29	1 30	1 32	-49.94581440294763
1111	1 27	1 29	1 34	1 36	123.04900658292
1112	1 27	1 29	1 36	1 38	122.32990786623961
1113	1 27	1 29	1 42	1 44	75.09320413085237
1114	1 27	1 29	1 44	1 46	74.43716016552048
1115	1 27	1 29	1 33	1 35	-5.849967249868815
1116	1 27	1 29	1 35	1 37	226.3944265088929
1117	1 27	1 29	1 41	1 43	28.806369442445998
1118	1 27	1 29	1 43	1 45	100.34045300053688
1119	1 27	1 29	1 45	1 47	31.833417965015393
1120	1 27	1 29	1 49	1 51	28.98736630622647
1121	1 27	1 29	1 50	1 52	48.7923552573351
1122	1 27	1 29	1 52	1 54	48.952988791900495
1123	1 27	1 29	1 54	1 56	17.269643276128406
1124	1 27	1 29	1 58	1 60	34.8661701841957
1125	1 27	1 29	1 60	1 62	34.99211930765978
1126	1 27	1 29	1 62	1 64	16.33943487658625
1127	1 27	1 29	1 64	1 66	-75.93624531412729
1128	1 27	1 29	1 66	1 68	25.33793985802113
1129	1 27	1 29	1 51	1 53	57.349123288131224
1130	1 27	1 29	1 53	1 55	33.60016484421685
1131	1 27	1 29	1 57	1 59	22.10299473589609
1132	1 27	1 29	1 59	1 61	37.717408679855666
1133	1 27	1 29	1 61	1 63	27.537815513887924
1134	1 27	1 29	1 63	1 65	-76.65602441581196
1135	1 27	1 29	1 65	1 67	18.0354123628031
1136	1 27	1 29	1 67	1 69	27.890653310639376
1137	1 27	1 29	1 69	1 71	21.320459053246122
1138	1 27	1 29	1 68	1 70	26.64232496957324
1139	1 27	1 29	1 70	1 72	14.130155477635185
1140	1 28	1 30	1 29	1 31	173.56817798878868
1141	1 28	1 30	1 33	1 35	-24.17812599783727
1142	1 28	1 30	1 35	1 37	125.05424768556341
1143	1 28	1 30	1 37	1 39	135.50287695019472
1144	1 28	1 30	1 41	1 43	4.91307037720753
1145	1 28	1 30	1 43	1 45	78.67464023674279
1146	1 28	1 30	1 45	1 47	81.58442857627031
1147	1 28	1 30	1 36	1 38	234.25416396340452
1148	1 28	1 30	1 38	1 40	11.591283853215447
1149	1 28	1 30	1 42	1 44	33.03753447419281
1150	1 28	1 30	1 44	1 46	105.06226480451537
1151	1 28	1 30	1 46	1 48	39.775047372935646
1152	1 28	1 30	1 50	1 52	32.29338131657661
1153	1 28	1 30	1 49	1 51	14.756249455702086
1154	1 28	1 30	1 51	1 53	52.119105838447794
1155	1 28	1 30	1 53	1 55	56.208299627693115
1156	1 28	1 30	1 57	1 59	15.149179324249488
1157	1 28	1 30	1 59	1 61	35.59177455540649
1158	1 28	1 30	1 61	1 63	39.162175014495226
1159	1 28	1 30	1 63	1 65	-81.13722515919741
1160	1 28	1 30	1 65	1 67	14.62914493838131
1161	1 28	1 30	1 67	1 69	27.71104869124227
1162	1 28	1 30	1 52	1 54	60.13906990645378
1163	1 28	1 30	1 54	1 56	37.13115369789667
1164	1 28	1 30	1 58	1 60	27.540588254896008
1165	1 28	1 30	1 60	1 62	41.3667448150115
1166	1 28	1 30	1 62	1 64	27.405387460384837
1167	1 28	1 30	1 66	1 68	22.42149764338398
1168	1 28	1 30	1 68	1 70	30.3787928174551
1169	1 28	1 30	1 70	1 72	19.935763520819904
1170	1 28	1 30	1 69	1 71	27.354115429804835
1171	1 28	1 30	1 71	1 1	-124.55353700484325
1172	1 29	1 31	1 30	1 32	191.17852852783747
1173	1 29	1 31	1 36	1 38	126.59378625148456
1174	1 29	1 31	1 38	1 40	162.47147968288795
1175	1 29	1 31	1 44	1 46	80.32311629997625
1176	1 29	1 31	1 46	1 48	94.62023230912446
1177	1 29	1 31	1 33	1 35	-12.213634980924844
1178	1 29	1 31	1 37	1 39	254.9288727203653
1179	1 29	1 31	1 43	1 45	32.396730589232135
1180	1 29	1 31	1 45	1 47	111.44486423285338
1181	1 29	1 31	1 49	1 51	6.449100966853903
1182	1 29	1 31	1 51	1 53	33.09377928230258
1183	1 29	1 31	1 50	1 52	16.251111709252648
1184	1 29	1 31	1 52	1 54	51.06900805575471
1185	1 29	1 31	1 54	1 56	59.67064988425034
1186	1 29	1 31	1 58	1 60	17.724775251439674
1187	1 29	1 31	1 60	1 62	37.43442963408706
1188	1 29	1 31	1 62	1 64	36.90465838449893
1189	1 29	1 31	1 64	1 66	-84.54120500566174
1190	1 29	1 31	1 66	1 68	16.60984192306138
1191	1 29	1 31	1 68	1 70	28.204997954471022
1192	1 29	1 31	1 53	1 55	67.12706252255037
1193	1 29	1 31	1 57	1 59	9.012895255325873
1194	1 29	1 31	1 59	1 61	26.26587557453738
1195	1 29	1 31	1 61	1 63	43.51740357254592
1196	1 29	1 31	1 63	1 65	-72.4410626644383
1197	1 29	1 31	1 65	1 67	10.278454981223193
1198	1 29	1 31	1 67	1 69	22.6724516320171
1199	1 29	1 31	1 69	1 71	28.643753278619172
1200	1 29	1 31	1 70	1 72	23.378449505260114
1201	1 30	1 32	1 33	1 35	-4.923187483186431
1202	1 30	1 32	1 35	1 37	-19.735845205877077
1203	1 30	1 32	1 37	1 39	143.36458068010063
1204	1 30	1 32	1 43	1 45	9.26843100653165
1205	1 30	1 32	1 45	1 47	80.56003561698196
1206	1 30	1 32	1 34	1 36	-10.268206886345869
1207	1 30	1 32	1 38	1 40	258.29890763603186
1208	1 30	1 32	1 44	1 46	34.639264813440704
1209	1 30	1 32	1 46	1 48	117.60835590938393
1210	1 30	1 32	1 50	1 52	7.911431343426576
1211	1 30	1 32	1 52	1 54	30.60005424117542
1212	1 30	1 32	1 51	1 53	17.058294454966436
1213	1 30	1 32	1 53	1 55	53.05640929914922
1214	1 30	1 32	1 57	1 59	5.180681397616219
1215	1 30	1 32	1 59	1 61	16.012601452782093
1216	1 30	1 32	1 61	1 63	35.194547378053564
1217	1 30	1 32	1 63	1 65	-52.31546789280221
1218	1 30	1 32	1 65	1 67	6.481240897633865
1219	1 30	1 32	1 67	1 69	15.377836517842969
1220	1 30	1 32	1 69	1 71	23.043341012758898
1221	1 30	1 32	1 54	1 56	63.090881074687545
1222	1 30	1 32	1 58	1 60	10.272953789355164
1223	1 30	1 32	1 60	1 62	25.85961704560486
1224	1 30	1 32	1 62	1 64	35.52690458018536
1225	1 30	1 32	1 66	1 68	10.719129999652663
1226	1 30	1 32	1 68	1 70	20.727625523545044
1227	1 30	1 32	1 70	1 72	20.685946794789928
1228	1 31	1 33	1 32	1 34	692.1012187685162
1229	1 31	1 33	1 40	1 42	595.2960551591941
1230	1 31	1 33	1 48	1 50	447.55688623556745
1231	1 31	1 33	1 39	1 41	707.3318307522125
1232	1 31	1 33	1 41	1 43	-265.1715507095489
1233	1 31	1 33	1 47	1 49	468.0386430678466
1234	1 31	1 33	1 52	1 54	-134.2062119050523
1235	1 31	1 33	1 56	1 58	340.63107613107616
1236	1 31	1 33	1 58	1 60	-121.72298798381831
1237	1 31	1 33	1 60	1 62	-106.84739798733321
1238	1 31	1 33	1 62	1 64	-65.953366795502
1239	1 31	1 33	1 64	1 66	262.5257564761004
1240	1 31	1 33	1 66	1 68	-88.8152726602906
1241	1 31	1 33	1 68	1 70	-86.72440647843874
1242	1 31	1 33	1 70	1 72	-51.2463418094551
1243	1 31	1 33	1 55	1 57	345.13833855799373
1244	1 31	1 33	1 63	1 65	262.4725346736226
1245	1 31	1 33	1 71	1 1	218.39673269748107
1246	1 31	1 33	1 72	1 2	184.83496426140232
1247	1 32	1 34	1 47	1 49	420.81068042783795
1248	1 32	1 34	1 49	1 51	-82.03750357787933
1249	1 32	1 34	1 48	1 50	466.47252910350915
1250	1 32	1 34	1 53	1 55	-141.8198715251106
1251	1 32	1 34	1 55	1 57	318.98652604175135
1252	1 32	1 34	1 57	1 59	-61.88119843981696
1253	1 32	1 34	1 59	1 61	-106.94896430943717
1254	1 32	1 34	1 61	1 63	-105.36698046519012
1255	1 32	1 34	1 63	1 65	240.59417599948478
1256	1 32	1 34	1 65	1 67	-51.72803509380334
1257	1 32	1 34	1 67	1 69	-83.88990868392814
1258	1 32	1 34	1 69	1 71	-76.82600313509587
1259	1 32	1 34	1 71	1 1	198.45060168989315
1260	1 32	1 34	1 56	1 58	340.61896135265704
1261	1 32	1 34	1 58	1 60	-97.06154924018156
1262	1 32	1 34	1 60	1 62	-110.40085090585089
1263	1 32	1 34	1 64	1 66	256.2535635635636
1264	1 32	1 34	1 66	1 68	-73.503487993488
1265	1 32	1 34	1 68	1 70	-86.20365237253168
1266	1 32	1 34	1 70	1 72	-57.28178903573176
1267	1 32	1 34	1 72	1 2	184.7004318062138
1268	1 33	1 35	1 34	1 36	179.22636048386946
1269	1 33	1 35	1 36	1 38	-62.274219795992146
1270	1 33	1 35	1 38	1 40	-9.531817025019386
1271	1 33	1 35	1 42	1 44	143.48208280388815
1272	1 33	1 35	1 44	1 46	-26.32759447391291
1273	1 33	1 35	1 46	1 48	-7.777060264060848
1274	1 33	1 35	1 50	1 52	95.40590512457001
1275	1 33	1 35	1 52	1 54	5.282373677774185
1276	1 33	1 35	1 37	1 39	-22.951391996069837
1277	1 33	1 35	1 41	1 43	311.4340815860328
1278	1 33	1 35	1 45	1 47	-15.019279223760396
1279	1 33	1 35	1 49	1 51	136.50344359869513
1280	1 33	1 35	1 51	1 53	31.905464391616828
1281	1 33	1 35	1 58	1 60	62.66603099748692
1282	1 33	1 35	1 60	1 62	16.382236421788797
1283	1 33	1 35	1 62	1 64	2.256080766260223
1284	1 33	1 35	1 66	1 68	40.9496892717264
1285	1 33	1 35	1 68	1 70	19.869097639311732
1286	1 33	1 35	1 70	1 72	5.888465800846248
1287	1 33	1 35	1 57	1 59	66.7615858037127
1288	1 33	1 35	1 59	1 61	37.205259035300514
1289	1 33	1 35	1 61	1 63	6.986399564971846
1290	1 33	1 35	1 63	1 65	-87.94485522408817
1291	1 33	1 35	1 65	1 67	39.59190777003181
1292	1 33	1 35	1 67	1 69	31.263289117415262
1293	1 33	1 35	1 69	1 71	11.520895417943555
1294	1 34	1 36	1 35	1 37	178.13986380303822
1295	1 34	1 36	1 37	1 39	-63.833552492756155
1296	1 34	1 36	1 41	1 43	137.93992181379295
1297	1 34	1 36	1 43	1 45	126.43468533373337
1298	1 34	1 36	1 45	1 47	-24.15098890076758
1299	1 34	1 36	1 49	1 51	86.87096182557842
1300	1 34	1 36	1 51	1 53	79.12174484740996
1301	1 34	1 36	1 53	1 55	7.5901871694759695
1302	1 34	1 36	1 38	1 40	-21.60404059244903
1303	1 34	1 36	1 42	1 44	241.34231448774503
1304	1 34	1 36	1 46	1 48	-14.271422227388339
1305	1 34	1 36	1 50	1 52	113.02040709823268
1306	1 34	1 36	1 52	1 54	32.64541532487226
1307	1 34	1 36	1 57	1 59	51.34020622321776
1308	1 34	1 36	1 59	1 61	55.17403750449256
1309	1 34	1 36	1 61	1 63	16.97088438610086
1310	1 34	1 36	1 65	1 67	35.02989636495347
1311	1 34	1 36	1 67	1 69	39.8744887315485
1312	1 34	1 36	1 69	1 71	19.00650164616346
1313	1 34	1 36	1 58	1 60	67.82040096330228
1314	1 34	1 36	1 60	1 62	33.144725688172116
1315	1 34	1 36	1 62	1 64	6.213690715989248
1316	1 34	1 36	1 66	1 68	43.641708114249
1317	1 34	1 36	1 68	1 70	29.72640235722716
1318	1 34	1 36	1 70	1 72	10.231397476825741
1319	1 35	1 37	1 36	1 38	170.20389679725213
1320	1 35	1 37	1 38	1 40	-66.08022669997727
1321	1 35	1 37	1 42	1 44	132.87709382026196
1322	1 35	1 37	1 44	1 46	123.64951609496622
1323	1 35	1 37	1 46	1 48	-27.822938434477315
1324	1 35	1 37	1 50	1 52	82.54468697512874
1325	1 35	1 37	1 52	1 54	81.05625866943817
1326	1 35	1 37	1 43	1 45	237.60189584762784
1327	1 35	1 37	1 49	1 51	31.858843555288637
1328	1 35	1 37	1 51	1 53	109.65643631748961
1329	1 35	1 37	1 53	1 55	34.5517225744525
1330	1 35	1 37	1 57	1 59	31.106538072361246
1331	1 35	1 37	1 58	1 60	56.786840784814714
1332	1 35	1 37	1 60	1 62	54.954612838170334
1333	1 35	1 37	1 62	1 64	14.994797224004554
1334	1 35	1 37	1 66	1 68	40.06227554959635
1335	1 35	1 37	1 68	1 70	40.43213021898196
1336	1 35	1 37	1 70	1 72	17.27920246065588
1337	1 35	1 37	1 59	1 61	64.1210686052152
1338	1 35	1 37	1 61	1 63	35.27661945016443
1339	1 35	1 37	1 65	1 67	26.950049234749073
1340	1 35	1 37	1 67	1 69	44.26149707037976
1341	1 35	1 37	1 69	1 71	29.39855228498118
1342	1 36	1 38	1 37	1 39	173.93174235416055
1343	1 36	1 38	1 41	1 43	-26.728512817281555
1344	1 36	1 38	1 43	1 45	131.93263870329912
1345	1 36	1 38	1 45	1 47	127.44818386559612
1346	1 36	1 38	1 49	1 51	5.151843854817335
1347	1 36	1 38	1 51	1 53	84.37356542198296
1348	1 36	1 38	1 53	1 55	85.46420774048998
1349	1 36	1 38	1 44	1 46	237.53650398500656
1350	1 36	1 38	1 50	1 52	34.46039748236602
1351	1 36	1 38	1 52	1 54	108.65621349080097
1352	1 36	1 38	1 54	1 56	34.28509111109625
1353	1 36	1 38	1 58	1 60	35.38046352846399
1354	1 36	1 38	1 57	1 59	15.328801090501017
1355	1 36	1 38	1 59	1 61	53.95374203940446
1356	1 36	1 38	1 61	1 63	58.230726233346886
1357	1 36	1 38	1 65	1 67	18.248768337385336
1358	1 36	1 38	1 67	1 69	40.492972372777785
1359	1 36	1 38	1 69	1 71	39.66131215231978
1360	1 36	1 38	1 71	1 1	-115.00612920800596
1361	1 36	1 38	1 60	1 62	66.40620106215218
1362	1 36	1 38	1 62	1 64	32.94860114746275
1363	1 36	1 38	1 66	1 68	30.37344763513733
1364	1 36	1 38	1 68	1 70	45.33720476269672
1365	1 36	1 38	1 70	1 72	26.620855355863807
1366	1 37	1 39	1 38	1 40	200.87010131756944
1367	1 37	1 39	1 42	1 44	-27.237025695653873
1368	1 37	1 39	1 44	1 46	132.22818287580526
1369	1 37	1 39	1 46	1 48	143.9757625074874
1370	1 37	1 39	1 50	1 52	4.080123327056583
1371	1 37	1 39	1 52	1 54	78.73830140919753
1372	1 37	1 39	1 56	1 58	-161.93124359226056
1373	1 37	1 39	1 41	1 43	-16.368148965707164
1374	1 37	1 39	1 43	1 45	-6.428317446960676
1375	1 37	1 39	1 45	1 47	243.78685152211156
1376	1 37	1 39	1 51	1 53	32.57671485835058
1377	1 37	1 39	1 53	1 55	119.1206088056185
1378	1 37	1 39	1 57	1 59	5.276610444712844
1379	1 37	1 39	1 59	1 61	30.863909552308826
1380	1 37	1 39	1 58	1 60	15.23524071766273
1381	1 37	1 39	1 60	1 62	55.607667175373365
1382	1 37	1 39	1 62	1 64	57.81374341513659
1383	1 37	1 39	1 66	1 68	18.47572438527162
1384	1 37	1 39	1 68	1 70	40.44896826731703
1385	1 37	1 39	1 70	1 72	35.7121189177651
1386	1 37	1 39	1 61	1 63	70.01527207461943
1387	1 37	1 39	1 65	1 67	10.041436065951803
1388	1 37	1 39	1 67	1 69	28.99570506168569
1389	1 37	1 39	1 69	1 71	43.341228085625886
1390	1 38	1 40	1 41	1 43	-8.987684776132056
1391	1 38	1 40	1 43	1 45	-31.449637075875767
1392	1 38	1 40	1 45	1 47	129.46298490251866
1393	1 38	1 40	1 49	1 51	-4.465405614158854
1394	1 38	1 40	1 53	1 55	84.16476119198751
1395	1 38	1 40	1 42	1 44	-17.555078301889345
1396	1 38	1 40	1 46	1 48	273.3690362129614
1397	1 38	1 40	1 50	1 52	-5.078601524229654
1398	1 38	1 40	1 52	1 54	24.579687193766713
1399	1 38	1 40	1 54	1 56	124.73379081640829
1400	1 38	1 40	1 58	1 60	3.486689417271214
1401	1 38	1 40	1 60	1 62	29.494506827524084
1402	1 38	1 40	1 59	1 61	10.80289559986785
1403	1 38	1 40	1 61	1 63	54.05305687947572
1404	1 38	1 40	1 65	1 67	4.108161794319034
1405	1 38	1 40	1 67	1 69	15.31951884022026
1406	1 38	1 40	1 69	1 71	34.04162412039114
1407	1 38	1 40	1 71	1 1	-48.24865471733868
1408	1 38	1 40	1 62	1 64	64.42764937461588
1409	1 38	1 40	1 66	1 68	8.330860662129059
1410	1 38	1 40	1 68	1 70	26.063407501940958
1411	1 38	1 40	1 70	1 72	34.25974072075772
1412	1 39	1 41	1 40	1 42	693.1439071220907
1413	1 39	1 41	1 48	1 50	597.5207250169539
1414	1 39	1 41	1 56	1 58	465.50458555611226
1415	1 39	1 41	1 55	1 57	499.4055282555282
1416	1 39	1 41	1 64	1 66	363.9631197194325
1417	1 39	1 41	1 70	1 72	-66.71262787723785
1418	1 39	1 41	1 72	1 2	163.41810399676095
1419	1 39	1 41	1 63	1 65	370.68317250719485
1420	1 39	1 41	1 71	1 1	169.85046597503077
1421	1 40	1 42	1 47	1 49	577.734755743945
1422	1 40	1 42	1 55	1 57	442.83153158155505
1423	1 40	1 42	1 56	1 58	477.39260259649734
1424	1 40	1 42	1 63	1 65	336.72473153238036
1425	1 40	1 42	1 71	1 1	153.90719271316286
1426	1 40	1 42	1 64	1 66	354.54448856832687
1427	1 40	1 42	1 72	1 2	158.29167570897533
1428	1 41	1 43	1 42	1 44	189.2021438892774
1429	1 41	1 43	1 44	1 46	-58.52287998980121
1430	1 41	1 43	1 46	1 48	-11.796520621330266
1431	1 41	1 43	1 50	1 52	159.9835149814387
1432	1 41	1 43	1 52	1 54	-23.58230771672673
1433	1 41	1 43	1 54	1 56	-8.970279102298912
1434	1 41	1 43	1 58	1 60	107.28966929155234
1435	1 41	1 43	1 60	1 62	8.654915606740444
1436	1 41	1 43	1 45	1 47	-23.983315506822557
1437	1 41	1 43	1 49	1 51	310.459183115482
1438	1 41	1 43	1 53	1 55	-14.511007077095705
1439	1 41	1 43	1 57	1 59	133.7946026930754
1440	1 41	1 43	1 59	1 61	45.437711076285254
1441	1 41	1 43	1 63	1 65	-129.3570601476796
1442	1 41	1 43	1 66	1 68	69.06835807833782
1443	1 41	1 43	1 68	1 70	22.875252248208913
1444	1 41	1 43	1 65	1 67	73.52340594165744
1445	1 41	1 43	1 67	1 69	45.03638092108234
1446	1 41	1 43	1 69	1 71	10.710602601731441
1447	1 42	1 44	1 43	1 45	183.85417681261882
1448	1 42	1 44	1 45	1 47	-63.47834282551368
1449	1 42	1 44	1 49	1 51	153.7159647892149
1450	1 42	1 44	1 51	1 53	134.24671804107862
1451	1 42	1 44	1 53	1 55	-24.039617870919635
1452	1 42	1 44	1 57	1 59	91.28832996894047
1453	1 42	1 44	1 59	1 61	93.89322698956514
1454	1 42	1 44	1 46	1 48	-25.803446555882545
1455	1 42	1 44	1 50	1 52	258.77095006516856
1456	1 42	1 44	1 54	1 56	-17.749270987400134
1457	1 42	1 44	1 58	1 60	131.21738754928526
1458	1 42	1 44	1 60	1 62	35.00347068691349
1459	1 42	1 44	1 65	1 67	60.688032500404894
1460	1 42	1 44	1 67	1 69	64.80938820425814
1461	1 42	1 44	1 69	1 71	20.06140967970206
1462	1 42	1 44	1 66	1 68	76.85938103086406
1463	1 42	1 44	1 68	1 70	39.767829347414974
1464	1 42	1 44	1 70	1 72	8.285593623509747
1465	1 43	1 45	1 44	1 46	163.673317109234
1466	1 43	1 45	1 46	1 48	-65.10147668766817
1467	1 43	1 45	1 50	1 52	132.64399366280554
1468	1 43	1 45	1 52	1 54	131.87139890057563
1469	1 43	1 45	1 54	1 56	-28.788828192071378
1470	1 43	1 45	1 58	1 60	90.28858249903793
1471	1 43	1 45	1 60	1 62	85.55640428998997
1472	1 43	1 45	1 51	1 53	236.46953139135834
1473	1 43	1 45	1 57	1 59	34.406151428317564
1474	1 43	1 45	1 59	1 61	113.46365983057915
1475	1 43	1 45	1 65	1 67	36.907755857499005
1476	1 43	1 45	1 66	1 68	61.46058815366729
1477	1 43	1 45	1 68	1 70	60.232993439215306
1478	1 43	1 45	1 70	1 72	17.774016001444615
1479	1 43	1 45	1 67	1 69	70.59532222956963
1480	1 43	1 45	1 69	1 71	37.82421576970479
1481	1 44	1 46	1 45	1 47	184.3918412398639
1482	1 44	1 46	1 49	1 51	-27.188923899977162
1483	1 44	1 46	1 51	1 53	130.23817303610258
1484	1 44	1 46	1 53	1 55	139.07811856047465
1485	1 44	1 46	1 59	1 61	79.81346839749227
1486	1 44	1 46	1 61	1 63	93.27310964831518
1487	1 44	1 46	1 63	1 65	-161.1119964818728
1488	1 44	1 46	1 52	1 54	233.42766803120685
1489	1 44	1 46	1 54	1 56	2.840374295559094
1490	1 44	1 46	1 58	1 60	32.877149177788496
1491	1 44	1 46	1 60	1 62	117.82135939628053
1492	1 44	1 46	1 62	1 64	35.74912391755163
1493	1 44	1 46	1 66	1 68	36.639749153212406
1494	1 44	1 46	1 65	1 67	17.864675412510216
1495	1 44	1 46	1 67	1 69	58.30503121311519
1496	1 44	1 46	1 69	1 71	60.50290168489618
1497	1 44	1 46	1 68	1 70	70.73200335727913
1498	1 44	1 46	1 70	1 72	36.090799335914014
1499	1 45	1 47	1 46	1 48	182.4664172783738
1500	1 45	1 47	1 50	1 52	-26.059206954641084
1501	1 45	1 47	1 52	1 54	128.55212343582826
1502	1 45	1 47	1 54	1 56	155.85815864340793
1503	1 45	1 47	1 58	1 60	4.88433784480716
1504	1 45	1 47	1 60	1 62	90.20368798422957
1505	1 45	1 47	1 62	1 64	96.08108837594384
1506	1 45	1 47	1 64	1 66	-175.72893138464457
1507	1 45	1 47	1 49	1 51	-16.7156409618622
1508	1 45	1 47	1 53	1 55	263.9946129473799
1509	1 45	1 47	1 57	1 59	-2.2586502493986487
1510	1 45	1 47	1 59	1 61	31.159922856243796
1511	1 45	1 47	1 61	1 63	128.35398902780088
1512	1 45	1 47	1 65	1 67	8.216372076718507
1513	1 45	1 47	1 67	1 69	37.786014657640536
1514	1 45	1 47	1 66	1 68	18.847330617615164
1515	1 45	1 47	1 68	1 70	62.78821703025716
1516	1 45	1 47	1 70	1 72	57.982926650319804
1517	1 45	1 47	1 69	1 71	72.04972342704076
1518	1 46	1 48	1 49	1 51	-9.58091716357751
1519	1 46	1 48	1 51	1 53	-26.83053966573586
1520	1 46	1 48	1 53	1 55	155.25339725222238
1521	1 46	1 48	1 57	1 59	-2.993178542547234
1522	1 46	1 48	1 61	1 63	100.90176499587923
1523	1 46	1 48	1 65	1 67	3.323348626018462
1524	1 46	1 48	1 50	1 52	-17.308184999082087
1525	1 46	1 48	1 54	1 56	301.3650932581345
1526	1 46	1 48	1 58	1 60	-2.9830296993117713
1527	1 46	1 48	1 60	1 62	37.049076595295084
1528	1 46	1 48	1 62	1 64	140.8037235842512
1529	1 46	1 48	1 66	1 68	8.244199828896686
1530	1 46	1 48	1 68	1 70	40.969450864163804
1531	1 46	1 48	1 67	1 69	19.35206017860495
1532	1 46	1 48	1 69	1 71	62.63948563537893
1533	1 46	1 48	1 70	1 72	69.60093595285994
1534	1 47	1 49	1 48	1 50	719.6431783315935
1535	1 47	1 49	1 56	1 58	631.2777901173274
1536	1 47	1 49	1 64	1 66	502.23261862024924
1537	1 47	1 49	1 57	1 59	-243.34459728867623
1538	1 47	1 49	1 63	1 65	531.572103013374
1539	1 47	1 49	1 70	1 72	-87.73746228852704
1540	1 47	1 49	1 72	1 2	201.2725129925264
1541	1 47	1 49	1 71	1 1	192.0797451459216
1542	1 48	1 50	1 55	1 57	635.6262434432942
1543	1 48	1 50	1 63	1 65	495.62417841903186
1544	1 48	1 50	1 58	1 60	-238.23785219592247
1545	1 48	1 50	1 64	1 66	536.338236288886
1546	1 48	1 50	1 71	1 1	186.56444052450442
1547	1 48	1 50	1 72	1 2	215.8614529457226
1548	1 49	1 51	1 50	1 52	217.46634574237436
1549	1 49	1 51	1 52	1 54	-58.609546118213046
1550	1 49	1 51	1 54	1 56	-11.918127299849221
1551	1 49	1 51	1 58	1 60	166.9251750826108
1552	1 49	1 51	1 60	1 62	-20.144006149300907
1553	1 49	1 51	1 62	1 64	-7.379543146533154
1554	1 49	1 51	1 66	1 68	106.6049333401076
1555	1 49	1 51	1 68	1 70	15.123365432881563
1556	1 49	1 51	1 53	1 55	-23.85047992566041
1557	1 49	1 51	1 57	1 59	277.1260015307851
1558	1 49	1 51	1 59	1 61	13.583637768786
1559	1 49	1 51	1 61	1 63	-14.202252676407282
1560	1 49	1 51	1 65	1 67	131.63862861670964
1561	1 49	1 51	1 67	1 69	50.30101293412217
1562	1 50	1 52	1 51	1 53	180.17495401180548
1563	1 50	1 52	1 53	1 55	-61.349543715818044
1564	1 50	1 52	1 57	1 59	156.03895973640675
1565	1 50	1 52	1 59	1 61	153.62254768691076
1566	1 50	1 52	1 61	1 63	-28.633661290995413
1567	1 50	1 52	1 65	1 67	102.89951304474386
1568	1 50	1 52	1 67	1 69	103.63500287099592
1569	1 50	1 52	1 69	1 71	10.95626327686903
1570	1 50	1 52	1 54	1 56	-26.034993606215743
1571	1 50	1 52	1 58	1 60	283.88974463663317
1572	1 50	1 52	1 60	1 62	-5.021999432654428
1573	1 50	1 52	1 62	1 64	-16.069408499200076
1574	1 50	1 52	1 66	1 68	139.6421265942749
1575	1 50	1 52	1 68	1 70	42.692430621765276
1576	1 51	1 53	1 52	1 54	182.45957403327398
1577	1 51	1 53	1 54	1 56	-68.30097610523362
1578	1 51	1 53	1 58	1 60	149.00704537028685
1579	1 51	1 53	1 60	1 62	136.33827791927206
1580	1 51	1 53	1 62	1 64	-30.668691077682418
1581	1 51	1 53	1 66	1 68	99.48155299722083
1582	1 51	1 53	1 68	1 70	93.6666586908132
1583	1 51	1 53	1 70	1 72	8.78251403338843
1584	1 51	1 53	1 57	1 59	2.683027268248612
1585	1 51	1 53	1 59	1 61	253.50038959471584
1586	1 51	1 53	1 65	1 67	44.10476335682033
1587	1 51	1 53	1 67	1 69	126.55229867020009
1588	1 51	1 53	1 69	1 71	40.1945899436563
1589	1 52	1 54	1 53	1 55	169.80776743619316
1590	1 52	1 54	1 57	1 59	-24.722514091200694
1591	1 52	1 54	1 59	1 61	129.03796546391465
1592	1 52	1 54	1 61	1 63	150.9148666533829
1593	1 52	1 54	1 65	1 67	10.459187570637898
1594	1 52	1 54	1 67	1 69	91.61645708022337
1595	1 52	1 54	1 69	1 71	95.84797394127999
1596	1 52	1 54	1 60	1 62	264.38414023385445
1597	1 52	1 54	1 66	1 68	39.46391938414618
1598	1 52	1 54	1 68	1 70	126.47413124413461
1599	1 52	1 54	1 70	1 72	38.79659034468218
1600	1 53	1 55	1 54	1 56	231.959514525553
1601	1 53	1 55	1 58	1 60	-29.69363583396657
1602	1 53	1 55	1 60	1 62	143.53775030145664
1603	1 53	1 55	1 62	1 64	168.59953886949728
1604	1 53	1 55	1 66	1 68	7.595458576835291
1605	1 53	1 55	1 68	1 70	98.38671599506262
1606	1 53	1 55	1 70	1 72	99.98157605564234
1607	1 53	1 55	1 57	1 59	-15.272245748577276
1608	1 53	1 55	1 61	1 63	281.5917762637903
1609	1 53	1 55	1 67	1 69	37.765800145893245
1610	1 53	1 55	1 69	1 71	130.36857692922626
1611	1 54	1 56	1 57	1 59	-7.74144889021467
1612	1 54	1 56	1 59	1 61	-26.767014004428503
1613	1 54	1 56	1 61	1 63	171.83820490276784
1614	1 54	1 56	1 67	1 69	13.292783061950828
1615	1 54	1 56	1 69	1 71	108.55200031569132
1616	1 54	1 56	1 58	1 60	-16.119064148831136
1617	1 54	1 56	1 62	1 64	335.2343434625519
1618	1 54	1 56	1 68	1 70	50.868314275686046
1619	1 54	1 56	1 70	1 72	142.57179087934267
1620	1 55	1 57	1 58	1 60	-351.9621909090663
1621	1 55	1 57	1 60	1 62	-270.81927212424245
1622	1 55	1 57	1 70	1 72	-116.73602161202547
1623	1 55	1 57	1 72	1 2	261.5143153821111
1624	1 55	1 57	1 59	1 61	-276.9347025846832
1625	1 55	1 57	1 61	1 63	-270.2605164116863
1626	1 55	1 57	1 67	1 69	-260.71145292389724
1627	1 55	1 57	1 69	1 71	-189.84013607102736
1628	1 55	1 57	1 71	1 1	239.27543824963755
1629	1 56	1 58	1 57	1 59	-148.06830951935478
1630	1 56	1 58	1 59	1 61	-310.57589506103955
1631	1 56	1 58	1 61	1 63	-301.6727961057562
1632	1 56	1 58	1 65	1 67	-141.6452853102991
1633	1 56	1 58	1 67	1 69	-271.81336901794987
1634	1 56	1 58	1 69	1 71	-233.10456053110113
1635	1 56	1 58	1 71	1 1	254.83170412361162
1636	1 56	1 58	1 60	1 62	-273.37580370113056
1637	1 56	1 58	1 62	1 64	-308.43848188186314
1638	1 56	1 58	1 66	1 68	-273.78636011422634
1639	1 56	1 58	1 68	1 70	-252.7757604472328
1640	1 56	1 58	1 70	1 72	-191.3441503042224
1641	1 57	1 59	1 58	1 60	220.1905372892347
1642	1 57	1 59	1 60	1 62	-57.574945629926034
1643	1 57	1 59	1 62	1 64	-9.140863526488094
1644	1 57	1 59	1 66	1 68	175.63760358658612
1645	1 57	1 59	1 68	1 70	-19.372451386461428
1646	1 57	1 59	1 70	1 72	-6.101225836684131
1647	1 57	1 59	1 61	1 63	-22.01282941826412
1648	1 57	1 59	1 65	1 67	315.8727352779339
1649	1 57	1 59	1 69	1 71	-11.039443856306532
1650	1 58	1 60	1 59	1 61	217.41950439035082
1651	1 58	1 60	1 61	1 63	-69.32817651122005
1652	1 58	1 60	1 65	1 67	179.51798081900375
1653	1 58	1 60	1 67	1 69	171.14463865362737
1654	1 58	1 60	1 69	1 71	-22.177415269201653
1655	1 58	1 60	1 62	1 64	-22.84636733617966
1656	1 58	1 60	1 66	1 68	307.8066699892295
1657	1 58	1 60	1 70	1 72	-12.954742017662273
1658	1 59	1 61	1 60	1 62	168.86965513888993
1659	1 59	1 61	1 62	1 64	-59.70981491303023
1660	1 59	1 61	1 66	1 68	171.99680605510548
1661	1 59	1 61	1 68	1 70	151.74761428132973
1662	1 59	1 61	1 70	1 72	-21.298779367578675
1663	1 59	1 61	1 67	1 69	287.8578646019327
1664	1 60	1 62	1 61	1 63	231.3054723062569
1665	1 60	1 62	1 65	1 67	-20.546448751472347
1666	1 60	1 62	1 67	1 69	149.11320068831924
1667	1 60	1 62	1 69	1 71	173.43913813115705
1668	1 60	1 62	1 68	1 70	290.91742150901666
1669	1 60	1 62	1 70	1 72	9.583444062944874
1670	1 61	1 63	1 62	1 64	208.75199936295647
1671	1 61	1 63	1 66	1 68	-23.1166946138103
1672	1 61	1 63	1 68	1 70	180.15589866619842
1673	1 61	1 63	1 70	1 72	167.1503827961987
1674	1 61	1 63	1 65	1 67	-12.379255752674645
1675	1 61	1 63	1 67	1 69	7.536867841927771
1676	1 61	1 63	1 69	1 71	300.67173588635137
1677	1 62	1 64	1 65	1 67	-6.279016196344477
1678	1 62	1 64	1 67	1 69	-17.92154329299749
1679	1 62	1 64	1 69	1 71	170.62249657235537
1680	1 62	1 64	1 66	1 68	-11.65419600503812
1681	1 62	1 64	1 68	1 70	12.718029834756818
1682	1 62	1 64	1 70	1 72	322.22265112769617
1683	1 63	1 65	1 66	1 68	-399.5841485832334
1684	1 63	1 65	1 68	1 70	-332.14359308066787
1685	1 63	1 65	1 70	1 72	-146.15728995676386
1686	1 63	1 65	1 67	1 69	-338.61401864082893
1687	1 63	1 65	1 69	1 71	-303.0926007902573
1688	1 64	1 66	1 65	1 67	-167.05073052380246
1689	1 64	1 66	1 67	1 69	-369.7464439372105
1690	1 64	1 66	1 69	1 71	-338.0991072108093
1691	1 64	1 66	1 68	1 70	-335.1206992632644
1692	1 64	1 66	1 70	1 72	-326.5565556767857
1693	1 65	1 67	1 66	1 68	249.0512378149004
1694	1 65	1 67	1 68	1 70	-60.05306625405355
1695	1 65	1 67	1 70	1 72	-12.079549923930376
1696	1 65	1 67	1 69	1 71	-24.34924179868274
1697	1 66	1 68	1 67	1 69	233.75889152103235
1698	1 66	1 68	1 69	1 71	-62.30533823780079
1699	1 67	1 69	1 68	1 70	222.4390897170331
1700	1 67	1 69	1 70	1 72	-58.14762253733107
1701	1 68	1 70	1 69	1 71	251.7779990975858
1702	1 69	1 71	1 70	1 72	245.8402278531517
1703	1 71	1 1	1 72	1 2	1556.6275304119572
