2268
1	1 1	1 3	1 4	1 6	-208.19690068149248
2	1 1	1 3	1 6	1 8	-41.654183226120246
3	1 1	1 3	1 8	1 10	-214.20835209665313
4	1 1	1 3	1 10	1 12	270.97564376812636
5	1 1	1 3	1 14	1 16	-21.81555969645109
6	1 1	1 3	1 16	1 18	-168.84186841378866
7	1 1	1 3	1 18	1 20	156.1936003582522
8	1 1	1 3	1 5	1 7	-81.47782334967248
9	1 1	1 3	1 9	1 11	510.8496041993084
10	1 1	1 3	1 11	1 13	20.48139429848512
11	1 1	1 3	1 13	1 15	-30.64936319965635
12	1 1	1 3	1 15	1 17	-296.0479352057886
13	1 1	1 3	1 17	1 19	221.23412445520725
14	1 1	1 3	1 19	1 21	66.78869520645975
15	1 1	1 3	1 23	1 25	-191.89342409484453
16	1 1	1 3	1 22	1 24	-10.074369520306934
17	1 1	1 3	1 24	1 26	-128.39012699757882
18	1 1	1 3	1 26	1 28	88.99266495354655
19	1 1	1 3	1 32	1 34	-93.21739076715588
20	1 1	1 3	1 34	1 36	52.70227210539048
21	1 1	1 3	1 40	1 42	-70.62014231249589
22	1 1	1 3	1 25	1 27	117.133102870893
23	1 1	1 3	1 27	1 29	54.29181189829626
24	1 1	1 3	1 31	1 33	-129.49224976087356
25	1 1	1 3	1 33	1 35	64.23746425950813
26	1 1	1 3	1 35	1 37	38.900184970784665
27	1 1	1 3	1 39	1 41	-84.54382208447456
28	1 1	1 3	1 41	1 43	34.70025639044455
29	1 1	1 3	1 43	1 45	27.73185830868703
30	1 1	1 3	1 42	1 44	33.71428761242783
31	1 1	1 3	1 44	1 46	19.96600882505927
32	1 1	1 3	1 48	1 50	-53.18945195201446
33	1 1	1 3	1 50	1 52	23.194682304318057
34	1 1	1 3	1 52	1 54	16.3966616939228
35	1 1	1 3	1 54	1 56	6.817336326618911
36	1 1	1 3	1 56	1 58	-41.29217887369903
37	1 1	1 3	1 58	1 60	17.3083556026024
38	1 1	1 3	1 60	1 62	13.319951816424254
39	1 1	1 3	1 45	1 47	12.04694192287884
40	1 1	1 3	1 47	1 49	-58.025330454520216
41	1 1	1 3	1 49	1 51	19.54634074024746
42	1 1	1 3	1 51	1 53	21.137022818757632
43	1 1	1 3	1 53	1 55	11.580029391849141
44	1 1	1 3	1 55	1 57	-43.2014150949595
45	1 1	1 3	1 57	1 59	11.861931145607247
46	1 1	1 3	1 59	1 61	16.47489828862493
47	1 1	1 3	1 61	1 63	10.031870986262815
48	1 1	1 3	1 63	1 65	-33.58895291721244
49	1 1	1 3	1 62	1 64	6.012609451424849
50	1 1	1 3	1 64	1 66	-32.99142706849334
51	1 1	1 3	1 66	1 68	13.179585266000794
52	1 1	1 3	1 68	1 70	10.928880620872722
53	1 1	1 3	1 70	1 72	4.092439568851798
54	1 1	1 3	1 72	1 2	-224.75782523927685
55	1 1	1 3	1 65	1 67	9.082486520427233
56	1 1	1 3	1 67	1 69	12.722483877916197
57	1 1	1 3	1 69	1 71	8.024249428453084
58	1 2	1 4	1 5	1 7	-183.92091386995287
59	1 2	1 4	1 7	1 9	-487.9745516793332
60	1 2	1 4	1 9	1 11	302.56768752565506
61	1 2	1 4	1 11	1 13	194.10067892632668
62	1 2	1 4	1 13	1 15	-32.914526766512225
63	1 2	1 4	1 15	1 17	-319.37368678000655
64	1 2	1 4	1 17	1 19	156.57120830337948
65	1 2	1 4	1 19	1 21	129.43439801044792
66	1 2	1 4	1 6	1 8	-82.4413739578604
67	1 2	1 4	1 8	1 10	-378.23515845718106
68	1 2	1 4	1 10	1 12	395.5298616475985
69	1 2	1 4	1 12	1 14	10.888834209439153
70	1 2	1 4	1 14	1 16	-32.750328046745324
71	1 2	1 4	1 16	1 18	-245.40871934062142
72	1 2	1 4	1 18	1 20	182.63762597096667
73	1 2	1 4	1 25	1 27	95.16015993615963
74	1 2	1 4	1 27	1 29	79.1355817915466
75	1 2	1 4	1 31	1 33	-147.04910911761797
76	1 2	1 4	1 33	1 35	56.14356667021786
77	1 2	1 4	1 35	1 37	49.11526235436453
78	1 2	1 4	1 37	1 39	20.650559374862073
79	1 2	1 4	1 39	1 41	-97.09395387434616
80	1 2	1 4	1 41	1 43	32.72991938098325
81	1 2	1 4	1 26	1 28	96.8366161860165
82	1 2	1 4	1 30	1 32	5.973520169393371
83	1 2	1 4	1 32	1 34	-119.7256546033695
84	1 2	1 4	1 34	1 36	55.434513252679054
85	1 2	1 4	1 36	1 38	34.23393958463084
86	1 2	1 4	1 38	1 40	13.417767454891875
87	1 2	1 4	1 40	1 42	-87.0990872218226
88	1 2	1 4	1 42	1 44	35.56797999602611
89	1 2	1 4	1 44	1 46	26.5694389394083
90	1 2	1 4	1 43	1 45	33.17713860004842
91	1 2	1 4	1 45	1 47	17.59212220257683
92	1 2	1 4	1 47	1 49	-66.7976160120932
93	1 2	1 4	1 49	1 51	19.55318320893727
94	1 2	1 4	1 51	1 53	24.651813542710165
95	1 2	1 4	1 53	1 55	15.362350142907829
96	1 2	1 4	1 55	1 57	-49.92669207638494
97	1 2	1 4	1 57	1 59	12.383291288226712
98	1 2	1 4	1 59	1 61	18.916488232301493
99	1 2	1 4	1 61	1 63	12.739964202299966
100	1 2	1 4	1 46	1 48	11.068004943730667
101	1 2	1 4	1 48	1 50	-63.986153984803465
102	1 2	1 4	1 50	1 52	24.780543213304515
103	1 2	1 4	1 52	1 54	20.55342092144315
104	1 2	1 4	1 54	1 56	9.659236407013582
105	1 2	1 4	1 56	1 58	-49.01613208252549
106	1 2	1 4	1 58	1 60	18.96037422478497
107	1 2	1 4	1 60	1 62	16.188849424431424
108	1 2	1 4	1 62	1 64	7.945121434609393
109	1 2	1 4	1 64	1 66	-38.753962345536024
110	1 2	1 4	1 63	1 65	-38.82038709737799
111	1 2	1 4	1 65	1 67	9.862736043585876
112	1 2	1 4	1 67	1 69	14.609308325720589
113	1 2	1 4	1 69	1 71	9.800855175161502
114	1 2	1 4	1 66	1 68	14.675864197530863
115	1 2	1 4	1 68	1 70	13.032316493125844
116	1 2	1 4	1 70	1 72	5.225296447086869
117	1 3	1 5	1 4	1 6	410.00205822986777
118	1 3	1 5	1 6	1 8	-199.85943748490297
119	1 3	1 5	1 8	1 10	-410.6538557205849
120	1 3	1 5	1 10	1 12	229.53576467819278
121	1 3	1 5	1 16	1 18	-284.6280940919488
122	1 3	1 5	1 18	1 20	125.45592547941547
123	1 3	1 5	1 9	1 11	44.31373786249473
124	1 3	1 5	1 13	1 15	22.014429400821005
125	1 3	1 5	1 15	1 17	-318.39395895365817
126	1 3	1 5	1 17	1 19	61.01720690411628
127	1 3	1 5	1 72	1 2	-444.3494061780144
128	1 4	1 6	1 5	1 7	410.41317113666696
129	1 4	1 6	1 7	1 9	-596.9465349576816
130	1 4	1 6	1 9	1 11	-32.403240235503574
131	1 4	1 6	1 11	1 13	201.03852198799927
132	1 4	1 6	1 13	1 15	227.09444711937854
133	1 4	1 6	1 17	1 19	9.94916371379069
134	1 4	1 6	1 19	1 21	113.28966104446764
135	1 4	1 6	1 21	1 23	125.33408991821176
136	1 4	1 6	1 8	1 10	-458.94926094102016
137	1 4	1 6	1 14	1 16	34.89122761453919
138	1 4	1 6	1 16	1 18	-349.54089652068706
139	1 4	1 6	1 18	1 20	49.69524494597552
140	1 4	1 6	1 22	1 24	70.19989129164232
141	1 5	1 7	1 8	1 10	-718.2427782052393
142	1 5	1 7	1 10	1 12	-44.318592383019364
143	1 5	1 7	1 12	1 14	244.42379999202802
144	1 5	1 7	1 14	1 16	298.3368014143689
145	1 5	1 7	1 16	1 18	-467.1074738382087
146	1 5	1 7	1 20	1 22	131.26294547815337
147	1 5	1 7	1 22	1 24	184.92853781863568
148	1 5	1 7	1 9	1 11	-34.159533436167514
149	1 5	1 7	1 13	1 15	424.6954544863298
150	1 5	1 7	1 15	1 17	-392.92138356180374
151	1 5	1 7	1 17	1 19	-7.563212319140399
152	1 5	1 7	1 21	1 23	196.57689343181715
153	1 5	1 7	1 23	1 25	-225.4477442146113
154	1 5	1 7	1 28	1 30	84.10187494803358
155	1 5	1 7	1 30	1 32	100.91610118444964
156	1 5	1 7	1 32	1 34	-180.9862230537117
157	1 5	1 7	1 34	1 36	20.223431430869937
158	1 5	1 7	1 36	1 38	51.47486613051916
159	1 5	1 7	1 38	1 40	62.03865256425077
160	1 5	1 7	1 40	1 42	-120.81892221128004
161	1 5	1 7	1 42	1 44	19.116319941462198
162	1 5	1 7	1 44	1 46	36.05398756133758
163	1 5	1 7	1 29	1 31	111.30865020228141
164	1 5	1 7	1 31	1 33	-146.25694249443703
165	1 5	1 7	1 33	1 35	11.880540054127614
166	1 5	1 7	1 35	1 37	36.268392282215665
167	1 5	1 7	1 37	1 39	63.1763495958146
168	1 5	1 7	1 39	1 41	-97.36422284996861
169	1 5	1 7	1 41	1 43	11.510547628480811
170	1 5	1 7	1 43	1 45	28.628572611065017
171	1 5	1 7	1 45	1 47	37.04017622625807
172	1 5	1 7	1 47	1 49	-67.33248056281565
173	1 5	1 7	1 46	1 48	34.647246654385725
174	1 5	1 7	1 48	1 50	-81.16599630983278
175	1 5	1 7	1 50	1 52	16.61932365932413
176	1 5	1 7	1 52	1 54	25.592083532705686
177	1 5	1 7	1 54	1 56	21.846883382215943
178	1 5	1 7	1 56	1 58	-58.18170085756079
179	1 5	1 7	1 58	1 60	14.839153137271639
180	1 5	1 7	1 60	1 62	19.48389740613416
181	1 5	1 7	1 62	1 64	14.27630972260599
182	1 5	1 7	1 64	1 66	-44.440436471033685
183	1 5	1 7	1 49	1 51	9.704904984916169
184	1 5	1 7	1 51	1 53	22.90501685531001
185	1 5	1 7	1 53	1 55	25.96826070010667
186	1 5	1 7	1 55	1 57	-51.83548691649992
187	1 5	1 7	1 57	1 59	8.061802130887788
188	1 5	1 7	1 59	1 61	17.950092849645642
189	1 5	1 7	1 61	1 63	18.898995963731288
190	1 5	1 7	1 63	1 65	-40.71304190788545
191	1 5	1 7	1 65	1 67	7.8089276802535155
192	1 5	1 7	1 67	1 69	14.53387204741055
193	1 5	1 7	1 66	1 68	12.789006761982986
194	1 5	1 7	1 68	1 70	15.200857907256344
195	1 5	1 7	1 70	1 72	7.830865290155593
196	1 5	1 7	1 72	1 2	-167.63635401041205
197	1 5	1 7	1 69	1 71	12.953848449747627
198	1 5	1 7	1 71	1 1	-139.08989912078943
199	1 6	1 8	1 7	1 9	-257.74418415593516
200	1 6	1 8	1 9	1 11	-22.436655166484805
201	1 6	1 8	1 11	1 13	-33.584968657353414
202	1 6	1 8	1 13	1 15	280.5423197820483
203	1 6	1 8	1 15	1 17	-213.0749955068296
204	1 6	1 8	1 17	1 19	-8.877648255214783
205	1 6	1 8	1 21	1 23	162.49695647674054
206	1 6	1 8	1 23	1 25	-153.84074872071102
207	1 6	1 8	1 10	1 12	-34.9754565600722
208	1 6	1 8	1 14	1 16	532.1092942560751
209	1 6	1 8	1 18	1 20	-7.108170278669703
210	1 6	1 8	1 20	1 22	58.38951528227256
211	1 6	1 8	1 22	1 24	250.80289962677773
212	1 6	1 8	1 24	1 26	-288.08887719902134
213	1 6	1 8	1 28	1 30	55.549584631762784
214	1 6	1 8	1 29	1 31	102.75876815171861
215	1 6	1 8	1 31	1 33	-114.77202421005265
216	1 6	1 8	1 33	1 35	6.095031132565494
217	1 6	1 8	1 35	1 37	23.385304001173488
218	1 6	1 8	1 37	1 39	58.54595519858568
219	1 6	1 8	1 39	1 41	-78.68292148686581
220	1 6	1 8	1 43	1 45	21.30996364456572
221	1 6	1 8	1 45	1 47	34.06934099773777
222	1 6	1 8	1 30	1 32	119.81616805431318
223	1 6	1 8	1 32	1 34	-166.9715644405905
224	1 6	1 8	1 36	1 38	40.35384154639511
225	1 6	1 8	1 38	1 40	66.31953941016812
226	1 6	1 8	1 40	1 42	-108.03165419097411
227	1 6	1 8	1 42	1 44	12.931133359915906
228	1 6	1 8	1 44	1 46	29.69556088810554
229	1 6	1 8	1 46	1 48	35.36897212713092
230	1 6	1 8	1 48	1 50	-71.12745639017444
231	1 6	1 8	1 47	1 49	-55.27175886116968
232	1 6	1 8	1 49	1 51	6.787218594784818
233	1 6	1 8	1 51	1 53	18.144254136529433
234	1 6	1 8	1 53	1 55	23.5690004043694
235	1 6	1 8	1 55	1 57	-43.16662829670419
236	1 6	1 8	1 57	1 59	6.032169549598856
237	1 6	1 8	1 59	1 61	14.504139726457854
238	1 6	1 8	1 61	1 63	16.871534282945092
239	1 6	1 8	1 63	1 65	-34.087434438766806
240	1 6	1 8	1 65	1 67	6.157118122324196
241	1 6	1 8	1 50	1 52	12.245597589755047
242	1 6	1 8	1 52	1 54	21.525314085137623
243	1 6	1 8	1 54	1 56	21.28835644273899
244	1 6	1 8	1 56	1 58	-50.40828173825998
245	1 6	1 8	1 58	1 60	11.549202038799582
246	1 6	1 8	1 60	1 62	16.58467801324483
247	1 6	1 8	1 62	1 64	13.367300391812197
248	1 6	1 8	1 64	1 66	-38.02966822071187
249	1 6	1 8	1 66	1 68	10.262415620292414
250	1 6	1 8	1 68	1 70	12.963512301497836
251	1 6	1 8	1 67	1 69	11.989207843322848
252	1 6	1 8	1 69	1 71	11.388372446034985
253	1 6	1 8	1 71	1 1	-97.72466939271447
254	1 6	1 8	1 70	1 72	7.001508806331213
255	1 6	1 8	1 72	1 2	-114.25084970370729
256	1 7	1 9	1 10	1 12	-456.5465537281825
257	1 7	1 9	1 12	1 14	-372.9638326620011
258	1 7	1 9	1 14	1 16	-231.3838392081775
259	1 7	1 9	1 16	1 18	934.7897232654077
260	1 7	1 9	1 18	1 20	-318.8283311162746
261	1 7	1 9	1 20	1 22	-249.53452803378022
262	1 7	1 9	1 22	1 24	-177.0452733384024
263	1 7	1 9	1 24	1 26	635.2218701664815
264	1 7	1 9	1 26	1 28	-199.38288442411238
265	1 7	1 9	1 11	1 13	-337.5018287456667
266	1 7	1 9	1 13	1 15	-403.59867876917497
267	1 7	1 9	1 15	1 17	1068.7980264635191
268	1 7	1 9	1 17	1 19	-358.03301338297865
269	1 7	1 9	1 19	1 21	-276.16760874901496
270	1 7	1 9	1 21	1 23	-229.61772369747354
271	1 7	1 9	1 23	1 25	669.280461091291
272	1 7	1 9	1 25	1 27	-209.08229570029937
273	1 7	1 9	1 27	1 29	-190.0772307635813
274	1 7	1 9	1 29	1 31	-159.7898398058943
275	1 7	1 9	1 28	1 30	-180.3342998521946
276	1 7	1 9	1 30	1 32	-119.25345493366899
277	1 7	1 9	1 32	1 34	423.6674613734141
278	1 7	1 9	1 34	1 36	-129.47052668203895
279	1 7	1 9	1 36	1 38	-120.0133453730819
280	1 7	1 9	1 38	1 40	-92.10110016797779
281	1 7	1 9	1 40	1 42	298.32058139229196
282	1 7	1 9	1 42	1 44	-90.71101099045126
283	1 7	1 9	1 44	1 46	-89.59133698660517
284	1 7	1 9	1 46	1 48	-58.439950450564396
285	1 7	1 9	1 31	1 33	446.05375099452453
286	1 7	1 9	1 33	1 35	-130.59522384713
287	1 7	1 9	1 35	1 37	-131.03072447678494
288	1 7	1 9	1 37	1 39	-107.21394333717294
289	1 7	1 9	1 39	1 41	294.6066888888889
290	1 7	1 9	1 41	1 43	-79.21574223321821
291	1 7	1 9	1 43	1 45	-94.68544507973726
292	1 7	1 9	1 45	1 47	-73.50684905574468
293	1 7	1 9	1 47	1 49	203.4683067596141
294	1 7	1 9	1 49	1 51	-49.83427872575064
295	1 7	1 9	1 48	1 50	212.31197082414343
296	1 7	1 9	1 50	1 52	-67.14336422758024
297	1 7	1 9	1 52	1 54	-67.40378021956721
298	1 7	1 9	1 54	1 56	-42.20260091390789
299	1 7	1 9	1 56	1 58	158.88015577583337
300	1 7	1 9	1 58	1 60	-53.50993194756147
301	1 7	1 9	1 60	1 62	-52.56129373942346
302	1 7	1 9	1 62	1 64	-30.795389360468178
303	1 7	1 9	1 64	1 66	124.0581163182688
304	1 7	1 9	1 66	1 68	-42.77917015347218
305	1 7	1 9	1 51	1 53	-73.02574172663704
306	1 7	1 9	1 53	1 55	-57.968117214990215
307	1 7	1 9	1 55	1 57	154.5435505319149
308	1 7	1 9	1 57	1 59	-33.56954454526414
309	1 7	1 9	1 59	1 61	-56.66189065859268
310	1 7	1 9	1 61	1 63	-45.27951278542424
311	1 7	1 9	1 63	1 65	120.63589415683036
312	1 7	1 9	1 65	1 67	-28.08695580698589
313	1 7	1 9	1 67	1 69	-44.552813940104315
314	1 7	1 9	1 69	1 71	-33.25166350721304
315	1 7	1 9	1 68	1 70	-41.91676357772356
316	1 7	1 9	1 70	1 72	-18.526732645646817
317	1 7	1 9	1 72	1 2	526.6290149564333
318	1 7	1 9	1 71	1 1	740.5816658738968
319	1 8	1 10	1 9	1 11	-215.77080153524503
320	1 8	1 10	1 11	1 13	-374.1211717819442
321	1 8	1 10	1 13	1 15	-463.9867689386068
322	1 8	1 10	1 15	1 17	912.5438999647141
323	1 8	1 10	1 17	1 19	-149.87659617712768
324	1 8	1 10	1 19	1 21	-285.6142771514386
325	1 8	1 10	1 21	1 23	-292.28508600005836
326	1 8	1 10	1 23	1 25	614.8406577929763
327	1 8	1 10	1 25	1 27	-116.23552696383881
328	1 8	1 10	1 27	1 29	-186.98559342128615
329	1 8	1 10	1 12	1 14	-369.62293298476425
330	1 8	1 10	1 14	1 16	-525.2320734546518
331	1 8	1 10	1 16	1 18	1158.3320919933572
332	1 8	1 10	1 18	1 20	-292.18456814543765
333	1 8	1 10	1 20	1 22	-272.5397907160526
334	1 8	1 10	1 22	1 24	-308.2751667327419
335	1 8	1 10	1 24	1 26	721.429791066879
336	1 8	1 10	1 26	1 28	-161.75945927789266
337	1 8	1 10	1 28	1 30	-196.17425579049103
338	1 8	1 10	1 30	1 32	-177.76292370460604
339	1 8	1 10	1 29	1 31	-204.7938743411113
340	1 8	1 10	1 31	1 33	424.02419646323233
341	1 8	1 10	1 33	1 35	-86.35835071074705
342	1 8	1 10	1 35	1 37	-124.62809571430576
343	1 8	1 10	1 37	1 39	-130.07771446294174
344	1 8	1 10	1 39	1 41	283.1313802056666
345	1 8	1 10	1 41	1 43	-58.74832466269321
346	1 8	1 10	1 43	1 45	-90.53449215995374
347	1 8	1 10	1 45	1 47	-84.41677415958472
348	1 8	1 10	1 47	1 49	196.9201366827295
349	1 8	1 10	1 32	1 34	456.88235457259555
350	1 8	1 10	1 34	1 36	-105.13208835844242
351	1 8	1 10	1 36	1 38	-130.00203064225616
352	1 8	1 10	1 38	1 40	-121.5192433349014
353	1 8	1 10	1 40	1 42	312.8183454146425
354	1 8	1 10	1 42	1 44	-76.69542715038821
355	1 8	1 10	1 44	1 46	-94.27526688683932
356	1 8	1 10	1 46	1 48	-72.6304938770679
357	1 8	1 10	1 48	1 50	217.19736989666131
358	1 8	1 10	1 50	1 52	-58.98761895355376
359	1 8	1 10	1 49	1 51	-40.42193575026572
360	1 8	1 10	1 51	1 53	-70.03381642984061
361	1 8	1 10	1 53	1 55	-63.523096835758196
362	1 8	1 10	1 55	1 57	150.5427358740594
363	1 8	1 10	1 57	1 59	-28.958722584918746
364	1 8	1 10	1 59	1 61	-54.19319642972354
365	1 8	1 10	1 61	1 63	-48.08424517420731
366	1 8	1 10	1 63	1 65	117.66732555521112
367	1 8	1 10	1 65	1 67	-25.52096912360673
368	1 8	1 10	1 67	1 69	-43.009008374553446
369	1 8	1 10	1 52	1 54	-69.3329101683627
370	1 8	1 10	1 54	1 56	-49.39738289104946
371	1 8	1 10	1 56	1 58	160.15424067728515
372	1 8	1 10	1 58	1 60	-48.84276062950315
373	1 8	1 10	1 60	1 62	-53.481932153392336
374	1 8	1 10	1 62	1 64	-34.29286376836002
375	1 8	1 10	1 64	1 66	123.96592456352062
376	1 8	1 10	1 66	1 68	-40.03579518554936
377	1 8	1 10	1 68	1 70	-42.169518307317134
378	1 8	1 10	1 70	1 72	-19.883514567970707
379	1 8	1 10	1 69	1 71	-34.35510010637016
380	1 8	1 10	1 71	1 1	569.230035819498
381	1 8	1 10	1 72	1 2	529.4290662233306
382	1 9	1 11	1 10	1 12	299.7502367776616
383	1 9	1 11	1 12	1 14	-66.6570550110834
384	1 9	1 11	1 14	1 16	-18.116656734051343
385	1 9	1 11	1 16	1 18	-170.77751965135997
386	1 9	1 11	1 18	1 20	202.240114362888
387	1 9	1 11	1 20	1 22	-24.851750042517907
388	1 9	1 11	1 22	1 24	-13.52918395670135
389	1 9	1 11	1 24	1 26	-129.64904820254975
390	1 9	1 11	1 26	1 28	114.31250559915281
391	1 9	1 11	1 13	1 15	-30.444631995953937
392	1 9	1 11	1 15	1 17	-377.61358043180104
393	1 9	1 11	1 17	1 19	370.76093061607514
394	1 9	1 11	1 21	1 23	-18.71718187121065
395	1 9	1 11	1 23	1 25	-232.23910702319793
396	1 9	1 11	1 25	1 27	177.29215479410652
397	1 9	1 11	1 27	1 29	45.78766950102624
398	1 9	1 11	1 31	1 33	-150.29116613234797
399	1 9	1 11	1 30	1 32	-4.633083559112112
400	1 9	1 11	1 32	1 34	-97.7523489671556
401	1 9	1 11	1 34	1 36	66.77520105869885
402	1 9	1 11	1 36	1 38	17.8851609247373
403	1 9	1 11	1 38	1 40	3.627100808098735
404	1 9	1 11	1 40	1 42	-75.81362845963783
405	1 9	1 11	1 42	1 44	42.27093023058626
406	1 9	1 11	1 44	1 46	19.446154854800945
407	1 9	1 11	1 46	1 48	5.180387221164539
408	1 9	1 11	1 48	1 50	-58.69050366546156
409	1 9	1 11	1 33	1 35	91.07194366365789
410	1 9	1 11	1 35	1 37	40.515930218114214
411	1 9	1 11	1 37	1 39	6.566012551129608
412	1 9	1 11	1 39	1 41	-97.998874571805
413	1 9	1 11	1 41	1 43	47.152054494710974
414	1 9	1 11	1 43	1 45	30.838291237326704
415	1 9	1 11	1 45	1 47	10.249100952944225
416	1 9	1 11	1 47	1 49	-67.04916915935101
417	1 9	1 11	1 49	1 51	25.548567587962253
418	1 9	1 11	1 51	1 53	24.066475319797313
419	1 9	1 11	1 50	1 52	28.65731609424266
420	1 9	1 11	1 52	1 54	17.331511231717105
421	1 9	1 11	1 54	1 56	6.104853381603972
422	1 9	1 11	1 56	1 58	-46.26301401043389
423	1 9	1 11	1 58	1 60	20.97191198100551
424	1 9	1 11	1 60	1 62	14.562231124350244
425	1 9	1 11	1 62	1 64	5.946364247311828
426	1 9	1 11	1 64	1 66	-37.267813292956475
427	1 9	1 11	1 66	1 68	15.708478368574207
428	1 9	1 11	1 68	1 70	12.17850509879123
429	1 9	1 11	1 53	1 55	11.29388505193942
430	1 9	1 11	1 55	1 57	-49.6847119237529
431	1 9	1 11	1 57	1 59	14.916463916905247
432	1 9	1 11	1 59	1 61	19.088918096423566
433	1 9	1 11	1 61	1 63	10.41404848747294
434	1 9	1 11	1 63	1 65	-38.63340229565894
435	1 9	1 11	1 65	1 67	11.061319803762121
436	1 9	1 11	1 67	1 69	14.718345463962969
437	1 9	1 11	1 69	1 71	8.673653396990634
438	1 9	1 11	1 71	1 1	-438.5992440811941
439	1 9	1 11	1 70	1 72	4.328370543845954
440	1 9	1 11	1 72	1 2	-189.18944784723473
441	1 10	1 12	1 11	1 13	217.43094766723738
442	1 10	1 12	1 13	1 15	-64.61582333735815
443	1 10	1 12	1 15	1 17	-342.46184655466357
444	1 10	1 12	1 17	1 19	184.17928066516737
445	1 10	1 12	1 19	1 21	168.83783839409608
446	1 10	1 12	1 21	1 23	-25.74948501228531
447	1 10	1 12	1 23	1 25	-237.41201933642046
448	1 10	1 12	1 25	1 27	115.0974138751356
449	1 10	1 12	1 27	1 29	98.59588549838703
450	1 10	1 12	1 29	1 31	6.467214369613057
451	1 10	1 12	1 14	1 16	-30.878606945378923
452	1 10	1 12	1 16	1 18	-305.13608006418417
453	1 10	1 12	1 18	1 20	304.1955074831619
454	1 10	1 12	1 20	1 22	8.461139467679686
455	1 10	1 12	1 22	1 24	-20.720217618949892
456	1 10	1 12	1 24	1 26	-188.43606173601154
457	1 10	1 12	1 26	1 28	134.55759926331115
458	1 10	1 12	1 28	1 30	42.31514809566055
459	1 10	1 12	1 30	1 32	-3.256064097570918
460	1 10	1 12	1 32	1 34	-128.73068868386372
461	1 10	1 12	1 31	1 33	-163.92169121734298
462	1 10	1 12	1 33	1 35	68.84226202400826
463	1 10	1 12	1 35	1 37	59.05219120472451
464	1 10	1 12	1 37	1 39	16.173842366129332
465	1 10	1 12	1 39	1 41	-109.4777815108389
466	1 10	1 12	1 41	1 43	39.69968916659333
467	1 10	1 12	1 43	1 45	38.94626855030367
468	1 10	1 12	1 45	1 47	17.00803015344356
469	1 10	1 12	1 47	1 49	-75.99029304029304
470	1 10	1 12	1 49	1 51	23.558101349119422
471	1 10	1 12	1 34	1 36	70.6838634068078
472	1 10	1 12	1 36	1 38	35.02898317504051
473	1 10	1 12	1 38	1 40	8.863253725573061
474	1 10	1 12	1 40	1 42	-94.97856649093376
475	1 10	1 12	1 42	1 44	43.442794374948775
476	1 10	1 12	1 44	1 46	28.79793110039714
477	1 10	1 12	1 46	1 48	9.394732353726187
478	1 10	1 12	1 48	1 50	-70.83642576250608
479	1 10	1 12	1 50	1 52	29.655332528036155
480	1 10	1 12	1 52	1 54	22.755264609830448
481	1 10	1 12	1 51	1 53	28.566591524625498
482	1 10	1 12	1 53	1 55	16.062070301712435
483	1 10	1 12	1 55	1 57	-56.90481429162618
484	1 10	1 12	1 57	1 59	14.724797176002232
485	1 10	1 12	1 59	1 61	21.828998852944494
486	1 10	1 12	1 61	1 63	13.701096173862108
487	1 10	1 12	1 63	1 65	-44.1840592624779
488	1 10	1 12	1 65	1 67	11.553369393989927
489	1 10	1 12	1 67	1 69	16.760954209151624
490	1 10	1 12	1 69	1 71	10.809821929162467
491	1 10	1 12	1 54	1 56	9.320536729232675
492	1 10	1 12	1 56	1 58	-54.60211313266707
493	1 10	1 12	1 58	1 60	22.233704091984443
494	1 10	1 12	1 60	1 62	18.053813533129755
495	1 10	1 12	1 62	1 64	8.197003869222478
496	1 10	1 12	1 64	1 66	-43.525990602125844
497	1 10	1 12	1 66	1 68	17.02955717237509
498	1 10	1 12	1 68	1 70	14.598749593574512
499	1 10	1 12	1 70	1 72	5.544687429184018
500	1 10	1 12	1 72	1 2	-287.78015097391653
501	1 10	1 12	1 71	1 1	-350.09338293245787
502	1 11	1 13	1 14	1 16	-61.92431959142367
503	1 11	1 13	1 18	1 20	144.89505888528373
504	1 11	1 13	1 20	1 22	157.87334653546898
505	1 11	1 13	1 22	1 24	-30.45671478696896
506	1 11	1 13	1 24	1 26	-209.10970934756745
507	1 11	1 13	1 26	1 28	85.69278353821875
508	1 11	1 13	1 28	1 30	92.56257661221059
509	1 11	1 13	1 15	1 17	-285.99092714724486
510	1 11	1 13	1 19	1 21	263.17494302506896
511	1 11	1 13	1 23	1 25	-225.99049953760112
512	1 11	1 13	1 25	1 27	37.1155752529554
513	1 11	1 13	1 27	1 29	119.62235624633738
514	1 11	1 13	1 29	1 31	35.587710984906735
515	1 11	1 13	1 31	1 33	-158.55629825882733
516	1 11	1 13	1 33	1 35	35.15989610614223
517	1 11	1 13	1 32	1 34	-144.148497947218
518	1 11	1 13	1 34	1 36	51.72550910744172
519	1 11	1 13	1 36	1 38	52.69859837470008
520	1 11	1 13	1 38	1 40	18.926030572606418
521	1 11	1 13	1 40	1 42	-103.38728662895915
522	1 11	1 13	1 42	1 44	34.45616347004672
523	1 11	1 13	1 44	1 46	35.65223238064273
524	1 11	1 13	1 46	1 48	15.530076304468274
525	1 11	1 13	1 48	1 50	-74.9212501746804
526	1 11	1 13	1 50	1 52	24.96916333237249
527	1 11	1 13	1 35	1 37	63.14963696128194
528	1 11	1 13	1 37	1 39	32.38542718628542
529	1 11	1 13	1 39	1 41	-106.8121866247104
530	1 11	1 13	1 41	1 43	25.071273131694536
531	1 11	1 13	1 43	1 45	39.42936559534817
532	1 11	1 13	1 45	1 47	24.750669858416778
533	1 11	1 13	1 47	1 49	-74.31749326728513
534	1 11	1 13	1 49	1 51	17.092106490225298
535	1 11	1 13	1 51	1 53	28.209152998186926
536	1 11	1 13	1 53	1 55	20.139815679713088
537	1 11	1 13	1 52	1 54	25.54641772850222
538	1 11	1 13	1 54	1 56	12.997130629475315
539	1 11	1 13	1 56	1 58	-56.67160698880339
540	1 11	1 13	1 58	1 60	19.706156279498764
541	1 11	1 13	1 60	1 62	19.38065340146288
542	1 11	1 13	1 62	1 64	10.188150666596837
543	1 11	1 13	1 64	1 66	-44.47899192859903
544	1 11	1 13	1 66	1 68	15.639126117098037
545	1 11	1 13	1 68	1 70	15.218114227671808
546	1 11	1 13	1 70	1 72	6.425037353863701
547	1 11	1 13	1 55	1 57	-56.11491415281466
548	1 11	1 13	1 57	1 59	11.913199234661178
549	1 11	1 13	1 59	1 61	21.133814916006386
550	1 11	1 13	1 61	1 63	15.924282758892279
551	1 11	1 13	1 63	1 65	-43.61142817864082
552	1 11	1 13	1 65	1 67	10.118640990070318
553	1 11	1 13	1 67	1 69	16.315263249708522
554	1 11	1 13	1 69	1 71	11.808791602787153
555	1 12	1 14	1 13	1 15	249.21290685369547
556	1 12	1 14	1 17	1 19	-24.27178541797833
557	1 12	1 14	1 19	1 21	142.23751221217256
558	1 12	1 14	1 21	1 23	161.24166139093217
559	1 12	1 14	1 23	1 25	-255.0772851680331
560	1 12	1 14	1 27	1 29	85.40332753255794
561	1 12	1 14	1 29	1 31	98.87504884512646
562	1 12	1 14	1 31	1 33	-168.24611634083857
563	1 12	1 14	1 16	1 18	-317.75163378786425
564	1 12	1 14	1 20	1 22	273.1590476312289
565	1 12	1 14	1 22	1 24	12.67566661436731
566	1 12	1 14	1 28	1 30	122.41481092026002
567	1 12	1 14	1 30	1 32	45.52938468739734
568	1 12	1 14	1 32	1 34	-171.99039264128254
569	1 12	1 14	1 34	1 36	30.309998416068986
570	1 12	1 14	1 35	1 37	52.25534385607101
571	1 12	1 14	1 37	1 39	57.87419523716086
572	1 12	1 14	1 39	1 41	-109.35046915398775
573	1 12	1 14	1 41	1 43	15.197892105029734
574	1 12	1 14	1 43	1 45	36.065572609762796
575	1 12	1 14	1 45	1 47	35.51547844934758
576	1 12	1 14	1 47	1 49	-75.04801193313389
577	1 12	1 14	1 49	1 51	12.372608333495785
578	1 12	1 14	1 51	1 53	27.095508484619764
579	1 12	1 14	1 36	1 38	63.799620919432066
580	1 12	1 14	1 38	1 40	42.75946599940666
581	1 12	1 14	1 40	1 42	-119.49920260380168
582	1 12	1 14	1 42	1 44	25.291510625017366
583	1 12	1 14	1 44	1 46	40.801283892366165
584	1 12	1 14	1 46	1 48	27.313256075088468
585	1 12	1 14	1 48	1 50	-83.2155587814743
586	1 12	1 14	1 50	1 52	20.566218469396706
587	1 12	1 14	1 52	1 54	28.18128451881804
588	1 12	1 14	1 54	1 56	19.168460980535805
589	1 12	1 14	1 53	1 55	25.72575254953197
590	1 12	1 14	1 55	1 57	-57.13891280002842
591	1 12	1 14	1 57	1 59	9.763946842246655
592	1 12	1 14	1 59	1 61	20.55215962768235
593	1 12	1 14	1 61	1 63	19.0682895804735
594	1 12	1 14	1 63	1 65	-44.52864942367948
595	1 12	1 14	1 65	1 67	9.09785431473777
596	1 12	1 14	1 67	1 69	16.23986043170607
597	1 12	1 14	1 69	1 71	13.3980544884514
598	1 12	1 14	1 56	1 58	-61.18576976598909
599	1 12	1 14	1 58	1 60	17.569506888742264
600	1 12	1 14	1 60	1 62	21.056159501965006
601	1 12	1 14	1 62	1 64	13.398909540350314
602	1 12	1 14	1 64	1 66	-47.233853136954416
603	1 12	1 14	1 66	1 68	14.678900853018476
604	1 12	1 14	1 68	1 70	16.307688143989687
605	1 12	1 14	1 70	1 72	7.726986735313869
606	1 13	1 15	1 14	1 16	285.7650255794528
607	1 13	1 15	1 16	1 18	-452.70817986197335
608	1 13	1 15	1 18	1 20	-26.66466168011175
609	1 13	1 15	1 20	1 22	147.99322705465775
610	1 13	1 15	1 22	1 24	228.57069309381137
611	1 13	1 15	1 24	1 26	-330.24543242401944
612	1 13	1 15	1 26	1 28	3.5629282511669293
613	1 13	1 15	1 28	1 30	95.25639341644904
614	1 13	1 15	1 30	1 32	125.05191277832495
615	1 13	1 15	1 32	1 34	-202.99371095422254
616	1 13	1 15	1 17	1 19	-17.78857463228975
617	1 13	1 15	1 19	1 21	-3.876786163382075
618	1 13	1 15	1 21	1 23	311.0974585819763
619	1 13	1 15	1 23	1 25	-276.6682240679293
620	1 13	1 15	1 27	1 29	33.73475030545407
621	1 13	1 15	1 29	1 31	150.28954578297348
622	1 13	1 15	1 31	1 33	-165.9252271638175
623	1 13	1 15	1 33	1 35	6.222350376061874
624	1 13	1 15	1 35	1 37	33.63788420692575
625	1 13	1 15	1 34	1 36	14.220890207806814
626	1 13	1 15	1 36	1 38	58.822656339394086
627	1 13	1 15	1 38	1 40	75.61344460159611
628	1 13	1 15	1 40	1 42	-134.87305772150046
629	1 13	1 15	1 42	1 44	17.010074453770073
630	1 13	1 15	1 44	1 46	40.292098762513746
631	1 13	1 15	1 46	1 48	41.5061007724147
632	1 13	1 15	1 48	1 50	-90.02272939329956
633	1 13	1 15	1 50	1 52	16.19164657474066
634	1 13	1 15	1 52	1 54	28.41789289545609
635	1 13	1 15	1 37	1 39	78.02979822177592
636	1 13	1 15	1 39	1 41	-105.30170097460342
637	1 13	1 15	1 41	1 43	8.76440013809822
638	1 13	1 15	1 43	1 45	29.14196424443778
639	1 13	1 15	1 45	1 47	43.81555567998693
640	1 13	1 15	1 47	1 49	-72.46851601459218
641	1 13	1 15	1 49	1 51	8.722558403009836
642	1 13	1 15	1 51	1 53	24.123988321786094
643	1 13	1 15	1 53	1 55	29.991352222435733
644	1 13	1 15	1 55	1 57	-55.997503829459006
645	1 13	1 15	1 54	1 56	25.729967000571243
646	1 13	1 15	1 56	1 58	-64.22529298258321
647	1 13	1 15	1 58	1 60	15.130479067519298
648	1 13	1 15	1 60	1 62	21.510250393326842
649	1 13	1 15	1 62	1 64	16.48636799027009
650	1 13	1 15	1 64	1 66	-48.53437502384186
651	1 13	1 15	1 66	1 68	13.363795959554098
652	1 13	1 15	1 68	1 70	16.69783061104303
653	1 13	1 15	1 70	1 72	8.899273193592762
654	1 13	1 15	1 72	1 2	-131.43113883423578
655	1 13	1 15	1 57	1 59	7.861443792242556
656	1 13	1 15	1 59	1 61	19.01525144046678
657	1 13	1 15	1 61	1 63	21.404288431667904
658	1 13	1 15	1 63	1 65	-44.02344705168987
659	1 13	1 15	1 65	1 67	8.008072271379032
660	1 13	1 15	1 67	1 69	15.567357496062389
661	1 13	1 15	1 69	1 71	14.490800584950891
662	1 13	1 15	1 71	1 1	-116.65459441179661
663	1 14	1 16	1 15	1 17	-196.260138733088
664	1 14	1 16	1 17	1 19	-11.545405105576847
665	1 14	1 16	1 19	1 21	-25.9598109768513
666	1 14	1 16	1 21	1 23	196.09044559160708
667	1 14	1 16	1 23	1 25	-148.3689991185446
668	1 14	1 16	1 25	1 27	-4.165401257628581
669	1 14	1 16	1 29	1 31	125.00634492135868
670	1 14	1 16	1 31	1 33	-117.80293845854355
671	1 14	1 16	1 33	1 35	2.5281212168169582
672	1 14	1 16	1 18	1 20	-17.504060977372305
673	1 14	1 16	1 22	1 24	394.83776387945704
674	1 14	1 16	1 24	1 26	-358.4745541343175
675	1 14	1 16	1 28	1 30	43.434521879701364
676	1 14	1 16	1 30	1 32	170.84929159253954
677	1 14	1 16	1 32	1 34	-198.82403808317576
678	1 14	1 16	1 34	1 36	6.267305885971437
679	1 14	1 16	1 36	1 38	40.30886844202709
680	1 14	1 16	1 35	1 37	17.898351320764963
681	1 14	1 16	1 37	1 39	70.78427388885419
682	1 14	1 16	1 39	1 41	-82.5431935181152
683	1 14	1 16	1 41	1 43	5.100964721174394
684	1 14	1 16	1 43	1 45	20.096912848545
685	1 14	1 16	1 45	1 47	40.24657748716625
686	1 14	1 16	1 47	1 49	-58.74039258255985
687	1 14	1 16	1 49	1 51	5.867155453885595
688	1 14	1 16	1 51	1 53	18.423141980915457
689	1 14	1 16	1 53	1 55	27.472544781574555
690	1 14	1 16	1 38	1 40	88.0237381844984
691	1 14	1 16	1 40	1 42	-124.19571399282094
692	1 14	1 16	1 42	1 44	10.645691717017193
693	1 14	1 16	1 44	1 46	31.660336360946484
694	1 14	1 16	1 46	1 48	45.17436914925929
695	1 14	1 16	1 48	1 50	-80.56083980284626
696	1 14	1 16	1 50	1 52	11.497820187723107
697	1 14	1 16	1 52	1 54	23.427934622103223
698	1 14	1 16	1 54	1 56	26.283533831306002
699	1 14	1 16	1 56	1 58	-56.23994483706784
700	1 14	1 16	1 55	1 57	-46.58308065466552
701	1 14	1 16	1 57	1 59	5.787248559597586
702	1 14	1 16	1 59	1 61	15.136412899554458
703	1 14	1 16	1 61	1 63	19.407684278136237
704	1 14	1 16	1 63	1 65	-36.92375417778541
705	1 14	1 16	1 65	1 67	6.243975461527225
706	1 14	1 16	1 67	1 69	12.77158459583175
707	1 14	1 16	1 69	1 71	12.882740115276881
708	1 14	1 16	1 71	1 1	-86.5698294859382
709	1 14	1 16	1 58	1 60	11.543700135739314
710	1 14	1 16	1 60	1 62	18.234290833706954
711	1 14	1 16	1 62	1 64	15.986149508365775
712	1 14	1 16	1 64	1 66	-42.09889762141496
713	1 14	1 16	1 66	1 68	10.622228245020096
714	1 14	1 16	1 68	1 70	14.292379966032556
715	1 14	1 16	1 70	1 72	8.25393113392225
716	1 14	1 16	1 72	1 2	-97.75136602178225
717	1 15	1 17	1 16	1 18	926.0472821915472
718	1 15	1 17	1 18	1 20	-343.9723014441695
719	1 15	1 17	1 20	1 22	-273.35149791923095
720	1 15	1 17	1 22	1 24	-178.59747852078118
721	1 15	1 17	1 24	1 26	714.7587668686333
722	1 15	1 17	1 26	1 28	-246.75765834288458
723	1 15	1 17	1 28	1 30	-199.52729365793817
724	1 15	1 17	1 30	1 32	-123.3343092975414
725	1 15	1 17	1 32	1 34	486.2222691503063
726	1 15	1 17	1 34	1 36	-161.13020056432583
727	1 15	1 17	1 19	1 21	-271.5389974635258
728	1 15	1 17	1 21	1 23	-287.1815563058951
729	1 15	1 17	1 23	1 25	839.4177071998131
730	1 15	1 17	1 25	1 27	-301.2138480245775
731	1 15	1 17	1 27	1 29	-212.48311397195516
732	1 15	1 17	1 29	1 31	-181.88456235980738
733	1 15	1 17	1 31	1 33	540.2807756093513
734	1 15	1 17	1 33	1 35	-175.59227369407958
735	1 15	1 17	1 35	1 37	-152.91211789823814
736	1 15	1 17	1 37	1 39	-119.20752965963416
737	1 15	1 17	1 36	1 38	-136.21408043851403
738	1 15	1 17	1 38	1 40	-99.66482061736212
739	1 15	1 17	1 40	1 42	346.8006210913624
740	1 15	1 17	1 42	1 44	-112.37670092332155
741	1 15	1 17	1 44	1 46	-103.2612176927577
742	1 15	1 17	1 46	1 48	-64.30552569889389
743	1 15	1 17	1 48	1 50	249.05731262641808
744	1 15	1 17	1 50	1 52	-82.52052344537478
745	1 15	1 17	1 52	1 54	-78.65552116241463
746	1 15	1 17	1 54	1 56	-47.37043813641601
747	1 15	1 17	1 39	1 41	353.61460589055366
748	1 15	1 17	1 41	1 43	-102.85607156345954
749	1 15	1 17	1 43	1 45	-112.55778955304541
750	1 15	1 17	1 45	1 47	-83.171274962714
751	1 15	1 17	1 47	1 49	243.68511432257083
752	1 15	1 17	1 49	1 51	-63.14599745250672
753	1 15	1 17	1 51	1 53	-86.98018202817852
754	1 15	1 17	1 53	1 55	-66.31923175850288
755	1 15	1 17	1 55	1 57	183.94478039984006
756	1 15	1 17	1 57	1 59	-41.47155758055425
757	1 15	1 17	1 56	1 58	187.5375222770515
758	1 15	1 17	1 58	1 60	-65.18680792421488
759	1 15	1 17	1 60	1 62	-61.80366862370019
760	1 15	1 17	1 62	1 64	-35.18405227911565
761	1 15	1 17	1 64	1 66	146.40992983814508
762	1 15	1 17	1 66	1 68	-51.70091424920299
763	1 15	1 17	1 68	1 70	-49.4465465992276
764	1 15	1 17	1 70	1 72	-21.52336391134031
765	1 15	1 17	1 72	1 2	335.92539592479716
766	1 15	1 17	1 59	1 61	-67.621437477386
767	1 15	1 17	1 61	1 63	-52.20126848095249
768	1 15	1 17	1 63	1 65	143.1245758909862
769	1 15	1 17	1 65	1 67	-34.14492531816926
770	1 15	1 17	1 67	1 69	-53.08098715725319
771	1 15	1 17	1 69	1 71	-38.755091707328646
772	1 15	1 17	1 71	1 1	459.6846376609701
773	1 16	1 18	1 17	1 19	-145.0855336836564
774	1 16	1 18	1 19	1 21	-311.19191969984337
775	1 16	1 18	1 21	1 23	-325.50355252664394
776	1 16	1 18	1 23	1 25	690.1093472837598
777	1 16	1 18	1 25	1 27	-121.62015434556352
778	1 16	1 18	1 27	1 29	-225.5527874534987
779	1 16	1 18	1 29	1 31	-229.63197880303701
780	1 16	1 18	1 31	1 33	486.95894409869555
781	1 16	1 18	1 33	1 35	-94.2954431189895
782	1 16	1 18	1 35	1 37	-148.6433698596295
783	1 16	1 18	1 20	1 22	-273.73123060918783
784	1 16	1 18	1 22	1 24	-386.62419857174314
785	1 16	1 18	1 24	1 26	871.1695067587
786	1 16	1 18	1 26	1 28	-222.81750894908788
787	1 16	1 18	1 28	1 30	-219.31825723202385
788	1 16	1 18	1 30	1 32	-211.3464192006747
789	1 16	1 18	1 32	1 34	536.033490828238
790	1 16	1 18	1 34	1 36	-127.94142490902813
791	1 16	1 18	1 36	1 38	-149.47021888447534
792	1 16	1 18	1 38	1 40	-141.66180638512168
793	1 16	1 18	1 37	1 39	-149.86038781965925
794	1 16	1 18	1 39	1 41	327.8637327785633
795	1 16	1 18	1 41	1 43	-65.97054830385156
796	1 16	1 18	1 43	1 45	-106.3615025745838
797	1 16	1 18	1 45	1 47	-97.82855256766011
798	1 16	1 18	1 47	1 49	228.52903724733085
799	1 16	1 18	1 49	1 51	-46.17820763154509
800	1 16	1 18	1 51	1 53	-81.78097721471633
801	1 16	1 18	1 53	1 55	-73.88242488847087
802	1 16	1 18	1 55	1 57	174.864458297934
803	1 16	1 18	1 40	1 42	364.0714291032872
804	1 16	1 18	1 42	1 44	-89.91330899879225
805	1 16	1 18	1 44	1 46	-109.80961844602405
806	1 16	1 18	1 46	1 48	-84.75209570183594
807	1 16	1 18	1 48	1 50	253.32104401811827
808	1 16	1 18	1 50	1 52	-68.68118015564067
809	1 16	1 18	1 52	1 54	-80.83040883324519
810	1 16	1 18	1 54	1 56	-57.562496653182485
811	1 16	1 18	1 56	1 58	186.35684747338962
812	1 16	1 18	1 58	1 60	-56.62779605016841
813	1 16	1 18	1 57	1 59	-33.42076959680094
814	1 16	1 18	1 59	1 61	-63.18070896858882
815	1 16	1 18	1 61	1 63	-56.06067273448751
816	1 16	1 18	1 63	1 65	136.8667194179119
817	1 16	1 18	1 65	1 67	-29.55386494312897
818	1 16	1 18	1 67	1 69	-50.06320569634977
819	1 16	1 18	1 69	1 71	-40.05822829563198
820	1 16	1 18	1 71	1 1	390.7129033554716
821	1 16	1 18	1 60	1 62	-62.35933877774306
822	1 16	1 18	1 62	1 64	-39.97948850992419
823	1 16	1 18	1 64	1 66	144.13614749815343
824	1 16	1 18	1 66	1 68	-46.53267862703101
825	1 16	1 18	1 68	1 70	-49.154228834887824
826	1 16	1 18	1 70	1 72	-23.14320307200432
827	1 16	1 18	1 72	1 2	341.59281313585666
828	1 17	1 19	1 18	1 20	204.5742720727099
829	1 17	1 19	1 20	1 22	-50.780816729192196
830	1 17	1 19	1 22	1 24	-13.132942416016451
831	1 17	1 19	1 24	1 26	-123.78015261037595
832	1 17	1 19	1 26	1 28	147.41848264509127
833	1 17	1 19	1 28	1 30	-21.392848337166463
834	1 17	1 19	1 30	1 32	-8.836327804049716
835	1 17	1 19	1 32	1 34	-101.81790095356544
836	1 17	1 19	1 34	1 36	89.62569223907423
837	1 17	1 19	1 36	1 38	6.010124995965526
838	1 17	1 19	1 21	1 23	-22.025244326563065
839	1 17	1 19	1 23	1 25	-312.01382463156176
840	1 17	1 19	1 25	1 27	315.5330710773046
841	1 17	1 19	1 29	1 31	-14.14002659304136
842	1 17	1 19	1 31	1 33	-189.7310805980626
843	1 17	1 19	1 33	1 35	146.6509413829411
844	1 17	1 19	1 35	1 37	35.69859078862792
845	1 17	1 19	1 37	1 39	-1.6011439311022877
846	1 17	1 19	1 39	1 41	-119.35504319970951
847	1 17	1 19	1 38	1 40	-1.0055480936922643
848	1 17	1 19	1 40	1 42	-83.42778254529443
849	1 17	1 19	1 42	1 44	56.62415738495124
850	1 17	1 19	1 44	1 46	16.50214182478279
851	1 17	1 19	1 46	1 48	2.364724602626455
852	1 17	1 19	1 48	1 50	-66.72400550760716
853	1 17	1 19	1 50	1 52	37.905589921294705
854	1 17	1 19	1 52	1 54	17.846859586506916
855	1 17	1 19	1 54	1 56	4.782047245978321
856	1 17	1 19	1 56	1 58	-53.77138212390267
857	1 17	1 19	1 41	1 43	71.21214515684309
858	1 17	1 19	1 43	1 45	33.578945932604036
859	1 17	1 19	1 45	1 47	6.613277637123834
860	1 17	1 19	1 47	1 49	-81.45178829720379
861	1 17	1 19	1 49	1 51	36.69786178244914
862	1 17	1 19	1 51	1 53	28.105316505160488
863	1 17	1 19	1 53	1 55	10.286710489282616
864	1 17	1 19	1 55	1 57	-59.97279182829726
865	1 17	1 19	1 57	1 59	20.426954754963123
866	1 17	1 19	1 59	1 61	23.056748398890193
867	1 17	1 19	1 58	1 60	27.124675214537525
868	1 17	1 19	1 60	1 62	16.083508629644
869	1 17	1 19	1 62	1 64	5.634757582949861
870	1 17	1 19	1 64	1 66	-43.61785086580811
871	1 17	1 19	1 66	1 68	19.88997758722229
872	1 17	1 19	1 68	1 70	13.944506342511097
873	1 17	1 19	1 70	1 72	4.534269802696292
874	1 17	1 19	1 72	1 2	-109.28786101504815
875	1 17	1 19	1 61	1 63	10.615436419912037
876	1 17	1 19	1 63	1 65	-46.48628774234899
877	1 17	1 19	1 65	1 67	14.472835151683828
878	1 17	1 19	1 67	1 69	17.836820935218558
879	1 17	1 19	1 69	1 71	9.53088005554755
880	1 17	1 19	1 71	1 1	-220.40512479442577
881	1 18	1 20	1 19	1 21	185.1574350289912
882	1 18	1 20	1 21	1 23	-49.19001937477091
883	1 18	1 20	1 23	1 25	-268.69775574711366
884	1 18	1 20	1 25	1 27	151.0292923299006
885	1 18	1 20	1 27	1 29	128.31285416133173
886	1 18	1 20	1 29	1 31	-21.416090836398528
887	1 18	1 20	1 31	1 33	-188.00264196743098
888	1 18	1 20	1 33	1 35	91.35730228027133
889	1 18	1 20	1 35	1 37	75.9396003633934
890	1 18	1 20	1 37	1 39	4.822775908101397
891	1 18	1 20	1 22	1 24	-23.72586410237588
892	1 18	1 20	1 24	1 26	-238.06816522179764
893	1 18	1 20	1 26	1 28	236.95248403694748
894	1 18	1 20	1 28	1 30	5.311761582315989
895	1 18	1 20	1 30	1 32	-14.311214367677454
896	1 18	1 20	1 32	1 34	-145.60068575429995
897	1 18	1 20	1 34	1 36	104.44025454526371
898	1 18	1 20	1 36	1 38	29.759822562572694
899	1 18	1 20	1 40	1 42	-104.86587641794328
900	1 18	1 20	1 39	1 41	-128.1713358314786
901	1 18	1 20	1 41	1 43	52.32606246922268
902	1 18	1 20	1 43	1 45	48.13911294093148
903	1 18	1 20	1 45	1 47	13.986320365894656
904	1 18	1 20	1 47	1 49	-89.58943762757178
905	1 18	1 20	1 49	1 51	30.506440025866688
906	1 18	1 20	1 51	1 53	34.64419188351763
907	1 18	1 20	1 53	1 55	15.954051928148587
908	1 18	1 20	1 55	1 57	-67.01781185172777
909	1 18	1 20	1 57	1 59	18.66513630373833
910	1 18	1 20	1 42	1 44	58.05177203963862
911	1 18	1 20	1 44	1 46	30.110029021239015
912	1 18	1 20	1 46	1 48	5.657148415267053
913	1 18	1 20	1 48	1 50	-80.16326136354888
914	1 18	1 20	1 50	1 52	37.98218368785763
915	1 18	1 20	1 52	1 54	25.360616216948277
916	1 18	1 20	1 54	1 56	8.04347514351451
917	1 18	1 20	1 56	1 58	-62.79689646683775
918	1 18	1 20	1 58	1 60	27.727190990915343
919	1 18	1 20	1 60	1 62	20.516218031432977
920	1 18	1 20	1 59	1 61	26.315703090031285
921	1 18	1 20	1 61	1 63	14.578844294515962
922	1 18	1 20	1 63	1 65	-52.007606561061166
923	1 18	1 20	1 65	1 67	14.290443792847917
924	1 18	1 20	1 67	1 69	19.985264844423178
925	1 18	1 20	1 69	1 71	12.001360690108031
926	1 18	1 20	1 71	1 1	-211.73882005309113
927	1 18	1 20	1 62	1 64	8.114556771911623
928	1 18	1 20	1 64	1 66	-50.32032516184741
929	1 18	1 20	1 66	1 68	20.840456896868467
930	1 18	1 20	1 68	1 70	16.811179046454875
931	1 18	1 20	1 70	1 72	5.939260029223661
932	1 18	1 20	1 72	1 2	-156.1822648410626
933	1 19	1 21	1 20	1 22	177.02716741740488
934	1 19	1 21	1 22	1 24	-57.017659657621095
935	1 19	1 21	1 24	1 26	-246.25433799374923
936	1 19	1 21	1 26	1 28	125.3905920099556
937	1 19	1 21	1 28	1 30	129.57467231029827
938	1 19	1 21	1 30	1 32	-23.947132212380556
939	1 19	1 21	1 32	1 34	-172.96415709925114
940	1 19	1 21	1 34	1 36	73.78296542450533
941	1 19	1 21	1 36	1 38	72.63624472222637
942	1 19	1 21	1 38	1 40	8.579980049342693
943	1 19	1 21	1 23	1 25	-240.238002668925
944	1 19	1 21	1 27	1 29	220.98021100134162
945	1 19	1 21	1 31	1 33	-189.93939448344707
946	1 19	1 21	1 33	1 35	33.70594951591475
947	1 19	1 21	1 35	1 37	100.15249733856123
948	1 19	1 21	1 37	1 39	28.096311814088345
949	1 19	1 21	1 39	1 41	-134.0924654049654
950	1 19	1 21	1 41	1 43	29.373185659612805
951	1 19	1 21	1 40	1 42	-125.68702024018347
952	1 19	1 21	1 42	1 44	46.86788044514689
953	1 19	1 21	1 44	1 46	47.31898466413483
954	1 19	1 21	1 46	1 48	13.283789317434145
955	1 19	1 21	1 48	1 50	-92.54212353798152
956	1 19	1 21	1 50	1 52	32.998209230349445
957	1 19	1 21	1 52	1 54	33.25042540235877
958	1 19	1 21	1 54	1 56	13.666327333480734
959	1 19	1 21	1 56	1 58	-70.83535512368522
960	1 19	1 21	1 58	1 60	25.70569736841219
961	1 19	1 21	1 43	1 45	56.13102065087037
962	1 19	1 21	1 45	1 47	27.65364552746968
963	1 19	1 21	1 47	1 49	-94.45935357042222
964	1 19	1 21	1 49	1 51	21.385022093572474
965	1 19	1 21	1 51	1 53	37.93597275146882
966	1 19	1 21	1 53	1 55	24.010115632977246
967	1 19	1 21	1 55	1 57	-71.42814920880508
968	1 19	1 21	1 57	1 59	15.198018978311332
969	1 19	1 21	1 59	1 61	27.641616629492432
970	1 19	1 21	1 61	1 63	19.431736779549404
971	1 19	1 21	1 60	1 62	24.815155765638828
972	1 19	1 21	1 62	1 64	11.721509466019942
973	1 19	1 21	1 64	1 66	-55.8658783024458
974	1 19	1 21	1 66	1 68	20.232129870803846
975	1 19	1 21	1 68	1 70	19.336909107837393
976	1 19	1 21	1 70	1 72	7.744013897305271
977	1 19	1 21	1 63	1 65	-55.354247548526814
978	1 19	1 21	1 65	1 67	12.978263113419823
979	1 19	1 21	1 67	1 69	20.984301806728112
980	1 19	1 21	1 69	1 71	14.631075305213011
981	1 19	1 21	1 71	1 1	-168.83603400878104
982	1 20	1 22	1 21	1 23	170.98121885004213
983	1 20	1 22	1 23	1 25	-280.58744939637063
984	1 20	1 22	1 25	1 27	-21.607343979806203
985	1 20	1 22	1 27	1 29	122.17963966474557
986	1 20	1 22	1 29	1 31	125.53782354221502
987	1 20	1 22	1 31	1 33	-207.97332175670903
988	1 20	1 22	1 35	1 37	71.5583257490282
989	1 20	1 22	1 37	1 39	73.81953786770802
990	1 20	1 22	1 39	1 41	-134.7742196139883
991	1 20	1 22	1 24	1 26	-243.15112963218075
992	1 20	1 22	1 28	1 30	223.0561819290632
993	1 20	1 22	1 32	1 34	-193.50893534619243
994	1 20	1 22	1 34	1 36	27.821351455727292
995	1 20	1 22	1 36	1 38	96.24958172354296
996	1 20	1 22	1 38	1 40	37.352497154757536
997	1 20	1 22	1 40	1 42	-140.40887345266083
998	1 20	1 22	1 42	1 44	28.213756444282097
999	1 20	1 22	1 41	1 43	13.02123364409623
1000	1 20	1 22	1 43	1 45	46.885312690784346
1001	1 20	1 22	1 45	1 47	44.453140360139955
1002	1 20	1 22	1 47	1 49	-91.79091277229185
1003	1 20	1 22	1 49	1 51	12.922477155792084
1004	1 20	1 22	1 51	1 53	33.97367511137101
1005	1 20	1 22	1 53	1 55	31.691375083605468
1006	1 20	1 22	1 55	1 57	-69.37015719237064
1007	1 20	1 22	1 57	1 59	11.0447310304137
1008	1 20	1 22	1 59	1 61	25.18551580023332
1009	1 20	1 22	1 44	1 46	55.08491942982259
1010	1 20	1 22	1 46	1 48	28.63171328518496
1011	1 20	1 22	1 48	1 50	-99.25681173131505
1012	1 20	1 22	1 50	1 52	23.968395322345017
1013	1 20	1 22	1 52	1 54	36.028458445063464
1014	1 20	1 22	1 54	1 56	21.78372611348606
1015	1 20	1 22	1 56	1 58	-73.50805941415251
1016	1 20	1 22	1 58	1 60	20.84676348679455
1017	1 20	1 22	1 60	1 62	26.12566727312373
1018	1 20	1 22	1 62	1 64	15.758248525558448
1019	1 20	1 22	1 61	1 63	23.277109125643705
1020	1 20	1 22	1 63	1 65	-53.82520975320139
1021	1 20	1 22	1 65	1 67	10.682564199950255
1022	1 20	1 22	1 67	1 69	19.72698755848903
1023	1 20	1 22	1 69	1 71	16.27850312874297
1024	1 20	1 22	1 71	1 1	-128.14476913638217
1025	1 20	1 22	1 64	1 66	-56.845867249250766
1026	1 20	1 22	1 66	1 68	17.55344807480748
1027	1 20	1 22	1 68	1 70	19.93111226343679
1028	1 20	1 22	1 70	1 72	9.248842169660936
1029	1 20	1 22	1 72	1 2	-130.14849919645332
1030	1 21	1 23	1 22	1 24	238.46876891235274
1031	1 21	1 23	1 24	1 26	-347.00799035686146
1032	1 21	1 23	1 26	1 28	-21.775313788952737
1033	1 21	1 23	1 28	1 30	136.4051969866664
1034	1 21	1 23	1 30	1 32	163.23190926933194
1035	1 21	1 23	1 32	1 34	-260.25555112866493
1036	1 21	1 23	1 34	1 36	4.783094959319236
1037	1 21	1 23	1 36	1 38	81.22819425611902
1038	1 21	1 23	1 38	1 40	102.81885399232553
1039	1 21	1 23	1 40	1 42	-171.95221224932527
1040	1 21	1 23	1 25	1 27	-14.34319548207874
1041	1 21	1 23	1 27	1 29	-2.2660840659074593
1042	1 21	1 23	1 29	1 31	276.19254340835937
1043	1 21	1 23	1 31	1 33	-247.13489411905448
1044	1 21	1 23	1 35	1 37	31.158028759181473
1045	1 21	1 23	1 37	1 39	120.4133383788012
1046	1 21	1 23	1 39	1 41	-138.38362526951477
1047	1 21	1 23	1 41	1 43	5.927295683290602
1048	1 21	1 23	1 43	1 45	33.540384167245236
1049	1 21	1 23	1 42	1 44	15.628664701754671
1050	1 21	1 23	1 44	1 46	53.67007075740281
1051	1 21	1 23	1 46	1 48	55.7268558117194
1052	1 21	1 23	1 48	1 50	-114.52734587033635
1053	1 21	1 23	1 50	1 52	17.530480500075484
1054	1 21	1 23	1 52	1 54	36.77274673866694
1055	1 21	1 23	1 54	1 56	34.31242132636249
1056	1 21	1 23	1 56	1 58	-81.2833621490164
1057	1 21	1 23	1 58	1 60	17.522244276843622
1058	1 21	1 23	1 60	1 62	27.50991479456144
1059	1 21	1 23	1 45	1 47	61.517723924012074
1060	1 21	1 23	1 47	1 49	-90.93814243912152
1061	1 21	1 23	1 49	1 51	8.308235862179867
1062	1 21	1 23	1 51	1 53	29.173960954842332
1063	1 21	1 23	1 53	1 55	40.285392520893
1064	1 21	1 23	1 55	1 57	-70.02181014891157
1065	1 21	1 23	1 57	1 59	8.588865007806636
1066	1 21	1 23	1 59	1 61	23.17865137553494
1067	1 21	1 23	1 61	1 63	28.073623087461186
1068	1 21	1 23	1 63	1 65	-54.768129162227055
1069	1 21	1 23	1 62	1 64	21.73187775166354
1070	1 21	1 23	1 64	1 66	-61.16514028273089
1071	1 21	1 23	1 66	1 68	15.965820710883811
1072	1 21	1 23	1 68	1 70	21.1647593455558
1073	1 21	1 23	1 70	1 72	11.561080991775425
1074	1 21	1 23	1 72	1 2	-119.34154374380559
1075	1 21	1 23	1 65	1 67	9.342050396841064
1076	1 21	1 23	1 67	1 69	19.181553920017727
1077	1 21	1 23	1 69	1 71	18.655366655087413
1078	1 21	1 23	1 71	1 1	-111.47807861299134
1079	1 22	1 24	1 23	1 25	-160.13776381866995
1080	1 22	1 24	1 25	1 27	-8.900401243705279
1081	1 22	1 24	1 27	1 29	-21.562927254792914
1082	1 22	1 24	1 29	1 31	180.36653259427317
1083	1 22	1 24	1 31	1 33	-141.0071508409921
1084	1 22	1 24	1 35	1 37	8.94067957232728
1085	1 22	1 24	1 37	1 39	102.83045389118834
1086	1 22	1 24	1 39	1 41	-101.59736651793249
1087	1 22	1 24	1 41	1 43	3.019285435179448
1088	1 22	1 24	1 26	1 28	-13.566919513855598
1089	1 22	1 24	1 30	1 32	313.95642226244047
1090	1 22	1 24	1 32	1 34	-293.57256018912733
1091	1 22	1 24	1 36	1 38	41.236888279748854
1092	1 22	1 24	1 38	1 40	145.0377623952365
1093	1 22	1 24	1 40	1 42	-174.68809596131098
1094	1 22	1 24	1 42	1 44	8.497181026640458
1095	1 22	1 24	1 44	1 46	38.508216342082484
1096	1 22	1 24	1 43	1 45	20.17242531242755
1097	1 22	1 24	1 45	1 47	57.39263516877695
1098	1 22	1 24	1 47	1 49	-73.3513876460818
1099	1 22	1 24	1 49	1 51	5.35323848143378
1100	1 22	1 24	1 51	1 53	21.287160312598143
1101	1 22	1 24	1 53	1 55	38.50504326816102
1102	1 22	1 24	1 55	1 57	-59.206415194843274
1103	1 22	1 24	1 57	1 59	6.2446293202079
1104	1 22	1 24	1 59	1 61	18.30943428179395
1105	1 22	1 24	1 61	1 63	26.783375326356378
1106	1 22	1 24	1 46	1 48	70.91316941919061
1107	1 22	1 24	1 48	1 50	-109.68894763318707
1108	1 22	1 24	1 50	1 52	11.870871231543717
1109	1 22	1 24	1 52	1 54	29.814893247984713
1110	1 22	1 24	1 54	1 56	39.52883380563335
1111	1 22	1 24	1 56	1 58	-75.181628222404
1112	1 22	1 24	1 58	1 60	13.207702504160034
1113	1 22	1 24	1 60	1 62	23.718204209642376
1114	1 22	1 24	1 62	1 64	23.21118863995062
1115	1 22	1 24	1 64	1 66	-55.525134568819894
1116	1 22	1 24	1 63	1 65	-47.32318508229511
1117	1 22	1 24	1 65	1 67	7.339232547663093
1118	1 22	1 24	1 67	1 69	15.982217967633018
1119	1 22	1 24	1 69	1 71	17.47872851205224
1120	1 22	1 24	1 71	1 1	-89.70870721866791
1121	1 22	1 24	1 66	1 68	12.809272846250142
1122	1 22	1 24	1 68	1 70	18.725888929494374
1123	1 22	1 24	1 70	1 72	11.62044993688127
1124	1 22	1 24	1 72	1 2	-98.25832023389802
1125	1 23	1 25	1 24	1 26	737.542562758749
1126	1 23	1 25	1 26	1 28	-275.57488100599176
1127	1 23	1 25	1 28	1 30	-239.872416676098
1128	1 23	1 25	1 30	1 32	-126.31113724684582
1129	1 23	1 25	1 32	1 34	588.4019117301563
1130	1 23	1 25	1 34	1 36	-212.50292798838137
1131	1 23	1 25	1 36	1 38	-164.3484074127286
1132	1 23	1 25	1 38	1 40	-110.55718273706078
1133	1 23	1 25	1 40	1 42	428.6488993097443
1134	1 23	1 25	1 42	1 44	-149.69606948893158
1135	1 23	1 25	1 27	1 29	-223.05235322327246
1136	1 23	1 25	1 29	1 31	-256.9168193645582
1137	1 23	1 25	1 31	1 33	742.7839637768589
1138	1 23	1 25	1 33	1 35	-267.23340970322363
1139	1 23	1 25	1 35	1 37	-183.82436228809647
1140	1 23	1 25	1 37	1 39	-147.49529461503283
1141	1 23	1 25	1 39	1 41	459.885211247062
1142	1 23	1 25	1 41	1 43	-146.8567283413426
1143	1 23	1 25	1 43	1 45	-140.9601210145879
1144	1 23	1 25	1 45	1 47	-99.9282493091757
1145	1 23	1 25	1 44	1 46	-126.93321972427958
1146	1 23	1 25	1 46	1 48	-73.34204042691574
1147	1 23	1 25	1 48	1 50	311.5594258338833
1148	1 23	1 25	1 50	1 52	-109.41437215604395
1149	1 23	1 25	1 52	1 54	-97.85788669302252
1150	1 23	1 25	1 54	1 56	-55.7433725801808
1151	1 23	1 25	1 56	1 58	236.18431103043002
1152	1 23	1 25	1 58	1 60	-85.46854469288604
1153	1 23	1 25	1 60	1 62	-77.41770427348013
1154	1 23	1 25	1 62	1 64	-42.39017090913932
1155	1 23	1 25	1 47	1 49	312.611397322318
1156	1 23	1 25	1 49	1 51	-87.11412761225884
1157	1 23	1 25	1 51	1 53	-110.89652178577524
1158	1 23	1 25	1 53	1 55	-80.72337881678291
1159	1 23	1 25	1 55	1 57	235.40839374618258
1160	1 23	1 25	1 57	1 59	-55.727156904346174
1161	1 23	1 25	1 59	1 61	-86.85687924469381
1162	1 23	1 25	1 61	1 63	-64.32171317417732
1163	1 23	1 25	1 63	1 65	183.0662953218577
1164	1 23	1 25	1 65	1 67	-44.96365703050597
1165	1 23	1 25	1 64	1 66	185.30945589022406
1166	1 23	1 25	1 66	1 68	-67.2392339613589
1167	1 23	1 25	1 68	1 70	-62.32886375933299
1168	1 23	1 25	1 70	1 72	-26.486864507189427
1169	1 23	1 25	1 72	1 2	234.4935174667121
1170	1 23	1 25	1 67	1 69	-67.99021176100895
1171	1 23	1 25	1 69	1 71	-48.21766438997511
1172	1 23	1 25	1 71	1 1	309.11839909109517
1173	1 24	1 26	1 25	1 27	-108.90169216195095
1174	1 24	1 26	1 27	1 29	-263.4496968461533
1175	1 24	1 26	1 29	1 31	-281.78626501976487
1176	1 24	1 26	1 31	1 33	588.4668463658248
1177	1 24	1 26	1 33	1 35	-96.13395811666246
1178	1 24	1 26	1 35	1 37	-195.6329231712718
1179	1 24	1 26	1 37	1 39	-184.25096056007845
1180	1 24	1 26	1 39	1 41	406.21270387381963
1181	1 24	1 26	1 41	1 43	-74.63069575049681
1182	1 24	1 26	1 43	1 45	-137.32335839156212
1183	1 24	1 26	1 28	1 30	-237.9700257529757
1184	1 24	1 26	1 30	1 32	-297.0523330293033
1185	1 24	1 26	1 32	1 34	713.7279415132091
1186	1 24	1 26	1 34	1 36	-191.08462444130953
1187	1 24	1 26	1 36	1 38	-180.86101301265737
1188	1 24	1 26	1 38	1 40	-184.83814909849372
1189	1 24	1 26	1 40	1 42	464.355429316939
1190	1 24	1 26	1 42	1 44	-116.65280637418874
1191	1 24	1 26	1 44	1 46	-137.4664616009012
1192	1 24	1 26	1 46	1 48	-108.3607352535561
1193	1 24	1 26	1 45	1 47	-123.18565875259912
1194	1 24	1 26	1 47	1 49	286.1681378644298
1195	1 24	1 26	1 49	1 51	-55.017439809120745
1196	1 24	1 26	1 51	1 53	-103.99365653560025
1197	1 24	1 26	1 53	1 55	-93.55113085226974
1198	1 24	1 26	1 55	1 57	219.29592941027323
1199	1 24	1 26	1 57	1 59	-40.796683567135545
1200	1 24	1 26	1 59	1 61	-79.64217101256034
1201	1 24	1 26	1 61	1 63	-70.92949934690213
1202	1 24	1 26	1 63	1 65	171.84468229025927
1203	1 24	1 26	1 48	1 50	320.2410631083807
1204	1 24	1 26	1 50	1 52	-86.2569023772715
1205	1 24	1 26	1 52	1 54	-102.24346866448161
1206	1 24	1 26	1 54	1 56	-73.31905094844942
1207	1 24	1 26	1 56	1 58	235.06687448673685
1208	1 24	1 26	1 58	1 60	-70.78779322394826
1209	1 24	1 26	1 60	1 62	-78.6891076475296
1210	1 24	1 26	1 62	1 64	-50.70841678165169
1211	1 24	1 26	1 64	1 66	181.26531497523573
1212	1 24	1 26	1 66	1 68	-58.05532127605599
1213	1 24	1 26	1 65	1 67	-36.62506316606442
1214	1 24	1 26	1 67	1 69	-62.93332976829281
1215	1 24	1 26	1 69	1 71	-50.61322572071826
1216	1 24	1 26	1 71	1 1	276.2511679312188
1217	1 24	1 26	1 68	1 70	-62.00656454135096
1218	1 24	1 26	1 70	1 72	-29.33493169126767
1219	1 24	1 26	1 72	1 2	236.91281749798844
1220	1 25	1 27	1 26	1 28	170.68333781801647
1221	1 25	1 27	1 28	1 30	-54.15396526973542
1222	1 25	1 27	1 30	1 32	-10.532473969537053
1223	1 25	1 27	1 32	1 34	-103.2621834966472
1224	1 25	1 27	1 34	1 36	126.62839539517495
1225	1 25	1 27	1 36	1 38	-21.371321210102472
1226	1 25	1 27	1 38	1 40	-6.34294828311463
1227	1 25	1 27	1 40	1 42	-94.54814241821998
1228	1 25	1 27	1 42	1 44	83.78844022170699
1229	1 25	1 27	1 44	1 46	6.733795827662279
1230	1 25	1 27	1 29	1 31	-20.74758241861926
1231	1 25	1 27	1 31	1 33	-279.66551196669207
1232	1 25	1 27	1 33	1 35	285.999467782763
1233	1 25	1 27	1 37	1 39	-12.937948190613593
1234	1 25	1 27	1 39	1 41	-163.57622965477884
1235	1 25	1 27	1 41	1 43	125.8597091202391
1236	1 25	1 27	1 43	1 45	31.77713262129339
1237	1 25	1 27	1 47	1 49	-106.68418998114151
1238	1 25	1 27	1 46	1 48	-1.9091929267739745
1239	1 25	1 27	1 48	1 50	-80.03011197207286
1240	1 25	1 27	1 50	1 52	55.58927144540396
1241	1 25	1 27	1 52	1 54	16.511065157448662
1242	1 25	1 27	1 54	1 56	2.2817358897601077
1243	1 25	1 27	1 56	1 58	-66.17506582905835
1244	1 25	1 27	1 58	1 60	38.80210928869627
1245	1 25	1 27	1 60	1 62	17.8066786984066
1246	1 25	1 27	1 62	1 64	4.809887758685032
1247	1 25	1 27	1 64	1 66	-54.80855608725248
1248	1 25	1 27	1 49	1 51	60.59808684716043
1249	1 25	1 27	1 51	1 53	33.3216817919964
1250	1 25	1 27	1 53	1 55	7.421037471629623
1251	1 25	1 27	1 55	1 57	-78.15487076354935
1252	1 25	1 27	1 57	1 59	31.718872246240593
1253	1 25	1 27	1 59	1 61	29.67816062878352
1254	1 25	1 27	1 61	1 63	10.284956474845615
1255	1 25	1 27	1 63	1 65	-60.62232858486328
1256	1 25	1 27	1 65	1 67	21.203805846726333
1257	1 25	1 27	1 67	1 69	23.28610173790244
1258	1 25	1 27	1 66	1 68	27.807504651503983
1259	1 25	1 27	1 68	1 70	16.69181867595007
1260	1 25	1 27	1 70	1 72	4.711985584871925
1261	1 25	1 27	1 72	1 2	-80.50736829674564
1262	1 25	1 27	1 69	1 71	10.659689227459602
1263	1 25	1 27	1 71	1 1	-136.58401030705835
1264	1 26	1 28	1 27	1 29	150.91758732315674
1265	1 26	1 28	1 29	1 31	-47.40126377936009
1266	1 26	1 28	1 31	1 33	-219.28138200384143
1267	1 26	1 28	1 33	1 35	124.42171684551732
1268	1 26	1 28	1 35	1 37	108.64296748939458
1269	1 26	1 28	1 37	1 39	-21.025800787290702
1270	1 26	1 28	1 39	1 41	-156.5432161171027
1271	1 26	1 28	1 41	1 43	74.34146180512576
1272	1 26	1 28	1 43	1 45	66.33320780310865
1273	1 26	1 28	1 45	1 47	4.882520561609364
1274	1 26	1 28	1 30	1 32	-19.734979263591292
1275	1 26	1 28	1 32	1 34	-197.46929423947824
1276	1 26	1 28	1 34	1 36	207.50055657398622
1277	1 26	1 28	1 38	1 40	-10.934539737060097
1278	1 26	1 28	1 40	1 42	-126.34487256095488
1279	1 26	1 28	1 42	1 44	92.5892517256396
1280	1 26	1 28	1 44	1 46	26.98491986709771
1281	1 26	1 28	1 48	1 50	-95.64268482387386
1282	1 26	1 28	1 47	1 49	-112.20919198055178
1283	1 26	1 28	1 49	1 51	43.27358641036719
1284	1 26	1 28	1 51	1 53	45.89382999015104
1285	1 26	1 28	1 53	1 55	13.955836065465522
1286	1 26	1 28	1 55	1 57	-83.90683541636493
1287	1 26	1 28	1 57	1 59	25.84538665087151
1288	1 26	1 28	1 59	1 61	34.41143838342319
1289	1 26	1 28	1 61	1 63	15.191095263471613
1290	1 26	1 28	1 63	1 65	-65.35216427319318
1291	1 26	1 28	1 65	1 67	19.253112784001182
1292	1 26	1 28	1 50	1 52	54.83374834230846
1293	1 26	1 28	1 52	1 54	28.37131975660366
1294	1 26	1 28	1 54	1 56	4.8451991273844275
1295	1 26	1 28	1 56	1 58	-76.0467570542547
1296	1 26	1 28	1 58	1 60	38.066186828554905
1297	1 26	1 28	1 60	1 62	24.19859189886519
1298	1 26	1 28	1 62	1 64	7.360695435655705
1299	1 26	1 28	1 64	1 66	-61.61764568955141
1300	1 26	1 28	1 66	1 68	27.69672875226712
1301	1 26	1 28	1 68	1 70	20.292959346079613
1302	1 26	1 28	1 67	1 69	25.672039525303266
1303	1 26	1 28	1 69	1 71	13.668120399798095
1304	1 26	1 28	1 71	1 1	-133.65675193098068
1305	1 26	1 28	1 70	1 72	6.292815271629044
1306	1 26	1 28	1 72	1 2	-98.3903470239449
1307	1 27	1 29	1 28	1 30	165.89833604972188
1308	1 27	1 29	1 30	1 32	-55.32491168247957
1309	1 27	1 29	1 32	1 34	-212.21011891882708
1310	1 27	1 29	1 34	1 36	113.50883315826115
1311	1 27	1 29	1 36	1 38	110.73404232288719
1312	1 27	1 29	1 38	1 40	-21.059830308902058
1313	1 27	1 29	1 40	1 42	-156.00137935948555
1314	1 27	1 29	1 42	1 44	68.67763968464189
1315	1 27	1 29	1 44	1 46	69.20364247300833
1316	1 27	1 29	1 46	1 48	3.155818782804689
1317	1 27	1 29	1 31	1 33	-207.0983066976041
1318	1 27	1 29	1 35	1 37	205.05748394268238
1319	1 27	1 29	1 37	1 39	-7.384301477190194
1320	1 27	1 29	1 39	1 41	-168.34217030772325
1321	1 27	1 29	1 41	1 43	27.011134466423954
1322	1 27	1 29	1 43	1 45	93.5186703148465
1323	1 27	1 29	1 45	1 47	26.329891463273952
1324	1 27	1 29	1 47	1 49	-124.96098304815584
1325	1 27	1 29	1 49	1 51	25.517326945673275
1326	1 27	1 29	1 48	1 50	-117.917295836876
1327	1 27	1 29	1 50	1 52	46.32192011684968
1328	1 27	1 29	1 52	1 54	46.82635632794423
1329	1 27	1 29	1 54	1 56	11.905424251616942
1330	1 27	1 29	1 56	1 58	-91.6387266248942
1331	1 27	1 29	1 58	1 60	35.32819405746
1332	1 27	1 29	1 60	1 62	33.680116212442925
1333	1 27	1 29	1 62	1 64	12.863901096530428
1334	1 27	1 29	1 64	1 66	-72.95985820594312
1335	1 27	1 29	1 66	1 68	27.396269762123207
1336	1 27	1 29	1 51	1 53	56.55906425049537
1337	1 27	1 29	1 53	1 55	28.41612643045897
1338	1 27	1 29	1 55	1 57	-94.8457880842161
1339	1 27	1 29	1 57	1 59	19.65340133461739
1340	1 27	1 29	1 59	1 61	38.88880878857658
1341	1 27	1 29	1 61	1 63	24.307406654840854
1342	1 27	1 29	1 63	1 65	-73.72883779006392
1343	1 27	1 29	1 65	1 67	17.269560546699218
1344	1 27	1 29	1 67	1 69	28.635776900495067
1345	1 27	1 29	1 69	1 71	18.82340114254282
1346	1 27	1 29	1 68	1 70	25.754884559365394
1347	1 27	1 29	1 70	1 72	9.358237943018295
1348	1 27	1 29	1 72	1 2	-109.71191320118835
1349	1 27	1 29	1 71	1 1	-125.91413209736629
1350	1 28	1 30	1 29	1 31	157.921792559709
1351	1 28	1 30	1 31	1 33	-258.15140764753744
1352	1 28	1 30	1 33	1 35	-20.794706552843614
1353	1 28	1 30	1 35	1 37	116.84267141670813
1354	1 28	1 30	1 37	1 39	112.2405596495644
1355	1 28	1 30	1 39	1 41	-192.79434440892635
1356	1 28	1 30	1 41	1 43	4.759440571234466
1357	1 28	1 30	1 43	1 45	73.64097107979282
1358	1 28	1 30	1 45	1 47	67.03629296602463
1359	1 28	1 30	1 47	1 49	-131.50566815592316
1360	1 28	1 30	1 32	1 34	-221.3261996376338
1361	1 28	1 30	1 36	1 38	202.89676104086496
1362	1 28	1 30	1 40	1 42	-182.28157750302682
1363	1 28	1 30	1 42	1 44	30.361397887483896
1364	1 28	1 30	1 44	1 46	95.78294468994474
1365	1 28	1 30	1 46	1 48	26.372142046119905
1366	1 28	1 30	1 48	1 50	-134.91293729337855
1367	1 28	1 30	1 50	1 52	30.57983677905761
1368	1 28	1 30	1 49	1 51	12.724526632703757
1369	1 28	1 30	1 51	1 53	50.80126645447692
1370	1 28	1 30	1 53	1 55	46.23722340818817
1371	1 28	1 30	1 55	1 57	-98.08363021872864
1372	1 28	1 30	1 57	1 59	13.453466951188306
1373	1 28	1 30	1 59	1 61	36.20090085813152
1374	1 28	1 30	1 61	1 63	33.32681071050619
1375	1 28	1 30	1 63	1 65	-75.4473560548613
1376	1 28	1 30	1 65	1 67	14.101095857547953
1377	1 28	1 30	1 67	1 69	27.856150266248704
1378	1 28	1 30	1 52	1 54	56.42899579094132
1379	1 28	1 30	1 54	1 56	26.45756925851574
1380	1 28	1 30	1 56	1 58	-101.53538176669272
1381	1 28	1 30	1 58	1 60	28.01810147109136
1382	1 28	1 30	1 60	1 62	38.613793193396766
1383	1 28	1 30	1 62	1 64	20.827388607300097
1384	1 28	1 30	1 64	1 66	-79.13469797660035
1385	1 28	1 30	1 66	1 68	24.03761099553848
1386	1 28	1 30	1 68	1 70	28.53882582687345
1387	1 28	1 30	1 70	1 72	12.706808602165069
1388	1 28	1 30	1 69	1 71	23.058489529796752
1389	1 28	1 30	1 71	1 1	-117.79995512953266
1390	1 28	1 30	1 72	1 2	-113.88222832248093
1391	1 29	1 31	1 30	1 32	218.73321803840793
1392	1 29	1 31	1 32	1 34	-318.5744357972179
1393	1 29	1 31	1 34	1 36	-21.999305314820457
1394	1 29	1 31	1 36	1 38	114.98567819297124
1395	1 29	1 31	1 38	1 40	162.05020212291086
1396	1 29	1 31	1 40	1 42	-240.98477599847564
1397	1 29	1 31	1 42	1 44	6.414913245589382
1398	1 29	1 31	1 44	1 46	76.74331351066456
1399	1 29	1 31	1 46	1 48	85.31412363422308
1400	1 29	1 31	1 48	1 50	-156.77676510789274
1401	1 29	1 31	1 33	1 35	-12.076173124331877
1402	1 29	1 31	1 35	1 37	-5.869856399925819
1403	1 29	1 31	1 37	1 39	240.0682983551656
1404	1 29	1 31	1 39	1 41	-209.67651350792914
1405	1 29	1 31	1 41	1 43	-1.3631597947108887
1406	1 29	1 31	1 43	1 45	32.366597680867415
1407	1 29	1 31	1 45	1 47	101.89881796928273
1408	1 29	1 31	1 47	1 49	-123.1214230870888
1409	1 29	1 31	1 49	1 51	5.528927457543945
1410	1 29	1 31	1 51	1 53	34.58199667881256
1411	1 29	1 31	1 50	1 52	16.264777992770433
1412	1 29	1 31	1 52	1 54	51.00578768133043
1413	1 29	1 31	1 54	1 56	51.310476337365756
1414	1 29	1 31	1 56	1 58	-109.45499493430594
1415	1 29	1 31	1 58	1 60	19.531513828960687
1416	1 29	1 31	1 60	1 62	37.56941394750545
1417	1 29	1 31	1 62	1 64	31.760944766826
1418	1 29	1 31	1 64	1 66	-81.87950204831418
1419	1 29	1 31	1 66	1 68	19.182240417425298
1420	1 29	1 31	1 68	1 70	28.558985573084797
1421	1 29	1 31	1 53	1 55	60.7751861029206
1422	1 29	1 31	1 55	1 57	-92.1133641872855
1423	1 29	1 31	1 57	1 59	8.506384913325945
1424	1 29	1 31	1 59	1 61	28.656401802077053
1425	1 29	1 31	1 61	1 63	40.44677598567169
1426	1 29	1 31	1 63	1 65	-71.7161705619792
1427	1 29	1 31	1 65	1 67	10.733959824659348
1428	1 29	1 31	1 67	1 69	24.42203121056908
1429	1 29	1 31	1 69	1 71	26.01395760669665
1430	1 29	1 31	1 71	1 1	-104.61000556110142
1431	1 29	1 31	1 70	1 72	16.460532268546565
1432	1 29	1 31	1 72	1 2	-108.58260784172123
1433	1 30	1 32	1 31	1 33	-147.09884026907176
1434	1 30	1 32	1 33	1 35	-6.655217290317786
1435	1 30	1 32	1 35	1 37	-21.922463520151396
1436	1 30	1 32	1 37	1 39	149.0887015244232
1437	1 30	1 32	1 39	1 41	-113.82219831639517
1438	1 30	1 32	1 41	1 43	-1.695322066973024
1439	1 30	1 32	1 43	1 45	9.604030938217985
1440	1 30	1 32	1 45	1 47	82.93945946127933
1441	1 30	1 32	1 47	1 49	-84.5063164394376
1442	1 30	1 32	1 49	1 51	2.613254676755409
1443	1 30	1 32	1 34	1 36	-12.726862870948937
1444	1 30	1 32	1 38	1 40	281.06778735383966
1445	1 30	1 32	1 40	1 42	-261.2574588860813
1446	1 30	1 32	1 44	1 46	36.61635575392387
1447	1 30	1 32	1 46	1 48	123.17035970825685
1448	1 30	1 32	1 48	1 50	-151.95486255911155
1449	1 30	1 32	1 50	1 52	8.362380414708847
1450	1 30	1 32	1 52	1 54	34.339050652742195
1451	1 30	1 32	1 51	1 53	19.665467910822052
1452	1 30	1 32	1 53	1 55	54.676014356480614
1453	1 30	1 32	1 55	1 57	-71.01267928305035
1454	1 30	1 32	1 57	1 59	5.307125673943228
1455	1 30	1 32	1 59	1 61	19.57534263707789
1456	1 30	1 32	1 61	1 63	37.283401005361696
1457	1 30	1 32	1 63	1 65	-57.90221556186083
1458	1 30	1 32	1 65	1 67	7.575588240529962
1459	1 30	1 32	1 67	1 69	18.56032197205988
1460	1 30	1 32	1 69	1 71	23.65310293711368
1461	1 30	1 32	1 54	1 56	63.705804713348485
1462	1 30	1 32	1 56	1 58	-99.65988487166207
1463	1 30	1 32	1 58	1 60	12.617145716815074
1464	1 30	1 32	1 60	1 62	29.31523871987109
1465	1 30	1 32	1 62	1 64	35.31972300401199
1466	1 30	1 32	1 64	1 66	-72.03870504994472
1467	1 30	1 32	1 66	1 68	13.842499321984956
1468	1 30	1 32	1 68	1 70	23.716622030212378
1469	1 30	1 32	1 70	1 72	16.751453934174826
1470	1 30	1 32	1 72	1 2	-89.53359400446212
1471	1 30	1 32	1 71	1 1	-82.72396621678661
1472	1 31	1 33	1 32	1 34	671.6160840598696
1473	1 31	1 33	1 34	1 36	-251.5356861859651
1474	1 31	1 33	1 36	1 38	-204.30576203352246
1475	1 31	1 33	1 38	1 40	-133.81729086589536
1476	1 31	1 33	1 40	1 42	553.2928380352139
1477	1 31	1 33	1 42	1 44	-205.05476022103306
1478	1 31	1 33	1 44	1 46	-161.33153180893197
1479	1 31	1 33	1 46	1 48	-87.82075544928398
1480	1 31	1 33	1 48	1 50	406.91118794793266
1481	1 31	1 33	1 50	1 52	-150.97467444630615
1482	1 31	1 33	1 35	1 37	-206.9730054524287
1483	1 31	1 33	1 37	1 39	-217.529489097086
1484	1 31	1 33	1 39	1 41	648.0895868049126
1485	1 31	1 33	1 41	1 43	-227.628102987176
1486	1 31	1 33	1 43	1 45	-177.36444717285724
1487	1 31	1 33	1 45	1 47	-130.94353936987235
1488	1 31	1 33	1 47	1 49	422.7969703040436
1489	1 31	1 33	1 49	1 51	-127.45927627268959
1490	1 31	1 33	1 51	1 53	-145.13617969557865
1491	1 31	1 33	1 53	1 55	-103.22159743703624
1492	1 31	1 33	1 52	1 54	-126.73890672236551
1493	1 31	1 33	1 54	1 56	-68.78101931964608
1494	1 31	1 33	1 56	1 58	311.1262821583111
1495	1 31	1 33	1 58	1 60	-117.44088814913317
1496	1 31	1 33	1 60	1 62	-101.34204705876779
1497	1 31	1 33	1 62	1 64	-53.55104974425817
1498	1 31	1 33	1 64	1 66	245.5629239081526
1499	1 31	1 33	1 66	1 68	-91.5907238739787
1500	1 31	1 33	1 68	1 70	-82.11462327843458
1501	1 31	1 33	1 70	1 72	-34.11347927068957
1502	1 31	1 33	1 55	1 57	314.8332444566936
1503	1 31	1 33	1 57	1 59	-78.91614942578195
1504	1 31	1 33	1 59	1 61	-115.95141957964871
1505	1 31	1 33	1 61	1 63	-82.8290230760724
1506	1 31	1 33	1 63	1 65	244.74972122805536
1507	1 31	1 33	1 65	1 67	-62.142877431283026
1508	1 31	1 33	1 67	1 69	-91.1147568945994
1509	1 31	1 33	1 69	1 71	-62.89164296857889
1510	1 31	1 33	1 71	1 1	227.74770331451407
1511	1 31	1 33	1 72	1 2	183.35837993279185
1512	1 32	1 34	1 33	1 35	-95.16012251242375
1513	1 32	1 34	1 35	1 37	-242.17887264399798
1514	1 32	1 34	1 37	1 39	-240.23390249920132
1515	1 32	1 34	1 39	1 41	529.9509600079748
1516	1 32	1 34	1 41	1 43	-86.60193525789437
1517	1 32	1 34	1 43	1 45	-191.4520092495552
1518	1 32	1 34	1 45	1 47	-161.16309762786295
1519	1 32	1 34	1 47	1 49	382.0937462231674
1520	1 32	1 34	1 49	1 51	-69.68976288136955
1521	1 32	1 34	1 51	1 53	-143.28196351567055
1522	1 32	1 34	1 36	1 38	-206.0095282682518
1523	1 32	1 34	1 38	1 40	-275.1788926896834
1524	1 32	1 34	1 40	1 42	661.1055982349766
1525	1 32	1 34	1 42	1 44	-182.30011665842807
1526	1 32	1 34	1 44	1 46	-177.683276548335
1527	1 32	1 34	1 46	1 48	-150.74393798683428
1528	1 32	1 34	1 48	1 50	437.3488507985976
1529	1 32	1 34	1 50	1 52	-120.82838424865773
1530	1 32	1 34	1 52	1 54	-136.73372203776916
1531	1 32	1 34	1 54	1 56	-99.74149103640006
1532	1 32	1 34	1 53	1 55	-125.2095851215149
1533	1 32	1 34	1 55	1 57	294.76735692259393
1534	1 32	1 34	1 57	1 59	-53.31093097671879
1535	1 32	1 34	1 59	1 61	-108.52919436952743
1536	1 32	1 34	1 61	1 63	-95.60394984415991
1537	1 32	1 34	1 63	1 65	231.19858044697855
1538	1 32	1 34	1 65	1 67	-48.71532409444958
1539	1 32	1 34	1 67	1 69	-85.2050013656671
1540	1 32	1 34	1 69	1 71	-68.37524559801905
1541	1 32	1 34	1 71	1 1	210.28287909579018
1542	1 32	1 34	1 56	1 58	318.8905348883686
1543	1 32	1 34	1 58	1 60	-96.45773328628621
1544	1 32	1 34	1 60	1 62	-106.45007768772042
1545	1 32	1 34	1 62	1 64	-68.90952459858553
1546	1 32	1 34	1 64	1 66	245.64232141669567
1547	1 32	1 34	1 66	1 68	-78.55000596327406
1548	1 32	1 34	1 68	1 70	-83.9709043695654
1549	1 32	1 34	1 70	1 72	-39.766933083125586
1550	1 32	1 34	1 72	1 2	186.91750774098801
1551	1 33	1 35	1 34	1 36	152.58770358330543
1552	1 33	1 35	1 36	1 38	-48.99956949011486
1553	1 33	1 35	1 38	1 40	-9.099258374703314
1554	1 33	1 35	1 40	1 42	-98.46699107066684
1555	1 33	1 35	1 42	1 44	123.75561016816415
1556	1 33	1 35	1 44	1 46	-20.749901233406497
1557	1 33	1 35	1 46	1 48	-6.905369728013384
1558	1 33	1 35	1 48	1 50	-91.49800935180654
1559	1 33	1 35	1 50	1 52	84.00149803779453
1560	1 33	1 35	1 52	1 54	6.2811784730096045
1561	1 33	1 35	1 37	1 39	-19.147707257862514
1562	1 33	1 35	1 39	1 41	-238.26216639235807
1563	1 33	1 35	1 41	1 43	253.23568501604802
1564	1 33	1 35	1 43	1 45	-3.3185166420182437
1565	1 33	1 35	1 45	1 47	-12.430486388374074
1566	1 33	1 35	1 47	1 49	-144.40260439087388
1567	1 33	1 35	1 49	1 51	109.0844658173562
1568	1 33	1 35	1 51	1 53	31.646831053925396
1569	1 33	1 35	1 53	1 55	-0.40211804047541244
1570	1 33	1 35	1 55	1 57	-101.23820542043434
1571	1 33	1 35	1 54	1 56	-2.23312481984713
1572	1 33	1 35	1 56	1 58	-79.411134483006
1573	1 33	1 35	1 58	1 60	57.07284486642006
1574	1 33	1 35	1 60	1 62	16.197495259557684
1575	1 33	1 35	1 62	1 64	2.322772357803596
1576	1 33	1 35	1 64	1 66	-67.53269151660452
1577	1 33	1 35	1 66	1 68	39.755431515674026
1578	1 33	1 35	1 68	1 70	18.48410754226623
1579	1 33	1 35	1 70	1 72	4.09582978987571
1580	1 33	1 35	1 72	1 2	-67.49443387389498
1581	1 33	1 35	1 57	1 59	52.61159120762979
1582	1 33	1 35	1 59	1 61	36.398103089645275
1583	1 33	1 35	1 61	1 63	6.8636473965468205
1584	1 33	1 35	1 63	1 65	-78.72271288315105
1585	1 33	1 35	1 65	1 67	32.562916850757546
1586	1 33	1 35	1 67	1 69	29.91139768247553
1587	1 33	1 35	1 69	1 71	10.531072911050508
1588	1 33	1 35	1 71	1 1	-96.74060939138124
1589	1 34	1 36	1 35	1 37	151.71287564153505
1590	1 34	1 36	1 37	1 39	-50.34854130203708
1591	1 34	1 36	1 39	1 41	-211.61681650477806
1592	1 34	1 36	1 41	1 43	116.61863563871538
1593	1 34	1 36	1 43	1 45	108.63082486796846
1594	1 34	1 36	1 45	1 47	-18.511883149506936
1595	1 34	1 36	1 47	1 49	-158.92542015604187
1596	1 34	1 36	1 49	1 51	70.87135114056647
1597	1 34	1 36	1 51	1 53	72.06527039662379
1598	1 34	1 36	1 53	1 55	7.173294300112299
1599	1 34	1 36	1 38	1 40	-19.420297080006193
1600	1 34	1 36	1 40	1 42	-191.62336876934404
1601	1 34	1 36	1 42	1 44	198.7113474721727
1602	1 34	1 36	1 46	1 48	-12.130393970642974
1603	1 34	1 36	1 48	1 50	-133.66767828129224
1604	1 34	1 36	1 50	1 52	98.26044947248039
1605	1 34	1 36	1 52	1 54	30.785584695356484
1606	1 34	1 36	1 56	1 58	-104.90452364420328
1607	1 34	1 36	1 55	1 57	-120.23391564891452
1608	1 34	1 36	1 57	1 59	41.707690484000295
1609	1 34	1 36	1 59	1 61	52.93152435214162
1610	1 34	1 36	1 61	1 63	15.45656645760554
1611	1 34	1 36	1 63	1 65	-94.21421765757037
1612	1 34	1 36	1 65	1 67	30.274517289915078
1613	1 34	1 36	1 67	1 69	38.36836400457373
1614	1 34	1 36	1 69	1 71	16.93699104404834
1615	1 34	1 36	1 71	1 1	-95.55004800316098
1616	1 34	1 36	1 58	1 60	62.45059832394642
1617	1 34	1 36	1 60	1 62	31.042771001141006
1618	1 34	1 36	1 62	1 64	5.595986732156396
1619	1 34	1 36	1 64	1 66	-86.27233109096937
1620	1 34	1 36	1 66	1 68	43.33503112604025
1621	1 34	1 36	1 68	1 70	27.60971381568733
1622	1 34	1 36	1 70	1 72	6.950416407077741
1623	1 34	1 36	1 72	1 2	-74.63504228156133
1624	1 35	1 37	1 36	1 38	146.5443354000844
1625	1 35	1 37	1 38	1 40	-53.45746439890445
1626	1 35	1 37	1 40	1 42	-203.68555961061796
1627	1 35	1 37	1 42	1 44	110.15000993055855
1628	1 35	1 37	1 44	1 46	108.93700164075798
1629	1 35	1 37	1 46	1 48	-21.978189522559166
1630	1 35	1 37	1 48	1 50	-158.6705273362372
1631	1 35	1 37	1 50	1 52	70.96252615154222
1632	1 35	1 37	1 52	1 54	72.69979260298575
1633	1 35	1 37	1 54	1 56	3.910262881104959
1634	1 35	1 37	1 39	1 41	-202.90230512043314
1635	1 35	1 37	1 41	1 43	-5.40674531415303
1636	1 35	1 37	1 43	1 45	197.78956503669997
1637	1 35	1 37	1 47	1 49	-171.2924507130146
1638	1 35	1 37	1 49	1 51	25.708436019467356
1639	1 35	1 37	1 51	1 53	98.19487660085008
1640	1 35	1 37	1 53	1 55	30.335901177761784
1641	1 35	1 37	1 55	1 57	-133.97217208770928
1642	1 35	1 37	1 57	1 59	25.546096502864543
1643	1 35	1 37	1 56	1 58	-126.13225495782288
1644	1 35	1 37	1 58	1 60	52.74474041671321
1645	1 35	1 37	1 60	1 62	49.91315256020185
1646	1 35	1 37	1 62	1 64	12.643215270003846
1647	1 35	1 37	1 64	1 66	-101.4298349546853
1648	1 35	1 37	1 66	1 68	40.10798468373024
1649	1 35	1 37	1 68	1 70	37.082052926956024
1650	1 35	1 37	1 70	1 72	11.438400218744741
1651	1 35	1 37	1 72	1 2	-91.73916796301097
1652	1 35	1 37	1 59	1 61	60.97458358269733
1653	1 35	1 37	1 61	1 63	30.93432602194303
1654	1 35	1 37	1 63	1 65	-104.53690268259788
1655	1 35	1 37	1 65	1 67	24.167697657249946
1656	1 35	1 37	1 67	1 69	42.55202739033838
1657	1 35	1 37	1 69	1 71	25.453924734890627
1658	1 35	1 37	1 71	1 1	-103.95570802484661
1659	1 36	1 38	1 37	1 39	148.5130766236925
1660	1 36	1 38	1 39	1 41	-237.65063188069723
1661	1 36	1 38	1 41	1 43	-20.743903028412703
1662	1 36	1 38	1 43	1 45	114.8875666418148
1663	1 36	1 38	1 45	1 47	105.38410483987298
1664	1 36	1 38	1 47	1 49	-187.38204458355332
1665	1 36	1 38	1 49	1 51	4.651820735277606
1666	1 36	1 38	1 51	1 53	77.33436493689786
1667	1 36	1 38	1 53	1 55	69.48223766664594
1668	1 36	1 38	1 55	1 57	-138.51923269699475
1669	1 36	1 38	1 40	1 42	-202.15481468620928
1670	1 36	1 38	1 44	1 46	199.12822739390825
1671	1 36	1 38	1 46	1 48	-11.2837543927908
1672	1 36	1 38	1 48	1 50	-172.49721746117217
1673	1 36	1 38	1 50	1 52	31.556831315149473
1674	1 36	1 38	1 52	1 54	96.72104905490471
1675	1 36	1 38	1 54	1 56	24.134070685843167
1676	1 36	1 38	1 56	1 58	-136.48432570913724
1677	1 36	1 38	1 58	1 60	34.93360914131373
1678	1 36	1 38	1 57	1 59	13.507231424888582
1679	1 36	1 38	1 59	1 61	52.203706952132244
1680	1 36	1 38	1 61	1 63	48.40340423019156
1681	1 36	1 38	1 63	1 65	-104.71467305335257
1682	1 36	1 38	1 65	1 67	17.311197794247377
1683	1 36	1 38	1 67	1 69	39.087866094925765
1684	1 36	1 38	1 69	1 71	32.66482990169371
1685	1 36	1 38	1 71	1 1	-111.56874229229956
1686	1 36	1 38	1 60	1 62	59.37096667534911
1687	1 36	1 38	1 62	1 64	25.189673038206177
1688	1 36	1 38	1 64	1 66	-107.76509362593002
1689	1 36	1 38	1 66	1 68	31.617863270197653
1690	1 36	1 38	1 68	1 70	41.31049427605534
1691	1 36	1 38	1 70	1 72	16.80717857964156
1692	1 36	1 38	1 72	1 2	-108.41952951213806
1693	1 37	1 39	1 38	1 40	184.873845076318
1694	1 37	1 39	1 40	1 42	-274.68158126629953
1695	1 37	1 39	1 42	1 44	-18.84313297634558
1696	1 37	1 39	1 44	1 46	119.25715890723734
1697	1 37	1 39	1 46	1 48	117.3415124446723
1698	1 37	1 39	1 48	1 50	-206.00712104448854
1699	1 37	1 39	1 50	1 52	7.986584968560436
1700	1 37	1 39	1 52	1 54	74.27160237380335
1701	1 37	1 39	1 54	1 56	73.21157579824902
1702	1 37	1 39	1 56	1 58	-145.36872508481417
1703	1 37	1 39	1 41	1 43	-12.405325432783322
1704	1 37	1 39	1 43	1 45	4.844878500713311
1705	1 37	1 39	1 45	1 47	203.69013599504643
1706	1 37	1 39	1 47	1 49	-186.61518945604087
1707	1 37	1 39	1 51	1 53	36.13537538359555
1708	1 37	1 39	1 53	1 55	99.19958281120482
1709	1 37	1 39	1 55	1 57	-125.60761307884194
1710	1 37	1 39	1 57	1 59	6.450093926017377
1711	1 37	1 39	1 59	1 61	33.91461972340929
1712	1 37	1 39	1 58	1 60	18.967130003277198
1713	1 37	1 39	1 60	1 62	52.69169240101864
1714	1 37	1 39	1 62	1 64	45.28857865239199
1715	1 37	1 39	1 64	1 66	-108.43816918503308
1716	1 37	1 39	1 66	1 68	21.802797339591798
1717	1 37	1 39	1 68	1 70	38.80702313986701
1718	1 37	1 39	1 70	1 72	23.18134804029824
1719	1 37	1 39	1 72	1 2	-103.36920166975226
1720	1 37	1 39	1 61	1 63	60.01718723273276
1721	1 37	1 39	1 63	1 65	-93.66494534498769
1722	1 37	1 39	1 65	1 67	11.333957527298324
1723	1 37	1 39	1 67	1 69	30.497316764880317
1724	1 37	1 39	1 69	1 71	36.55192525582581
1725	1 37	1 39	1 71	1 1	-99.28329124458178
1726	1 38	1 40	1 39	1 41	-119.57121398689307
1727	1 38	1 40	1 41	1 43	-7.316557288831708
1728	1 38	1 40	1 43	1 45	-21.04738461612953
1729	1 38	1 40	1 45	1 47	119.7328768747591
1730	1 38	1 40	1 47	1 49	-87.74240151101776
1731	1 38	1 40	1 49	1 51	-2.442348259570177
1732	1 38	1 40	1 51	1 53	7.484609346612878
1733	1 38	1 40	1 53	1 55	78.30280592453273
1734	1 38	1 40	1 55	1 57	-78.86406119661012
1735	1 38	1 40	1 57	1 59	2.3065226644114327
1736	1 38	1 40	1 42	1 44	-13.19333069200091
1737	1 38	1 40	1 44	1 46	-1.5154419962723327
1738	1 38	1 40	1 46	1 48	242.86528738086974
1739	1 38	1 40	1 48	1 50	-222.43847953863806
1740	1 38	1 40	1 50	1 52	-1.0447579773270559
1741	1 38	1 40	1 52	1 54	29.85044714480602
1742	1 38	1 40	1 54	1 56	109.77497374748233
1743	1 38	1 40	1 56	1 58	-132.76007435602895
1744	1 38	1 40	1 58	1 60	7.858470065767645
1745	1 38	1 40	1 60	1 62	32.890734231096474
1746	1 38	1 40	1 59	1 61	15.969380056694028
1747	1 38	1 40	1 61	1 63	52.15393538482768
1748	1 38	1 40	1 63	1 65	-66.63571890017226
1749	1 38	1 40	1 65	1 67	6.2414406299544085
1750	1 38	1 40	1 67	1 69	19.09758753186751
1751	1 38	1 40	1 69	1 71	31.916508414931673
1752	1 38	1 40	1 71	1 1	-67.19976856884324
1753	1 38	1 40	1 62	1 64	56.29541631839399
1754	1 38	1 40	1 64	1 66	-91.61475997328512
1755	1 38	1 40	1 66	1 68	12.343124542934795
1756	1 38	1 40	1 68	1 70	28.530110792127374
1757	1 38	1 40	1 70	1 72	24.838560184089708
1758	1 38	1 40	1 72	1 2	-74.76057056389494
1759	1 39	1 41	1 40	1 42	622.5471962855247
1760	1 39	1 41	1 42	1 44	-251.65803562434314
1761	1 39	1 41	1 44	1 46	-210.4654909780498
1762	1 39	1 41	1 46	1 48	-88.20455757982353
1763	1 39	1 41	1 48	1 50	525.4778972363231
1764	1 39	1 41	1 50	1 52	-214.43328513295913
1765	1 39	1 41	1 52	1 54	-164.6043413774306
1766	1 39	1 41	1 54	1 56	-77.21211424574393
1767	1 39	1 41	1 56	1 58	412.27399998088066
1768	1 39	1 41	1 58	1 60	-167.15313505832984
1769	1 39	1 41	1 43	1 45	-208.0148618498011
1770	1 39	1 41	1 45	1 47	-191.56628821691308
1771	1 39	1 41	1 47	1 49	612.5503582624273
1772	1 39	1 41	1 49	1 51	-209.90739549638437
1773	1 39	1 41	1 51	1 53	-188.57468756824392
1774	1 39	1 41	1 53	1 55	-134.719836373862
1775	1 39	1 41	1 55	1 57	435.7263687012337
1776	1 39	1 41	1 57	1 59	-120.02335232741439
1777	1 39	1 41	1 59	1 61	-156.83949390254952
1778	1 39	1 41	1 61	1 63	-106.0705410357528
1779	1 39	1 41	1 60	1 62	-133.44321953919916
1780	1 39	1 41	1 62	1 64	-64.50674445870125
1781	1 39	1 41	1 64	1 66	329.01463100737357
1782	1 39	1 41	1 66	1 68	-129.25950640310654
1783	1 39	1 41	1 68	1 70	-109.23389109358423
1784	1 39	1 41	1 70	1 72	-42.84250063249142
1785	1 39	1 41	1 72	1 2	170.59231403584056
1786	1 39	1 41	1 63	1 65	334.1336413662239
1787	1 39	1 41	1 65	1 67	-90.1606091818415
1788	1 39	1 41	1 67	1 69	-124.31757944599245
1789	1 39	1 41	1 69	1 71	-81.79469730751063
1790	1 39	1 41	1 71	1 1	192.37832556545578
1791	1 40	1 42	1 41	1 43	-98.97439194355013
1792	1 40	1 42	1 43	1 45	-235.28243063244622
1793	1 40	1 42	1 45	1 47	-208.17242566860378
1794	1 40	1 42	1 47	1 49	509.3771545638884
1795	1 40	1 42	1 49	1 51	-90.62930410487542
1796	1 40	1 42	1 51	1 53	-199.6455669568429
1797	1 40	1 42	1 53	1 55	-163.9181843978677
1798	1 40	1 42	1 55	1 57	398.7653129752098
1799	1 40	1 42	1 57	1 59	-70.92614438116115
1800	1 40	1 42	1 59	1 61	-151.3433449087716
1801	1 40	1 42	1 44	1 46	-204.3791065520003
1802	1 40	1 42	1 46	1 48	-221.23924691832724
1803	1 40	1 42	1 48	1 50	618.5330926666032
1804	1 40	1 42	1 50	1 52	-191.67170264459838
1805	1 40	1 42	1 52	1 54	-175.9293805334256
1806	1 40	1 42	1 54	1 56	-135.63573155843545
1807	1 40	1 42	1 56	1 58	435.03548603014207
1808	1 40	1 42	1 58	1 60	-137.50510287685904
1809	1 40	1 42	1 60	1 62	-141.73621156903522
1810	1 40	1 42	1 62	1 64	-92.24696120343955
1811	1 40	1 42	1 61	1 63	-127.31173251253696
1812	1 40	1 42	1 63	1 65	314.4603051223869
1813	1 40	1 42	1 65	1 67	-66.00060970520482
1814	1 40	1 42	1 67	1 69	-117.44816851650552
1815	1 40	1 42	1 69	1 71	-92.209815729811
1816	1 40	1 42	1 71	1 1	184.3998735160545
1817	1 40	1 42	1 64	1 66	333.3671919285832
1818	1 40	1 42	1 66	1 68	-108.40942601131897
1819	1 40	1 42	1 68	1 70	-113.62496908447696
1820	1 40	1 42	1 70	1 72	-53.493518414854776
1821	1 40	1 42	1 72	1 2	174.44351972721824
1822	1 41	1 43	1 42	1 44	155.8636373418442
1823	1 41	1 43	1 44	1 46	-47.7502748400654
1824	1 41	1 43	1 46	1 48	-9.005299556156434
1825	1 41	1 43	1 48	1 50	-109.32053979381527
1826	1 41	1 43	1 50	1 52	133.14088630988124
1827	1 41	1 43	1 52	1 54	-18.4483272865286
1828	1 41	1 43	1 54	1 56	-6.5381978109633625
1829	1 41	1 43	1 56	1 58	-101.73258406018184
1830	1 41	1 43	1 58	1 60	90.71866727484496
1831	1 41	1 43	1 60	1 62	9.093340518696527
1832	1 41	1 43	1 45	1 47	-19.07378348711088
1833	1 41	1 43	1 47	1 49	-223.55949756405602
1834	1 41	1 43	1 49	1 51	229.5346959879447
1835	1 41	1 43	1 53	1 55	-10.994811607372824
1836	1 41	1 43	1 55	1 57	-145.335762217938
1837	1 41	1 43	1 57	1 59	98.3242614863551
1838	1 41	1 43	1 59	1 61	41.82593523443574
1839	1 41	1 43	1 63	1 65	-109.9696552027969
1840	1 41	1 43	1 62	1 64	-0.8998277340808907
1841	1 41	1 43	1 64	1 66	-89.14803956466251
1842	1 41	1 43	1 66	1 68	61.75348374596038
1843	1 41	1 43	1 68	1 70	19.748906258846706
1844	1 41	1 43	1 70	1 72	3.047063822525734
1845	1 41	1 43	1 72	1 2	-52.96117418085756
1846	1 41	1 43	1 65	1 67	55.635468739231264
1847	1 41	1 43	1 67	1 69	39.86579499341291
1848	1 41	1 43	1 69	1 71	9.587197630948634
1849	1 41	1 43	1 71	1 1	-68.31822806793937
1850	1 42	1 44	1 43	1 45	150.3725613413326
1851	1 42	1 44	1 45	1 47	-50.52174991143348
1852	1 42	1 44	1 47	1 49	-223.04376664527715
1853	1 42	1 44	1 49	1 51	121.1835662535718
1854	1 42	1 44	1 51	1 53	116.54145748138967
1855	1 42	1 44	1 53	1 55	-18.501686453229432
1856	1 42	1 44	1 55	1 57	-172.41772970252703
1857	1 42	1 44	1 57	1 59	71.20290121487798
1858	1 42	1 44	1 59	1 61	85.33206031460844
1859	1 42	1 44	1 61	1 63	6.749045004720917
1860	1 42	1 44	1 46	1 48	-19.29272886936354
1861	1 42	1 44	1 48	1 50	-204.65875409518014
1862	1 42	1 44	1 50	1 52	212.20552980581402
1863	1 42	1 44	1 54	1 56	-12.830464893308717
1864	1 42	1 44	1 56	1 58	-150.18989799044854
1865	1 42	1 44	1 58	1 60	114.15311723874478
1866	1 42	1 44	1 60	1 62	32.231702167070466
1867	1 42	1 44	1 64	1 66	-120.75764089310795
1868	1 42	1 44	1 63	1 65	-137.67834347369705
1869	1 42	1 44	1 65	1 67	50.27477148623797
1870	1 42	1 44	1 67	1 69	59.53194525355008
1871	1 42	1 44	1 69	1 71	18.012029911630712
1872	1 42	1 44	1 71	1 1	-87.21751519010547
1873	1 42	1 44	1 66	1 68	72.33144868240649
1874	1 42	1 44	1 68	1 70	35.5337978785264
1875	1 42	1 44	1 70	1 72	5.7740153567801435
1876	1 42	1 44	1 72	1 2	-73.75093077920451
1877	1 43	1 45	1 44	1 46	138.96195098705078
1878	1 43	1 45	1 46	1 48	-48.26327821813369
1879	1 43	1 45	1 48	1 50	-204.91629978139937
1880	1 43	1 45	1 50	1 52	110.86222365482868
1881	1 43	1 45	1 52	1 54	112.63803488868547
1882	1 43	1 45	1 54	1 56	-21.468127338081366
1883	1 43	1 45	1 56	1 58	-167.3176089143672
1884	1 43	1 45	1 58	1 60	80.6649817127574
1885	1 43	1 45	1 60	1 62	73.68713253267074
1886	1 43	1 45	1 62	1 64	4.331303579950713
1887	1 43	1 45	1 47	1 49	-206.6140255147152
1888	1 43	1 45	1 51	1 53	199.36313779483407
1889	1 43	1 45	1 55	1 57	-179.4867267778447
1890	1 43	1 45	1 57	1 59	27.95409083476489
1891	1 43	1 45	1 59	1 61	102.98674759356695
1892	1 43	1 45	1 61	1 63	30.908054892086472
1893	1 43	1 45	1 63	1 65	-144.874278830489
1894	1 43	1 45	1 65	1 67	32.53468004364166
1895	1 43	1 45	1 64	1 66	-136.84125491047573
1896	1 43	1 45	1 66	1 68	59.34388061672507
1897	1 43	1 45	1 68	1 70	52.77611959525074
1898	1 43	1 45	1 70	1 72	11.387074052635391
1899	1 43	1 45	1 72	1 2	-97.22253747773418
1900	1 43	1 45	1 67	1 69	64.78414090423988
1901	1 43	1 45	1 69	1 71	31.6678206056024
1902	1 43	1 45	1 71	1 1	-106.25171905657655
1903	1 44	1 46	1 45	1 47	155.58957074500927
1904	1 44	1 46	1 47	1 49	-242.2888530127293
1905	1 44	1 46	1 49	1 51	-21.360555603288596
1906	1 44	1 46	1 51	1 53	115.26287280134898
1907	1 44	1 46	1 53	1 55	113.16810292861149
1908	1 44	1 46	1 55	1 57	-195.8192983935443
1909	1 44	1 46	1 57	1 59	5.3659250669782885
1910	1 44	1 46	1 59	1 61	74.77738969910183
1911	1 44	1 46	1 61	1 63	76.16467945454775
1912	1 44	1 46	1 63	1 65	-146.38200690540026
1913	1 44	1 46	1 48	1 50	-203.70813660193298
1914	1 44	1 46	1 52	1 54	194.30599541939617
1915	1 44	1 46	1 56	1 58	-181.28033773300245
1916	1 44	1 46	1 58	1 60	33.718317344757054
1917	1 44	1 46	1 60	1 62	101.11648486270164
1918	1 44	1 46	1 62	1 64	27.833515278310266
1919	1 44	1 46	1 64	1 66	-147.669148336866
1920	1 44	1 46	1 66	1 68	37.8752910990608
1921	1 44	1 46	1 65	1 67	17.711064354750015
1922	1 44	1 46	1 67	1 69	54.80886258436347
1923	1 44	1 46	1 69	1 71	49.07051443960715
1924	1 44	1 46	1 71	1 1	-109.26540485292008
1925	1 44	1 46	1 68	1 70	63.160875549721354
1926	1 44	1 46	1 70	1 72	22.69523625278948
1927	1 44	1 46	1 72	1 2	-107.88502903798248
1928	1 45	1 47	1 46	1 48	145.8926967778419
1929	1 45	1 47	1 48	1 50	-244.37587429344518
1930	1 45	1 47	1 50	1 52	-19.081555752805457
1931	1 45	1 47	1 52	1 54	112.90967700235447
1932	1 45	1 47	1 54	1 56	115.97896597500461
1933	1 45	1 47	1 56	1 58	-200.34262264748668
1934	1 45	1 47	1 58	1 60	9.165299381251227
1935	1 45	1 47	1 60	1 62	78.94519398566091
1936	1 45	1 47	1 62	1 64	71.70344482067728
1937	1 45	1 47	1 64	1 66	-150.59260725579574
1938	1 45	1 47	1 49	1 51	-12.204990013185553
1939	1 45	1 47	1 51	1 53	7.459449021212482
1940	1 45	1 47	1 53	1 55	208.62106864435378
1941	1 45	1 47	1 55	1 57	-197.28630428122338
1942	1 45	1 47	1 59	1 61	32.56983673982808
1943	1 45	1 47	1 61	1 63	103.45697498571239
1944	1 45	1 47	1 63	1 65	-129.69877031000215
1945	1 45	1 47	1 65	1 67	9.53497310718839
1946	1 45	1 47	1 67	1 69	36.60570094648093
1947	1 45	1 47	1 66	1 68	21.212277040072294
1948	1 45	1 47	1 68	1 70	55.95242984567081
1949	1 45	1 47	1 70	1 72	35.551976008222354
1950	1 45	1 47	1 72	1 2	-107.64106858953312
1951	1 45	1 47	1 69	1 71	56.56576318196565
1952	1 45	1 47	1 71	1 1	-100.31200187630674
1953	1 46	1 48	1 47	1 49	-86.5960165046271
1954	1 46	1 48	1 49	1 51	-6.313305507878795
1955	1 46	1 48	1 51	1 53	-17.230608072787184
1956	1 46	1 48	1 53	1 55	124.36495435068203
1957	1 46	1 48	1 55	1 57	-97.059034510536
1958	1 46	1 48	1 57	1 59	-0.6509598214285715
1959	1 46	1 48	1 59	1 61	8.351004098557652
1960	1 46	1 48	1 61	1 63	83.18705916051867
1961	1 46	1 48	1 63	1 65	-87.4596441355645
1962	1 46	1 48	1 65	1 67	5.164315274546222
1963	1 46	1 48	1 50	1 52	-11.41107889589701
1964	1 46	1 48	1 54	1 56	229.5265327901526
1965	1 46	1 48	1 56	1 58	-213.98096865455682
1966	1 46	1 48	1 58	1 60	1.6113283607232907
1967	1 46	1 48	1 60	1 62	36.06472460835481
1968	1 46	1 48	1 62	1 64	106.33584251492968
1969	1 46	1 48	1 64	1 66	-138.34529445516688
1970	1 46	1 48	1 66	1 68	11.142649860541175
1971	1 46	1 48	1 68	1 70	38.17887177772289
1972	1 46	1 48	1 67	1 69	20.642326383111026
1973	1 46	1 48	1 69	1 71	49.56460834141262
1974	1 46	1 48	1 71	1 1	-76.25159815646
1975	1 46	1 48	1 70	1 72	43.221228759901464
1976	1 46	1 48	1 72	1 2	-92.20579848396588
1977	1 47	1 49	1 48	1 50	617.5197727667351
1978	1 47	1 49	1 50	1 52	-272.4163211785185
1979	1 47	1 49	1 52	1 54	-213.0840221926823
1980	1 47	1 49	1 54	1 56	-88.64037517270918
1981	1 47	1 49	1 56	1 58	545.7576795947506
1982	1 47	1 49	1 58	1 60	-235.82396798567908
1983	1 47	1 49	1 60	1 62	-173.87533017967803
1984	1 47	1 49	1 62	1 64	-78.63334842590228
1985	1 47	1 49	1 64	1 66	441.8915791548699
1986	1 47	1 49	1 66	1 68	-181.36995458166973
1987	1 47	1 49	1 51	1 53	-224.64954051051137
1988	1 47	1 49	1 53	1 55	-201.8556975190494
1989	1 47	1 49	1 55	1 57	622.366068828477
1990	1 47	1 49	1 57	1 59	-187.93304365265354
1991	1 47	1 49	1 59	1 61	-205.8589532202533
1992	1 47	1 49	1 61	1 63	-141.86685420734221
1993	1 47	1 49	1 63	1 65	460.5227371704415
1994	1 47	1 49	1 65	1 67	-131.272479715397
1995	1 47	1 49	1 67	1 69	-168.1624760723874
1996	1 47	1 49	1 69	1 71	-107.59041297808216
1997	1 47	1 49	1 68	1 70	-145.53783694813046
1998	1 47	1 49	1 70	1 72	-54.36470388943614
1999	1 47	1 49	1 72	1 2	188.57394116405095
2000	1 47	1 49	1 71	1 1	196.7618559165947
2001	1 48	1 50	1 49	1 51	-116.5195015983961
2002	1 48	1 50	1 51	1 53	-248.9184590311228
2003	1 48	1 50	1 53	1 55	-222.45692440667744
2004	1 48	1 50	1 55	1 57	548.3045289998743
2005	1 48	1 50	1 57	1 59	-93.87301713707805
2006	1 48	1 50	1 59	1 61	-216.9213923449267
2007	1 48	1 50	1 61	1 63	-175.80455304014225
2008	1 48	1 50	1 63	1 65	440.0018379424773
2009	1 48	1 50	1 65	1 67	-90.39590810253998
2010	1 48	1 50	1 67	1 69	-167.477275907455
2011	1 48	1 50	1 52	1 54	-209.56400075183564
2012	1 48	1 50	1 54	1 56	-220.04006314861462
2013	1 48	1 50	1 56	1 58	643.7386316082162
2014	1 48	1 50	1 58	1 60	-216.48939806198396
2015	1 48	1 50	1 60	1 62	-190.319100266156
2016	1 48	1 50	1 62	1 64	-137.64530834033576
2017	1 48	1 50	1 64	1 66	476.14732310258916
2018	1 48	1 50	1 66	1 68	-157.3037786887172
2019	1 48	1 50	1 68	1 70	-158.1752368769414
2020	1 48	1 50	1 70	1 72	-76.92719819525811
2021	1 48	1 50	1 69	1 71	-129.45753719912858
2022	1 48	1 50	1 71	1 1	204.890164517291
2023	1 48	1 50	1 72	1 2	210.5398040525887
2024	1 49	1 51	1 50	1 52	175.95108418286378
2025	1 49	1 51	1 52	1 54	-49.86057607107183
2026	1 49	1 51	1 54	1 56	-8.263128487996553
2027	1 49	1 51	1 56	1 58	-117.24895727595329
2028	1 49	1 51	1 58	1 60	138.56906761724167
2029	1 49	1 51	1 60	1 62	-16.845996615717667
2030	1 49	1 51	1 62	1 64	-4.83413636350571
2031	1 49	1 51	1 64	1 66	-106.62758511034636
2032	1 49	1 51	1 66	1 68	92.75762380521921
2033	1 49	1 51	1 68	1 70	11.427902433263387
2034	1 49	1 51	1 53	1 55	-18.346613468279337
2035	1 49	1 51	1 55	1 57	-206.93335033455023
2036	1 49	1 51	1 57	1 59	203.71185861175113
2037	1 49	1 51	1 59	1 61	12.259432183911393
2038	1 49	1 51	1 61	1 63	-10.846975097883426
2039	1 49	1 51	1 63	1 65	-147.5571505248918
2040	1 49	1 51	1 65	1 67	98.41439638426318
2041	1 49	1 51	1 67	1 69	42.45472378391741
2042	1 49	1 51	1 69	1 71	3.479469509786628
2043	1 49	1 51	1 71	1 1	-57.38786423017561
2044	1 49	1 51	1 72	1 2	-48.23982145114091
2045	1 50	1 52	1 51	1 53	153.73982580252095
2046	1 50	1 52	1 53	1 55	-51.958987250172555
2047	1 50	1 52	1 55	1 57	-236.85888398307182
2048	1 50	1 52	1 57	1 59	124.19483268415334
2049	1 50	1 52	1 59	1 61	135.769044953192
2050	1 50	1 52	1 61	1 63	-24.701563429538368
2051	1 50	1 52	1 63	1 65	-193.74983777372483
2052	1 50	1 52	1 65	1 67	85.86870534996939
2053	1 50	1 52	1 67	1 69	91.83809055715344
2054	1 50	1 52	1 69	1 71	9.073279980031362
2055	1 50	1 52	1 54	1 56	-19.526766798934347
2056	1 50	1 52	1 56	1 58	-222.50257329820596
2057	1 50	1 52	1 58	1 60	238.83022669154747
2058	1 50	1 52	1 60	1 62	-6.372466198835712
2059	1 50	1 52	1 62	1 64	-11.965436212809461
2060	1 50	1 52	1 64	1 66	-167.3908207483654
2061	1 50	1 52	1 66	1 68	129.02493587792043
2062	1 50	1 52	1 68	1 70	34.449755562136446
2063	1 50	1 52	1 72	1 2	-81.7159245380137
2064	1 50	1 52	1 71	1 1	-92.44951476346262
2065	1 51	1 53	1 52	1 54	156.40339791739922
2066	1 51	1 53	1 54	1 56	-52.907494660601984
2067	1 51	1 53	1 56	1 58	-226.08830250068561
2068	1 51	1 53	1 58	1 60	133.32522465811726
2069	1 51	1 53	1 60	1 62	115.90943612613478
2070	1 51	1 53	1 62	1 64	-23.73174077073004
2071	1 51	1 53	1 64	1 66	-188.493669712795
2072	1 51	1 53	1 66	1 68	95.1758066174504
2073	1 51	1 53	1 68	1 70	80.17524976698013
2074	1 51	1 53	1 70	1 72	4.698233848736127
2075	1 51	1 53	1 55	1 57	-222.37164245381283
2076	1 51	1 53	1 59	1 61	226.30852065636066
2077	1 51	1 53	1 63	1 65	-202.52882235237047
2078	1 51	1 53	1 65	1 67	39.594591093232786
2079	1 51	1 53	1 67	1 69	114.0295973553372
2080	1 51	1 53	1 69	1 71	33.10176430496924
2081	1 51	1 53	1 71	1 1	-122.38026879656769
2082	1 51	1 53	1 72	1 2	-113.01295114614277
2083	1 52	1 54	1 53	1 55	141.31827565952423
2084	1 52	1 54	1 55	1 57	-244.4858776832871
2085	1 52	1 54	1 57	1 59	-21.269080174948364
2086	1 52	1 54	1 59	1 61	115.98573868448646
2087	1 52	1 54	1 61	1 63	122.35293355667379
2088	1 52	1 54	1 63	1 65	-209.285462908461
2089	1 52	1 54	1 65	1 67	10.406797099206077
2090	1 52	1 54	1 67	1 69	82.00478812062354
2091	1 52	1 54	1 69	1 71	77.31656930610183
2092	1 52	1 54	1 71	1 1	-125.82344423021395
2093	1 52	1 54	1 56	1 58	-214.68219689169118
2094	1 52	1 54	1 60	1 62	219.12901845526133
2095	1 52	1 54	1 64	1 66	-195.4588544070239
2096	1 52	1 54	1 66	1 68	38.01461455311736
2097	1 52	1 54	1 68	1 70	109.85249787000271
2098	1 52	1 54	1 70	1 72	24.334933718321054
2099	1 52	1 54	1 72	1 2	-122.92950934576845
2100	1 53	1 55	1 54	1 56	171.5612754654535
2101	1 53	1 55	1 56	1 58	-257.41365361818737
2102	1 53	1 55	1 58	1 60	-23.823462593846195
2103	1 53	1 55	1 60	1 62	119.61363130928885
2104	1 53	1 55	1 62	1 64	124.86586182423034
2105	1 53	1 55	1 64	1 66	-213.07559884478843
2106	1 53	1 55	1 66	1 68	8.477745523310121
2107	1 53	1 55	1 68	1 70	83.21796607356762
2108	1 53	1 55	1 70	1 72	59.97394113474511
2109	1 53	1 55	1 72	1 2	-119.1640443889793
2110	1 53	1 55	1 57	1 59	-11.482219483763375
2111	1 53	1 55	1 59	1 61	-11.337203302086966
2112	1 53	1 55	1 61	1 63	222.58417615776142
2113	1 53	1 55	1 63	1 65	-196.14364613411553
2114	1 53	1 55	1 65	1 67	1.764835133004227
2115	1 53	1 55	1 67	1 69	33.720142530467314
2116	1 53	1 55	1 69	1 71	98.57501513779519
2117	1 53	1 55	1 71	1 1	-106.41806690701077
2118	1 54	1 56	1 55	1 57	-108.94712555566707
2119	1 54	1 56	1 57	1 59	-4.915172831766155
2120	1 54	1 56	1 59	1 61	-19.51691290478233
2121	1 54	1 56	1 61	1 63	132.33128963122238
2122	1 54	1 56	1 63	1 65	-105.71447583597829
2123	1 54	1 56	1 65	1 67	1.3508555155900699
2124	1 54	1 56	1 67	1 69	12.991804984463204
2125	1 54	1 56	1 69	1 71	76.94931286250021
2126	1 54	1 56	1 71	1 1	-79.34602893150466
2127	1 54	1 56	1 58	1 60	-11.054526450394507
2128	1 54	1 56	1 62	1 64	234.09456277816517
2129	1 54	1 56	1 64	1 66	-221.85786718587156
2130	1 54	1 56	1 66	1 68	3.6733675326757718
2131	1 54	1 56	1 68	1 70	42.53549265363938
2132	1 54	1 56	1 70	1 72	81.49330520675323
2133	1 54	1 56	1 72	1 2	-113.56849341801868
2134	1 55	1 57	1 56	1 58	670.6027480323393
2135	1 55	1 57	1 58	1 60	-301.14134643783024
2136	1 55	1 57	1 60	1 62	-228.0663398837083
2137	1 55	1 57	1 62	1 64	-98.89816828073745
2138	1 55	1 57	1 64	1 66	607.3702950152594
2139	1 55	1 57	1 66	1 68	-266.9266212281815
2140	1 55	1 57	1 68	1 70	-192.5035001185152
2141	1 55	1 57	1 70	1 72	-69.57466023091035
2142	1 55	1 57	1 72	1 2	225.3623695690415
2143	1 55	1 57	1 59	1 61	-247.3027415470856
2144	1 55	1 57	1 61	1 63	-210.736989471061
2145	1 55	1 57	1 63	1 65	679.8910435766892
2146	1 55	1 57	1 65	1 67	-221.66760544415885
2147	1 55	1 57	1 67	1 69	-226.68973496941618
2148	1 55	1 57	1 69	1 71	-146.53642661206612
2149	1 55	1 57	1 71	1 1	225.49160066563743
2150	1 56	1 58	1 57	1 59	-122.43064987628459
2151	1 56	1 58	1 59	1 61	-276.0288386026339
2152	1 56	1 58	1 61	1 63	-235.80408613565106
2153	1 56	1 58	1 63	1 65	607.0982855715414
2154	1 56	1 58	1 65	1 67	-124.40569790270051
2155	1 56	1 58	1 67	1 69	-237.87862080669203
2156	1 56	1 58	1 69	1 71	-174.41165796709657
2157	1 56	1 58	1 71	1 1	243.08812876144123
2158	1 56	1 58	1 60	1 62	-227.70616498987113
2159	1 56	1 58	1 62	1 64	-219.2004709216543
2160	1 56	1 58	1 64	1 66	692.5906868505672
2161	1 56	1 58	1 66	1 68	-244.367949975211
2162	1 56	1 58	1 68	1 70	-211.2535469143354
2163	1 56	1 58	1 70	1 72	-111.37430768503646
2164	1 56	1 58	1 72	1 2	267.4833557038234
2165	1 57	1 59	1 58	1 60	183.13799023219778
2166	1 57	1 59	1 60	1 62	-51.45682628131394
2167	1 57	1 59	1 62	1 64	-6.612717516352678
2168	1 57	1 59	1 64	1 66	-124.60680157193636
2169	1 57	1 59	1 66	1 68	150.91365974376504
2170	1 57	1 59	1 68	1 70	-19.768881278186708
2171	1 57	1 59	1 70	1 72	-3.73950092756309
2172	1 57	1 59	1 72	1 2	-51.38319371612913
2173	1 57	1 59	1 61	1 63	-18.36796483193791
2174	1 57	1 59	1 63	1 65	-226.8441682923264
2175	1 57	1 59	1 65	1 67	238.33200094581036
2176	1 57	1 59	1 67	1 69	1.1755921933462554
2177	1 57	1 59	1 69	1 71	-9.142220561835156
2178	1 57	1 59	1 71	1 1	-57.98661207505222
2179	1 58	1 60	1 59	1 61	191.34021095717551
2180	1 58	1 60	1 61	1 63	-63.60851926552158
2181	1 58	1 60	1 63	1 65	-277.829055828858
2182	1 58	1 60	1 65	1 67	155.7627481706464
2183	1 58	1 60	1 67	1 69	148.35874049105132
2184	1 58	1 60	1 69	1 71	-23.234791511277226
2185	1 58	1 60	1 71	1 1	-110.33712360994829
2186	1 58	1 60	1 62	1 64	-18.77490153735313
2187	1 58	1 60	1 64	1 66	-251.81704953061086
2188	1 58	1 60	1 66	1 68	281.6659941350403
2189	1 58	1 60	1 68	1 70	-11.190905375032862
2190	1 58	1 60	1 70	1 72	-10.324113151149671
2191	1 58	1 60	1 72	1 2	-100.05752914990185
2192	1 59	1 61	1 60	1 62	142.5914647208234
2193	1 59	1 61	1 62	1 64	-48.81052065829871
2194	1 59	1 61	1 64	1 66	-258.55147627147926
2195	1 59	1 61	1 66	1 68	158.15148684305444
2196	1 59	1 61	1 68	1 70	123.85319625250212
2197	1 59	1 61	1 70	1 72	-17.403244668265224
2198	1 59	1 61	1 72	1 2	-126.79099880117164
2199	1 59	1 61	1 63	1 65	-257.3606786827168
2200	1 59	1 61	1 65	1 67	6.102196855882949
2201	1 59	1 61	1 67	1 69	249.52360983898308
2202	1 59	1 61	1 71	1 1	-139.43606862542143
2203	1 60	1 62	1 61	1 63	185.71734169794644
2204	1 60	1 62	1 63	1 65	-277.5847451521924
2205	1 60	1 62	1 65	1 67	-20.133151156339686
2206	1 60	1 62	1 67	1 69	124.24257422303272
2207	1 60	1 62	1 69	1 71	141.16524963125727
2208	1 60	1 62	1 71	1 1	-172.61535548981666
2209	1 60	1 62	1 64	1 66	-241.29586320998857
2210	1 60	1 62	1 66	1 68	-10.944866259191754
2211	1 60	1 62	1 68	1 70	247.3048814191941
2212	1 60	1 62	1 70	1 72	5.128628014532457
2213	1 60	1 62	1 72	1 2	-157.7146719733986
2214	1 61	1 63	1 62	1 64	153.39073498910545
2215	1 61	1 63	1 64	1 66	-273.9664332681183
2216	1 61	1 63	1 66	1 68	-23.738807077897405
2217	1 61	1 63	1 68	1 70	144.71039405901365
2218	1 61	1 63	1 70	1 72	101.75299201368924
2219	1 61	1 63	1 72	1 2	-170.44938289062605
2220	1 61	1 63	1 65	1 67	-10.473423523768048
2221	1 61	1 63	1 69	1 71	218.57955042708073
2222	1 61	1 63	1 71	1 1	-165.08382381905787
2223	1 62	1 64	1 63	1 65	-98.80863296228188
2224	1 62	1 64	1 65	1 67	-4.4661926893529005
2225	1 62	1 64	1 67	1 69	-15.370283844578026
2226	1 62	1 64	1 69	1 71	108.47190510157498
2227	1 62	1 64	1 71	1 1	-64.62728860431046
2228	1 62	1 64	1 66	1 68	-10.177906969967855
2229	1 62	1 64	1 68	1 70	7.9530826269138695
2230	1 62	1 64	1 70	1 72	176.00330105988138
2231	1 62	1 64	1 72	1 2	-146.31629610161409
2232	1 63	1 65	1 64	1 66	738.8993425219558
2233	1 63	1 65	1 66	1 68	-345.09656855140037
2234	1 63	1 65	1 68	1 70	-262.6143775525184
2235	1 63	1 65	1 70	1 72	-83.98207553073325
2236	1 63	1 65	1 72	1 2	311.74388516563454
2237	1 63	1 65	1 67	1 69	-278.16355625437575
2238	1 63	1 65	1 69	1 71	-217.21762782607493
2239	1 63	1 65	1 71	1 1	321.8227155433585
2240	1 64	1 66	1 65	1 67	-145.8599137416178
2241	1 64	1 66	1 67	1 69	-310.9895834046733
2242	1 64	1 66	1 69	1 71	-238.7585275556442
2243	1 64	1 66	1 71	1 1	303.10096230598623
2244	1 64	1 66	1 68	1 70	-264.6991650058512
2245	1 64	1 66	1 70	1 72	-175.49981984850047
2246	1 64	1 66	1 72	1 2	361.67325452354817
2247	1 65	1 67	1 66	1 68	218.31997746449514
2248	1 65	1 67	1 68	1 70	-56.229418124861525
2249	1 65	1 67	1 70	1 72	-7.105341174652839
2250	1 65	1 67	1 72	1 2	-65.53964532521584
2251	1 65	1 67	1 69	1 71	-20.35579082578871
2252	1 65	1 67	1 71	1 1	-71.48753285090433
2253	1 66	1 68	1 67	1 69	203.7830902591187
2254	1 66	1 68	1 69	1 71	-60.50481970033606
2255	1 66	1 68	1 71	1 1	-122.81872406445771
2256	1 66	1 68	1 70	1 72	-16.708632110040025
2257	1 66	1 68	1 72	1 2	-112.66902620096366
2258	1 67	1 69	1 68	1 70	172.32278518713838
2259	1 67	1 69	1 70	1 72	-42.890332327079015
2260	1 67	1 69	1 72	1 2	-146.0545110885309
2261	1 67	1 69	1 71	1 1	-159.76367318352428
2262	1 68	1 70	1 69	1 71	203.46197200864785
2263	1 68	1 70	1 71	1 1	-224.90862428605004
2264	1 68	1 70	1 72	1 2	-194.91878368348853
2265	1 69	1 71	1 70	1 72	171.02660085013025
2266	1 69	1 71	1 72	1 2	-246.11367653337572
2267	1 70	1 72	1 71	1 1	-94.58175314334902
2268	1 71	1 1	1 72	1 2	1500.4388618936537
