2260
1	1 1	1 3	1 2	1 4	480.4116326226007
2	1 1	1 3	1 4	1 6	-187.4675669861042
3	1 1	1 3	1 6	1 8	-30.279528123417414
4	1 1	1 3	1 8	1 10	-198.18498185193658
5	1 1	1 3	1 10	1 12	240.21774451589383
6	1 1	1 3	1 12	1 14	-32.764417020941586
7	1 1	1 3	1 14	1 16	-14.088485046800496
8	1 1	1 3	1 16	1 18	-162.14553312412556
9	1 1	1 3	1 18	1 20	143.6489055613418
10	1 1	1 3	1 20	1 22	17.67280615297538
11	1 1	1 3	1 5	1 7	-63.330609329720545
12	1 1	1 3	1 9	1 11	456.68263362695103
13	1 1	1 3	1 11	1 13	18.75238883821953
14	1 1	1 3	1 13	1 15	-20.77217792231003
15	1 1	1 3	1 15	1 17	-276.41134317201397
16	1 1	1 3	1 17	1 19	202.89465699337836
17	1 1	1 3	1 19	1 21	66.03485577250532
18	1 1	1 3	1 21	1 23	-2.7075300850412933
19	1 1	1 3	1 23	1 25	-186.08523448265737
20	1 1	1 3	1 22	1 24	-6.732138405609133
21	1 1	1 3	1 24	1 26	-125.10293395161261
22	1 1	1 3	1 26	1 28	85.6022479792828
23	1 1	1 3	1 28	1 30	29.674137934717365
24	1 1	1 3	1 30	1 32	1.2684982854146378
25	1 1	1 3	1 32	1 34	-94.72475781386161
26	1 1	1 3	1 34	1 36	52.44526346777879
27	1 1	1 3	1 36	1 38	25.74906695711502
28	1 1	1 3	1 38	1 40	10.257500649020317
29	1 1	1 3	1 40	1 42	-74.38332174848296
30	1 1	1 3	1 25	1 27	111.17122886639788
31	1 1	1 3	1 27	1 29	54.95551438893743
32	1 1	1 3	1 29	1 31	11.194155515562276
33	1 1	1 3	1 31	1 33	-130.10664894538468
34	1 1	1 3	1 33	1 35	63.346275751819505
35	1 1	1 3	1 35	1 37	39.5391009494284
36	1 1	1 3	1 37	1 39	16.55852425853687
37	1 1	1 3	1 39	1 41	-87.26735631896226
38	1 1	1 3	1 41	1 43	34.50289497804489
39	1 1	1 3	1 43	1 45	27.832986067440775
40	1 1	1 3	1 42	1 44	33.494127422272925
41	1 1	1 3	1 44	1 46	21.124575517696325
42	1 1	1 3	1 46	1 48	10.3359965552457
43	1 1	1 3	1 48	1 50	-55.724082631101204
44	1 1	1 3	1 50	1 52	22.268626534910542
45	1 1	1 3	1 52	1 54	16.433783002676947
46	1 1	1 3	1 54	1 56	9.463623944856613
47	1 1	1 3	1 56	1 58	-42.04892913541255
48	1 1	1 3	1 58	1 60	15.625955177879288
49	1 1	1 3	1 60	1 62	13.053488440489351
50	1 1	1 3	1 45	1 47	14.968448690683152
51	1 1	1 3	1 47	1 49	-59.79281799259397
52	1 1	1 3	1 49	1 51	20.1530030287445
53	1 1	1 3	1 51	1 53	20.066048367808023
54	1 1	1 3	1 53	1 55	13.602740839980417
55	1 1	1 3	1 55	1 57	-43.77777274229335
56	1 1	1 3	1 57	1 59	12.187515302404037
57	1 1	1 3	1 59	1 61	14.732074464019773
58	1 1	1 3	1 61	1 63	11.008746801298798
59	1 1	1 3	1 63	1 65	-32.816069130156535
60	1 1	1 3	1 62	1 64	7.643470362531849
61	1 1	1 3	1 64	1 66	-32.4668696448565
62	1 1	1 3	1 66	1 68	11.231879541948693
63	1 1	1 3	1 68	1 70	10.53545911404396
64	1 1	1 3	1 70	1 72	5.842661353209621
65	1 1	1 3	1 65	1 67	8.821042401265565
66	1 1	1 3	1 67	1 69	11.454305615690792
67	1 1	1 3	1 69	1 71	8.521469737698558
68	1 2	1 4	1 3	1 5	436.47754858642634
69	1 2	1 4	1 5	1 7	-191.71252872879734
70	1 2	1 4	1 7	1 9	-482.1460125643605
71	1 2	1 4	1 9	1 11	275.25979333625963
72	1 2	1 4	1 11	1 13	207.4258230743833
73	1 2	1 4	1 13	1 15	-20.7414004383823
74	1 2	1 4	1 15	1 17	-329.5258067133024
75	1 2	1 4	1 17	1 19	152.77116666688175
76	1 2	1 4	1 19	1 21	140.59451810256172
77	1 2	1 4	1 21	1 23	12.654585073880753
78	1 2	1 4	1 6	1 8	-74.3906993785603
79	1 2	1 4	1 10	1 12	378.2933989681218
80	1 2	1 4	1 12	1 14	28.03521594852929
81	1 2	1 4	1 14	1 16	-23.7536320344676
82	1 2	1 4	1 16	1 18	-260.06441759304016
83	1 2	1 4	1 18	1 20	182.95666205284786
84	1 2	1 4	1 20	1 22	66.82905911674018
85	1 2	1 4	1 22	1 24	-4.98396770761029
86	1 2	1 4	1 24	1 26	-186.8234327400994
87	1 2	1 4	1 23	1 25	-231.8328959241499
88	1 2	1 4	1 25	1 27	96.63545375121836
89	1 2	1 4	1 27	1 29	88.27381214159837
90	1 2	1 4	1 29	1 31	29.85958063527258
91	1 2	1 4	1 31	1 33	-165.93417502931635
92	1 2	1 4	1 33	1 35	60.79067095070471
93	1 2	1 4	1 35	1 37	56.611100833952946
94	1 2	1 4	1 37	1 39	31.53932030054526
95	1 2	1 4	1 39	1 41	-115.06427304088882
96	1 2	1 4	1 41	1 43	35.856317354550704
97	1 2	1 4	1 26	1 28	101.4887217530327
98	1 2	1 4	1 28	1 30	62.350355918661876
99	1 2	1 4	1 30	1 32	7.695113316978505
100	1 2	1 4	1 32	1 34	-138.1104701259797
101	1 2	1 4	1 34	1 36	61.41546506253711
102	1 2	1 4	1 36	1 38	44.32248344414788
103	1 2	1 4	1 38	1 40	19.974545586285117
104	1 2	1 4	1 40	1 42	-105.62512999461687
105	1 2	1 4	1 42	1 44	39.99222808263811
106	1 2	1 4	1 44	1 46	32.3617961284015
107	1 2	1 4	1 43	1 45	38.23818731492523
108	1 2	1 4	1 45	1 47	24.86024979857246
109	1 2	1 4	1 47	1 49	-79.15239669760946
110	1 2	1 4	1 49	1 51	22.590831572266573
111	1 2	1 4	1 51	1 53	26.861337075994566
112	1 2	1 4	1 53	1 55	20.798194759645142
113	1 2	1 4	1 55	1 57	-57.97588137681755
114	1 2	1 4	1 57	1 59	14.355157421056012
115	1 2	1 4	1 59	1 61	19.334417392095695
116	1 2	1 4	1 61	1 63	16.136534646565178
117	1 2	1 4	1 46	1 48	17.89244191004414
118	1 2	1 4	1 48	1 50	-77.27747403813416
119	1 2	1 4	1 50	1 52	27.075073818553424
120	1 2	1 4	1 52	1 54	23.75151791882479
121	1 2	1 4	1 54	1 56	15.20918209703775
122	1 2	1 4	1 56	1 58	-57.80673942288344
123	1 2	1 4	1 58	1 60	19.40244685143744
124	1 2	1 4	1 60	1 62	18.286594120154685
125	1 2	1 4	1 62	1 64	11.645269927057722
126	1 2	1 4	1 64	1 66	-44.12008085919091
127	1 2	1 4	1 63	1 65	-43.66702352425859
128	1 2	1 4	1 65	1 67	10.859562390119105
129	1 2	1 4	1 67	1 69	15.097333474039477
130	1 2	1 4	1 69	1 71	12.072124787592568
131	1 2	1 4	1 71	1 1	-591.3391926299578
132	1 2	1 4	1 66	1 68	14.231542273461695
133	1 2	1 4	1 68	1 70	14.472316345893196
134	1 2	1 4	1 70	1 72	8.609284484410995
135	1 3	1 5	1 4	1 6	335.6014555994329
136	1 3	1 5	1 6	1 8	-168.00413819650294
137	1 3	1 5	1 8	1 10	-403.06438699942873
138	1 3	1 5	1 10	1 12	228.22205130166128
139	1 3	1 5	1 12	1 14	182.98937260247627
140	1 3	1 5	1 14	1 16	-25.47506078096191
141	1 3	1 5	1 16	1 18	-286.95699635078586
142	1 3	1 5	1 18	1 20	131.71125783642952
143	1 3	1 5	1 20	1 22	121.61791795991653
144	1 3	1 5	1 22	1 24	7.657815404058169
145	1 3	1 5	1 9	1 11	40.20965110279401
146	1 3	1 5	1 11	1 13	314.8129370595254
147	1 3	1 5	1 13	1 15	25.3905245733527
148	1 3	1 5	1 15	1 17	-314.9612822149062
149	1 3	1 5	1 17	1 19	65.79093037497594
150	1 3	1 5	1 19	1 21	162.2464084819809
151	1 3	1 5	1 21	1 23	46.62087315029305
152	1 3	1 5	1 23	1 25	-226.02237211052716
153	1 3	1 5	1 25	1 27	56.81598265309444
154	1 3	1 5	1 24	1 26	-207.0784119763303
155	1 3	1 5	1 26	1 28	78.75100980919308
156	1 3	1 5	1 28	1 30	85.61196172248805
157	1 3	1 5	1 30	1 32	18.879498330939732
158	1 3	1 5	1 32	1 34	-149.76499060150377
159	1 3	1 5	1 34	1 36	50.82609658587556
160	1 3	1 5	1 36	1 38	54.57767804342316
161	1 3	1 5	1 38	1 40	29.159135615792245
162	1 3	1 5	1 40	1 42	-113.73764056158095
163	1 3	1 5	1 42	1 44	35.02057289218314
164	1 3	1 5	1 27	1 29	93.24359576615433
165	1 3	1 5	1 29	1 31	52.39674611372523
166	1 3	1 5	1 31	1 33	-164.06948398257035
167	1 3	1 5	1 33	1 35	41.951065342395424
168	1 3	1 5	1 35	1 37	57.431926779424955
169	1 3	1 5	1 37	1 39	44.051872885554204
170	1 3	1 5	1 39	1 41	-115.06743315697274
171	1 3	1 5	1 41	1 43	27.551655875743364
172	1 3	1 5	1 43	1 45	38.30117529558188
173	1 3	1 5	1 45	1 47	30.78302798159889
174	1 3	1 5	1 44	1 46	36.83861404706256
175	1 3	1 5	1 46	1 48	23.580063425222125
176	1 3	1 5	1 48	1 50	-82.75405703836128
177	1 3	1 5	1 50	1 52	24.732021004076437
178	1 3	1 5	1 52	1 54	25.776103609719534
179	1 3	1 5	1 54	1 56	18.697196794358298
180	1 3	1 5	1 56	1 58	-60.96839043720024
181	1 3	1 5	1 58	1 60	18.23606620515023
182	1 3	1 5	1 60	1 62	19.446038788097205
183	1 3	1 5	1 62	1 64	13.599583968114576
184	1 3	1 5	1 47	1 49	-79.74474228125584
185	1 3	1 5	1 49	1 51	18.908639912429685
186	1 3	1 5	1 51	1 53	26.968889182699336
187	1 3	1 5	1 53	1 55	24.259604930040936
188	1 3	1 5	1 55	1 57	-59.17610629356206
189	1 3	1 5	1 57	1 59	12.802243382710794
190	1 3	1 5	1 59	1 61	19.267055669847394
191	1 3	1 5	1 61	1 63	18.09796858221104
192	1 3	1 5	1 63	1 65	-44.336254252797126
193	1 3	1 5	1 65	1 67	10.101456697368658
194	1 3	1 5	1 64	1 66	-46.27070261352074
195	1 3	1 5	1 66	1 68	13.730358271699544
196	1 3	1 5	1 68	1 70	15.12035177440421
197	1 3	1 5	1 70	1 72	9.531708448022414
198	1 3	1 5	1 72	1 2	-458.2396246443823
199	1 3	1 5	1 67	1 69	15.077549794621405
200	1 3	1 5	1 69	1 71	13.10154663881276
201	1 3	1 5	1 71	1 1	-303.13518828820884
202	1 4	1 6	1 5	1 7	331.9255418279215
203	1 4	1 6	1 7	1 9	-455.88798085442795
204	1 4	1 6	1 9	1 11	-23.871484375305904
205	1 4	1 6	1 11	1 13	174.3511343569483
206	1 4	1 6	1 13	1 15	160.76605111077188
207	1 4	1 6	1 17	1 19	14.81235366430063
208	1 4	1 6	1 19	1 21	104.48136774199637
209	1 4	1 6	1 21	1 23	94.00066352382188
210	1 4	1 6	1 23	1 25	-187.80366925471057
211	1 4	1 6	1 12	1 14	262.4588299595267
212	1 4	1 6	1 14	1 16	26.102753773868976
213	1 4	1 6	1 16	1 18	-272.6779140461216
214	1 4	1 6	1 18	1 20	50.64560943413359
215	1 4	1 6	1 20	1 22	129.9965986424893
216	1 4	1 6	1 22	1 24	45.72194941518527
217	1 4	1 6	1 24	1 26	-194.1967467804732
218	1 4	1 6	1 26	1 28	40.32741658457731
219	1 4	1 6	1 25	1 27	22.995948141320845
220	1 4	1 6	1 27	1 29	65.73376622305777
221	1 4	1 6	1 29	1 31	70.78028683527225
222	1 4	1 6	1 31	1 33	-136.64521421412343
223	1 4	1 6	1 33	1 35	21.6568728754606
224	1 4	1 6	1 35	1 37	43.42479468368006
225	1 4	1 6	1 37	1 39	49.87046150231371
226	1 4	1 6	1 39	1 41	-96.75724832269049
227	1 4	1 6	1 41	1 43	16.4495583823174
228	1 4	1 6	1 43	1 45	30.3909857975255
229	1 4	1 6	1 28	1 30	83.83590955740593
230	1 4	1 6	1 30	1 32	36.88233063304498
231	1 4	1 6	1 32	1 34	-136.26974623117965
232	1 4	1 6	1 34	1 36	30.741858538058736
233	1 4	1 6	1 36	1 38	51.12587938407752
234	1 4	1 6	1 38	1 40	36.979472561878765
235	1 4	1 6	1 40	1 42	-103.13062046911499
236	1 4	1 6	1 42	1 44	23.933106618233918
237	1 4	1 6	1 44	1 46	33.22184511959473
238	1 4	1 6	1 46	1 48	26.28909435290694
239	1 4	1 6	1 45	1 47	31.53961448948834
240	1 4	1 6	1 47	1 49	-66.35697978907145
241	1 4	1 6	1 49	1 51	12.572555700839786
242	1 4	1 6	1 51	1 53	21.736083352695132
243	1 4	1 6	1 53	1 55	23.211908045136536
244	1 4	1 6	1 55	1 57	-49.647803208469696
245	1 4	1 6	1 57	1 59	9.181012486706521
246	1 4	1 6	1 59	1 61	15.549310714950131
247	1 4	1 6	1 61	1 63	16.68784870735572
248	1 4	1 6	1 63	1 65	-36.96706483026972
249	1 4	1 6	1 48	1 50	-73.31195163875853
250	1 4	1 6	1 50	1 52	18.00791304595137
251	1 4	1 6	1 52	1 54	22.662898242442303
252	1 4	1 6	1 54	1 56	19.214141135346342
253	1 4	1 6	1 56	1 58	-53.23796705301555
254	1 4	1 6	1 58	1 60	13.843114259300785
255	1 4	1 6	1 60	1 62	16.942619191966298
256	1 4	1 6	1 62	1 64	13.25279229004088
257	1 4	1 6	1 64	1 66	-39.82166950167216
258	1 4	1 6	1 66	1 68	10.760266255853397
259	1 4	1 6	1 65	1 67	7.647961487375882
260	1 4	1 6	1 67	1 69	12.405880560809527
261	1 4	1 6	1 69	1 71	11.72135176940879
262	1 4	1 6	1 71	1 1	-165.94975930827246
263	1 4	1 6	1 68	1 70	13.028986000513743
264	1 4	1 6	1 70	1 72	8.852569724687603
265	1 4	1 6	1 72	1 2	-215.7010484236715
266	1 5	1 7	1 6	1 8	422.0650835205964
267	1 5	1 7	1 8	1 10	-535.5389470144978
268	1 5	1 7	1 10	1 12	-29.263021526577717
269	1 5	1 7	1 12	1 14	171.9071470127848
270	1 5	1 7	1 14	1 16	217.39187352933254
271	1 5	1 7	1 18	1 20	8.79713659387803
272	1 5	1 7	1 20	1 22	99.48646856824354
273	1 5	1 7	1 22	1 24	125.13358148363083
274	1 5	1 7	1 24	1 26	-214.48988985375388
275	1 5	1 7	1 9	1 11	-22.42360136465811
276	1 5	1 7	1 13	1 15	289.895926442846
277	1 5	1 7	1 15	1 17	-274.1687094360469
278	1 5	1 7	1 19	1 21	42.7523077542846
279	1 5	1 7	1 21	1 23	137.22301149186063
280	1 5	1 7	1 23	1 25	-162.85370461127607
281	1 5	1 7	1 25	1 27	7.109904033099999
282	1 5	1 7	1 27	1 29	39.000485623624634
283	1 5	1 7	1 26	1 28	16.53812285290644
284	1 5	1 7	1 28	1 30	72.9634241281098
285	1 5	1 7	1 30	1 32	67.98292639086498
286	1 5	1 7	1 32	1 34	-139.30481107832873
287	1 5	1 7	1 34	1 36	17.666369811867618
288	1 5	1 7	1 36	1 38	47.573635958771085
289	1 5	1 7	1 38	1 40	50.462449142146326
290	1 5	1 7	1 40	1 42	-102.76803833264128
291	1 5	1 7	1 42	1 44	16.852684219307214
292	1 5	1 7	1 44	1 46	31.420852480112977
293	1 5	1 7	1 29	1 31	89.48783055945626
294	1 5	1 7	1 33	1 35	10.624948848847549
295	1 5	1 7	1 35	1 37	31.459456055551772
296	1 5	1 7	1 37	1 39	57.71794822947611
297	1 5	1 7	1 39	1 41	-86.30400851019532
298	1 5	1 7	1 41	1 43	10.080847300045296
299	1 5	1 7	1 43	1 45	24.708680305654124
300	1 5	1 7	1 45	1 47	34.21149922812155
301	1 5	1 7	1 47	1 49	-59.77888455163108
302	1 5	1 7	1 46	1 48	32.17851280864648
303	1 5	1 7	1 48	1 50	-71.89934510580173
304	1 5	1 7	1 50	1 52	13.84846889466902
305	1 5	1 7	1 52	1 54	21.191568886839526
306	1 5	1 7	1 54	1 56	21.628088172445615
307	1 5	1 7	1 56	1 58	-51.05437146639592
308	1 5	1 7	1 58	1 60	11.270749636749226
309	1 5	1 7	1 60	1 62	15.878988400600871
310	1 5	1 7	1 62	1 64	14.142883951006498
311	1 5	1 7	1 64	1 66	-37.65206009560664
312	1 5	1 7	1 49	1 51	8.838186576745102
313	1 5	1 7	1 51	1 53	18.517820501599715
314	1 5	1 7	1 53	1 55	24.049916811881765
315	1 5	1 7	1 55	1 57	-44.981579518610744
316	1 5	1 7	1 57	1 59	7.088426034827666
317	1 5	1 7	1 59	1 61	13.522618129015967
318	1 5	1 7	1 61	1 63	16.819365445956652
319	1 5	1 7	1 63	1 65	-33.723445750794994
320	1 5	1 7	1 65	1 67	6.284579193088508
321	1 5	1 7	1 67	1 69	11.037312870682914
322	1 5	1 7	1 66	1 68	9.120869015045006
323	1 5	1 7	1 68	1 70	12.232872355424849
324	1 5	1 7	1 70	1 72	8.976522012425491
325	1 5	1 7	1 69	1 71	11.485861182117784
326	1 6	1 8	1 7	1 9	-217.79533632356862
327	1 6	1 8	1 9	1 11	-15.241936278901761
328	1 6	1 8	1 11	1 13	-23.041552507379848
329	1 6	1 8	1 13	1 15	207.66114923482235
330	1 6	1 8	1 17	1 19	-4.829331571769173
331	1 6	1 8	1 19	1 21	9.192974589484256
332	1 6	1 8	1 21	1 23	122.12931006134656
333	1 6	1 8	1 23	1 25	-117.19286922674372
334	1 6	1 8	1 10	1 12	-25.48957873971608
335	1 6	1 8	1 12	1 14	33.394249569812246
336	1 6	1 8	1 14	1 16	397.1645854761165
337	1 6	1 8	1 16	1 18	-393.70742922598595
338	1 6	1 8	1 18	1 20	-3.2635796875343983
339	1 6	1 8	1 20	1 22	48.98918845938182
340	1 6	1 8	1 22	1 24	182.0668668291208
341	1 6	1 8	1 24	1 26	-215.06951761166084
342	1 6	1 8	1 26	1 28	5.798672385038603
343	1 6	1 8	1 28	1 30	51.46095545669034
344	1 6	1 8	1 27	1 29	19.851281150825677
345	1 6	1 8	1 29	1 31	85.24288101660744
346	1 6	1 8	1 31	1 33	-96.0972675366037
347	1 6	1 8	1 33	1 35	5.51847132114896
348	1 6	1 8	1 35	1 37	21.295377140259646
349	1 6	1 8	1 37	1 39	54.75983970525367
350	1 6	1 8	1 39	1 41	-72.26227243254027
351	1 6	1 8	1 41	1 43	6.388901636957532
352	1 6	1 8	1 43	1 45	18.957636815160363
353	1 6	1 8	1 45	1 47	32.0357876623362
354	1 6	1 8	1 30	1 32	86.55934967405511
355	1 6	1 8	1 32	1 34	-130.06502270895905
356	1 6	1 8	1 34	1 36	10.168412620889159
357	1 6	1 8	1 36	1 38	38.29843663148674
358	1 6	1 8	1 38	1 40	55.71126096107774
359	1 6	1 8	1 40	1 42	-94.260042390683
360	1 6	1 8	1 42	1 44	11.785350236640753
361	1 6	1 8	1 44	1 46	26.558054822533208
362	1 6	1 8	1 46	1 48	33.250016512331406
363	1 6	1 8	1 48	1 50	-64.3825228920958
364	1 6	1 8	1 47	1 49	-50.409322534587176
365	1 6	1 8	1 49	1 51	6.320890241733476
366	1 6	1 8	1 51	1 53	14.97270921339867
367	1 6	1 8	1 53	1 55	22.187611563309403
368	1 6	1 8	1 55	1 57	-38.53326429664864
369	1 6	1 8	1 57	1 59	5.41719700723491
370	1 6	1 8	1 59	1 61	11.127727331094736
371	1 6	1 8	1 61	1 63	15.299652360444302
372	1 6	1 8	1 63	1 65	-28.885812429742714
373	1 6	1 8	1 65	1 67	5.026938269474405
374	1 6	1 8	1 50	1 52	10.475069645335193
375	1 6	1 8	1 52	1 54	18.22705334618744
376	1 6	1 8	1 54	1 56	21.297705223439184
377	1 6	1 8	1 56	1 58	-45.30140224894991
378	1 6	1 8	1 58	1 60	8.92213233276187
379	1 6	1 8	1 60	1 62	13.812520714701888
380	1 6	1 8	1 62	1 64	13.473641145550463
381	1 6	1 8	1 64	1 66	-33.112017919750684
382	1 6	1 8	1 66	1 68	7.463131486864709
383	1 6	1 8	1 68	1 70	10.629025993268844
384	1 6	1 8	1 67	1 69	9.258962720286695
385	1 6	1 8	1 69	1 71	10.301560327656588
386	1 6	1 8	1 71	1 1	-75.90627125158926
387	1 6	1 8	1 70	1 72	8.292922416537582
388	1 6	1 8	1 72	1 2	-89.09870840463529
389	1 7	1 9	1 8	1 10	1099.7891392508338
390	1 7	1 9	1 10	1 12	-430.88433761601647
391	1 7	1 9	1 12	1 14	-305.39533045977015
392	1 7	1 9	1 14	1 16	-170.91353315600978
393	1 7	1 9	1 16	1 18	779.2394137250901
394	1 7	1 9	1 18	1 20	-308.2851666866451
395	1 7	1 9	1 24	1 26	562.0179908951433
396	1 7	1 9	1 15	1 17	886.4229367088607
397	1 7	1 9	1 23	1 25	604.0695468856948
398	1 7	1 9	1 28	1 30	-190.85630916816453
399	1 7	1 9	1 30	1 32	-87.05606642283061
400	1 7	1 9	1 32	1 34	401.0652657369016
401	1 7	1 9	1 34	1 36	-132.9351266251624
402	1 7	1 9	1 36	1 38	-131.70985295094806
403	1 7	1 9	1 38	1 40	-90.7746695348142
404	1 7	1 9	1 40	1 42	304.7541220658529
405	1 7	1 9	1 42	1 44	-92.92197722435287
406	1 7	1 9	1 44	1 46	-92.89143246961189
407	1 7	1 9	1 46	1 48	-67.31587553831795
408	1 7	1 9	1 31	1 33	439.58997232637876
409	1 7	1 9	1 33	1 35	-132.73114715084048
410	1 7	1 9	1 35	1 37	-135.85024223739265
411	1 7	1 9	1 37	1 39	-120.29165229463456
412	1 7	1 9	1 39	1 41	307.20904643001757
413	1 7	1 9	1 41	1 43	-80.9654109566174
414	1 7	1 9	1 43	1 45	-96.5849210531278
415	1 7	1 9	1 45	1 47	-82.36129996916057
416	1 7	1 9	1 47	1 49	211.68791681131353
417	1 7	1 9	1 49	1 51	-52.739081500517756
418	1 7	1 9	1 48	1 50	222.41636748899356
419	1 7	1 9	1 50	1 52	-66.18650142506333
420	1 7	1 9	1 52	1 54	-66.85460739094461
421	1 7	1 9	1 54	1 56	-51.57037366137726
422	1 7	1 9	1 56	1 58	163.5121313394509
423	1 7	1 9	1 58	1 60	-48.903707991401134
424	1 7	1 9	1 60	1 62	-51.20779551568474
425	1 7	1 9	1 62	1 64	-36.90666471265659
426	1 7	1 9	1 64	1 66	123.48127443345234
427	1 7	1 9	1 66	1 68	-36.68761233941153
428	1 7	1 9	1 51	1 53	-70.14275202354673
429	1 7	1 9	1 53	1 55	-64.68548571561044
430	1 7	1 9	1 55	1 57	158.14635235992853
431	1 7	1 9	1 57	1 59	-35.15169827343075
432	1 7	1 9	1 59	1 61	-50.96701923482516
433	1 7	1 9	1 61	1 63	-48.29193472840961
434	1 7	1 9	1 63	1 65	118.49370860927152
435	1 7	1 9	1 65	1 67	-27.361207215144347
436	1 7	1 9	1 67	1 69	-40.24641280353201
437	1 7	1 9	1 69	1 71	-34.96507320398387
438	1 7	1 9	1 68	1 70	-40.289928595834084
439	1 7	1 9	1 70	1 72	-25.65186895170811
440	1 7	1 9	1 72	1 2	505.1259036131793
441	1 7	1 9	1 71	1 1	674.7914050864933
442	1 8	1 10	1 15	1 17	756.8343730505302
443	1 8	1 10	1 12	1 14	-306.6827166790043
444	1 8	1 10	1 14	1 16	-386.74144022976805
445	1 8	1 10	1 18	1 20	-280.26318749057646
446	1 8	1 10	1 24	1 26	612.5751936429622
447	1 8	1 10	1 29	1 31	-188.14120692944476
448	1 8	1 10	1 31	1 33	414.77197315013075
449	1 8	1 10	1 33	1 35	-90.02071547985432
450	1 8	1 10	1 35	1 37	-129.824376871394
451	1 8	1 10	1 37	1 39	-139.67313265090178
452	1 8	1 10	1 39	1 41	295.1130025785503
453	1 8	1 10	1 41	1 43	-60.82942892286651
454	1 8	1 10	1 43	1 45	-92.24760931796159
455	1 8	1 10	1 45	1 47	-91.19411234054022
456	1 8	1 10	1 47	1 49	203.7240827333351
457	1 8	1 10	1 32	1 34	418.564842869353
458	1 8	1 10	1 34	1 36	-109.40564974435246
459	1 8	1 10	1 36	1 38	-140.39319000532674
460	1 8	1 10	1 38	1 40	-114.4487141374419
461	1 8	1 10	1 40	1 42	314.69180473984943
462	1 8	1 10	1 42	1 44	-79.78384540224567
463	1 8	1 10	1 44	1 46	-96.25046109868634
464	1 8	1 10	1 46	1 48	-79.37321827734868
465	1 8	1 10	1 48	1 50	223.11365159979687
466	1 8	1 10	1 50	1 52	-58.13013069792318
467	1 8	1 10	1 49	1 51	-43.59601768265091
468	1 8	1 10	1 51	1 53	-67.23648591721391
469	1 8	1 10	1 53	1 55	-69.2369997601622
470	1 8	1 10	1 55	1 57	154.09776561293936
471	1 8	1 10	1 57	1 59	-30.493836771488752
472	1 8	1 10	1 59	1 61	-48.53249358560421
473	1 8	1 10	1 61	1 63	-50.438474963255146
474	1 8	1 10	1 63	1 65	115.01529642784948
475	1 8	1 10	1 65	1 67	-24.741542348281595
476	1 8	1 10	1 67	1 69	-38.663397525319546
477	1 8	1 10	1 52	1 54	-67.86184722927726
478	1 8	1 10	1 54	1 56	-57.838603442817046
479	1 8	1 10	1 56	1 58	163.86246823896312
480	1 8	1 10	1 58	1 60	-44.39737625196712
481	1 8	1 10	1 60	1 62	-51.49297902505369
482	1 8	1 10	1 62	1 64	-39.975084918298464
483	1 8	1 10	1 64	1 66	122.65848238988612
484	1 8	1 10	1 66	1 68	-34.106128208955894
485	1 8	1 10	1 68	1 70	-39.99760879870841
486	1 8	1 10	1 70	1 72	-26.94476827742063
487	1 8	1 10	1 69	1 71	-35.59781552580546
488	1 8	1 10	1 71	1 1	530.1526046647361
489	1 9	1 11	1 10	1 12	267.13144405772914
490	1 9	1 11	1 12	1 14	-55.27732005707673
491	1 9	1 11	1 14	1 16	-11.586389975130153
492	1 9	1 11	1 18	1 20	184.4080821606639
493	1 9	1 11	1 20	1 22	-15.4534900441722
494	1 9	1 11	1 22	1 24	-9.10649352966935
495	1 9	1 11	1 24	1 26	-129.11281706549698
496	1 9	1 11	1 26	1 28	110.39148679938558
497	1 9	1 11	1 28	1 30	14.608113033211847
498	1 9	1 11	1 13	1 15	-21.151296288340923
499	1 9	1 11	1 17	1 19	345.1549606069676
500	1 9	1 11	1 19	1 21	18.62764176498996
501	1 9	1 11	1 21	1 23	-12.344921957307488
502	1 9	1 11	1 23	1 25	-223.77690735830626
503	1 9	1 11	1 25	1 27	167.40968070606561
504	1 9	1 11	1 27	1 29	48.253561456945235
505	1 9	1 11	1 29	1 31	1.6849295591910365
506	1 9	1 11	1 30	1 32	-2.4390244796362186
507	1 9	1 11	1 32	1 34	-99.5859162039374
508	1 9	1 11	1 34	1 36	66.52644359900933
509	1 9	1 11	1 36	1 38	20.808976920850085
510	1 9	1 11	1 38	1 40	6.984586537959422
511	1 9	1 11	1 40	1 42	-79.18939148888123
512	1 9	1 11	1 42	1 44	41.67387254044378
513	1 9	1 11	1 44	1 46	20.4951930627284
514	1 9	1 11	1 46	1 48	8.56972767364874
515	1 9	1 11	1 48	1 50	-60.498084219547906
516	1 9	1 11	1 33	1 35	89.75799576616568
517	1 9	1 11	1 35	1 37	41.23046111503591
518	1 9	1 11	1 37	1 39	11.300447798602022
519	1 9	1 11	1 39	1 41	-99.91431767337808
520	1 9	1 11	1 41	1 43	46.749381674759725
521	1 9	1 11	1 43	1 45	30.664006188253296
522	1 9	1 11	1 45	1 47	13.139609886903571
523	1 9	1 11	1 47	1 49	-68.18468172093432
524	1 9	1 11	1 49	1 51	26.14968632077359
525	1 9	1 11	1 51	1 53	22.586665086349516
526	1 9	1 11	1 50	1 52	27.233473468233036
527	1 9	1 11	1 52	1 54	17.170019988825764
528	1 9	1 11	1 54	1 56	8.730885539790638
529	1 9	1 11	1 56	1 58	-46.255277228938525
530	1 9	1 11	1 58	1 60	18.79738582162553
531	1 9	1 11	1 60	1 62	14.064147290559927
532	1 9	1 11	1 62	1 64	7.528365776797855
533	1 9	1 11	1 64	1 66	-35.9586721925024
534	1 9	1 11	1 66	1 68	13.26547740103172
535	1 9	1 11	1 68	1 70	11.58119149722665
536	1 9	1 11	1 53	1 55	13.269536462764059
537	1 9	1 11	1 55	1 57	-49.6492965093839
538	1 9	1 11	1 57	1 59	15.252716724987868
539	1 9	1 11	1 59	1 61	16.892137424830345
540	1 9	1 11	1 61	1 63	11.314636867561568
541	1 9	1 11	1 63	1 65	-37.27724074271106
542	1 9	1 11	1 65	1 67	10.700244920026975
543	1 9	1 11	1 67	1 69	13.109772825958236
544	1 9	1 11	1 69	1 71	9.072107826969484
545	1 9	1 11	1 71	1 1	-408.1503428810996
546	1 9	1 11	1 70	1 72	6.08441141347164
547	1 9	1 11	1 72	1 2	-180.47733503832694
548	1 10	1 12	1 11	1 13	219.77393724893724
549	1 10	1 12	1 13	1 15	-50.711605675597
550	1 10	1 12	1 17	1 19	178.02737347989483
551	1 10	1 12	1 19	1 21	172.038610993617
552	1 10	1 12	1 21	1 23	-17.191353903549025
553	1 10	1 12	1 23	1 25	-249.67922525787782
554	1 10	1 12	1 25	1 27	116.1986715232794
555	1 10	1 12	1 27	1 29	105.50729052331486
556	1 10	1 12	1 29	1 31	14.52140164217629
557	1 10	1 12	1 14	1 16	-21.892267279249566
558	1 10	1 12	1 18	1 20	291.4989734498126
559	1 10	1 12	1 20	1 22	21.525574809930163
560	1 10	1 12	1 22	1 24	-15.079875995887267
561	1 10	1 12	1 24	1 26	-199.00952423215114
562	1 10	1 12	1 26	1 28	135.9007292169067
563	1 10	1 12	1 28	1 30	52.77492301832325
564	1 10	1 12	1 30	1 32	-0.6863509910813568
565	1 10	1 12	1 32	1 34	-142.0869823419632
566	1 10	1 12	1 31	1 33	-178.2361638836972
567	1 10	1 12	1 33	1 35	72.30396372771172
568	1 10	1 12	1 35	1 37	64.96023326553811
569	1 10	1 12	1 37	1 39	25.5386534352091
570	1 10	1 12	1 39	1 41	-123.44951304896057
571	1 10	1 12	1 41	1 43	42.216978481922354
572	1 10	1 12	1 43	1 45	42.41232343012959
573	1 10	1 12	1 45	1 47	23.102392351031618
574	1 10	1 12	1 47	1 49	-85.02180087650063
575	1 10	1 12	1 49	1 51	26.018369088304517
576	1 10	1 12	1 34	1 36	75.53330661626597
577	1 10	1 12	1 36	1 38	43.06219387847928
578	1 10	1 12	1 38	1 40	14.840564830379506
579	1 10	1 12	1 40	1 42	-109.70940421953638
580	1 10	1 12	1 42	1 44	46.75263086610076
581	1 10	1 12	1 44	1 46	33.08913394606934
582	1 10	1 12	1 46	1 48	15.581343064014401
583	1 10	1 12	1 48	1 50	-80.96507542384194
584	1 10	1 12	1 50	1 52	30.85214830235835
585	1 10	1 12	1 52	1 54	24.825400420521767
586	1 10	1 12	1 51	1 53	29.401430966413834
587	1 10	1 12	1 53	1 55	20.53711222998213
588	1 10	1 12	1 55	1 57	-62.66076990187
589	1 10	1 12	1 57	1 59	16.268749406044286
590	1 10	1 12	1 59	1 61	21.104725558627813
591	1 10	1 12	1 61	1 63	16.375229882410732
592	1 10	1 12	1 63	1 65	-46.76346335697399
593	1 10	1 12	1 65	1 67	12.053793589348743
594	1 10	1 12	1 67	1 69	16.32566962369996
595	1 10	1 12	1 69	1 71	12.486461551440255
596	1 10	1 12	1 54	1 56	14.249608097284852
597	1 10	1 12	1 56	1 58	-60.82739044460037
598	1 10	1 12	1 58	1 60	21.683050007255723
599	1 10	1 12	1 60	1 62	19.267141001560432
600	1 10	1 12	1 62	1 64	11.43600558555497
601	1 10	1 12	1 64	1 66	-46.68980639464021
602	1 10	1 12	1 66	1 68	15.682930409178715
603	1 10	1 12	1 68	1 70	15.31496293971366
604	1 10	1 12	1 70	1 72	8.657419290406878
605	1 10	1 12	1 72	1 2	-297.8452261727387
606	1 10	1 12	1 71	1 1	-338.547525298652
607	1 11	1 13	1 12	1 14	186.67590264693195
608	1 11	1 13	1 14	1 16	-42.74772753733027
609	1 11	1 13	1 18	1 20	149.92690145246598
610	1 11	1 13	1 20	1 22	154.69615450478415
611	1 11	1 13	1 22	1 24	-21.779023916654864
612	1 11	1 13	1 24	1 26	-221.41585984291365
613	1 11	1 13	1 26	1 28	91.50510259137366
614	1 11	1 13	1 28	1 30	104.72647928806286
615	1 11	1 13	1 30	1 32	6.880223984563459
616	1 11	1 13	1 17	1 19	8.120643900426355
617	1 11	1 13	1 23	1 25	-237.67656490099313
618	1 11	1 13	1 25	1 27	44.13386225392391
619	1 11	1 13	1 27	1 29	126.59726103509382
620	1 11	1 13	1 29	1 31	45.19116900345162
621	1 11	1 13	1 33	1 35	40.14298135770656
622	1 11	1 13	1 32	1 34	-161.29576771010326
623	1 11	1 13	1 34	1 36	57.72668176780004
624	1 11	1 13	1 36	1 38	63.736143018676536
625	1 11	1 13	1 38	1 40	26.089035187924676
626	1 11	1 13	1 40	1 42	-122.74905172354491
627	1 11	1 13	1 42	1 44	39.20525121785915
628	1 11	1 13	1 44	1 46	41.61956694114059
629	1 11	1 13	1 46	1 48	23.390867956559916
630	1 11	1 13	1 48	1 50	-89.61196675133755
631	1 11	1 13	1 50	1 52	27.26204476546188
632	1 11	1 13	1 35	1 37	70.12885338345865
633	1 11	1 13	1 37	1 39	44.91496020571192
634	1 11	1 13	1 39	1 41	-125.39418282548476
635	1 11	1 13	1 41	1 43	28.40807375299883
636	1 11	1 13	1 43	1 45	44.361385568657695
637	1 11	1 13	1 45	1 47	32.87476368652944
638	1 11	1 13	1 47	1 49	-87.2549966907616
639	1 11	1 13	1 49	1 51	20.10930686450413
640	1 11	1 13	1 51	1 53	30.198780470404543
641	1 11	1 13	1 53	1 55	26.08359814355024
642	1 11	1 13	1 52	1 54	28.701698069839274
643	1 11	1 13	1 54	1 56	19.491411920465602
644	1 11	1 13	1 56	1 58	-66.5661677195177
645	1 11	1 13	1 58	1 60	20.132986540365664
646	1 11	1 13	1 60	1 62	21.461604501445724
647	1 11	1 13	1 62	1 64	14.471195410729152
648	1 11	1 13	1 64	1 66	-50.41358490870218
649	1 11	1 13	1 66	1 68	15.076136511810656
650	1 11	1 13	1 68	1 70	16.62066795979348
651	1 11	1 13	1 70	1 72	10.313232109545048
652	1 11	1 13	1 55	1 57	-64.96381387921022
653	1 11	1 13	1 57	1 59	13.926098841975815
654	1 11	1 13	1 59	1 61	21.37107378884933
655	1 11	1 13	1 61	1 63	19.665392439145954
656	1 11	1 13	1 63	1 65	-48.550625331702705
657	1 11	1 13	1 65	1 67	11.041460777956594
658	1 11	1 13	1 67	1 69	16.656635386970756
659	1 11	1 13	1 69	1 71	14.267525910332427
660	1 11	1 13	1 71	1 1	-220.60514087468462
661	1 11	1 13	1 72	1 2	-239.14821296706543
662	1 12	1 14	1 13	1 15	191.4090285188621
663	1 12	1 14	1 17	1 19	-16.201976053455866
664	1 12	1 14	1 19	1 21	133.3424300467468
665	1 12	1 14	1 21	1 23	131.29931230464913
666	1 12	1 14	1 23	1 25	-224.35993048047416
667	1 12	1 14	1 25	1 27	8.823679216958801
668	1 12	1 14	1 27	1 29	83.50050920098238
669	1 12	1 14	1 29	1 31	95.82899042162946
670	1 12	1 14	1 31	1 33	-166.04605468495785
671	1 12	1 14	1 18	1 20	6.060063540074353
672	1 12	1 14	1 20	1 22	236.1848012939007
673	1 12	1 14	1 24	1 26	-223.43123729672854
674	1 12	1 14	1 26	1 28	32.26926502503906
675	1 12	1 14	1 28	1 30	124.6253755049369
676	1 12	1 14	1 30	1 32	35.248438353843326
677	1 12	1 14	1 32	1 34	-164.36863161864096
678	1 12	1 14	1 34	1 36	31.19176580296512
679	1 12	1 14	1 33	1 35	16.95088179941014
680	1 12	1 14	1 35	1 37	53.82869250780673
681	1 12	1 14	1 37	1 39	65.17484302451795
682	1 12	1 14	1 39	1 41	-116.80865640179636
683	1 12	1 14	1 41	1 43	15.838545720808714
684	1 12	1 14	1 43	1 45	37.17381299272819
685	1 12	1 14	1 45	1 47	40.08256250689321
686	1 12	1 14	1 47	1 49	-79.79331021911392
687	1 12	1 14	1 49	1 51	13.368994470967
688	1 12	1 14	1 51	1 53	26.24038394841103
689	1 12	1 14	1 36	1 38	69.326540741651
690	1 12	1 14	1 38	1 40	43.717209564758306
691	1 12	1 14	1 40	1 42	-123.96702174967658
692	1 12	1 14	1 42	1 44	26.49697916414805
693	1 12	1 14	1 44	1 46	42.52972726776583
694	1 12	1 14	1 46	1 48	32.12928598863746
695	1 12	1 14	1 48	1 50	-88.63435101336785
696	1 12	1 14	1 50	1 52	20.483807578237844
697	1 12	1 14	1 52	1 54	28.091100248517847
698	1 12	1 14	1 54	1 56	23.620117973195278
699	1 12	1 14	1 53	1 55	28.93474232078912
700	1 12	1 14	1 55	1 57	-59.61490716596841
701	1 12	1 14	1 57	1 59	10.296646817299395
702	1 12	1 14	1 59	1 61	18.617506588741612
703	1 12	1 14	1 61	1 63	20.606151582612533
704	1 12	1 14	1 63	1 65	-44.350148285302716
705	1 12	1 14	1 65	1 67	8.831200996431445
706	1 12	1 14	1 67	1 69	14.817124373732455
707	1 12	1 14	1 69	1 71	14.33278229069774
708	1 12	1 14	1 71	1 1	-142.36848774970437
709	1 12	1 14	1 56	1 58	-64.41884281448972
710	1 12	1 14	1 58	1 60	16.05027503065503
711	1 12	1 14	1 60	1 62	20.694785154563817
712	1 12	1 14	1 62	1 64	16.289752256838923
713	1 12	1 14	1 64	1 66	-48.03316602053805
714	1 12	1 14	1 66	1 68	12.626628182526325
715	1 12	1 14	1 68	1 70	15.81345826434663
716	1 12	1 14	1 70	1 72	10.850879886114626
717	1 12	1 14	1 72	1 2	-161.92615214706888
718	1 13	1 15	1 14	1 16	209.2578918845328
719	1 13	1 15	1 18	1 20	-18.331125285857755
720	1 13	1 15	1 20	1 22	124.02904271526485
721	1 13	1 15	1 22	1 24	161.9426136570215
722	1 13	1 15	1 26	1 28	3.9985092067824533
723	1 13	1 15	1 28	1 30	89.3786393345217
724	1 13	1 15	1 30	1 32	87.46437327985788
725	1 13	1 15	1 32	1 34	-163.52878734827263
726	1 13	1 15	1 17	1 19	-11.503671475873897
727	1 13	1 15	1 21	1 23	233.40943749480624
728	1 13	1 15	1 23	1 25	-210.76836520832376
729	1 13	1 15	1 27	1 29	30.844559846681605
730	1 13	1 15	1 29	1 31	127.64339913802087
731	1 13	1 15	1 33	1 35	6.107702986021609
732	1 13	1 15	1 35	1 37	31.789969682343838
733	1 13	1 15	1 34	1 36	13.442774932038107
734	1 13	1 15	1 36	1 38	58.35949821916637
735	1 13	1 15	1 38	1 40	64.96190353143497
736	1 13	1 15	1 40	1 42	-122.27163096245755
737	1 13	1 15	1 42	1 44	16.363609475114853
738	1 13	1 15	1 44	1 46	37.769836184992826
739	1 13	1 15	1 46	1 48	40.541681452521004
740	1 13	1 15	1 48	1 50	-84.93678914159176
741	1 13	1 15	1 50	1 52	14.480405835985927
742	1 13	1 15	1 52	1 54	25.07486955724822
743	1 13	1 15	1 37	1 39	75.56918768715371
744	1 13	1 15	1 41	1 43	8.317532007473009
745	1 13	1 15	1 43	1 45	27.078793918793966
746	1 13	1 15	1 45	1 47	42.943950500325606
747	1 13	1 15	1 47	1 49	-68.88932009473518
748	1 13	1 15	1 49	1 51	8.564983102039015
749	1 13	1 15	1 51	1 53	20.834389606022544
750	1 13	1 15	1 53	1 55	29.46572510947361
751	1 13	1 15	1 55	1 57	-51.99353053512352
752	1 13	1 15	1 54	1 56	26.878962764233208
753	1 13	1 15	1 56	1 58	-60.13526329394982
754	1 13	1 15	1 58	1 60	12.263443668987172
755	1 13	1 15	1 60	1 62	18.6760561058807
756	1 13	1 15	1 62	1 64	17.32757702939703
757	1 13	1 15	1 64	1 66	-43.99355455186347
758	1 13	1 15	1 66	1 68	10.169637855013399
759	1 13	1 15	1 68	1 70	14.27087991770522
760	1 13	1 15	1 70	1 72	10.861083269654817
761	1 13	1 15	1 72	1 2	-107.31372451019593
762	1 13	1 15	1 57	1 59	7.397352387208079
763	1 13	1 15	1 59	1 61	15.260165354853296
764	1 13	1 15	1 61	1 63	20.25724999097213
765	1 13	1 15	1 63	1 65	-38.93849791024989
766	1 13	1 15	1 65	1 67	6.845308028586346
767	1 13	1 15	1 67	1 69	12.568386795051667
768	1 13	1 15	1 69	1 71	13.671604177463873
769	1 13	1 15	1 71	1 1	-95.04711746776955
770	1 14	1 16	1 17	1 19	-7.153361579429653
771	1 14	1 16	1 19	1 21	-18.12221951267165
772	1 14	1 16	1 21	1 23	143.9430600183903
773	1 14	1 16	1 23	1 25	-110.0428793717239
774	1 14	1 16	1 25	1 27	-2.298905231194662
775	1 14	1 16	1 27	1 29	6.724727711658479
776	1 14	1 16	1 29	1 31	101.96675017109254
777	1 14	1 16	1 31	1 33	-97.41345660235982
778	1 14	1 16	1 33	1 35	2.551100355965673
779	1 14	1 16	1 18	1 20	-11.782207731777788
780	1 14	1 16	1 22	1 24	290.647111993027
781	1 14	1 16	1 24	1 26	-271.9036627190816
782	1 14	1 16	1 26	1 28	-1.6333471510184876
783	1 14	1 16	1 28	1 30	41.990629755290215
784	1 14	1 16	1 30	1 32	123.54531811862554
785	1 14	1 16	1 32	1 34	-151.51578262367218
786	1 14	1 16	1 34	1 36	5.977879849724995
787	1 14	1 16	1 36	1 38	38.549703426333544
788	1 14	1 16	1 35	1 37	16.829613211382316
789	1 14	1 16	1 37	1 39	64.92316649349564
790	1 14	1 16	1 39	1 41	-75.66980167577128
791	1 14	1 16	1 41	1 43	4.72557683683468
792	1 14	1 16	1 43	1 45	18.04208450167843
793	1 14	1 16	1 45	1 47	37.348688998300304
794	1 14	1 16	1 47	1 49	-53.40019345578127
795	1 14	1 16	1 49	1 51	5.538626775674267
796	1 14	1 16	1 51	1 53	15.106364725352142
797	1 14	1 16	1 53	1 55	25.45067332442196
798	1 14	1 16	1 38	1 40	72.65765062083408
799	1 14	1 16	1 40	1 42	-106.18232595855926
800	1 14	1 16	1 42	1 44	9.970442974072238
801	1 14	1 16	1 44	1 46	28.099682452494623
802	1 14	1 16	1 46	1 48	41.437737533726796
803	1 14	1 16	1 48	1 50	-72.20301152500998
804	1 14	1 16	1 50	1 52	9.826829795942544
805	1 14	1 16	1 52	1 54	19.60637555317428
806	1 14	1 16	1 54	1 56	25.685273021348202
807	1 14	1 16	1 56	1 58	-50.32179191770624
808	1 14	1 16	1 55	1 57	-41.326587861833744
809	1 14	1 16	1 57	1 59	5.173966325371517
810	1 14	1 16	1 59	1 61	11.507967463886253
811	1 14	1 16	1 61	1 63	17.368035864471945
812	1 14	1 16	1 63	1 65	-31.05395767674994
813	1 14	1 16	1 65	1 67	5.036785812609516
814	1 14	1 16	1 67	1 69	9.762249435724941
815	1 14	1 16	1 69	1 71	11.520851848909546
816	1 14	1 16	1 71	1 1	-67.45877029452004
817	1 14	1 16	1 58	1 60	8.838704053493377
818	1 14	1 16	1 60	1 62	14.994991975628977
819	1 14	1 16	1 62	1 64	15.845083627603954
820	1 14	1 16	1 64	1 66	-36.42145178883724
821	1 14	1 16	1 66	1 68	7.641246688601737
822	1 14	1 16	1 68	1 70	11.57945807049107
823	1 14	1 16	1 70	1 72	9.54547329617041
824	1 14	1 16	1 72	1 2	-76.91604098368711
825	1 15	1 17	1 16	1 18	780.6259181799633
826	1 15	1 17	1 18	1 20	-332.6885054141527
827	1 15	1 17	1 20	1 22	-254.01566826076012
828	1 15	1 17	1 22	1 24	-124.68304131316859
829	1 15	1 17	1 24	1 26	625.5221734084881
830	1 15	1 17	1 26	1 28	-244.68510742802448
831	1 15	1 17	1 28	1 30	-210.98700688026707
832	1 15	1 17	1 30	1 32	-91.04095694969777
833	1 15	1 17	1 32	1 34	461.0270935960591
834	1 15	1 17	1 34	1 36	-163.85941660589646
835	1 15	1 17	1 19	1 21	-267.5021444527178
836	1 15	1 17	1 23	1 25	742.3682913165267
837	1 15	1 17	1 31	1 33	521.7025122825654
838	1 15	1 17	1 33	1 35	-174.87713119132465
839	1 15	1 17	1 35	1 37	-155.15979489164087
840	1 15	1 17	1 36	1 38	-149.2469148334648
841	1 15	1 17	1 38	1 40	-99.90430310055058
842	1 15	1 17	1 40	1 42	354.56471353723674
843	1 15	1 17	1 42	1 44	-114.76698231798645
844	1 15	1 17	1 44	1 46	-107.26191493901874
845	1 15	1 17	1 46	1 48	-75.33049901947334
846	1 15	1 17	1 48	1 50	258.49173509413595
847	1 15	1 17	1 50	1 52	-80.32218523227917
848	1 15	1 17	1 52	1 54	-77.31060366612746
849	1 15	1 17	1 54	1 56	-58.000804765458454
850	1 15	1 17	1 39	1 41	366.72667428827253
851	1 15	1 17	1 41	1 43	-104.7912937990896
852	1 15	1 17	1 43	1 45	-114.84993637252492
853	1 15	1 17	1 45	1 47	-93.76451931474219
854	1 15	1 17	1 47	1 49	252.83857970272805
855	1 15	1 17	1 49	1 51	-66.50507838982958
856	1 15	1 17	1 51	1 53	-82.91292564665684
857	1 15	1 17	1 53	1 55	-73.94924812818104
858	1 15	1 17	1 55	1 57	186.99833368976334
859	1 15	1 17	1 57	1 59	-43.171200623962164
860	1 15	1 17	1 56	1 58	192.22983219601218
861	1 15	1 17	1 58	1 60	-59.33106620700508
862	1 15	1 17	1 60	1 62	-59.9857809854292
863	1 15	1 17	1 62	1 64	-42.31719760833904
864	1 15	1 17	1 64	1 66	144.99296085957593
865	1 15	1 17	1 66	1 68	-44.25389473028449
866	1 15	1 17	1 68	1 70	-47.29535277831472
867	1 15	1 17	1 70	1 72	-29.686191305815335
868	1 15	1 17	1 72	1 2	339.9349269231521
869	1 15	1 17	1 59	1 61	-60.53423797031501
870	1 15	1 17	1 61	1 63	-55.668760300180296
871	1 15	1 17	1 63	1 65	139.12441335711395
872	1 15	1 17	1 65	1 67	-33.19024183251264
873	1 15	1 17	1 67	1 69	-47.7999268458513
874	1 15	1 17	1 69	1 71	-40.67262349701666
875	1 15	1 17	1 71	1 1	443.8432257032518
876	1 16	1 18	1 17	1 19	-144.7105691730971
877	1 16	1 18	1 21	1 23	-250.13004525729343
878	1 16	1 18	1 23	1 25	614.6737224574152
879	1 16	1 18	1 25	1 27	-125.22171168286535
880	1 16	1 18	1 27	1 29	-225.9953083325669
881	1 16	1 18	1 29	1 31	-212.35710877862596
882	1 16	1 18	1 31	1 33	471.60804435426655
883	1 16	1 18	1 33	1 35	-96.97360988965889
884	1 16	1 18	1 35	1 37	-152.93873430475207
885	1 16	1 18	1 24	1 26	727.2546763324485
886	1 16	1 18	1 32	1 34	484.66086875217053
887	1 16	1 18	1 37	1 39	-161.81310810868504
888	1 16	1 18	1 39	1 41	342.55581824369096
889	1 16	1 18	1 41	1 43	-68.44390975184922
890	1 16	1 18	1 43	1 45	-108.84183456239089
891	1 16	1 18	1 45	1 47	-106.41727686322437
892	1 16	1 18	1 47	1 49	236.34156831497785
893	1 16	1 18	1 49	1 51	-49.30779289798524
894	1 16	1 18	1 51	1 53	-77.88063186965928
895	1 16	1 18	1 53	1 55	-79.97187751354468
896	1 16	1 18	1 55	1 57	177.57656912318117
897	1 16	1 18	1 40	1 42	364.1887801156697
898	1 16	1 18	1 42	1 44	-93.56322998455538
899	1 16	1 18	1 44	1 46	-112.69376974574814
900	1 16	1 18	1 46	1 48	-92.81079560904564
901	1 16	1 18	1 48	1 50	260.2346830265849
902	1 16	1 18	1 50	1 52	-67.59493242930876
903	1 16	1 18	1 52	1 54	-78.58756262452621
904	1 16	1 18	1 54	1 56	-67.05502857495134
905	1 16	1 18	1 56	1 58	189.45139866956308
906	1 16	1 18	1 58	1 60	-51.096618790436494
907	1 16	1 18	1 57	1 59	-35.00308215812167
908	1 16	1 18	1 59	1 61	-56.36877540890658
909	1 16	1 18	1 61	1 63	-58.639674369196875
910	1 16	1 18	1 63	1 65	133.31694506123455
911	1 16	1 18	1 65	1 67	-28.51954263626033
912	1 16	1 18	1 67	1 69	-44.908489044041126
913	1 16	1 18	1 69	1 71	-41.525752866117216
914	1 16	1 18	1 71	1 1	371.983308080338
915	1 16	1 18	1 60	1 62	-59.79359169199594
916	1 16	1 18	1 62	1 64	-46.55563305007749
917	1 16	1 18	1 64	1 66	141.76382522747218
918	1 16	1 18	1 66	1 68	-39.47695368590533
919	1 16	1 18	1 68	1 70	-46.475214752567695
920	1 16	1 18	1 70	1 72	-31.311269779193125
921	1 16	1 18	1 72	1 2	334.112800150723
922	1 17	1 19	1 18	1 20	193.69625496532478
923	1 17	1 19	1 20	1 22	-41.006057551879906
924	1 17	1 19	1 22	1 24	-8.859382116567115
925	1 17	1 19	1 26	1 28	145.3771789613678
926	1 17	1 19	1 28	1 30	-16.334107947119154
927	1 17	1 19	1 30	1 32	-5.902411686226101
928	1 17	1 19	1 32	1 34	-103.49110608116078
929	1 17	1 19	1 34	1 36	89.84609507795574
930	1 17	1 19	1 36	1 38	7.9430978812740465
931	1 17	1 19	1 21	1 23	-15.965787377949397
932	1 17	1 19	1 25	1 27	305.231571936539
933	1 17	1 19	1 27	1 29	8.413625753150603
934	1 17	1 19	1 29	1 31	-10.305446737972002
935	1 17	1 19	1 33	1 35	146.06880563208972
936	1 17	1 19	1 35	1 37	36.66457106071355
937	1 17	1 19	1 37	1 39	2.0955086899513837
938	1 17	1 19	1 38	1 40	2.1373300042541397
939	1 17	1 19	1 40	1 42	-85.36495262169703
940	1 17	1 19	1 42	1 44	55.90967768991962
941	1 17	1 19	1 44	1 46	17.220100185917794
942	1 17	1 19	1 46	1 48	5.370977896250503
943	1 17	1 19	1 48	1 50	-66.8038680247223
944	1 17	1 19	1 50	1 52	35.91785226644685
945	1 17	1 19	1 52	1 54	17.39385633186944
946	1 17	1 19	1 54	1 56	7.079075596605373
947	1 17	1 19	1 56	1 58	-52.372834322635555
948	1 17	1 19	1 41	1 43	71.40797422351281
949	1 17	1 19	1 43	1 45	33.21724887361154
950	1 17	1 19	1 45	1 47	9.034996603042975
951	1 17	1 19	1 47	1 49	-81.74662530582613
952	1 17	1 19	1 49	1 51	37.71418167217462
953	1 17	1 19	1 51	1 53	26.061493009301074
954	1 17	1 19	1 53	1 55	11.95063772173616
955	1 17	1 19	1 55	1 57	-59.036119107592654
956	1 17	1 19	1 57	1 59	20.936726155197597
957	1 17	1 19	1 59	1 61	20.20163600069433
958	1 17	1 19	1 58	1 60	24.315866235002076
959	1 17	1 19	1 60	1 62	15.266342138547017
960	1 17	1 19	1 62	1 64	7.001086005365518
961	1 17	1 19	1 64	1 66	-41.096115044011
962	1 17	1 19	1 66	1 68	16.79456576099069
963	1 17	1 19	1 68	1 70	13.05713685288846
964	1 17	1 19	1 70	1 72	6.217029871465135
965	1 17	1 19	1 72	1 2	-118.13805298068102
966	1 17	1 19	1 61	1 63	11.263974150336896
967	1 17	1 19	1 63	1 65	-43.92805689494054
968	1 17	1 19	1 65	1 67	14.07502148340517
969	1 17	1 19	1 67	1 69	15.729769135182806
970	1 17	1 19	1 69	1 71	9.710069213152922
971	1 17	1 19	1 71	1 1	-215.67703119454063
972	1 18	1 20	1 19	1 21	180.0590781152904
973	1 18	1 20	1 21	1 23	-37.82411166069703
974	1 18	1 20	1 23	1 25	-269.39485092782036
975	1 18	1 20	1 25	1 27	150.64327503735046
976	1 18	1 20	1 27	1 29	130.67031307046366
977	1 18	1 20	1 29	1 31	-14.974811591916854
978	1 18	1 20	1 31	1 33	-197.01669569587784
979	1 18	1 20	1 33	1 35	94.33367814980718
980	1 18	1 20	1 35	1 37	79.79652888285456
981	1 18	1 20	1 37	1 39	11.637073031954921
982	1 18	1 20	1 22	1 24	-16.90396037646446
983	1 18	1 20	1 30	1 32	-9.859736427202993
984	1 18	1 20	1 32	1 34	-154.17962168063792
985	1 18	1 20	1 34	1 36	108.43853702528048
986	1 18	1 20	1 36	1 38	34.13972502782582
987	1 18	1 20	1 38	1 40	6.086027956717612
988	1 18	1 20	1 40	1 42	-114.69021731066002
989	1 18	1 20	1 39	1 41	-137.2649383208407
990	1 18	1 20	1 41	1 43	54.36084862974439
991	1 18	1 20	1 43	1 45	50.15508883467131
992	1 18	1 20	1 45	1 47	18.618705810307198
993	1 18	1 20	1 47	1 49	-94.95555120143656
994	1 18	1 20	1 49	1 51	32.73749395738264
995	1 18	1 20	1 51	1 53	34.039071331217336
996	1 18	1 20	1 53	1 55	19.37670297169825
997	1 18	1 20	1 55	1 57	-70.04603985863199
998	1 18	1 20	1 57	1 59	19.92596119063736
999	1 18	1 20	1 42	1 44	60.49470592689316
1000	1 18	1 20	1 44	1 46	32.61268566693879
1001	1 18	1 20	1 46	1 48	10.869134063163338
1002	1 18	1 20	1 48	1 50	-86.20476630713918
1003	1 18	1 20	1 50	1 52	37.986002722553685
1004	1 18	1 20	1 52	1 54	26.114522131318786
1005	1 18	1 20	1 54	1 56	12.178447470974035
1006	1 18	1 20	1 56	1 58	-65.8032110890714
1007	1 18	1 20	1 58	1 60	25.995372216236042
1008	1 18	1 20	1 60	1 62	20.69732304949128
1009	1 18	1 20	1 59	1 61	24.346583652680508
1010	1 18	1 20	1 61	1 63	16.486878545082604
1011	1 18	1 20	1 63	1 65	-52.41185117829568
1012	1 18	1 20	1 65	1 67	14.411026426452871
1013	1 18	1 20	1 67	1 69	18.638101743359357
1014	1 18	1 20	1 69	1 71	13.098230323485875
1015	1 18	1 20	1 71	1 1	-210.66402450425085
1016	1 18	1 20	1 62	1 64	10.756233883575813
1017	1 18	1 20	1 64	1 66	-50.707306980384615
1018	1 18	1 20	1 66	1 68	18.426042679788253
1019	1 18	1 20	1 68	1 70	16.727412427787787
1020	1 18	1 20	1 70	1 72	8.76521932109885
1021	1 18	1 20	1 72	1 2	-164.62136338198638
1022	1 19	1 21	1 20	1 22	168.5826821332111
1023	1 19	1 21	1 22	1 24	-40.983508192167946
1024	1 19	1 21	1 26	1 28	123.954427406942
1025	1 19	1 21	1 28	1 30	136.38367824697755
1026	1 19	1 21	1 30	1 32	-15.399621157367935
1027	1 19	1 21	1 32	1 34	-188.92718430606297
1028	1 19	1 21	1 34	1 36	76.64833054430545
1029	1 19	1 21	1 36	1 38	82.0804937786069
1030	1 19	1 21	1 38	1 40	18.34950243324508
1031	1 19	1 21	1 25	1 27	8.514807320469455
1032	1 19	1 21	1 27	1 29	220.7234238949684
1033	1 19	1 21	1 29	1 31	10.594216614620077
1034	1 19	1 21	1 33	1 35	36.11079228325562
1035	1 19	1 21	1 35	1 37	102.85558391124695
1036	1 19	1 21	1 37	1 39	41.8491501652694
1037	1 19	1 21	1 39	1 41	-148.39462966025366
1038	1 19	1 21	1 41	1 43	31.02183781729866
1039	1 19	1 21	1 40	1 42	-143.1798230947981
1040	1 19	1 21	1 42	1 44	49.77100062279523
1041	1 19	1 21	1 44	1 46	52.0450394345017
1042	1 19	1 21	1 46	1 48	22.419850963291914
1043	1 19	1 21	1 48	1 50	-104.8119573498312
1044	1 19	1 21	1 50	1 52	33.79302850280315
1045	1 19	1 21	1 52	1 54	35.089016666559544
1046	1 19	1 21	1 54	1 56	20.66067428440084
1047	1 19	1 21	1 56	1 58	-78.31078549755402
1048	1 19	1 21	1 58	1 60	24.543779906588114
1049	1 19	1 21	1 43	1 45	59.25081122242563
1050	1 19	1 21	1 45	1 47	36.13704112348874
1051	1 19	1 21	1 47	1 49	-104.17704762763847
1052	1 19	1 21	1 49	1 51	23.565654129482347
1053	1 19	1 21	1 51	1 53	38.21576534491129
1054	1 19	1 21	1 53	1 55	30.00237887158233
1055	1 19	1 21	1 55	1 57	-77.70889316999275
1056	1 19	1 21	1 57	1 59	16.59313735660239
1057	1 19	1 21	1 59	1 61	26.273077236571666
1058	1 19	1 21	1 61	1 63	22.89633026609655
1059	1 19	1 21	1 60	1 62	25.861646160497287
1060	1 19	1 21	1 62	1 64	16.14414174947109
1061	1 19	1 21	1 64	1 66	-59.41770441729324
1062	1 19	1 21	1 66	1 68	18.242163408527325
1063	1 19	1 21	1 68	1 70	19.83485668667818
1064	1 19	1 21	1 70	1 72	11.85649181547619
1065	1 19	1 21	1 72	1 2	-155.17730288836844
1066	1 19	1 21	1 63	1 65	-57.630245344995146
1067	1 19	1 21	1 65	1 67	13.27334570575296
1068	1 19	1 21	1 67	1 69	20.138150597020015
1069	1 19	1 21	1 69	1 71	16.765578365319506
1070	1 19	1 21	1 71	1 1	-166.28809295067066
1071	1 20	1 22	1 21	1 23	149.50021028738246
1072	1 20	1 22	1 23	1 25	-259.71707201004585
1073	1 20	1 22	1 25	1 27	-17.74173730651011
1074	1 20	1 22	1 27	1 29	117.5534790550563
1075	1 20	1 22	1 29	1 31	130.52220610722318
1076	1 20	1 22	1 33	1 35	6.199826305201524
1077	1 20	1 22	1 35	1 37	72.8606193220365
1078	1 20	1 22	1 37	1 39	88.48517195145206
1079	1 20	1 22	1 39	1 41	-148.2266076460637
1080	1 20	1 22	1 24	1 26	-231.44292501284025
1081	1 20	1 22	1 28	1 30	222.56930721036233
1082	1 20	1 22	1 30	1 32	4.891033530615769
1083	1 20	1 22	1 34	1 36	27.553737522850035
1084	1 20	1 22	1 36	1 38	105.26733427330238
1085	1 20	1 22	1 38	1 40	46.39779420067022
1086	1 20	1 22	1 42	1 44	29.647467012216442
1087	1 20	1 22	1 41	1 43	13.39180033465638
1088	1 20	1 22	1 43	1 45	48.71317859880277
1089	1 20	1 22	1 45	1 47	53.282895419906296
1090	1 20	1 22	1 47	1 49	-100.34733253074373
1091	1 20	1 22	1 49	1 51	14.07153045228824
1092	1 20	1 22	1 51	1 53	33.628373492304775
1093	1 20	1 22	1 53	1 55	37.63710649888505
1094	1 20	1 22	1 55	1 57	-74.88800119986502
1095	1 20	1 22	1 57	1 59	11.785905465135183
1096	1 20	1 22	1 59	1 61	23.40872165392719
1097	1 20	1 22	1 44	1 46	58.97967217056079
1098	1 20	1 22	1 46	1 48	38.39917470765912
1099	1 20	1 22	1 48	1 50	-110.35031664084343
1100	1 20	1 22	1 50	1 52	24.116997187233913
1101	1 20	1 22	1 52	1 54	37.04693546520798
1102	1 20	1 22	1 54	1 56	29.45791514925656
1103	1 20	1 22	1 56	1 58	-80.80777502508431
1104	1 20	1 22	1 58	1 60	19.344613432480266
1105	1 20	1 22	1 60	1 62	26.620255081486377
1106	1 20	1 22	1 62	1 64	20.551826060022037
1107	1 20	1 22	1 61	1 63	26.489372818903163
1108	1 20	1 22	1 63	1 65	-55.50472563741786
1109	1 20	1 22	1 65	1 67	10.545824645688247
1110	1 20	1 22	1 67	1 69	18.571461664503254
1111	1 20	1 22	1 69	1 71	18.24851435944055
1112	1 20	1 22	1 71	1 1	-121.82388779692505
1113	1 20	1 22	1 64	1 66	-60.06191308242003
1114	1 20	1 22	1 66	1 68	15.45978120467627
1115	1 20	1 22	1 68	1 70	20.04883431176453
1116	1 20	1 22	1 70	1 72	13.760374410685381
1117	1 20	1 22	1 72	1 2	-124.96180514061714
1118	1 21	1 23	1 22	1 24	174.74875169523204
1119	1 21	1 23	1 26	1 28	-17.54180354029763
1120	1 21	1 23	1 28	1 30	134.8139558259263
1121	1 21	1 23	1 30	1 32	122.69930984084354
1122	1 21	1 23	1 32	1 34	-220.92405480316518
1123	1 21	1 23	1 34	1 36	5.921999362884733
1124	1 21	1 23	1 36	1 38	84.10268317164147
1125	1 21	1 23	1 38	1 40	92.9185832985189
1126	1 21	1 23	1 40	1 42	-165.7346269458765
1127	1 21	1 23	1 25	1 27	-10.717856789435313
1128	1 21	1 23	1 29	1 31	239.46244710231673
1129	1 21	1 23	1 31	1 33	-207.88661966557186
1130	1 21	1 23	1 35	1 37	32.08422637585087
1131	1 21	1 23	1 37	1 39	119.9858062869517
1132	1 21	1 23	1 39	1 41	-137.53077237627343
1133	1 21	1 23	1 41	1 43	6.382644473967268
1134	1 21	1 23	1 43	1 45	33.245127136437034
1135	1 21	1 23	1 42	1 44	16.501904349232795
1136	1 21	1 23	1 44	1 46	52.80863075429951
1137	1 21	1 23	1 46	1 48	57.49650538747444
1138	1 21	1 23	1 48	1 50	-114.10106924447403
1139	1 21	1 23	1 50	1 52	16.775732693033454
1140	1 21	1 23	1 52	1 54	34.29651204363647
1141	1 21	1 23	1 54	1 56	37.7751947580074
1142	1 21	1 23	1 56	1 58	-80.66011025898118
1143	1 21	1 23	1 58	1 60	14.973916524222687
1144	1 21	1 23	1 60	1 62	25.167934589229887
1145	1 21	1 23	1 45	1 47	62.96035036730936
1146	1 21	1 23	1 47	1 49	-91.0331466835087
1147	1 21	1 23	1 49	1 51	8.872719385814186
1148	1 21	1 23	1 51	1 53	26.580205149582973
1149	1 21	1 23	1 53	1 55	41.542438188911305
1150	1 21	1 23	1 55	1 57	-68.75981419033994
1151	1 21	1 23	1 57	1 59	8.581603761676345
1152	1 21	1 23	1 59	1 61	19.614957942000117
1153	1 21	1 23	1 61	1 63	27.96609816370065
1154	1 21	1 23	1 63	1 65	-50.84538527451721
1155	1 21	1 23	1 62	1 64	24.09099506171835
1156	1 21	1 23	1 64	1 66	-58.76692245429152
1157	1 21	1 23	1 66	1 68	12.842543246870171
1158	1 21	1 23	1 68	1 70	19.06258604838861
1159	1 21	1 23	1 70	1 72	14.91363001523616
1160	1 21	1 23	1 72	1 2	-107.03495535108179
1161	1 21	1 23	1 65	1 67	8.411644168370884
1162	1 21	1 23	1 67	1 69	16.32963615323615
1163	1 21	1 23	1 69	1 71	18.58113577523667
1164	1 21	1 23	1 71	1 1	-98.10911001093777
1165	1 22	1 24	1 23	1 25	-117.13875501957665
1166	1 22	1 24	1 25	1 27	-5.857652196607759
1167	1 22	1 24	1 27	1 29	-14.414037078814975
1168	1 22	1 24	1 29	1 31	148.77050354922343
1169	1 22	1 24	1 35	1 37	11.271808598993061
1170	1 22	1 24	1 37	1 39	94.97563194571109
1171	1 22	1 24	1 39	1 41	-96.69947458547755
1172	1 22	1 24	1 41	1 43	3.557451809697926
1173	1 22	1 24	1 26	1 28	-9.527766065031074
1174	1 22	1 24	1 28	1 30	15.677954798140071
1175	1 22	1 24	1 30	1 32	236.04488534694002
1176	1 22	1 24	1 32	1 34	-227.93771608215442
1177	1 22	1 24	1 36	1 38	42.267447852884644
1178	1 22	1 24	1 38	1 40	121.39078892842214
1179	1 22	1 24	1 40	1 42	-152.0719092195335
1180	1 22	1 24	1 42	1 44	9.221323798051415
1181	1 22	1 24	1 44	1 46	35.41125271886466
1182	1 22	1 24	1 43	1 45	19.4496178416378
1183	1 22	1 24	1 45	1 47	53.93747767409549
1184	1 22	1 24	1 47	1 49	-69.09566992429359
1185	1 22	1 24	1 49	1 51	5.608732204294412
1186	1 22	1 24	1 51	1 53	18.204500338317356
1187	1 22	1 24	1 53	1 55	36.418647852409194
1188	1 22	1 24	1 55	1 57	-54.40387890133305
1189	1 22	1 24	1 57	1 59	5.892499175197585
1190	1 22	1 24	1 59	1 61	14.384569091128167
1191	1 22	1 24	1 61	1 63	24.44109344777563
1192	1 22	1 24	1 46	1 48	65.33153256540916
1193	1 22	1 24	1 48	1 50	-100.47566052857195
1194	1 22	1 24	1 50	1 52	10.83128590171033
1195	1 22	1 24	1 52	1 54	25.654357450160695
1196	1 22	1 24	1 54	1 56	38.87580781912388
1197	1 22	1 24	1 56	1 58	-69.33751960645954
1198	1 22	1 24	1 58	1 60	10.494159726175411
1199	1 22	1 24	1 60	1 62	19.98682997709428
1200	1 22	1 24	1 62	1 64	23.291043131371282
1201	1 22	1 24	1 64	1 66	-49.455394681957756
1202	1 22	1 24	1 63	1 65	-41.058005359528465
1203	1 22	1 24	1 65	1 67	6.120489825206189
1204	1 22	1 24	1 67	1 69	12.633353359494013
1205	1 22	1 24	1 69	1 71	16.030117278431106
1206	1 22	1 24	1 71	1 1	-75.14071472206936
1207	1 22	1 24	1 66	1 68	9.546946439384893
1208	1 22	1 24	1 68	1 70	15.550692632208062
1209	1 22	1 24	1 70	1 72	13.679952758602445
1210	1 22	1 24	1 72	1 2	-84.02266887218323
1211	1 23	1 25	1 24	1 26	663.4489171501217
1212	1 23	1 25	1 26	1 28	-278.8188873608623
1213	1 23	1 25	1 28	1 30	-249.13557501836232
1214	1 23	1 25	1 30	1 32	-97.23044238417498
1215	1 23	1 25	1 32	1 34	562.7346123689111
1216	1 23	1 25	1 34	1 36	-217.04983561653407
1217	1 23	1 25	1 36	1 38	-177.70009346604382
1218	1 23	1 25	1 38	1 40	-114.03419309131118
1219	1 23	1 25	1 40	1 42	439.3099312527128
1220	1 23	1 25	1 42	1 44	-152.7633825124149
1221	1 23	1 25	1 27	1 29	-231.38719349273623
1222	1 23	1 25	1 29	1 31	-233.1358484003303
1223	1 23	1 25	1 31	1 33	716.0845072818838
1224	1 23	1 25	1 33	1 35	-271.4231017071836
1225	1 23	1 25	1 35	1 37	-187.6479971685543
1226	1 23	1 25	1 37	1 39	-164.531277728172
1227	1 23	1 25	1 39	1 41	473.0413975314484
1228	1 23	1 25	1 41	1 43	-150.67082505834287
1229	1 23	1 25	1 43	1 45	-142.4311873352826
1230	1 23	1 25	1 45	1 47	-112.4702210787541
1231	1 23	1 25	1 44	1 46	-132.13188891329818
1232	1 23	1 25	1 46	1 48	-88.87260476688618
1233	1 23	1 25	1 48	1 50	325.1878314393939
1234	1 23	1 25	1 50	1 52	-107.65364228162039
1235	1 23	1 25	1 52	1 54	-97.15282288465914
1236	1 23	1 25	1 54	1 56	-69.86232123531231
1237	1 23	1 25	1 56	1 58	242.27055288461537
1238	1 23	1 25	1 58	1 60	-78.14485661165443
1239	1 23	1 25	1 60	1 62	-75.21982000140213
1240	1 23	1 25	1 62	1 64	-51.428148898397666
1241	1 23	1 25	1 47	1 49	324.42670961853696
1242	1 23	1 25	1 49	1 51	-92.85229249282027
1243	1 23	1 25	1 51	1 53	-106.21849713714762
1244	1 23	1 25	1 53	1 55	-90.64598752694567
1245	1 23	1 25	1 55	1 57	240.2871721025334
1246	1 23	1 25	1 57	1 59	-58.572274923434364
1247	1 23	1 25	1 59	1 61	-77.90709237998215
1248	1 23	1 25	1 61	1 63	-68.83725679026233
1249	1 23	1 25	1 63	1 65	178.40297771565508
1250	1 23	1 25	1 65	1 67	-44.124059929867755
1251	1 23	1 25	1 64	1 66	184.0776770862385
1252	1 23	1 25	1 66	1 68	-57.955282267973374
1253	1 23	1 25	1 68	1 70	-59.81590761737964
1254	1 23	1 25	1 70	1 72	-36.828230627350614
1255	1 23	1 25	1 72	1 2	245.61094526777214
1256	1 23	1 25	1 67	1 69	-61.44858418195892
1257	1 23	1 25	1 69	1 71	-50.79075796462378
1258	1 23	1 25	1 71	1 1	307.07211107581657
1259	1 24	1 26	1 25	1 27	-118.91589666022674
1260	1 24	1 26	1 27	1 29	-266.41766251050717
1261	1 24	1 26	1 29	1 31	-260.9416972664219
1262	1 24	1 26	1 31	1 33	573.2126169473403
1263	1 24	1 26	1 33	1 35	-102.25206529334079
1264	1 24	1 26	1 35	1 37	-202.28564545752994
1265	1 24	1 26	1 37	1 39	-200.39428010187945
1266	1 24	1 26	1 39	1 41	424.9577519379845
1267	1 24	1 26	1 41	1 43	-78.24801148676733
1268	1 24	1 26	1 43	1 45	-140.5988044348365
1269	1 24	1 26	1 32	1 34	649.5035283698076
1270	1 24	1 26	1 40	1 42	461.48954892309723
1271	1 24	1 26	1 45	1 47	-134.83257342114152
1272	1 24	1 26	1 47	1 49	298.6002152077021
1273	1 24	1 26	1 49	1 51	-59.73290676395672
1274	1 24	1 26	1 51	1 53	-100.12824677370028
1275	1 24	1 26	1 53	1 55	-102.39247468388177
1276	1 24	1 26	1 55	1 57	222.81745859134273
1277	1 24	1 26	1 57	1 59	-43.01877935337123
1278	1 24	1 26	1 59	1 61	-71.43882996765107
1279	1 24	1 26	1 61	1 63	-74.46592273750768
1280	1 24	1 26	1 63	1 65	168.16633425663372
1281	1 24	1 26	1 48	1 50	331.180934531654
1282	1 24	1 26	1 50	1 52	-86.1388942133623
1283	1 24	1 26	1 52	1 54	-100.22079866558394
1284	1 24	1 26	1 54	1 56	-86.23275972628304
1285	1 24	1 26	1 56	1 58	241.73488809821492
1286	1 24	1 26	1 58	1 60	-64.67805664306714
1287	1 24	1 26	1 60	1 62	-75.94107804613124
1288	1 24	1 26	1 62	1 64	-59.4077688799911
1289	1 24	1 26	1 64	1 66	179.68495702297838
1290	1 24	1 26	1 66	1 68	-49.707389207389205
1291	1 24	1 26	1 65	1 67	-35.59907456010531
1292	1 24	1 26	1 67	1 69	-56.88202097312021
1293	1 24	1 26	1 69	1 71	-52.852028083985886
1294	1 24	1 26	1 71	1 1	268.86373683121246
1295	1 24	1 26	1 68	1 70	-58.84278401552008
1296	1 24	1 26	1 70	1 72	-39.83495060462103
1297	1 24	1 26	1 72	1 2	238.46397796075632
1298	1 25	1 27	1 26	1 28	175.65231576312658
1299	1 25	1 27	1 28	1 30	-49.240989080835575
1300	1 25	1 27	1 30	1 32	-7.570678042267068
1301	1 25	1 27	1 32	1 34	-107.13812812574423
1302	1 25	1 27	1 34	1 36	130.42472459391396
1303	1 25	1 27	1 36	1 38	-20.65112078722253
1304	1 25	1 27	1 38	1 40	-3.739338653233177
1305	1 25	1 27	1 40	1 42	-96.29741311320258
1306	1 25	1 27	1 42	1 44	84.08603692291211
1307	1 25	1 27	1 44	1 46	7.299226182170978
1308	1 25	1 27	1 29	1 31	-18.198721026812365
1309	1 25	1 27	1 37	1 39	-10.807095788188542
1310	1 25	1 27	1 41	1 43	130.26591873705937
1311	1 25	1 27	1 43	1 45	31.469215801845912
1312	1 25	1 27	1 45	1 47	1.1796352746195928
1313	1 25	1 27	1 47	1 49	-108.54511488875833
1314	1 25	1 27	1 48	1 50	-79.21789130040976
1315	1 25	1 27	1 50	1 52	53.79641826100299
1316	1 25	1 27	1 52	1 54	16.21614737701823
1317	1 25	1 27	1 54	1 56	4.081481287630461
1318	1 25	1 27	1 56	1 58	-63.719039565990926
1319	1 25	1 27	1 58	1 60	35.64475288152215
1320	1 25	1 27	1 60	1 62	16.895135022824217
1321	1 25	1 27	1 62	1 64	5.903504756609452
1322	1 25	1 27	1 64	1 66	-51.30410101989372
1323	1 25	1 27	1 49	1 51	63.98900599559805
1324	1 25	1 27	1 51	1 53	31.119793489684167
1325	1 25	1 27	1 53	1 55	8.817328374758425
1326	1 25	1 27	1 55	1 57	-77.47344769189547
1327	1 25	1 27	1 57	1 59	33.367392220647716
1328	1 25	1 27	1 59	1 61	26.318378302414686
1329	1 25	1 27	1 61	1 63	10.803994381171789
1330	1 25	1 27	1 63	1 65	-57.85124955752646
1331	1 25	1 27	1 65	1 67	21.270242316373583
1332	1 25	1 27	1 67	1 69	20.7973449632832
1333	1 25	1 27	1 66	1 68	24.02350239012405
1334	1 25	1 27	1 68	1 70	15.729441221732209
1335	1 25	1 27	1 70	1 72	6.402548767609906
1336	1 25	1 27	1 72	1 2	-88.8721282071092
1337	1 25	1 27	1 69	1 71	10.721908231685632
1338	1 25	1 27	1 71	1 1	-139.34329967217627
1339	1 26	1 28	1 27	1 29	151.56796802594997
1340	1 26	1 28	1 29	1 31	-44.04024852856122
1341	1 26	1 28	1 33	1 35	130.70005783342123
1342	1 26	1 28	1 35	1 37	113.28160748289571
1343	1 26	1 28	1 37	1 39	-18.182331223087527
1344	1 26	1 28	1 39	1 41	-164.52077779136602
1345	1 26	1 28	1 41	1 43	78.04179674148753
1346	1 26	1 28	1 43	1 45	68.71441470270108
1347	1 26	1 28	1 45	1 47	7.737523576797644
1348	1 26	1 28	1 30	1 32	-14.906853213940858
1349	1 26	1 28	1 34	1 36	218.12650741707688
1350	1 26	1 28	1 38	1 40	-6.833950538619919
1351	1 26	1 28	1 42	1 44	97.03167184391143
1352	1 26	1 28	1 44	1 46	28.259773852039363
1353	1 26	1 28	1 46	1 48	2.2451292706646173
1354	1 26	1 28	1 48	1 50	-98.90546199974693
1355	1 26	1 28	1 47	1 49	-116.35513832001028
1356	1 26	1 28	1 49	1 51	46.57121079124534
1357	1 26	1 28	1 51	1 53	44.74925032218003
1358	1 26	1 28	1 53	1 55	16.549563648182975
1359	1 26	1 28	1 55	1 57	-84.94260246228825
1360	1 26	1 28	1 57	1 59	27.595308324746924
1361	1 26	1 28	1 59	1 61	31.523852648871326
1362	1 26	1 28	1 61	1 63	16.57019766182603
1363	1 26	1 28	1 63	1 65	-64.47166687814158
1364	1 26	1 28	1 65	1 67	19.37593710228747
1365	1 26	1 28	1 50	1 52	54.93001673347827
1366	1 26	1 28	1 52	1 54	28.4921157881402
1367	1 26	1 28	1 54	1 56	7.963189726914438
1368	1 26	1 28	1 56	1 58	-76.88909939486642
1369	1 26	1 28	1 58	1 60	35.69624874065493
1370	1 26	1 28	1 60	1 62	23.846744206276064
1371	1 26	1 28	1 62	1 64	9.419939967913885
1372	1 26	1 28	1 64	1 66	-60.0915438364587
1373	1 26	1 28	1 66	1 68	24.371800168260343
1374	1 26	1 28	1 68	1 70	19.747023206115237
1375	1 26	1 28	1 67	1 69	23.673913616951708
1376	1 26	1 28	1 69	1 71	14.401578849933777
1377	1 26	1 28	1 71	1 1	-134.01620043689655
1378	1 26	1 28	1 70	1 72	8.949394944543108
1379	1 26	1 28	1 72	1 2	-102.816190261923
1380	1 27	1 29	1 28	1 30	163.30625524086935
1381	1 27	1 29	1 30	1 32	-46.070161634108615
1382	1 27	1 29	1 32	1 34	-222.80234719962817
1383	1 27	1 29	1 34	1 36	117.77832094832684
1384	1 27	1 29	1 36	1 38	116.2960863760851
1385	1 27	1 29	1 38	1 40	-14.665302413927193
1386	1 27	1 29	1 40	1 42	-168.44309641172418
1387	1 27	1 29	1 42	1 44	72.58663340301216
1388	1 27	1 29	1 44	1 46	71.55061051260404
1389	1 27	1 29	1 46	1 48	10.109115224523205
1390	1 27	1 29	1 33	1 35	-0.9426022481217753
1391	1 27	1 29	1 35	1 37	211.4292634670183
1392	1 27	1 29	1 39	1 41	-175.84480598637447
1393	1 27	1 29	1 41	1 43	28.383207226063632
1394	1 27	1 29	1 43	1 45	95.98753811727633
1395	1 27	1 29	1 45	1 47	31.498094470865862
1396	1 27	1 29	1 47	1 49	-130.13659166920039
1397	1 27	1 29	1 49	1 51	27.79398229993373
1398	1 27	1 29	1 48	1 50	-125.46360583860582
1399	1 27	1 29	1 50	1 52	46.71956366413258
1400	1 27	1 29	1 52	1 54	47.055018442351994
1401	1 27	1 29	1 54	1 56	17.64724799010513
1402	1 27	1 29	1 56	1 58	-95.0797085196357
1403	1 27	1 29	1 58	1 60	32.92392559348361
1404	1 27	1 29	1 60	1 62	33.38331275193306
1405	1 27	1 29	1 62	1 64	16.548336041234805
1406	1 27	1 29	1 64	1 66	-73.26675188846241
1407	1 27	1 29	1 66	1 68	23.933640917115167
1408	1 27	1 29	1 51	1 53	55.38968740839506
1409	1 27	1 29	1 53	1 55	32.871778712618266
1410	1 27	1 29	1 55	1 57	-96.90260262773148
1411	1 27	1 29	1 57	1 59	20.96206229835846
1412	1 27	1 29	1 59	1 61	35.699152973937885
1413	1 27	1 29	1 61	1 63	26.736838289006776
1414	1 27	1 29	1 63	1 65	-72.99886245835907
1415	1 27	1 29	1 65	1 67	17.083246060737313
1416	1 27	1 29	1 67	1 69	26.369558095792797
1417	1 27	1 29	1 69	1 71	20.21453196853935
1418	1 27	1 29	1 68	1 70	25.202883742124534
1419	1 27	1 29	1 70	1 72	13.470768537299978
1420	1 27	1 29	1 72	1 2	-110.0195051321997
1421	1 27	1 29	1 71	1 1	-123.1845362546492
1422	1 28	1 30	1 29	1 31	169.28326516759373
1423	1 28	1 30	1 33	1 35	-20.925228569875575
1424	1 28	1 30	1 35	1 37	118.58107484368841
1425	1 28	1 30	1 37	1 39	133.72969175071395
1426	1 28	1 30	1 41	1 43	4.968718280931256
1427	1 28	1 30	1 43	1 45	76.59275342621119
1428	1 28	1 30	1 45	1 47	80.25404256754481
1429	1 28	1 30	1 47	1 49	-144.50360710891346
1430	1 28	1 30	1 36	1 38	223.79505731448307
1431	1 28	1 30	1 38	1 40	13.867244002969983
1432	1 28	1 30	1 42	1 44	32.33899873032178
1433	1 28	1 30	1 44	1 46	102.1113002497633
1434	1 28	1 30	1 46	1 48	40.95118919161946
1435	1 28	1 30	1 48	1 50	-151.5599357147945
1436	1 28	1 30	1 50	1 52	31.01005584133744
1437	1 28	1 30	1 49	1 51	14.210621151051441
1438	1 28	1 30	1 51	1 53	50.51045026048127
1439	1 28	1 30	1 53	1 55	55.42851004759386
1440	1 28	1 30	1 55	1 57	-105.75961966843667
1441	1 28	1 30	1 57	1 59	14.472659975850707
1442	1 28	1 30	1 59	1 61	33.91228150878631
1443	1 28	1 30	1 61	1 63	38.30719901622293
1444	1 28	1 30	1 63	1 65	-78.4853183580394
1445	1 28	1 30	1 65	1 67	13.940751609312077
1446	1 28	1 30	1 67	1 69	26.414407299099437
1447	1 28	1 30	1 52	1 54	58.10601199503337
1448	1 28	1 30	1 54	1 56	37.89752035216788
1449	1 28	1 30	1 56	1 58	-111.91985269501171
1450	1 28	1 30	1 58	1 60	26.159282919007794
1451	1 28	1 30	1 60	1 62	39.70158885905116
1452	1 28	1 30	1 62	1 64	27.934114136692344
1453	1 28	1 30	1 64	1 66	-84.49977267804846
1454	1 28	1 30	1 66	1 68	21.30905685235782
1455	1 28	1 30	1 68	1 70	28.960339354955064
1456	1 28	1 30	1 70	1 72	19.220003920392962
1457	1 28	1 30	1 69	1 71	26.05765183691856
1458	1 28	1 30	1 71	1 1	-115.52405548996458
1459	1 28	1 30	1 72	1 2	-114.68193138277238
1460	1 29	1 31	1 30	1 32	185.9480553235328
1461	1 29	1 31	1 34	1 36	-21.95346965819511
1462	1 29	1 31	1 36	1 38	123.71006909778352
1463	1 29	1 31	1 38	1 40	161.08975390503298
1464	1 29	1 31	1 40	1 42	-245.10542723981405
1465	1 29	1 31	1 42	1 44	7.449955170228359
1466	1 29	1 31	1 44	1 46	78.73049910802399
1467	1 29	1 31	1 46	1 48	95.92888859340619
1468	1 29	1 31	1 48	1 50	-167.16619334503253
1469	1 29	1 31	1 33	1 35	-11.637536908052416
1470	1 29	1 31	1 35	1 37	-6.571826188398498
1471	1 29	1 31	1 37	1 39	248.31874612753256
1472	1 29	1 31	1 41	1 43	-1.0317685937251155
1473	1 29	1 31	1 43	1 45	32.739507118835796
1474	1 29	1 31	1 45	1 47	109.79667930601667
1475	1 29	1 31	1 47	1 49	-129.63092254538273
1476	1 29	1 31	1 49	1 51	6.207839082221893
1477	1 29	1 31	1 51	1 53	32.57343107876429
1478	1 29	1 31	1 50	1 52	15.902321598654758
1479	1 29	1 31	1 52	1 54	49.705244483925654
1480	1 29	1 31	1 54	1 56	61.11838822384773
1481	1 29	1 31	1 56	1 58	-115.95235297755241
1482	1 29	1 31	1 58	1 60	17.020491732960494
1483	1 29	1 31	1 60	1 62	36.24034804979111
1484	1 29	1 31	1 62	1 64	37.88328887569335
1485	1 29	1 31	1 64	1 66	-83.95587862470666
1486	1 29	1 31	1 66	1 68	15.945821603829163
1487	1 29	1 31	1 68	1 70	27.09353476686838
1488	1 29	1 31	1 53	1 55	66.65380742050417
1489	1 29	1 31	1 55	1 57	-94.72404206834811
1490	1 29	1 31	1 57	1 59	8.691716739586465
1491	1 29	1 31	1 59	1 61	25.16279358852263
1492	1 29	1 31	1 61	1 63	42.928004357513245
1493	1 29	1 31	1 63	1 65	-70.39869335837078
1494	1 29	1 31	1 65	1 67	9.881488041011451
1495	1 29	1 31	1 67	1 69	21.758671615330755
1496	1 29	1 31	1 69	1 71	27.629090044145293
1497	1 29	1 31	1 71	1 1	-95.80712278364211
1498	1 29	1 31	1 70	1 72	22.727151799687007
1499	1 29	1 31	1 72	1 2	-102.56335517228786
1500	1 30	1 32	1 33	1 35	-4.824637061813149
1501	1 30	1 32	1 35	1 37	-18.131830289762558
1502	1 30	1 32	1 37	1 39	141.07359620054854
1503	1 30	1 32	1 41	1 43	-0.7022622699934719
1504	1 30	1 32	1 43	1 45	9.442440187165538
1505	1 30	1 32	1 45	1 47	79.82372518462728
1506	1 30	1 32	1 47	1 49	-81.6069384438189
1507	1 30	1 32	1 49	1 51	3.037753042715889
1508	1 30	1 32	1 34	1 36	-9.596830333816554
1509	1 30	1 32	1 36	1 38	2.5303583883317353
1510	1 30	1 32	1 38	1 40	254.53347523219816
1511	1 30	1 32	1 42	1 44	1.6525828520210544
1512	1 30	1 32	1 44	1 46	33.98883233562467
1513	1 30	1 32	1 46	1 48	118.38139579275943
1514	1 30	1 32	1 48	1 50	-143.97194178722958
1515	1 30	1 32	1 50	1 52	7.6150607235713625
1516	1 30	1 32	1 52	1 54	29.607338242307566
1517	1 30	1 32	1 51	1 53	16.5213969588508
1518	1 30	1 32	1 53	1 55	52.994438031866736
1519	1 30	1 32	1 55	1 57	-66.24708267993705
1520	1 30	1 32	1 57	1 59	4.95510492553673
1521	1 30	1 32	1 59	1 61	15.261119715676816
1522	1 30	1 32	1 61	1 63	34.85966856163108
1523	1 30	1 32	1 63	1 65	-51.24007875644712
1524	1 30	1 32	1 65	1 67	6.196469810464444
1525	1 30	1 32	1 67	1 69	14.763500584010536
1526	1 30	1 32	1 69	1 71	22.284200565896708
1527	1 30	1 32	1 54	1 56	64.63503610427892
1528	1 30	1 32	1 56	1 58	-94.16290978162691
1529	1 30	1 32	1 58	1 60	9.784391785180485
1530	1 30	1 32	1 60	1 62	24.960678958718084
1531	1 30	1 32	1 62	1 64	36.57196890436062
1532	1 30	1 32	1 64	1 66	-66.4112730695138
1533	1 30	1 32	1 66	1 68	10.247555811115134
1534	1 30	1 32	1 68	1 70	19.985893396365924
1535	1 30	1 32	1 70	1 72	20.241005484410515
1536	1 30	1 32	1 72	1 2	-79.314612907866
1537	1 30	1 32	1 71	1 1	-70.23995552664545
1538	1 31	1 33	1 32	1 34	660.4661024698851
1539	1 31	1 33	1 34	1 36	-262.2054182670637
1540	1 31	1 33	1 36	1 38	-216.26188906547208
1541	1 31	1 33	1 38	1 40	-141.28175712078396
1542	1 31	1 33	1 40	1 42	574.9100226234343
1543	1 31	1 33	1 42	1 44	-215.83747702358085
1544	1 31	1 33	1 44	1 46	-165.52617423244544
1545	1 31	1 33	1 48	1 50	428.0201307220044
1546	1 31	1 33	1 39	1 41	672.6921232012119
1547	1 31	1 33	1 41	1 43	-246.77202226660432
1548	1 31	1 33	1 47	1 49	443.43826704178446
1549	1 31	1 33	1 52	1 54	-126.9610720738718
1550	1 31	1 33	1 54	1 56	-88.18104429816758
1551	1 31	1 33	1 56	1 58	324.9020469572322
1552	1 31	1 33	1 58	1 60	-111.6466394196477
1553	1 31	1 33	1 60	1 62	-100.28527403836037
1554	1 31	1 33	1 62	1 64	-66.11013943248531
1555	1 31	1 33	1 64	1 66	248.641889129931
1556	1 31	1 33	1 66	1 68	-81.67717767405574
1557	1 31	1 33	1 68	1 70	-80.3230397709059
1558	1 31	1 33	1 70	1 72	-48.12911502500543
1559	1 31	1 33	1 55	1 57	325.00110446897315
1560	1 31	1 33	1 57	1 59	-86.93604580163003
1561	1 31	1 33	1 59	1 61	-106.49675054427945
1562	1 31	1 33	1 61	1 63	-89.58610536695477
1563	1 31	1 33	1 63	1 65	244.31000488540352
1564	1 31	1 33	1 65	1 67	-63.594315551251114
1565	1 31	1 33	1 67	1 69	-84.30169081007193
1566	1 31	1 33	1 69	1 71	-67.07957575044105
1567	1 31	1 33	1 71	1 1	217.53949275871025
1568	1 31	1 33	1 72	1 2	183.58603949879853
1569	1 32	1 34	1 33	1 35	-101.22548906123394
1570	1 32	1 34	1 35	1 37	-254.73324061712117
1571	1 32	1 34	1 37	1 39	-257.19372396596117
1572	1 32	1 34	1 39	1 41	553.3414751778164
1573	1 32	1 34	1 41	1 43	-92.14099489972634
1574	1 32	1 34	1 43	1 45	-198.2040675938252
1575	1 32	1 34	1 45	1 47	-176.66716039374984
1576	1 32	1 34	1 47	1 49	399.2898226860491
1577	1 32	1 34	1 49	1 51	-76.08934886304593
1578	1 32	1 34	1 51	1 53	-139.12251122706533
1579	1 32	1 34	1 36	1 38	-225.58170690811536
1580	1 32	1 34	1 38	1 40	-259.05555862695957
1581	1 32	1 34	1 40	1 42	656.6583253702819
1582	1 32	1 34	1 42	1 44	-197.95992852341166
1583	1 32	1 34	1 44	1 46	-182.35871038974753
1584	1 32	1 34	1 46	1 48	-164.60875475534567
1585	1 32	1 34	1 48	1 50	450.2236782002969
1586	1 32	1 34	1 50	1 52	-121.55061406391194
1587	1 32	1 34	1 52	1 54	-133.34779620515815
1588	1 32	1 34	1 53	1 55	-137.69281677196233
1589	1 32	1 34	1 55	1 57	302.20640215320407
1590	1 32	1 34	1 57	1 59	-56.88947920615177
1591	1 32	1 34	1 59	1 61	-98.78264324791247
1592	1 32	1 34	1 61	1 63	-101.19217881062966
1593	1 32	1 34	1 63	1 65	226.79641172025862
1594	1 32	1 34	1 65	1 67	-47.64679488885299
1595	1 32	1 34	1 67	1 69	-77.6865142001941
1596	1 32	1 34	1 69	1 71	-71.79381222270978
1597	1 32	1 34	1 71	1 1	197.4865018045145
1598	1 32	1 34	1 56	1 58	326.20713125112843
1599	1 32	1 34	1 58	1 60	-89.17083326520402
1600	1 32	1 34	1 60	1 62	-103.56786697311097
1601	1 32	1 34	1 62	1 64	-80.86374526729384
1602	1 32	1 34	1 64	1 66	244.78561504359618
1603	1 32	1 34	1 66	1 68	-67.76867821579863
1604	1 32	1 34	1 68	1 70	-80.2820011994878
1605	1 32	1 34	1 70	1 72	-54.29121451045255
1606	1 32	1 34	1 72	1 2	183.55181746759985
1607	1 33	1 35	1 34	1 36	164.69114708021038
1608	1 33	1 35	1 36	1 38	-53.69232873081228
1609	1 33	1 35	1 38	1 40	-8.64192972721577
1610	1 33	1 35	1 40	1 42	-102.77129492844121
1611	1 33	1 35	1 42	1 44	132.54062910077738
1612	1 33	1 35	1 44	1 46	-23.032441165955177
1613	1 33	1 35	1 46	1 48	-6.8638207176035895
1614	1 33	1 35	1 48	1 50	-93.14376124790644
1615	1 33	1 35	1 50	1 52	87.40331036437038
1616	1 33	1 35	1 52	1 54	5.741676909265555
1617	1 33	1 35	1 37	1 39	-20.50849498309354
1618	1 33	1 35	1 41	1 43	288.0427320530126
1619	1 33	1 35	1 43	1 45	-7.32605413310697
1620	1 33	1 35	1 45	1 47	-13.094075580467173
1621	1 33	1 35	1 47	1 49	-156.6898645128724
1622	1 33	1 35	1 49	1 51	125.41556019351572
1623	1 33	1 35	1 51	1 53	30.04003686934267
1624	1 33	1 35	1 55	1 57	-103.97791946128126
1625	1 33	1 35	1 54	1 56	-2.109470797973434
1626	1 33	1 35	1 56	1 58	-78.74022146386575
1627	1 33	1 35	1 58	1 60	56.8503542216436
1628	1 33	1 35	1 60	1 62	15.633623273302428
1629	1 33	1 35	1 62	1 64	2.5542612998965026
1630	1 33	1 35	1 64	1 66	-65.1430178397159
1631	1 33	1 35	1 66	1 68	37.24281962544531
1632	1 33	1 35	1 68	1 70	18.312342679381565
1633	1 33	1 35	1 70	1 72	5.531669550981386
1634	1 33	1 35	1 72	1 2	-73.70956933794369
1635	1 33	1 35	1 57	1 59	60.37622249328086
1636	1 33	1 35	1 59	1 61	34.28334319667894
1637	1 33	1 35	1 61	1 63	6.99016510725057
1638	1 33	1 35	1 63	1 65	-80.38469387408267
1639	1 33	1 35	1 65	1 67	35.87902264268133
1640	1 33	1 35	1 67	1 69	28.64349455278527
1641	1 33	1 35	1 69	1 71	10.724408591957296
1642	1 33	1 35	1 71	1 1	-100.77576711114804
1643	1 34	1 36	1 35	1 37	164.59560382022812
1644	1 34	1 36	1 37	1 39	-57.1662642664984
1645	1 34	1 36	1 41	1 43	127.70688932553766
1646	1 34	1 36	1 43	1 45	116.37271059653179
1647	1 34	1 36	1 45	1 47	-21.541790133826737
1648	1 34	1 36	1 47	1 49	-166.25493868640274
1649	1 34	1 36	1 49	1 51	79.56623518954517
1650	1 34	1 36	1 51	1 53	72.89681729687409
1651	1 34	1 36	1 53	1 55	7.360818244361817
1652	1 34	1 36	1 38	1 40	-19.651772028067718
1653	1 34	1 36	1 42	1 44	221.75456190835234
1654	1 34	1 36	1 46	1 48	-12.8761054114143
1655	1 34	1 36	1 48	1 50	-135.8839539503119
1656	1 34	1 36	1 50	1 52	103.24929410788116
1657	1 34	1 36	1 52	1 54	30.474501289308257
1658	1 34	1 36	1 56	1 58	-103.68667461222739
1659	1 34	1 36	1 55	1 57	-122.59912311644524
1660	1 34	1 36	1 57	1 59	46.347698915283885
1661	1 34	1 36	1 59	1 61	50.179640260581635
1662	1 34	1 36	1 61	1 63	15.941920485908685
1663	1 34	1 36	1 63	1 65	-93.30768671610406
1664	1 34	1 36	1 65	1 67	31.629662273876676
1665	1 34	1 36	1 67	1 69	36.20672696285757
1666	1 34	1 36	1 69	1 71	17.276014650738077
1667	1 34	1 36	1 71	1 1	-101.56116740862231
1668	1 34	1 36	1 58	1 60	61.196479288449204
1669	1 34	1 36	1 60	1 62	30.5724012011053
1670	1 34	1 36	1 62	1 64	6.167226183644686
1671	1 34	1 36	1 64	1 66	-83.03757596439829
1672	1 34	1 36	1 66	1 68	39.445920096144306
1673	1 34	1 36	1 68	1 70	27.025609167178537
1674	1 34	1 36	1 70	1 72	9.355241688116116
1675	1 34	1 36	1 72	1 2	-82.91258520783276
1676	1 35	1 37	1 36	1 38	160.03971901135796
1677	1 35	1 37	1 38	1 40	-61.82579001165349
1678	1 35	1 37	1 40	1 42	-215.97857857562127
1679	1 35	1 37	1 42	1 44	124.82177944255545
1680	1 35	1 37	1 44	1 46	116.12575090031913
1681	1 35	1 37	1 46	1 48	-26.155799680513006
1682	1 35	1 37	1 48	1 50	-166.43165016646304
1683	1 35	1 37	1 50	1 52	77.05385411702872
1684	1 35	1 37	1 52	1 54	75.83308768971898
1685	1 35	1 37	1 54	1 56	4.586926741242674
1686	1 35	1 37	1 41	1 43	-6.814301320862558
1687	1 35	1 37	1 43	1 45	221.3802663089259
1688	1 35	1 37	1 45	1 47	-5.628176590130543
1689	1 35	1 37	1 47	1 49	-180.89399767386413
1690	1 35	1 37	1 49	1 51	30.223935313237575
1691	1 35	1 37	1 51	1 53	102.98334341090192
1692	1 35	1 37	1 53	1 55	32.30248745281054
1693	1 35	1 37	1 55	1 57	-139.14044887462703
1694	1 35	1 37	1 57	1 59	28.8863274185939
1695	1 35	1 37	1 56	1 58	-129.9534960564336
1696	1 35	1 37	1 58	1 60	52.2976514499431
1697	1 35	1 37	1 60	1 62	50.99647480618364
1698	1 35	1 37	1 62	1 64	14.471848616459097
1699	1 35	1 37	1 64	1 66	-101.60916362806185
1700	1 35	1 37	1 66	1 68	36.811535273968374
1701	1 35	1 37	1 68	1 70	37.018537713722814
1702	1 35	1 37	1 70	1 72	15.784648392919664
1703	1 35	1 37	1 72	1 2	-99.49894657387333
1704	1 35	1 37	1 59	1 61	59.08205597046686
1705	1 35	1 37	1 61	1 63	32.95131440661321
1706	1 35	1 37	1 63	1 65	-104.49068010075567
1707	1 35	1 37	1 65	1 67	24.911023438673173
1708	1 35	1 37	1 67	1 69	40.660984309116174
1709	1 35	1 37	1 69	1 71	26.914164296396365
1710	1 35	1 37	1 71	1 1	-108.29058546836077
1711	1 36	1 38	1 37	1 39	167.65095412414746
1712	1 36	1 38	1 41	1 43	-23.295674025364022
1713	1 36	1 38	1 43	1 45	126.89344944021528
1714	1 36	1 38	1 45	1 47	121.97999770946772
1715	1 36	1 38	1 47	1 49	-209.61390853552922
1716	1 36	1 38	1 49	1 51	5.911123689325635
1717	1 36	1 38	1 51	1 53	81.10250181937374
1718	1 36	1 38	1 53	1 55	81.75585810096547
1719	1 36	1 38	1 55	1 57	-152.14348581817382
1720	1 36	1 38	1 44	1 46	226.72371021571365
1721	1 36	1 38	1 46	1 48	-11.843141130132882
1722	1 36	1 38	1 48	1 50	-191.126819682397
1723	1 36	1 38	1 50	1 52	33.814177754726785
1724	1 36	1 38	1 52	1 54	103.22791323444225
1725	1 36	1 38	1 54	1 56	33.101829621793236
1726	1 36	1 38	1 56	1 58	-149.13894519988196
1727	1 36	1 38	1 58	1 60	33.589809246319476
1728	1 36	1 38	1 57	1 59	14.994210446879281
1729	1 36	1 38	1 59	1 61	50.827200060232045
1730	1 36	1 38	1 61	1 63	55.35145744711323
1731	1 36	1 38	1 63	1 65	-109.99335958543176
1732	1 36	1 38	1 65	1 67	17.397401051700143
1733	1 36	1 38	1 67	1 69	38.002545604109365
1734	1 36	1 38	1 69	1 71	36.88937665740565
1735	1 36	1 38	1 71	1 1	-112.88291725925455
1736	1 36	1 38	1 60	1 62	62.54355392768063
1737	1 36	1 38	1 62	1 64	32.21463829972444
1738	1 36	1 38	1 64	1 66	-113.88045750057778
1739	1 36	1 38	1 66	1 68	28.672084346382718
1740	1 36	1 38	1 68	1 70	42.35906895137749
1741	1 36	1 38	1 70	1 72	24.828337724884246
1742	1 36	1 38	1 72	1 2	-113.17370025768966
1743	1 37	1 39	1 38	1 40	196.52761067552964
1744	1 37	1 39	1 40	1 42	-296.53472306110564
1745	1 37	1 39	1 42	1 44	-24.311488478472498
1746	1 37	1 39	1 44	1 46	128.0967344474167
1747	1 37	1 39	1 46	1 48	142.7695648952003
1748	1 37	1 39	1 50	1 52	4.895225061253998
1749	1 37	1 39	1 52	1 54	75.76303964550806
1750	1 37	1 39	1 54	1 56	94.96335603452005
1751	1 37	1 39	1 56	1 58	-163.78819985483506
1752	1 37	1 39	1 41	1 43	-14.765506092472393
1753	1 37	1 39	1 43	1 45	-3.4378921799276916
1754	1 37	1 39	1 45	1 47	237.18751681463547
1755	1 37	1 39	1 47	1 49	-209.47461588247802
1756	1 37	1 39	1 49	1 51	-2.590415650180224
1757	1 37	1 39	1 51	1 53	32.17414476613651
1758	1 37	1 39	1 53	1 55	116.7161360545827
1759	1 37	1 39	1 55	1 57	-135.9673378596254
1760	1 37	1 39	1 57	1 59	5.490368942437456
1761	1 37	1 39	1 59	1 61	29.48385487267999
1762	1 37	1 39	1 58	1 60	14.95411043588885
1763	1 37	1 39	1 60	1 62	53.288714304898235
1764	1 37	1 39	1 62	1 64	58.42077837309171
1765	1 37	1 39	1 64	1 66	-117.38998711901266
1766	1 37	1 39	1 66	1 68	17.77965431678303
1767	1 37	1 39	1 68	1 70	38.54571540176138
1768	1 37	1 39	1 70	1 72	34.18953770377038
1769	1 37	1 39	1 72	1 2	-94.64094980926663
1770	1 37	1 39	1 61	1 63	68.10850832271288
1771	1 37	1 39	1 63	1 65	-95.2138558171377
1772	1 37	1 39	1 65	1 67	9.790126104628836
1773	1 37	1 39	1 67	1 69	27.69682781657248
1774	1 37	1 39	1 69	1 71	41.274827735675046
1775	1 37	1 39	1 71	1 1	-85.53704201873856
1776	1 38	1 40	1 39	1 41	-123.66095583814086
1777	1 38	1 40	1 41	1 43	-8.390564582061526
1778	1 38	1 40	1 43	1 45	-30.08877763403752
1779	1 38	1 40	1 45	1 47	127.76484944041425
1780	1 38	1 40	1 47	1 49	-86.36091203314999
1781	1 38	1 40	1 49	1 51	-4.17180415553759
1782	1 38	1 40	1 51	1 53	0.6567082554307548
1783	1 38	1 40	1 53	1 55	83.79653432040077
1784	1 38	1 40	1 55	1 57	-76.41665200623818
1785	1 38	1 40	1 42	1 44	-16.58635978681435
1786	1 38	1 40	1 44	1 46	-13.830882715448336
1787	1 38	1 40	1 46	1 48	273.62357213561
1788	1 38	1 40	1 48	1 50	-236.121778746268
1789	1 38	1 40	1 50	1 52	-4.858562390044881
1790	1 38	1 40	1 52	1 54	23.119742962618062
1791	1 38	1 40	1 54	1 56	127.04770823410476
1792	1 38	1 40	1 56	1 58	-138.70683959245324
1793	1 38	1 40	1 58	1 60	3.311745675217102
1794	1 38	1 40	1 60	1 62	28.228087161244055
1795	1 38	1 40	1 59	1 61	10.062454476617901
1796	1 38	1 40	1 61	1 63	53.338353601682044
1797	1 38	1 40	1 63	1 65	-60.74370784321562
1798	1 38	1 40	1 65	1 67	3.943872805729698
1799	1 38	1 40	1 67	1 69	14.634501193397403
1800	1 38	1 40	1 69	1 71	32.79896799526308
1801	1 38	1 40	1 71	1 1	-46.67223984223313
1802	1 38	1 40	1 62	1 64	66.0563518956892
1803	1 38	1 40	1 64	1 66	-91.90038165883183
1804	1 38	1 40	1 66	1 68	7.945090533624148
1805	1 38	1 40	1 68	1 70	25.07487768019049
1806	1 38	1 40	1 70	1 72	33.45890177251411
1807	1 38	1 40	1 72	1 2	-59.29268836172977
1808	1 39	1 41	1 40	1 42	670.000249268935
1809	1 39	1 41	1 42	1 44	-278.2105331243101
1810	1 39	1 41	1 44	1 46	-223.05411337711718
1811	1 39	1 41	1 46	1 48	-110.62739257571002
1812	1 39	1 41	1 48	1 50	572.1221249807454
1813	1 39	1 41	1 50	1 52	-233.04325500417522
1814	1 39	1 41	1 52	1 54	-170.33989093809078
1815	1 39	1 41	1 56	1 58	447.30278203329766
1816	1 39	1 41	1 58	1 60	-170.46688848022438
1817	1 39	1 41	1 45	1 47	-216.76879911201945
1818	1 39	1 41	1 47	1 49	677.7392895299145
1819	1 39	1 41	1 49	1 51	-254.3195589133089
1820	1 39	1 41	1 55	1 57	474.4651998357514
1821	1 39	1 41	1 60	1 62	-138.57407521934164
1822	1 39	1 41	1 62	1 64	-82.29270849591202
1823	1 39	1 41	1 64	1 66	348.95628642157544
1824	1 39	1 41	1 66	1 68	-124.41403638954512
1825	1 39	1 41	1 68	1 70	-112.8253382516483
1826	1 39	1 41	1 70	1 72	-63.053043679896206
1827	1 39	1 41	1 72	1 2	160.26699438567874
1828	1 39	1 41	1 63	1 65	350.97858180761403
1829	1 39	1 41	1 65	1 67	-100.4930132649985
1830	1 39	1 41	1 67	1 69	-122.56493661950216
1831	1 39	1 41	1 69	1 71	-90.84767181223694
1832	1 39	1 41	1 71	1 1	168.92199697023705
1833	1 40	1 42	1 41	1 43	-109.19765306122449
1834	1 40	1 42	1 43	1 45	-254.0380117777977
1835	1 40	1 42	1 45	1 47	-231.43116181657848
1836	1 40	1 42	1 47	1 49	553.1070134575568
1837	1 40	1 42	1 49	1 51	-103.15482920420419
1838	1 40	1 42	1 51	1 53	-203.6562284574186
1839	1 40	1 42	1 53	1 55	-185.2045033177205
1840	1 40	1 42	1 55	1 57	423.24420145984266
1841	1 40	1 42	1 57	1 59	-78.55317952403234
1842	1 40	1 42	1 59	1 61	-144.34561065464192
1843	1 40	1 42	1 48	1 50	655.131076849772
1844	1 40	1 42	1 52	1 54	-177.83250699826203
1845	1 40	1 42	1 56	1 58	459.0365046392467
1846	1 40	1 42	1 61	1 63	-138.785314069249
1847	1 40	1 42	1 63	1 65	319.54378226163476
1848	1 40	1 42	1 65	1 67	-66.85585322573786
1849	1 40	1 42	1 67	1 69	-111.44675754355572
1850	1 40	1 42	1 69	1 71	-99.8498823352877
1851	1 40	1 42	1 71	1 1	152.8769156151357
1852	1 40	1 42	1 64	1 66	342.6583813012385
1853	1 40	1 42	1 66	1 68	-98.34250552518017
1854	1 40	1 42	1 68	1 70	-113.43851673730427
1855	1 40	1 42	1 70	1 72	-75.71048784944273
1856	1 40	1 42	1 72	1 2	156.91718066202603
1857	1 41	1 43	1 42	1 44	178.60371836763068
1858	1 41	1 43	1 44	1 46	-55.46691387559809
1859	1 41	1 43	1 46	1 48	-11.098601695303131
1860	1 41	1 43	1 50	1 52	151.66237280347036
1861	1 41	1 43	1 52	1 54	-22.35700784693782
1862	1 41	1 43	1 54	1 56	-8.500304576376005
1863	1 41	1 43	1 56	1 58	-109.29097756946769
1864	1 41	1 43	1 58	1 60	100.7439611884843
1865	1 41	1 43	1 60	1 62	8.552559672784575
1866	1 41	1 43	1 45	1 47	-22.2670302599522
1867	1 41	1 43	1 49	1 51	297.70694996529505
1868	1 41	1 43	1 53	1 55	-13.492219658615419
1869	1 41	1 43	1 55	1 57	-170.26822475854462
1870	1 41	1 43	1 57	1 59	125.80658365377852
1871	1 41	1 43	1 59	1 61	42.92315982145908
1872	1 41	1 43	1 63	1 65	-121.6859956109956
1873	1 41	1 43	1 62	1 64	-1.8595429762934574
1874	1 41	1 43	1 64	1 66	-93.77880492938283
1875	1 41	1 43	1 66	1 68	64.91985215728695
1876	1 41	1 43	1 68	1 70	21.635356605306686
1877	1 41	1 43	1 70	1 72	4.216515172014173
1878	1 41	1 43	1 72	1 2	-60.02192533723415
1879	1 41	1 43	1 65	1 67	69.08153152271385
1880	1 41	1 43	1 67	1 69	42.51200202024688
1881	1 41	1 43	1 69	1 71	10.156768615345374
1882	1 41	1 43	1 71	1 1	-73.39532505540842
1883	1 42	1 44	1 43	1 45	174.27284180199317
1884	1 42	1 44	1 45	1 47	-60.80282553015707
1885	1 42	1 44	1 47	1 49	-248.37873493972631
1886	1 42	1 44	1 49	1 51	145.10893782070968
1887	1 42	1 44	1 51	1 53	127.6251528690524
1888	1 42	1 44	1 53	1 55	-23.522406013008478
1889	1 42	1 44	1 55	1 57	-186.7265835054825
1890	1 42	1 44	1 57	1 59	85.10521795010085
1891	1 42	1 44	1 59	1 61	88.36286575283344
1892	1 42	1 44	1 61	1 63	5.716734177902232
1893	1 42	1 44	1 46	1 48	-25.083725668408697
1894	1 42	1 44	1 50	1 52	246.8872931086708
1895	1 42	1 44	1 54	1 56	-17.531465484742384
1896	1 42	1 44	1 56	1 58	-154.91726465450742
1897	1 42	1 44	1 58	1 60	122.69864316783776
1898	1 42	1 44	1 60	1 62	33.141134719852936
1899	1 42	1 44	1 62	1 64	-2.7414280665382726
1900	1 42	1 44	1 64	1 66	-121.38403297806653
1901	1 42	1 44	1 63	1 65	-145.16076694365717
1902	1 42	1 44	1 65	1 67	56.598920359071926
1903	1 42	1 44	1 67	1 69	60.74354370135546
1904	1 42	1 44	1 69	1 71	18.645449066662643
1905	1 42	1 44	1 71	1 1	-97.30080407072762
1906	1 42	1 44	1 66	1 68	71.77883559949393
1907	1 42	1 44	1 68	1 70	37.45266003763672
1908	1 42	1 44	1 70	1 72	7.645657183899608
1909	1 42	1 44	1 72	1 2	-85.82616806374281
1910	1 43	1 45	1 44	1 46	157.71735418848317
1911	1 43	1 45	1 46	1 48	-63.99712693026599
1912	1 43	1 45	1 50	1 52	125.86557656956194
1913	1 43	1 45	1 52	1 54	126.61379978315708
1914	1 43	1 45	1 54	1 56	-29.445212671464244
1915	1 43	1 45	1 56	1 58	-178.15992562895482
1916	1 43	1 45	1 58	1 60	84.63061822373797
1917	1 43	1 45	1 60	1 62	81.32014154347232
1918	1 43	1 45	1 51	1 53	227.79054855428598
1919	1 43	1 45	1 55	1 57	-193.66379493026523
1920	1 43	1 45	1 57	1 59	32.29994405179055
1921	1 43	1 45	1 59	1 61	107.60943614793572
1922	1 43	1 45	1 61	1 63	34.991085009974256
1923	1 43	1 45	1 63	1 65	-152.48326773375317
1924	1 43	1 45	1 65	1 67	34.759747300607934
1925	1 43	1 45	1 64	1 66	-142.97101793517868
1926	1 43	1 45	1 66	1 68	57.74457127856888
1927	1 43	1 45	1 68	1 70	56.63009296817856
1928	1 43	1 45	1 70	1 72	16.437967540373023
1929	1 43	1 45	1 72	1 2	-106.29948524359997
1930	1 43	1 45	1 67	1 69	66.41192445185379
1931	1 43	1 45	1 69	1 71	35.335756215502315
1932	1 43	1 45	1 71	1 1	-110.84091020551446
1933	1 44	1 46	1 45	1 47	178.15886531791006
1934	1 44	1 46	1 47	1 49	-274.0086192429777
1935	1 44	1 46	1 49	1 51	-25.94277003722126
1936	1 44	1 46	1 51	1 53	125.93892089179042
1937	1 44	1 46	1 53	1 55	134.40869367772052
1938	1 44	1 46	1 57	1 59	4.694741187627557
1939	1 44	1 46	1 59	1 61	75.57392524562303
1940	1 44	1 46	1 61	1 63	89.47924304985713
1941	1 44	1 46	1 63	1 65	-158.2073184072832
1942	1 44	1 46	1 52	1 54	225.5224852371952
1943	1 44	1 46	1 54	1 56	1.1760934816192483
1944	1 44	1 46	1 56	1 58	-199.8377690568335
1945	1 44	1 46	1 58	1 60	31.0800083176262
1946	1 44	1 46	1 60	1 62	112.02807582468114
1947	1 44	1 46	1 62	1 64	34.610202415704634
1948	1 44	1 46	1 64	1 66	-159.12356096284668
1949	1 44	1 46	1 66	1 68	34.623392799742845
1950	1 44	1 46	1 65	1 67	16.94041080330662
1951	1 44	1 46	1 67	1 69	54.80833812000311
1952	1 44	1 46	1 69	1 71	56.50108078301626
1953	1 44	1 46	1 71	1 1	-105.38054507337526
1954	1 44	1 46	1 68	1 70	66.9413481477207
1955	1 44	1 46	1 70	1 72	33.711507993836605
1956	1 44	1 46	1 72	1 2	-108.73465507876155
1957	1 45	1 47	1 46	1 48	181.7951619496564
1958	1 45	1 47	1 50	1 52	-25.232287439948507
1959	1 45	1 47	1 52	1 54	123.31336436611946
1960	1 45	1 47	1 54	1 56	157.4782334013201
1961	1 45	1 47	1 56	1 58	-242.46906224376943
1962	1 45	1 47	1 58	1 60	4.362811562909322
1963	1 45	1 47	1 60	1 62	86.17401635139349
1964	1 45	1 47	1 62	1 64	97.21945119462103
1965	1 45	1 47	1 64	1 66	-172.75223259297667
1966	1 45	1 47	1 49	1 51	-15.76396720532283
1967	1 45	1 47	1 53	1 55	261.96502464443654
1968	1 45	1 47	1 55	1 57	-239.48650466809636
1969	1 45	1 47	1 57	1 59	-2.0188663264998863
1970	1 45	1 47	1 59	1 61	28.850192146085117
1971	1 45	1 47	1 61	1 63	125.78694337800908
1972	1 45	1 47	1 63	1 65	-144.5204481633882
1973	1 45	1 47	1 65	1 67	7.749937194701762
1974	1 45	1 47	1 67	1 69	35.590804604049346
1975	1 45	1 47	1 66	1 68	17.674203387184804
1976	1 45	1 47	1 68	1 70	59.59791846212775
1977	1 45	1 47	1 70	1 72	55.56784026940088
1978	1 45	1 47	1 72	1 2	-111.2737077229849
1979	1 45	1 47	1 69	1 71	68.58322445680942
1980	1 45	1 47	1 71	1 1	-92.8206044777728
1981	1 46	1 48	1 47	1 49	-105.75419698439184
1982	1 46	1 48	1 49	1 51	-9.309624867493564
1983	1 46	1 48	1 51	1 53	-27.71016770235035
1984	1 46	1 48	1 53	1 55	156.56835782897838
1985	1 46	1 48	1 55	1 57	-114.91269326831589
1986	1 46	1 48	1 57	1 59	-2.932064787502846
1987	1 46	1 48	1 59	1 61	2.7359689105323426
1988	1 46	1 48	1 61	1 63	100.29423394506705
1989	1 46	1 48	1 63	1 65	-96.66090384052649
1990	1 46	1 48	1 65	1 67	3.057429386755377
1991	1 46	1 48	1 50	1 52	-17.25976435870532
1992	1 46	1 48	1 52	1 54	-8.25863376902565
1993	1 46	1 48	1 54	1 56	307.78700736950896
1994	1 46	1 48	1 56	1 58	-274.93610301583124
1995	1 46	1 48	1 58	1 60	-3.2773677097942464
1996	1 46	1 48	1 60	1 62	35.12774093430319
1997	1 46	1 48	1 62	1 64	144.99259098315497
1998	1 46	1 48	1 64	1 66	-169.12862505362506
1999	1 46	1 48	1 66	1 68	7.671098442192193
2000	1 46	1 48	1 68	1 70	39.80616653439979
2001	1 46	1 48	1 67	1 69	18.407366881374767
2002	1 46	1 48	1 69	1 71	60.68778421301664
2003	1 46	1 48	1 71	1 1	-65.87456147022351
2004	1 46	1 48	1 70	1 72	68.10497504342675
2005	1 46	1 48	1 72	1 2	-95.4707763473393
2006	1 47	1 49	1 48	1 50	696.8148397682326
2007	1 47	1 49	1 50	1 52	-310.28430239931515
2008	1 47	1 49	1 52	1 54	-233.74986181653952
2009	1 47	1 49	1 54	1 56	-120.91378601491456
2010	1 47	1 49	1 56	1 58	617.2277769172517
2011	1 47	1 49	1 58	1 60	-254.04174233831395
2012	1 47	1 49	1 60	1 62	-191.84694470260223
2013	1 47	1 49	1 62	1 64	-103.45502477102264
2014	1 47	1 49	1 64	1 66	488.88681042755593
2015	1 47	1 49	1 66	1 68	-183.98018956421916
2016	1 47	1 49	1 53	1 55	-250.12358202211612
2017	1 47	1 49	1 55	1 57	716.1835016835016
2018	1 47	1 49	1 57	1 59	-234.5899357601713
2019	1 47	1 49	1 59	1 61	-211.2910600241737
2020	1 47	1 49	1 63	1 65	511.42474487335295
2021	1 47	1 49	1 68	1 70	-158.98789575741998
2022	1 47	1 49	1 70	1 72	-83.78518219553709
2023	1 47	1 49	1 72	1 2	193.2168437212942
2024	1 47	1 49	1 71	1 1	183.08781456804573
2025	1 48	1 50	1 49	1 51	-136.03784657188606
2026	1 48	1 50	1 51	1 53	-266.4833137073009
2027	1 48	1 50	1 53	1 55	-271.61732280995875
2028	1 48	1 50	1 55	1 57	615.8880273788151
2029	1 48	1 50	1 57	1 59	-109.37430208604715
2030	1 48	1 50	1 59	1 61	-221.63046474553312
2031	1 48	1 50	1 61	1 63	-207.39669718431435
2032	1 48	1 50	1 63	1 65	479.3553731417448
2033	1 48	1 50	1 65	1 67	-96.46941178939679
2034	1 48	1 50	1 67	1 69	-171.20929342538864
2035	1 48	1 50	1 54	1 56	-288.59577328218444
2036	1 48	1 50	1 56	1 58	726.3856178807634
2037	1 48	1 50	1 64	1 66	524.23128721343
2038	1 48	1 50	1 70	1 72	-117.04854268172781
2039	1 48	1 50	1 69	1 71	-152.40633943506765
2040	1 48	1 50	1 71	1 1	179.34076797878112
2041	1 48	1 50	1 72	1 2	207.0638520801233
2042	1 49	1 51	1 50	1 52	210.09591657564962
2043	1 49	1 51	1 52	1 54	-57.648501788243934
2044	1 49	1 51	1 54	1 56	-11.739372313490055
2045	1 49	1 51	1 56	1 58	-131.01205888241816
2046	1 49	1 51	1 58	1 60	159.96983410538553
2047	1 49	1 51	1 60	1 62	-19.53574298714856
2048	1 49	1 51	1 62	1 64	-7.207432283126508
2049	1 49	1 51	1 64	1 66	-117.09963751925997
2050	1 49	1 51	1 66	1 68	102.67150370652439
2051	1 49	1 51	1 68	1 70	14.472202858314379
2052	1 49	1 51	1 53	1 55	-23.113329221459864
2053	1 49	1 51	1 57	1 59	267.6623798437355
2054	1 49	1 51	1 59	1 61	12.774334669606043
2055	1 49	1 51	1 61	1 63	-13.739872401585746
2056	1 49	1 51	1 63	1 65	-178.12309416015
2057	1 49	1 51	1 65	1 67	126.70420284010943
2058	1 49	1 51	1 67	1 69	48.546439335030215
2059	1 49	1 51	1 69	1 71	3.4230206269140693
2060	1 49	1 51	1 71	1 1	-67.7252209131075
2061	1 49	1 51	1 72	1 2	-59.22321673280345
2062	1 50	1 52	1 51	1 53	174.31992835924
2063	1 50	1 52	1 53	1 55	-60.70724545033906
2064	1 50	1 52	1 57	1 59	149.65759878132755
2065	1 50	1 52	1 59	1 61	148.84659716171015
2066	1 50	1 52	1 61	1 63	-28.298086876177127
2067	1 50	1 52	1 63	1 65	-214.24770023700614
2068	1 50	1 52	1 65	1 67	98.86659428553398
2069	1 50	1 52	1 67	1 69	99.98134642426666
2070	1 50	1 52	1 69	1 71	10.345754494035077
2071	1 50	1 52	1 54	1 56	-26.03397324107753
2072	1 50	1 52	1 58	1 60	273.4040087567877
2073	1 50	1 52	1 60	1 62	-5.25953825836016
2074	1 50	1 52	1 62	1 64	-15.991971403938823
2075	1 50	1 52	1 64	1 66	-174.8651004120665
2076	1 50	1 52	1 66	1 68	134.0891798270173
2077	1 50	1 52	1 68	1 70	41.275273336615754
2078	1 50	1 52	1 72	1 2	-89.55223908449369
2079	1 50	1 52	1 71	1 1	-99.65242407610684
2080	1 51	1 53	1 52	1 54	178.05559588440497
2081	1 51	1 53	1 54	1 56	-69.03499931372929
2082	1 51	1 53	1 56	1 58	-240.77082421988916
2083	1 51	1 53	1 58	1 60	142.39930584487124
2084	1 51	1 53	1 60	1 62	132.64926452921657
2085	1 51	1 53	1 62	1 64	-30.796414502220937
2086	1 51	1 53	1 64	1 66	-199.5645122895822
2087	1 51	1 53	1 66	1 68	95.12281877261996
2088	1 51	1 53	1 68	1 70	90.03499216971622
2089	1 51	1 53	1 70	1 72	8.372017760068893
2090	1 51	1 53	1 59	1 61	244.54836582342443
2091	1 51	1 53	1 63	1 65	-217.0918201481989
2092	1 51	1 53	1 65	1 67	42.01360262353679
2093	1 51	1 53	1 67	1 69	121.12324870585859
2094	1 51	1 53	1 69	1 71	38.661616576702244
2095	1 51	1 53	1 71	1 1	-124.2104681654059
2096	1 51	1 53	1 72	1 2	-118.30366493192689
2097	1 52	1 54	1 53	1 55	165.87384671951096
2098	1 52	1 54	1 57	1 59	-24.093183674548058
2099	1 52	1 54	1 59	1 61	123.71535161133589
2100	1 52	1 54	1 61	1 63	148.09822706999682
2101	1 52	1 54	1 65	1 67	9.670445691062813
2102	1 52	1 54	1 67	1 69	87.29111262137567
2103	1 52	1 54	1 69	1 71	91.6974988710198
2104	1 52	1 54	1 71	1 1	-128.1101765133573
2105	1 52	1 54	1 58	1 60	-5.285126612873828
2106	1 52	1 54	1 60	1 62	257.86970713931555
2107	1 52	1 54	1 62	1 64	-14.291690309833536
2108	1 52	1 54	1 64	1 66	-217.71012340903235
2109	1 52	1 54	1 66	1 68	37.200642664978545
2110	1 52	1 54	1 68	1 70	122.01050451570717
2111	1 52	1 54	1 70	1 72	37.014320945907954
2112	1 52	1 54	1 72	1 2	-129.58415640304318
2113	1 53	1 55	1 54	1 56	235.75081725121743
2114	1 53	1 55	1 56	1 58	-333.1971732106387
2115	1 53	1 55	1 58	1 60	-29.2557461515181
2116	1 53	1 55	1 60	1 62	139.3669979025898
2117	1 53	1 55	1 62	1 64	172.08574417506685
2118	1 53	1 55	1 66	1 68	6.79054714873495
2119	1 53	1 55	1 68	1 70	94.59457794637908
2120	1 53	1 55	1 70	1 72	96.44322326807975
2121	1 53	1 55	1 72	1 2	-143.99368709394585
2122	1 53	1 55	1 57	1 59	-14.757072286989175
2123	1 53	1 55	1 59	1 61	-16.12167773951199
2124	1 53	1 55	1 61	1 63	280.10678346700064
2125	1 53	1 55	1 63	1 65	-243.52747967102016
2126	1 53	1 55	1 67	1 69	35.76930438861025
2127	1 53	1 55	1 69	1 71	125.7494883707227
2128	1 53	1 55	1 71	1 1	-112.39235064065579
2129	1 54	1 56	1 55	1 57	-152.27784867113763
2130	1 54	1 56	1 57	1 59	-7.610571377360091
2131	1 54	1 56	1 59	1 61	-27.25383761726701
2132	1 54	1 56	1 61	1 63	172.95160384712838
2133	1 54	1 56	1 63	1 65	-134.49778367048103
2134	1 54	1 56	1 67	1 69	12.804554386608665
2135	1 54	1 56	1 69	1 71	106.06090930857484
2136	1 54	1 56	1 71	1 1	-88.83914073941959
2137	1 54	1 56	1 58	1 60	-16.084656907963062
2138	1 54	1 56	1 62	1 64	347.5860803269902
2139	1 54	1 56	1 64	1 66	-319.269861002581
2140	1 54	1 56	1 68	1 70	50.07167184372355
2141	1 54	1 56	1 70	1 72	140.49771203779991
2142	1 54	1 56	1 72	1 2	-156.92278467251128
2143	1 55	1 57	1 56	1 58	789.6185
2144	1 55	1 57	1 58	1 60	-336.7668971193416
2145	1 55	1 57	1 60	1 62	-264.05545329139767
2146	1 55	1 57	1 62	1 64	-137.84099767781888
2147	1 55	1 57	1 64	1 66	697.7273722527473
2148	1 55	1 57	1 66	1 68	-285.69791995901903
2149	1 55	1 57	1 68	1 70	-223.50958066237126
2150	1 55	1 57	1 70	1 72	-112.70673664545508
2151	1 55	1 57	1 72	1 2	251.21937556561085
2152	1 55	1 57	1 59	1 61	-266.4298325647782
2153	1 55	1 57	1 61	1 63	-269.6859262100587
2154	1 55	1 57	1 67	1 69	-250.67325445745251
2155	1 55	1 57	1 69	1 71	-182.83685639289433
2156	1 55	1 57	1 71	1 1	228.39478484984312
2157	1 56	1 58	1 57	1 59	-141.59414619747207
2158	1 56	1 58	1 59	1 61	-298.2266133938474
2159	1 56	1 58	1 61	1 63	-300.59735202699585
2160	1 56	1 58	1 63	1 65	695.6783449872052
2161	1 56	1 58	1 65	1 67	-135.93391595559223
2162	1 56	1 58	1 67	1 69	-261.17799525913654
2163	1 56	1 58	1 69	1 71	-225.3021720267925
2164	1 56	1 58	1 71	1 1	244.24470649895176
2165	1 56	1 58	1 60	1 62	-264.4856752284661
2166	1 56	1 58	1 62	1 64	-319.8484680969741
2167	1 56	1 58	1 66	1 68	-261.33500144895936
2168	1 56	1 58	1 68	1 70	-245.1218612894944
2169	1 56	1 58	1 70	1 72	-186.74007932783718
2170	1 56	1 58	1 72	1 2	309.4477352172253
2171	1 57	1 59	1 58	1 60	210.84278512692194
2172	1 57	1 59	1 60	1 62	-55.00777829710615
2173	1 57	1 59	1 62	1 64	-9.097299651532511
2174	1 57	1 59	1 66	1 68	169.01867035903308
2175	1 57	1 59	1 68	1 70	-18.221739095600057
2176	1 57	1 59	1 70	1 72	-5.975487439963057
2177	1 57	1 59	1 72	1 2	-62.40757795813063
2178	1 57	1 59	1 61	1 63	-21.170027924267444
2179	1 57	1 59	1 65	1 67	300.68381607352865
2180	1 57	1 59	1 67	1 69	9.624429933072246
2181	1 57	1 59	1 69	1 71	-10.648602160767915
2182	1 57	1 59	1 71	1 1	-69.35424958713891
2183	1 58	1 60	1 59	1 61	210.04346296119564
2184	1 58	1 60	1 61	1 63	-67.29363836789469
2185	1 58	1 60	1 65	1 67	172.82041046629504
2186	1 58	1 60	1 67	1 69	165.54226111389647
2187	1 58	1 60	1 69	1 71	-20.940641186288836
2188	1 58	1 60	1 71	1 1	-113.06828393743608
2189	1 58	1 60	1 62	1 64	-22.597865973195006
2190	1 58	1 60	1 66	1 68	294.9326075217733
2191	1 58	1 60	1 70	1 72	-12.46961314720774
2192	1 58	1 60	1 72	1 2	-101.70040005763418
2193	1 59	1 61	1 60	1 62	163.69165149012557
2194	1 59	1 61	1 62	1 64	-59.527900730454206
2195	1 59	1 61	1 66	1 68	165.53239028464816
2196	1 59	1 61	1 68	1 70	146.98147135619092
2197	1 59	1 61	1 70	1 72	-20.38926442682277
2198	1 59	1 61	1 72	1 2	-132.34462359156737
2199	1 59	1 61	1 65	1 67	9.724707640143535
2200	1 59	1 61	1 67	1 69	276.7978442753667
2201	1 59	1 61	1 71	1 1	-144.72823356043713
2202	1 60	1 62	1 61	1 63	229.67845560381488
2203	1 60	1 62	1 65	1 67	-19.234423220514945
2204	1 60	1 62	1 67	1 69	145.05311652618886
2205	1 60	1 62	1 69	1 71	169.94245266174678
2206	1 60	1 62	1 71	1 1	-199.95473001265714
2207	1 60	1 62	1 68	1 70	283.1958359190587
2208	1 60	1 62	1 70	1 72	9.65391870287746
2209	1 60	1 62	1 72	1 2	-182.87321436773692
2210	1 61	1 63	1 62	1 64	210.68963184504736
2211	1 61	1 63	1 66	1 68	-22.06544934364851
2212	1 61	1 63	1 68	1 70	177.16363107332867
2213	1 61	1 63	1 70	1 72	163.4750713689861
2214	1 61	1 63	1 72	1 2	-242.9961344058691
2215	1 61	1 63	1 65	1 67	-12.055022344213896
2216	1 61	1 63	1 67	1 69	8.150089958898384
2217	1 61	1 63	1 69	1 71	294.8441729351125
2218	1 61	1 63	1 71	1 1	-224.52162582027916
2219	1 62	1 64	1 65	1 67	-6.514353289960528
2220	1 62	1 64	1 67	1 69	-18.044672694914425
2221	1 62	1 64	1 69	1 71	166.69882665681516
2222	1 62	1 64	1 71	1 1	-101.40773270853674
2223	1 62	1 64	1 66	1 68	-11.885667290809115
2224	1 62	1 64	1 68	1 70	11.928467656239622
2225	1 62	1 64	1 70	1 72	319.2075566046436
2226	1 62	1 64	1 72	1 2	-270.5777710944923
2227	1 63	1 65	1 66	1 68	-382.8486195849922
2228	1 63	1 65	1 68	1 70	-324.0710396123768
2229	1 63	1 65	1 70	1 72	-143.0436420885007
2230	1 63	1 65	1 72	1 2	392.4237607679055
2231	1 63	1 65	1 67	1 69	-327.31915217903514
2232	1 63	1 65	1 69	1 71	-296.8575916579316
2233	1 63	1 65	1 71	1 1	389.6875061777207
2234	1 64	1 66	1 65	1 67	-161.29252968441065
2235	1 64	1 66	1 67	1 69	-355.7658369163835
2236	1 64	1 66	1 69	1 71	-330.7830451351357
2237	1 64	1 66	1 71	1 1	359.7517077807926
2238	1 64	1 66	1 68	1 70	-325.5905910080326
2239	1 64	1 66	1 70	1 72	-323.3786188615062
2240	1 64	1 66	1 72	1 2	499.74954496450727
2241	1 65	1 67	1 66	1 68	238.9871802626954
2242	1 65	1 67	1 68	1 70	-56.04592504066464
2243	1 65	1 67	1 70	1 72	-11.542875245475571
2244	1 65	1 67	1 72	1 2	-73.00317598171188
2245	1 65	1 67	1 69	1 71	-23.04255884368115
2246	1 65	1 67	1 71	1 1	-80.6971919178398
2247	1 66	1 68	1 67	1 69	224.80074184042098
2248	1 66	1 68	1 69	1 71	-58.30140745014944
2249	1 66	1 68	1 71	1 1	-126.60786504923776
2250	1 66	1 68	1 70	1 72	-22.676609199256532
2251	1 67	1 69	1 68	1 70	216.4313658665963
2252	1 67	1 69	1 70	1 72	-55.16856651484126
2253	1 67	1 69	1 72	1 2	-163.9141200730952
2254	1 67	1 69	1 71	1 1	-182.94343380500095
2255	1 68	1 70	1 69	1 71	248.04838785866514
2256	1 68	1 70	1 71	1 1	-283.9443383046375
2257	1 69	1 71	1 70	1 72	248.32865053322394
2258	1 69	1 71	1 72	1 2	-344.9563772921308
2259	1 70	1 72	1 71	1 1	-132.2163718218405
2260	1 71	1 1	1 72	1 2	1570.918237278985
