2109
1	1 1	1 3	1 2	1 4	632.4507004369665
2	1 1	1 3	1 4	1 6	-241.08532582500385
3	1 1	1 3	1 6	1 8	-52.686695392455974
4	1 1	1 3	1 8	1 10	-248.2568676473377
5	1 1	1 3	1 10	1 12	315.099060562005
6	1 1	1 3	1 12	1 14	-47.95487032324435
7	1 1	1 3	1 14	1 16	-26.57816367378635
8	1 1	1 3	1 16	1 18	-197.62553967197329
9	1 1	1 3	1 18	1 20	185.29435263283492
10	1 1	1 3	1 20	1 22	15.01087316542025
11	1 1	1 3	1 5	1 7	-92.23525755925263
12	1 1	1 3	1 9	1 11	593.4172984072712
13	1 1	1 3	1 11	1 13	23.280344053680295
14	1 1	1 3	1 13	1 15	-35.02631763858367
15	1 1	1 3	1 15	1 17	-346.1894537723591
16	1 1	1 3	1 17	1 19	261.53146565481984
17	1 1	1 3	1 19	1 21	77.74111921126959
18	1 1	1 3	1 21	1 23	-8.606013358853588
19	1 1	1 3	1 22	1 24	-13.081144174834932
20	1 1	1 3	1 24	1 26	-147.61493210459474
21	1 1	1 3	1 26	1 28	104.69641214586999
22	1 1	1 3	1 28	1 30	31.11834952254197
23	1 1	1 3	1 30	1 32	-0.6061293312147077
24	1 1	1 3	1 32	1 34	-108.27666042484913
25	1 1	1 3	1 34	1 36	62.48242338774371
26	1 1	1 3	1 36	1 38	28.744666246800413
27	1 1	1 3	1 38	1 40	8.99376484905115
28	1 1	1 3	1 40	1 42	-85.36377987717458
29	1 1	1 3	1 25	1 27	139.32246557558142
30	1 1	1 3	1 27	1 29	62.99025961601107
31	1 1	1 3	1 29	1 31	9.267688744132883
32	1 1	1 3	1 31	1 33	-152.30728763598177
33	1 1	1 3	1 33	1 35	77.21184372387143
34	1 1	1 3	1 35	1 37	45.96732848434429
35	1 1	1 3	1 37	1 39	16.09683459131672
36	1 1	1 3	1 39	1 41	-102.35282639050541
37	1 1	1 3	1 41	1 43	42.41791522149433
38	1 1	1 3	1 43	1 45	33.28409076676971
39	1 1	1 3	1 42	1 44	40.392083181901384
40	1 1	1 3	1 44	1 46	25.529143572322546
41	1 1	1 3	1 46	1 48	10.307763431903375
42	1 1	1 3	1 48	1 50	-67.06461134099675
43	1 1	1 3	1 50	1 52	28.111137473683222
44	1 1	1 3	1 52	1 54	21.13058825856769
45	1 1	1 3	1 54	1 56	10.51310689330792
46	1 1	1 3	1 56	1 58	-53.817195380350114
47	1 1	1 3	1 58	1 60	21.491106892879074
48	1 1	1 3	1 60	1 62	17.70784108799757
49	1 1	1 3	1 45	1 47	16.991311916093778
50	1 1	1 3	1 47	1 49	-72.4850750505843
51	1 1	1 3	1 49	1 51	24.064279457246545
52	1 1	1 3	1 51	1 53	26.052119049331917
53	1 1	1 3	1 53	1 55	16.420592043151732
54	1 1	1 3	1 55	1 57	-55.71309089642934
55	1 1	1 3	1 57	1 59	14.47424949779574
56	1 1	1 3	1 59	1 61	20.971761798831523
57	1 1	1 3	1 61	1 63	14.740943868653147
58	1 1	1 3	1 63	1 65	-44.51491397144234
59	1 1	1 3	1 62	1 64	9.377574013845926
60	1 1	1 3	1 64	1 66	-44.51112906290492
61	1 1	1 3	1 66	1 68	16.81309582334707
62	1 1	1 3	1 68	1 70	15.12019352905864
63	1 1	1 3	1 70	1 72	6.594334784380624
64	1 1	1 3	1 65	1 67	10.871953017791368
65	1 1	1 3	1 67	1 69	17.022281305648345
66	1 1	1 3	1 69	1 71	12.120704523594906
67	1 2	1 4	1 3	1 5	489.8393213010229
68	1 2	1 4	1 5	1 7	-227.6743447522268
69	1 2	1 4	1 7	1 9	-576.6076665827204
70	1 2	1 4	1 9	1 11	357.6129085530473
71	1 2	1 4	1 11	1 13	229.14768759049485
72	1 2	1 4	1 13	1 15	-37.47408336632993
73	1 2	1 4	1 15	1 17	-379.081396554581
74	1 2	1 4	1 17	1 19	187.16426015366318
75	1 2	1 4	1 19	1 21	153.0216465008666
76	1 2	1 4	1 21	1 23	6.7772178198106126
77	1 2	1 4	1 6	1 8	-110.0137295656359
78	1 2	1 4	1 10	1 12	463.36959815571765
79	1 2	1 4	1 12	1 14	19.284897771855096
80	1 2	1 4	1 14	1 16	-42.124083719135804
81	1 2	1 4	1 16	1 18	-290.12356351975376
82	1 2	1 4	1 18	1 20	218.0148597857075
83	1 2	1 4	1 20	1 22	66.73066900545462
84	1 2	1 4	1 22	1 24	-12.941375920137137
85	1 2	1 4	1 24	1 26	-200.9696795925213
86	1 2	1 4	1 23	1 25	-257.5013822531739
87	1 2	1 4	1 25	1 27	113.5290244400826
88	1 2	1 4	1 27	1 29	93.76232463486576
89	1 2	1 4	1 29	1 31	25.77613424363011
90	1 2	1 4	1 33	1 35	69.055335759909
91	1 2	1 4	1 35	1 37	59.56079163829134
92	1 2	1 4	1 37	1 39	28.111487674744403
93	1 2	1 4	1 39	1 41	-121.22680498031396
94	1 2	1 4	1 41	1 43	40.90025295912586
95	1 2	1 4	1 26	1 28	114.48281480143284
96	1 2	1 4	1 28	1 30	60.83514903716036
97	1 2	1 4	1 30	1 32	5.220292619862203
98	1 2	1 4	1 32	1 34	-142.36388573158746
99	1 2	1 4	1 34	1 36	66.8716613915609
100	1 2	1 4	1 36	1 38	44.25099524499867
101	1 2	1 4	1 38	1 40	16.626849479365426
102	1 2	1 4	1 40	1 42	-107.89162645981469
103	1 2	1 4	1 42	1 44	43.73563210052868
104	1 2	1 4	1 44	1 46	34.72542597941033
105	1 2	1 4	1 43	1 45	40.95393530829552
106	1 2	1 4	1 45	1 47	25.123334488673308
107	1 2	1 4	1 47	1 49	-86.19890724946694
108	1 2	1 4	1 49	1 51	24.60259773467687
109	1 2	1 4	1 51	1 53	31.15704899666786
110	1 2	1 4	1 53	1 55	22.419351197503424
111	1 2	1 4	1 55	1 57	-66.14261003055589
112	1 2	1 4	1 57	1 59	15.478520571413366
113	1 2	1 4	1 59	1 61	24.73735478717075
114	1 2	1 4	1 61	1 63	19.258819920666937
115	1 2	1 4	1 46	1 48	16.207243141693695
116	1 2	1 4	1 48	1 50	-83.15823400998869
117	1 2	1 4	1 50	1 52	30.954945399131304
118	1 2	1 4	1 52	1 54	27.15854978611853
119	1 2	1 4	1 54	1 56	15.085075340681112
120	1 2	1 4	1 56	1 58	-65.93381812644267
121	1 2	1 4	1 58	1 60	24.24259968339339
122	1 2	1 4	1 60	1 62	22.20244714787453
123	1 2	1 4	1 62	1 64	12.717198630352314
124	1 2	1 4	1 64	1 66	-54.192116193983
125	1 2	1 4	1 63	1 65	-53.29602424673727
126	1 2	1 4	1 65	1 67	12.141014659077264
127	1 2	1 4	1 67	1 69	20.153736148636085
128	1 2	1 4	1 69	1 71	15.294365787089868
129	1 2	1 4	1 66	1 68	19.31670070975486
130	1 2	1 4	1 68	1 70	18.641673607711482
131	1 2	1 4	1 70	1 72	8.840547376005173
132	1 3	1 5	1 4	1 6	491.5313621327106
133	1 3	1 5	1 6	1 8	-257.7184044065387
134	1 3	1 5	1 8	1 10	-467.94519458544835
135	1 3	1 5	1 10	1 12	265.2719538477178
136	1 3	1 5	1 12	1 14	230.5965854194115
137	1 3	1 5	1 14	1 16	-54.29770531400966
138	1 3	1 5	1 16	1 18	-324.9876448011165
139	1 3	1 5	1 18	1 20	148.4012229141114
140	1 3	1 5	1 20	1 22	142.7868906340896
141	1 3	1 5	1 9	1 11	53.41111841592644
142	1 3	1 5	1 11	1 13	379.9842478005329
143	1 3	1 5	1 13	1 15	22.8774746552208
144	1 3	1 5	1 15	1 17	-372.8075970855507
145	1 3	1 5	1 17	1 19	74.68114352114314
146	1 3	1 5	1 19	1 21	185.91433795695434
147	1 3	1 5	1 21	1 23	52.48586629687733
148	1 3	1 5	1 23	1 25	-252.88641750867524
149	1 3	1 5	1 25	1 27	63.08689655083469
150	1 3	1 5	1 24	1 26	-229.8189025704586
151	1 3	1 5	1 26	1 28	87.28907399251742
152	1 3	1 5	1 28	1 30	90.88226728941765
153	1 3	1 5	1 30	1 32	19.06166069241723
154	1 3	1 5	1 32	1 34	-157.14229452757746
155	1 3	1 5	1 34	1 36	54.65023304437304
156	1 3	1 5	1 36	1 38	56.88301175583905
157	1 3	1 5	1 38	1 40	27.362172841728096
158	1 3	1 5	1 40	1 42	-118.1061358643797
159	1 3	1 5	1 42	1 44	37.68057995866755
160	1 3	1 5	1 27	1 29	101.13040358845728
161	1 3	1 5	1 29	1 31	53.01172776661686
162	1 3	1 5	1 33	1 35	46.169363630206135
163	1 3	1 5	1 35	1 37	61.06455907266144
164	1 3	1 5	1 37	1 39	42.599018467605916
165	1 3	1 5	1 39	1 41	-120.74046284065004
166	1 3	1 5	1 41	1 43	30.635473088168474
167	1 3	1 5	1 43	1 45	41.24971866314148
168	1 3	1 5	1 45	1 47	32.384072656794025
169	1 3	1 5	1 44	1 46	40.54154094087315
170	1 3	1 5	1 46	1 48	22.86722190015778
171	1 3	1 5	1 48	1 50	-89.33703443555252
172	1 3	1 5	1 50	1 52	27.84446838419069
173	1 3	1 5	1 52	1 54	29.895099351630947
174	1 3	1 5	1 54	1 56	19.141473991066214
175	1 3	1 5	1 56	1 58	-69.6193734718197
176	1 3	1 5	1 58	1 60	22.602984677553188
177	1 3	1 5	1 60	1 62	23.76645117034684
178	1 3	1 5	1 62	1 64	15.089118217056338
179	1 3	1 5	1 47	1 49	-87.15090822996726
180	1 3	1 5	1 49	1 51	20.191226772022226
181	1 3	1 5	1 51	1 53	31.324310054017896
182	1 3	1 5	1 53	1 55	26.763298227949132
183	1 3	1 5	1 55	1 57	-67.90452987411368
184	1 3	1 5	1 57	1 59	13.6538746284777
185	1 3	1 5	1 59	1 61	24.692854552690527
186	1 3	1 5	1 61	1 63	21.95108860120386
187	1 3	1 5	1 63	1 65	-54.40351374882748
188	1 3	1 5	1 65	1 67	11.232056927788868
189	1 3	1 5	1 64	1 66	-56.6756996218595
190	1 3	1 5	1 66	1 68	18.51822161931343
191	1 3	1 5	1 68	1 70	19.62913976092019
192	1 3	1 5	1 70	1 72	9.750594754196449
193	1 3	1 5	1 67	1 69	20.12595542234903
194	1 3	1 5	1 69	1 71	16.738364081829886
195	1 4	1 6	1 5	1 7	441.21013417644645
196	1 4	1 6	1 7	1 9	-664.7951262703464
197	1 4	1 6	1 9	1 11	-33.69634521112573
198	1 4	1 6	1 11	1 13	235.63785974004753
199	1 4	1 6	1 13	1 15	222.83414180327458
200	1 4	1 6	1 17	1 19	14.435639848889656
201	1 4	1 6	1 19	1 21	136.04061433189543
202	1 4	1 6	1 21	1 23	123.71875472252259
203	1 4	1 6	1 23	1 25	-239.53179230658037
204	1 4	1 6	1 12	1 14	382.30818400634905
205	1 4	1 6	1 16	1 18	-354.1542704639006
206	1 4	1 6	1 18	1 20	59.75615383843855
207	1 4	1 6	1 20	1 22	179.15652904022187
208	1 4	1 6	1 22	1 24	50.892162909179575
209	1 4	1 6	1 24	1 26	-245.95188190218616
210	1 4	1 6	1 26	1 28	49.48147785641386
211	1 4	1 6	1 25	1 27	26.818646722409255
212	1 4	1 6	1 27	1 29	82.10913962218805
213	1 4	1 6	1 29	1 31	83.2449483020267
214	1 4	1 6	1 33	1 35	26.361814207603
215	1 4	1 6	1 35	1 37	52.14290395578175
216	1 4	1 6	1 37	1 39	55.096382796731035
217	1 4	1 6	1 39	1 41	-113.12757350215398
218	1 4	1 6	1 41	1 43	20.490518958535578
219	1 4	1 6	1 43	1 45	36.716150795407515
220	1 4	1 6	1 28	1 30	101.61932458464605
221	1 4	1 6	1 30	1 32	44.44549370389858
222	1 4	1 6	1 34	1 36	37.025822297229354
223	1 4	1 6	1 36	1 38	59.99644736037591
224	1 4	1 6	1 38	1 40	40.718981392540556
225	1 4	1 6	1 40	1 42	-119.59940045558088
226	1 4	1 6	1 42	1 44	28.7050759512643
227	1 4	1 6	1 44	1 46	40.97922674686087
228	1 4	1 6	1 46	1 48	29.374379733249366
229	1 4	1 6	1 45	1 47	37.378135354920005
230	1 4	1 6	1 47	1 49	-81.02483037991315
231	1 4	1 6	1 49	1 51	14.928959357437954
232	1 4	1 6	1 51	1 53	28.356360997587636
233	1 4	1 6	1 53	1 55	28.899934463136994
234	1 4	1 6	1 55	1 57	-63.388639268289964
235	1 4	1 6	1 57	1 59	10.92645732836041
236	1 4	1 6	1 59	1 61	22.35238479803467
237	1 4	1 6	1 61	1 63	22.772444580225528
238	1 4	1 6	1 63	1 65	-50.984271752691654
239	1 4	1 6	1 48	1 50	-88.4559652966392
240	1 4	1 6	1 50	1 52	22.603209104203557
241	1 4	1 6	1 52	1 54	29.47744080422528
242	1 4	1 6	1 54	1 56	22.301719845827648
243	1 4	1 6	1 56	1 58	-67.69307645631068
244	1 4	1 6	1 58	1 60	19.310641202158024
245	1 4	1 6	1 60	1 62	23.22869849461786
246	1 4	1 6	1 62	1 64	16.51482616477735
247	1 4	1 6	1 64	1 66	-54.4784274318224
248	1 4	1 6	1 66	1 68	16.29264563765105
249	1 4	1 6	1 65	1 67	9.521299535878658
250	1 4	1 6	1 67	1 69	18.539318457216407
251	1 4	1 6	1 69	1 71	16.8335246756924
252	1 4	1 6	1 71	1 1	-216.34237062600874
253	1 4	1 6	1 68	1 70	18.941921138291036
254	1 4	1 6	1 70	1 72	10.169184814699037
255	1 5	1 7	1 6	1 8	736.0671335441023
256	1 5	1 7	1 8	1 10	-904.9932934910355
257	1 5	1 7	1 10	1 12	-47.90124978028565
258	1 5	1 7	1 12	1 14	265.89931511516966
259	1 5	1 7	1 14	1 16	335.4960376954381
260	1 5	1 7	1 18	1 20	7.341093914862115
261	1 5	1 7	1 20	1 22	148.48346806598914
262	1 5	1 7	1 22	1 24	192.07079571674382
263	1 5	1 7	1 24	1 26	-317.9798136931869
264	1 5	1 7	1 9	1 11	-37.11852071208614
265	1 5	1 7	1 11	1 13	25.96054488137895
266	1 5	1 7	1 13	1 15	458.05746965190883
267	1 5	1 7	1 15	1 17	-423.3199763438212
268	1 5	1 7	1 17	1 19	-7.370299404248964
269	1 5	1 7	1 19	1 21	60.49144744086409
270	1 5	1 7	1 21	1 23	201.66179612036478
271	1 5	1 7	1 23	1 25	-230.3258299798793
272	1 5	1 7	1 25	1 27	8.076884897424414
273	1 5	1 7	1 27	1 29	53.92336807037511
274	1 5	1 7	1 26	1 28	22.657194574521988
275	1 5	1 7	1 28	1 30	97.44044092807812
276	1 5	1 7	1 30	1 32	99.6546318990803
277	1 5	1 7	1 32	1 34	-192.4043032314721
278	1 5	1 7	1 34	1 36	24.00345088590482
279	1 5	1 7	1 36	1 38	62.557241159635666
280	1 5	1 7	1 38	1 40	66.5522597572305
281	1 5	1 7	1 40	1 42	-136.26619502690664
282	1 5	1 7	1 42	1 44	22.461694456962597
283	1 5	1 7	1 44	1 46	43.79475997392716
284	1 5	1 7	1 29	1 31	120.03768099566325
285	1 5	1 7	1 33	1 35	14.565087541460656
286	1 5	1 7	1 35	1 37	42.063903281519856
287	1 5	1 7	1 37	1 39	73.28758439311564
288	1 5	1 7	1 39	1 41	-112.8083231267828
289	1 5	1 7	1 41	1 43	14.07876254638136
290	1 5	1 7	1 43	1 45	33.43542036137456
291	1 5	1 7	1 45	1 47	46.29340246427171
292	1 5	1 7	1 47	1 49	-82.13111678698523
293	1 5	1 7	1 46	1 48	42.219579831932776
294	1 5	1 7	1 48	1 50	-98.06363632238154
295	1 5	1 7	1 50	1 52	19.54328265635818
296	1 5	1 7	1 52	1 54	31.3832951653944
297	1 5	1 7	1 54	1 56	29.030415978530144
298	1 5	1 7	1 56	1 58	-73.47588390726219
299	1 5	1 7	1 58	1 60	17.790461709980008
300	1 5	1 7	1 60	1 62	24.753319749061454
301	1 5	1 7	1 62	1 64	20.127926569592493
302	1 5	1 7	1 64	1 66	-58.19861828774063
303	1 5	1 7	1 49	1 51	11.762160595226591
304	1 5	1 7	1 51	1 53	27.302016077879813
305	1 5	1 7	1 53	1 55	34.300563321863095
306	1 5	1 7	1 55	1 57	-65.65611526236546
307	1 5	1 7	1 57	1 59	9.515725505686099
308	1 5	1 7	1 59	1 61	22.026034271094467
309	1 5	1 7	1 61	1 63	26.19577161325074
310	1 5	1 7	1 63	1 65	-53.02326667944136
311	1 5	1 7	1 65	1 67	8.889060337739195
312	1 5	1 7	1 67	1 69	18.682323748847345
313	1 5	1 7	1 66	1 68	15.633952737673475
314	1 5	1 7	1 68	1 70	20.138109680547444
315	1 5	1 7	1 70	1 72	11.884453519916839
316	1 5	1 7	1 69	1 71	18.693054072484205
317	1 6	1 8	1 7	1 9	-418.03435105160156
318	1 6	1 8	1 9	1 11	-28.63001384438791
319	1 6	1 8	1 11	1 13	-43.29734244264097
320	1 6	1 8	1 13	1 15	336.7903182740388
321	1 6	1 8	1 17	1 19	-11.002696839883281
322	1 6	1 8	1 19	1 21	12.374613822919319
323	1 6	1 8	1 21	1 23	195.06819941925727
324	1 6	1 8	1 23	1 25	-180.0572441779505
325	1 6	1 8	1 10	1 12	-44.642792928639665
326	1 6	1 8	1 12	1 14	41.930175899280194
327	1 6	1 8	1 14	1 16	720.3978377523858
328	1 6	1 8	1 16	1 18	-698.5154390550886
329	1 6	1 8	1 18	1 20	-8.85406814295306
330	1 6	1 8	1 20	1 22	74.08351256468565
331	1 6	1 8	1 22	1 24	325.63912095290067
332	1 6	1 8	1 24	1 26	-368.8929567757086
333	1 6	1 8	1 26	1 28	8.907253406393323
334	1 6	1 8	1 28	1 30	74.68188927838926
335	1 6	1 8	1 27	1 29	30.581098605850983
336	1 6	1 8	1 29	1 31	128.0405960919444
337	1 6	1 8	1 33	1 35	8.572447759835486
338	1 6	1 8	1 35	1 37	31.585403808827834
339	1 6	1 8	1 37	1 39	79.1431105687181
340	1 6	1 8	1 39	1 41	-106.03136804726788
341	1 6	1 8	1 41	1 43	10.122186086628624
342	1 6	1 8	1 43	1 45	28.743844853816093
343	1 6	1 8	1 45	1 47	49.23336406133666
344	1 6	1 8	1 30	1 32	146.19019213482864
345	1 6	1 8	1 34	1 36	15.397931802932257
346	1 6	1 8	1 36	1 38	55.83923472301542
347	1 6	1 8	1 38	1 40	85.33951325783579
348	1 6	1 8	1 40	1 42	-141.76927625500463
349	1 6	1 8	1 42	1 44	17.55358955197824
350	1 6	1 8	1 44	1 46	41.52964962840164
351	1 6	1 8	1 46	1 48	50.618345504164395
352	1 6	1 8	1 48	1 50	-100.13334981904589
353	1 6	1 8	1 47	1 49	-78.41084486166008
354	1 6	1 8	1 49	1 51	9.397761966386444
355	1 6	1 8	1 51	1 53	24.902100810680004
356	1 6	1 8	1 53	1 55	35.991850718902995
357	1 6	1 8	1 55	1 57	-63.24993964827137
358	1 6	1 8	1 57	1 59	8.187799171924949
359	1 6	1 8	1 59	1 61	20.516305549458384
360	1 6	1 8	1 61	1 63	27.10958698322829
361	1 6	1 8	1 63	1 65	-51.48390839849566
362	1 6	1 8	1 65	1 67	8.030978567202428
363	1 6	1 8	1 50	1 52	16.677116775740018
364	1 6	1 8	1 52	1 54	30.5411947497757
365	1 6	1 8	1 54	1 56	32.85116940225183
366	1 6	1 8	1 56	1 58	-73.89275692419824
367	1 6	1 8	1 58	1 60	16.025716131161623
368	1 6	1 8	1 60	1 62	24.489928978431863
369	1 6	1 8	1 62	1 64	21.9183217900089
370	1 6	1 8	1 64	1 66	-58.10175793702376
371	1 6	1 8	1 66	1 68	14.53995363110954
372	1 6	1 8	1 68	1 70	19.96452794337351
373	1 6	1 8	1 67	1 69	17.745412353036883
374	1 6	1 8	1 69	1 71	19.106314237197246
375	1 6	1 8	1 71	1 1	-126.1273276474769
376	1 6	1 8	1 70	1 72	12.414463772086016
377	1 7	1 9	1 8	1 10	1573.1370796319798
378	1 7	1 9	1 10	1 12	-524.9294115965233
379	1 7	1 9	1 12	1 14	-426.5385066699605
380	1 7	1 9	1 14	1 16	-244.3895153985507
381	1 7	1 9	1 16	1 18	1022.3723214285715
382	1 7	1 9	1 24	1 26	707.6280161149826
383	1 7	1 9	1 23	1 25	742.4333988255553
384	1 7	1 9	1 28	1 30	-221.04425688504182
385	1 7	1 9	1 30	1 32	-115.7570902072031
386	1 7	1 9	1 32	1 34	476.7119506592535
387	1 7	1 9	1 34	1 36	-155.71907939328435
388	1 7	1 9	1 36	1 38	-151.89308727347964
389	1 7	1 9	1 38	1 40	-102.90361260031574
390	1 7	1 9	1 40	1 42	355.3394536903039
391	1 7	1 9	1 42	1 44	-109.71153291572789
392	1 7	1 9	1 44	1 46	-113.98498575462456
393	1 7	1 9	1 46	1 48	-76.40000145933917
394	1 7	1 9	1 31	1 33	513.9932790908442
395	1 7	1 9	1 33	1 35	-158.0976216240372
396	1 7	1 9	1 35	1 37	-157.73706383744005
397	1 7	1 9	1 37	1 39	-133.11293012978328
398	1 7	1 9	1 39	1 41	357.0521732231021
399	1 7	1 9	1 41	1 43	-97.88983195332221
400	1 7	1 9	1 43	1 45	-114.64694173775445
401	1 7	1 9	1 45	1 47	-98.0276068891024
402	1 7	1 9	1 47	1 49	256.14765556158824
403	1 7	1 9	1 49	1 51	-61.679956276740995
404	1 7	1 9	1 48	1 50	268.86128569577636
405	1 7	1 9	1 50	1 52	-82.24131483349277
406	1 7	1 9	1 52	1 54	-86.80961967101679
407	1 7	1 9	1 54	1 56	-60.58607106251279
408	1 7	1 9	1 56	1 58	208.81583632552162
409	1 7	1 9	1 58	1 60	-66.99375720309862
410	1 7	1 9	1 60	1 62	-70.03316935002982
411	1 7	1 9	1 62	1 64	-46.438580745823586
412	1 7	1 9	1 64	1 66	169.0697032124234
413	1 7	1 9	1 66	1 68	-54.85022968177098
414	1 7	1 9	1 51	1 53	-90.54727124538762
415	1 7	1 9	1 53	1 55	-80.82540392962909
416	1 7	1 9	1 55	1 57	201.79836708033963
417	1 7	1 9	1 57	1 59	-41.31736060222267
418	1 7	1 9	1 59	1 61	-72.61207405017842
419	1 7	1 9	1 61	1 63	-66.0186869936212
420	1 7	1 9	1 63	1 65	162.2434373496856
421	1 7	1 9	1 65	1 67	-33.65848196053112
422	1 7	1 9	1 67	1 69	-59.84955835470908
423	1 7	1 9	1 69	1 71	-50.318533653741184
424	1 7	1 9	1 68	1 70	-58.436810885381945
425	1 7	1 9	1 70	1 72	-29.819117766401888
426	1 8	1 10	1 15	1 17	985.0152208242503
427	1 8	1 10	1 29	1 31	-237.6095016421771
428	1 8	1 10	1 31	1 33	494.2802627500947
429	1 8	1 10	1 33	1 35	-106.55466328663363
430	1 8	1 10	1 35	1 37	-153.0590703438508
431	1 8	1 10	1 37	1 39	-165.23983000961937
432	1 8	1 10	1 39	1 41	350.8691971830986
433	1 8	1 10	1 41	1 43	-74.11588332591319
434	1 8	1 10	1 43	1 45	-111.78636664566628
435	1 8	1 10	1 45	1 47	-114.44753256645532
436	1 8	1 10	1 47	1 49	254.4587285618473
437	1 8	1 10	1 32	1 34	524.7475337995338
438	1 8	1 10	1 34	1 36	-128.5263040093912
439	1 8	1 10	1 36	1 38	-167.83267721487147
440	1 8	1 10	1 38	1 40	-143.94682365826944
441	1 8	1 10	1 40	1 42	382.43287272727275
442	1 8	1 10	1 42	1 44	-95.04442739305583
443	1 8	1 10	1 44	1 46	-122.21576994434137
444	1 8	1 10	1 46	1 48	-98.0030133903951
445	1 8	1 10	1 48	1 50	281.6341717015597
446	1 8	1 10	1 50	1 52	-73.54460440262457
447	1 8	1 10	1 49	1 51	-51.5655172360622
448	1 8	1 10	1 51	1 53	-89.13270321936352
449	1 8	1 10	1 53	1 55	-90.92216686201877
450	1 8	1 10	1 55	1 57	202.43157481889352
451	1 8	1 10	1 57	1 59	-36.44949011821798
452	1 8	1 10	1 59	1 61	-71.17008147869018
453	1 8	1 10	1 61	1 63	-72.1730610470738
454	1 8	1 10	1 63	1 65	163.16091547573816
455	1 8	1 10	1 65	1 67	-31.20789925277157
456	1 8	1 10	1 67	1 69	-59.28841190138091
457	1 8	1 10	1 52	1 54	-91.33068218473076
458	1 8	1 10	1 54	1 56	-72.47413461895653
459	1 8	1 10	1 56	1 58	216.42106045340503
460	1 8	1 10	1 58	1 60	-62.672731079196936
461	1 8	1 10	1 60	1 62	-73.1596679807659
462	1 8	1 10	1 62	1 64	-53.04715984704937
463	1 8	1 10	1 64	1 66	174.30384034134545
464	1 8	1 10	1 66	1 68	-52.63187323960656
465	1 8	1 10	1 68	1 70	-60.15906272725898
466	1 8	1 10	1 70	1 72	-32.90012916836625
467	1 8	1 10	1 69	1 71	-53.21328155870999
468	1 8	1 10	1 71	1 1	674.5426943366178
469	1 9	1 11	1 10	1 12	353.696289761125
470	1 9	1 11	1 12	1 14	-78.94126274350762
471	1 9	1 11	1 14	1 16	-21.33520525574031
472	1 9	1 11	1 18	1 20	241.50867540669822
473	1 9	1 11	1 20	1 22	-29.23750441524409
474	1 9	1 11	1 22	1 24	-15.825320711465723
475	1 9	1 11	1 24	1 26	-154.20475020257027
476	1 9	1 11	1 26	1 28	136.78510188723683
477	1 9	1 11	1 28	1 30	13.098426615109211
478	1 9	1 11	1 13	1 15	-34.68703351152352
479	1 9	1 11	1 17	1 19	447.60318462543626
480	1 9	1 11	1 19	1 21	16.274659928207065
481	1 9	1 11	1 21	1 23	-21.655880529818607
482	1 9	1 11	1 23	1 25	-274.94203512212516
483	1 9	1 11	1 25	1 27	212.3407626827593
484	1 9	1 11	1 27	1 29	55.05992839790308
485	1 9	1 11	1 29	1 31	-1.9830457865708155
486	1 9	1 11	1 30	1 32	-5.2806463918171875
487	1 9	1 11	1 32	1 34	-116.59451714258313
488	1 9	1 11	1 34	1 36	80.79041429463561
489	1 9	1 11	1 36	1 38	23.75857736655542
490	1 9	1 11	1 38	1 40	5.38976696431919
491	1 9	1 11	1 40	1 42	-93.8363551757457
492	1 9	1 11	1 42	1 44	51.37537457075817
493	1 9	1 11	1 44	1 46	25.551844692967972
494	1 9	1 11	1 46	1 48	8.51110649889402
495	1 9	1 11	1 48	1 50	-75.17293173833534
496	1 9	1 11	1 33	1 35	110.50313218780533
497	1 9	1 11	1 35	1 37	49.097158057091285
498	1 9	1 11	1 37	1 39	10.528054300722385
499	1 9	1 11	1 39	1 41	-120.56580542623419
500	1 9	1 11	1 41	1 43	58.224155747257356
501	1 9	1 11	1 43	1 45	37.71553680288712
502	1 9	1 11	1 45	1 47	15.346450490424264
503	1 9	1 11	1 47	1 49	-84.87829139949683
504	1 9	1 11	1 49	1 51	31.82076617797285
505	1 9	1 11	1 51	1 53	30.04409055608734
506	1 9	1 11	1 50	1 52	35.21406637520871
507	1 9	1 11	1 52	1 54	22.7594493083394
508	1 9	1 11	1 54	1 56	9.984781564519873
509	1 9	1 11	1 56	1 58	-61.15178735745476
510	1 9	1 11	1 58	1 60	26.40655106927643
511	1 9	1 11	1 60	1 62	19.671168295532354
512	1 9	1 11	1 62	1 64	9.588722422577124
513	1 9	1 11	1 64	1 66	-50.920604690448556
514	1 9	1 11	1 66	1 68	20.332172839218284
515	1 9	1 11	1 68	1 70	17.1129798306684
516	1 9	1 11	1 53	1 55	16.561960983322393
517	1 9	1 11	1 55	1 57	-64.74883064798192
518	1 9	1 11	1 57	1 59	18.48298270403084
519	1 9	1 11	1 59	1 61	24.69953707786781
520	1 9	1 11	1 61	1 63	15.654452262559683
521	1 9	1 11	1 63	1 65	-51.81423605253434
522	1 9	1 11	1 65	1 67	13.462652215745287
523	1 9	1 11	1 67	1 69	20.00404030721732
524	1 9	1 11	1 69	1 71	13.29450478177376
525	1 9	1 11	1 70	1 72	7.137747066870633
526	1 10	1 12	1 11	1 13	252.74110842928553
527	1 10	1 12	1 13	1 15	-74.41502059664757
528	1 10	1 12	1 17	1 19	223.31581839289316
529	1 10	1 12	1 19	1 21	199.88898002558204
530	1 10	1 12	1 21	1 23	-29.74031728638975
531	1 10	1 12	1 23	1 25	-288.19450635328303
532	1 10	1 12	1 25	1 27	139.7034245822749
533	1 10	1 12	1 27	1 29	118.32736966541019
534	1 10	1 12	1 29	1 31	9.871402739030408
535	1 10	1 12	1 14	1 16	-36.69812382888556
536	1 10	1 12	1 18	1 20	369.1988216822706
537	1 10	1 12	1 22	1 24	-24.66000903355021
538	1 10	1 12	1 24	1 26	-226.4238748644244
539	1 10	1 12	1 26	1 28	161.29243717211463
540	1 10	1 12	1 28	1 30	53.37805584493559
541	1 10	1 12	1 30	1 32	-4.07560082754637
542	1 10	1 12	1 33	1 35	84.61658811419528
543	1 10	1 12	1 35	1 37	71.9813850772744
544	1 10	1 12	1 37	1 39	23.397358013943762
545	1 10	1 12	1 39	1 41	-136.56642700729927
546	1 10	1 12	1 41	1 43	49.78229624727152
547	1 10	1 12	1 43	1 45	47.90572980941103
548	1 10	1 12	1 45	1 47	24.717144489544534
549	1 10	1 12	1 47	1 49	-97.6823036148766
550	1 10	1 12	1 49	1 51	29.573065886841036
551	1 10	1 12	1 34	1 36	86.0132442482904
552	1 10	1 12	1 36	1 38	45.62988655956095
553	1 10	1 12	1 38	1 40	11.956341661721634
554	1 10	1 12	1 40	1 42	-118.43689691211401
555	1 10	1 12	1 42	1 44	53.46847211406893
556	1 10	1 12	1 44	1 46	37.62864021355942
557	1 10	1 12	1 46	1 48	14.5769365958528
558	1 10	1 12	1 48	1 50	-92.09711953947877
559	1 10	1 12	1 50	1 52	36.90157892292295
560	1 10	1 12	1 52	1 54	30.041806418212197
561	1 10	1 12	1 51	1 53	36.06282534386169
562	1 10	1 12	1 53	1 55	23.544924440051503
563	1 10	1 12	1 55	1 57	-75.2900183159916
564	1 10	1 12	1 57	1 59	18.42820485615101
565	1 10	1 12	1 59	1 61	28.529495400188473
566	1 10	1 12	1 61	1 63	20.755632323397137
567	1 10	1 12	1 63	1 65	-60.27676398236169
568	1 10	1 12	1 65	1 67	14.16588780210401
569	1 10	1 12	1 67	1 69	23.039142343633863
570	1 10	1 12	1 69	1 71	16.827414189253734
571	1 10	1 12	1 54	1 56	14.92231799114094
572	1 10	1 12	1 56	1 58	-73.33369074630903
573	1 10	1 12	1 58	1 60	28.36304635213277
574	1 10	1 12	1 60	1 62	24.713492030665076
575	1 10	1 12	1 62	1 64	13.266338327726913
576	1 10	1 12	1 64	1 66	-60.70490900484151
577	1 10	1 12	1 66	1 68	22.3689791289843
578	1 10	1 12	1 68	1 70	20.822693141043445
579	1 10	1 12	1 70	1 72	9.271183418179636
580	1 10	1 12	1 71	1 1	-408.81482159194877
581	1 11	1 13	1 12	1 14	244.64960014707233
582	1 11	1 13	1 14	1 16	-71.70941620451225
583	1 11	1 13	1 18	1 20	170.39469372899083
584	1 11	1 13	1 20	1 22	191.22207400009512
585	1 11	1 13	1 22	1 24	-36.51768608939152
586	1 11	1 13	1 24	1 26	-249.4105948881899
587	1 11	1 13	1 26	1 28	102.32717356323786
588	1 11	1 13	1 28	1 30	115.99644165202632
589	1 11	1 13	1 30	1 32	5.029972770217478
590	1 11	1 13	1 17	1 19	-2.369549983885423
591	1 11	1 13	1 23	1 25	-268.44502037606355
592	1 11	1 13	1 25	1 27	45.63037638618191
593	1 11	1 13	1 27	1 29	142.86678545181084
594	1 11	1 13	1 29	1 31	46.10550077266605
595	1 11	1 13	1 31	1 33	-191.23048659771695
596	1 11	1 13	1 33	1 35	43.57475777126638
597	1 11	1 13	1 32	1 34	-173.96805607937904
598	1 11	1 13	1 34	1 36	63.31751306007635
599	1 11	1 13	1 36	1 38	69.21345170249813
600	1 11	1 13	1 38	1 40	24.281211992372704
601	1 11	1 13	1 40	1 42	-130.96962855938835
602	1 11	1 13	1 42	1 44	42.945992708008106
603	1 11	1 13	1 44	1 46	47.44095964626986
604	1 11	1 13	1 46	1 48	23.10176070428171
605	1 11	1 13	1 48	1 50	-99.55755632197818
606	1 11	1 13	1 50	1 52	31.38935751468062
607	1 11	1 13	1 35	1 37	77.55871505620843
608	1 11	1 13	1 37	1 39	44.94229422777469
609	1 11	1 13	1 39	1 41	-135.34647249260934
610	1 11	1 13	1 41	1 43	31.9491559074933
611	1 11	1 13	1 43	1 45	49.298598559323636
612	1 11	1 13	1 45	1 47	35.86477694089038
613	1 11	1 13	1 47	1 49	-97.9726199626243
614	1 11	1 13	1 49	1 51	21.821859340355225
615	1 11	1 13	1 51	1 53	36.10525828323944
616	1 11	1 13	1 53	1 55	29.825973977167493
617	1 11	1 13	1 52	1 54	34.34377149745187
618	1 11	1 13	1 54	1 56	20.58489323083051
619	1 11	1 13	1 56	1 58	-78.13692593194983
620	1 11	1 13	1 58	1 60	25.499328687703596
621	1 11	1 13	1 60	1 62	26.9655922985998
622	1 11	1 13	1 62	1 64	16.5713077664536
623	1 11	1 13	1 64	1 66	-63.51155308569757
624	1 11	1 13	1 66	1 68	20.809903588941722
625	1 11	1 13	1 68	1 70	22.11911392548916
626	1 11	1 13	1 70	1 72	11.006526623322511
627	1 11	1 13	1 55	1 57	-76.28285247098437
628	1 11	1 13	1 57	1 59	15.10369994607933
629	1 11	1 13	1 59	1 61	28.020956419601585
630	1 11	1 13	1 61	1 63	24.536167698970992
631	1 11	1 13	1 63	1 65	-61.124508002605694
632	1 11	1 13	1 65	1 67	12.537836203914988
633	1 11	1 13	1 67	1 69	22.797463068214615
634	1 11	1 13	1 69	1 71	18.79254144405282
635	1 11	1 13	1 72	1 2	-276.87799252673625
636	1 12	1 14	1 13	1 15	287.928880443405
637	1 12	1 14	1 17	1 19	-28.07150878838748
638	1 12	1 14	1 19	1 21	172.94114915069048
639	1 12	1 14	1 21	1 23	182.90494543896654
640	1 12	1 14	1 25	1 27	8.027190513029463
641	1 12	1 14	1 27	1 29	105.77340187652884
642	1 12	1 14	1 29	1 31	117.65593514906888
643	1 12	1 14	1 20	1 22	329.9396865048987
644	1 12	1 14	1 24	1 26	-289.41328217557816
645	1 12	1 14	1 26	1 28	39.368193267484074
646	1 12	1 14	1 28	1 30	153.41908501194948
647	1 12	1 14	1 30	1 32	44.22481950208997
648	1 12	1 14	1 34	1 36	37.90468386928309
649	1 12	1 14	1 33	1 35	20.774149321067213
650	1 12	1 14	1 35	1 37	65.79888636156537
651	1 12	1 14	1 37	1 39	74.58950552978358
652	1 12	1 14	1 39	1 41	-138.76497239648683
653	1 12	1 14	1 41	1 43	19.99505399224861
654	1 12	1 14	1 43	1 45	45.8237705751985
655	1 12	1 14	1 45	1 47	48.802039084347975
656	1 12	1 14	1 47	1 49	-99.42233716573203
657	1 12	1 14	1 49	1 51	16.07221988171841
658	1 12	1 14	1 51	1 53	34.86731260315236
659	1 12	1 14	1 36	1 38	83.19086023905254
660	1 12	1 14	1 38	1 40	49.53497453353807
661	1 12	1 14	1 42	1 44	32.12806867230457
662	1 12	1 14	1 44	1 46	53.56181063068398
663	1 12	1 14	1 46	1 48	36.86588562011907
664	1 12	1 14	1 48	1 50	-109.39650217024993
665	1 12	1 14	1 50	1 52	26.153650160681266
666	1 12	1 14	1 52	1 54	37.37985321414223
667	1 12	1 14	1 54	1 56	28.175912122723645
668	1 12	1 14	1 53	1 55	36.94868280398218
669	1 12	1 14	1 55	1 57	-77.81316273245223
670	1 12	1 14	1 57	1 59	12.454909756233654
671	1 12	1 14	1 59	1 61	27.27968089565463
672	1 12	1 14	1 61	1 63	28.74171048431804
673	1 12	1 14	1 63	1 65	-62.57490131060621
674	1 12	1 14	1 65	1 67	11.233805149089182
675	1 12	1 14	1 67	1 69	22.631367550506525
676	1 12	1 14	1 69	1 71	21.08811415169225
677	1 12	1 14	1 56	1 58	-83.69320740773854
678	1 12	1 14	1 58	1 60	22.840848626355967
679	1 12	1 14	1 60	1 62	29.033647923636682
680	1 12	1 14	1 62	1 64	20.88132830136812
681	1 12	1 14	1 64	1 66	-67.30787958354895
682	1 12	1 14	1 66	1 68	19.567023929123962
683	1 12	1 14	1 68	1 70	23.52985466705732
684	1 12	1 14	1 70	1 72	12.872612167568466
685	1 13	1 15	1 14	1 16	305.1852921595739
686	1 13	1 15	1 18	1 20	-29.409819821154976
687	1 13	1 15	1 20	1 22	178.22108145996373
688	1 13	1 15	1 22	1 24	232.4228340012007
689	1 13	1 15	1 26	1 28	6.1221574243980115
690	1 13	1 15	1 28	1 30	116.908502131754
691	1 13	1 15	1 30	1 32	119.66182190790397
692	1 13	1 15	1 32	1 34	-214.1674802732685
693	1 13	1 15	1 17	1 19	-19.667516548650152
694	1 13	1 15	1 19	1 21	-0.43118992845929094
695	1 13	1 15	1 21	1 23	336.0616173615115
696	1 13	1 15	1 23	1 25	-296.83732263225534
697	1 13	1 15	1 27	1 29	42.38500578409796
698	1 13	1 15	1 29	1 31	164.12804480247877
699	1 13	1 15	1 33	1 35	8.52253731964694
700	1 13	1 15	1 35	1 37	40.887689801430604
701	1 13	1 15	1 34	1 36	18.086628802688928
702	1 13	1 15	1 36	1 38	73.16745617738174
703	1 13	1 15	1 38	1 40	80.88018273955774
704	1 13	1 15	1 40	1 42	-154.37357526472573
705	1 13	1 15	1 42	1 44	21.034172801931323
706	1 13	1 15	1 44	1 46	50.21281420116372
707	1 13	1 15	1 46	1 48	50.52595399830694
708	1 13	1 15	1 48	1 50	-110.50457616150118
709	1 13	1 15	1 50	1 52	19.633129499850014
710	1 13	1 15	1 52	1 54	35.41595231099048
711	1 13	1 15	1 37	1 39	91.5284935161001
712	1 13	1 15	1 41	1 43	11.483056212976841
713	1 13	1 15	1 43	1 45	35.17114625523243
714	1 13	1 15	1 45	1 47	55.18842204594631
715	1 13	1 15	1 47	1 49	-90.3628522699491
716	1 13	1 15	1 49	1 51	10.91929512522959
717	1 13	1 15	1 51	1 53	29.313200699166238
718	1 13	1 15	1 53	1 55	39.82242720273878
719	1 13	1 15	1 55	1 57	-72.07071506209796
720	1 13	1 15	1 54	1 56	34.19823618384635
721	1 13	1 15	1 56	1 58	-82.28349235617844
722	1 13	1 15	1 58	1 60	18.59159209011017
723	1 13	1 15	1 60	1 62	27.752564483111144
724	1 13	1 15	1 62	1 64	23.408676122336118
725	1 13	1 15	1 64	1 66	-64.56082653178964
726	1 13	1 15	1 66	1 68	16.693645225565696
727	1 13	1 15	1 68	1 70	22.481359654846088
728	1 13	1 15	1 70	1 72	13.647762338444043
729	1 13	1 15	1 57	1 59	9.519335776076879
730	1 13	1 15	1 59	1 61	23.73845771574355
731	1 13	1 15	1 61	1 63	29.97692328659103
732	1 13	1 15	1 63	1 65	-58.34521809583514
733	1 13	1 15	1 65	1 67	9.270553700590025
734	1 13	1 15	1 67	1 69	20.320777649540943
735	1 13	1 15	1 69	1 71	21.241112392517117
736	1 14	1 16	1 17	1 19	-13.199318394894386
737	1 14	1 16	1 19	1 21	-29.17317474143772
738	1 14	1 16	1 21	1 23	210.16206966630358
739	1 14	1 16	1 25	1 27	-4.120280077000465
740	1 14	1 16	1 27	1 29	10.113603308161117
741	1 14	1 16	1 29	1 31	142.8455039185048
742	1 14	1 16	1 33	1 35	4.002207330533138
743	1 14	1 16	1 18	1 20	-20.01993599628246
744	1 14	1 16	1 22	1 24	481.36675512903764
745	1 14	1 16	1 24	1 26	-440.9831381974947
746	1 14	1 16	1 26	1 28	-1.9999601531984479
747	1 14	1 16	1 28	1 30	55.71201789288985
748	1 14	1 16	1 30	1 32	193.34313513965935
749	1 14	1 16	1 34	1 36	8.72011720330385
750	1 14	1 16	1 36	1 38	52.516627541436215
751	1 14	1 16	1 35	1 37	23.354491249366518
752	1 14	1 16	1 37	1 39	87.89290018513381
753	1 14	1 16	1 39	1 41	-103.38407010971366
754	1 14	1 16	1 41	1 43	7.177802403169698
755	1 14	1 16	1 43	1 45	25.778853148676085
756	1 14	1 16	1 45	1 47	53.88848789560423
757	1 14	1 16	1 47	1 49	-77.9108006167412
758	1 14	1 16	1 49	1 51	7.750504031730662
759	1 14	1 16	1 51	1 53	23.66420834030452
760	1 14	1 16	1 53	1 55	38.743458394758036
761	1 14	1 16	1 38	1 40	104.46604985504663
762	1 14	1 16	1 42	1 44	13.94167872638831
763	1 14	1 16	1 44	1 46	41.324758849630186
764	1 14	1 16	1 46	1 48	59.49606416763824
765	1 14	1 16	1 48	1 50	-105.60413345301984
766	1 14	1 16	1 50	1 52	14.74773795086256
767	1 14	1 16	1 52	1 54	30.889418031881686
768	1 14	1 16	1 54	1 56	37.16713835172229
769	1 14	1 16	1 56	1 58	-76.70065383837242
770	1 14	1 16	1 55	1 57	-63.74019852617501
771	1 14	1 16	1 57	1 59	7.359904496690261
772	1 14	1 16	1 59	1 61	19.991782873337073
773	1 14	1 16	1 61	1 63	28.88558502400454
774	1 14	1 16	1 63	1 65	-52.177171506050215
775	1 14	1 16	1 65	1 67	7.5943278172817985
776	1 14	1 16	1 67	1 69	17.635785860267646
777	1 14	1 16	1 69	1 71	20.08823000402169
778	1 14	1 16	1 58	1 60	14.968689094699108
779	1 14	1 16	1 60	1 62	24.93232774118094
780	1 14	1 16	1 62	1 64	24.064211491702373
781	1 14	1 16	1 64	1 66	-59.77985382806209
782	1 14	1 16	1 66	1 68	14.014214558899862
783	1 14	1 16	1 68	1 70	20.425564507358523
784	1 14	1 16	1 70	1 72	13.459820512256627
785	1 15	1 17	1 16	1 18	1009.4306013431012
786	1 15	1 17	1 18	1 20	-403.7786509143609
787	1 15	1 17	1 20	1 22	-326.1025509936553
788	1 15	1 17	1 22	1 24	-169.5134818884819
789	1 15	1 17	1 24	1 26	787.9914762803046
790	1 15	1 17	1 26	1 28	-291.6505858440937
791	1 15	1 17	1 28	1 30	-245.34864170779662
792	1 15	1 17	1 32	1 34	546.3917254602572
793	1 15	1 17	1 34	1 36	-193.0484637022612
794	1 15	1 17	1 19	1 21	-314.32990695860497
795	1 15	1 17	1 23	1 25	922.8004388283811
796	1 15	1 17	1 27	1 29	-251.30519355907956
797	1 15	1 17	1 31	1 33	617.2848471726568
798	1 15	1 17	1 33	1 35	-210.0906754473417
799	1 15	1 17	1 35	1 37	-182.4401754355461
800	1 15	1 17	1 36	1 38	-173.63201677875912
801	1 15	1 17	1 38	1 40	-111.74399299769183
802	1 15	1 17	1 40	1 42	415.53982300884957
803	1 15	1 17	1 42	1 44	-136.992522765515
804	1 15	1 17	1 44	1 46	-132.52784876243936
805	1 15	1 17	1 46	1 48	-84.95967964777468
806	1 15	1 17	1 48	1 50	314.7243946751655
807	1 15	1 17	1 50	1 52	-100.87824148487937
808	1 15	1 17	1 52	1 54	-101.1824533637004
809	1 15	1 17	1 54	1 56	-68.21380894584127
810	1 15	1 17	1 39	1 41	429.7950298296995
811	1 15	1 17	1 41	1 43	-127.80075717555906
812	1 15	1 17	1 43	1 45	-136.9990561920349
813	1 15	1 17	1 45	1 47	-111.97394777265745
814	1 15	1 17	1 47	1 49	308.26570109151976
815	1 15	1 17	1 49	1 51	-78.5278080697928
816	1 15	1 17	1 51	1 53	-107.73569716775599
817	1 15	1 17	1 53	1 55	-92.58320041608876
818	1 15	1 17	1 55	1 57	239.62725274725273
819	1 15	1 17	1 57	1 59	-51.00019942188868
820	1 15	1 17	1 56	1 58	246.77070050103526
821	1 15	1 17	1 58	1 60	-81.71658178164503
822	1 15	1 17	1 60	1 62	-82.4018729146172
823	1 15	1 17	1 62	1 64	-53.364429014115586
824	1 15	1 17	1 64	1 66	199.32071513873166
825	1 15	1 17	1 66	1 68	-66.35170627790136
826	1 15	1 17	1 68	1 70	-68.77419308031179
827	1 15	1 17	1 70	1 72	-34.655482999741025
828	1 15	1 17	1 72	1 2	409.1333842757683
829	1 15	1 17	1 59	1 61	-86.47543855491595
830	1 15	1 17	1 61	1 63	-76.18197210150373
831	1 15	1 17	1 63	1 65	191.76656825826612
832	1 15	1 17	1 65	1 67	-40.921177682822744
833	1 15	1 17	1 67	1 69	-71.27004687762874
834	1 15	1 17	1 69	1 71	-58.58973262439038
835	1 15	1 17	1 71	1 1	544.1344366219498
836	1 16	1 18	1 21	1 23	-347.9939152555162
837	1 16	1 18	1 23	1 25	759.797839003234
838	1 16	1 18	1 31	1 33	560.8084849730619
839	1 16	1 18	1 33	1 35	-114.85365367537449
840	1 16	1 18	1 24	1 26	973.7360598738877
841	1 16	1 18	1 32	1 34	602.646910798122
842	1 16	1 18	1 37	1 39	-191.3379225649328
843	1 16	1 18	1 39	1 41	407.9268778280543
844	1 16	1 18	1 41	1 43	-83.64343585667115
845	1 16	1 18	1 43	1 45	-132.47738085169365
846	1 16	1 18	1 45	1 47	-133.8075693097752
847	1 16	1 18	1 47	1 49	294.8688660155608
848	1 16	1 18	1 49	1 51	-58.32887274069949
849	1 16	1 18	1 51	1 53	-103.16647323264971
850	1 16	1 18	1 53	1 55	-104.85649280277052
851	1 16	1 18	1 55	1 57	233.0977719227905
852	1 16	1 18	1 40	1 42	441.4200163178292
853	1 16	1 18	1 42	1 44	-111.09679315944283
854	1 16	1 18	1 44	1 46	-143.08714475466914
855	1 16	1 18	1 46	1 48	-114.08102453354645
856	1 16	1 18	1 48	1 50	327.60102882684623
857	1 16	1 18	1 50	1 52	-85.37258971878536
858	1 16	1 18	1 52	1 54	-105.60869876450694
859	1 16	1 18	1 54	1 56	-83.75621665387662
860	1 16	1 18	1 56	1 58	249.74174569248223
861	1 16	1 18	1 58	1 60	-71.93122123097373
862	1 16	1 18	1 57	1 59	-41.88232450108642
863	1 16	1 18	1 59	1 61	-82.59690710380099
864	1 16	1 18	1 61	1 63	-83.7231745354583
865	1 16	1 18	1 63	1 65	189.23309880719978
866	1 16	1 18	1 65	1 67	-35.97204066236023
867	1 16	1 18	1 67	1 69	-68.61362712068
868	1 16	1 18	1 69	1 71	-62.217968563918916
869	1 16	1 18	1 71	1 1	475.7974316872597
870	1 16	1 18	1 60	1 62	-84.81082165757199
871	1 16	1 18	1 62	1 64	-61.56497849805328
872	1 16	1 18	1 64	1 66	201.5878428614488
873	1 16	1 18	1 66	1 68	-60.92826760959586
874	1 16	1 18	1 68	1 70	-69.84142299654147
875	1 16	1 18	1 70	1 72	-38.08605990103601
876	1 17	1 19	1 18	1 20	245.5958666730843
877	1 17	1 19	1 20	1 22	-59.71495901523263
878	1 17	1 19	1 22	1 24	-14.508949843745164
879	1 17	1 19	1 26	1 28	176.92880647968937
880	1 17	1 19	1 28	1 30	-24.252104503060405
881	1 17	1 19	1 30	1 32	-9.34774871876635
882	1 17	1 19	1 32	1 34	-122.56475984081027
883	1 17	1 19	1 34	1 36	108.6143104158631
884	1 17	1 19	1 36	1 38	9.276485242702602
885	1 17	1 19	1 21	1 23	-25.01432839771651
886	1 17	1 19	1 25	1 27	383.6174444023628
887	1 17	1 19	1 29	1 31	-15.447990548497824
888	1 17	1 19	1 33	1 35	176.5132424985039
889	1 17	1 19	1 35	1 37	43.37469183022557
890	1 17	1 19	1 39	1 41	-142.90998782398964
891	1 17	1 19	1 40	1 42	-103.4376082544014
892	1 17	1 19	1 42	1 44	69.22376044346012
893	1 17	1 19	1 44	1 46	22.188637492659602
894	1 17	1 19	1 46	1 48	5.138550948929778
895	1 17	1 19	1 48	1 50	-85.32620378636648
896	1 17	1 19	1 50	1 52	46.693554932195255
897	1 17	1 19	1 52	1 54	23.601843632697594
898	1 17	1 19	1 54	1 56	8.378518446762447
899	1 17	1 19	1 56	1 58	-70.72998907743906
900	1 17	1 19	1 41	1 43	88.1724549000832
901	1 17	1 19	1 43	1 45	41.25245189858887
902	1 17	1 19	1 45	1 47	10.934958975944586
903	1 17	1 19	1 47	1 49	-102.73290438473347
904	1 17	1 19	1 49	1 51	45.73432409977755
905	1 17	1 19	1 51	1 53	35.15111233723038
906	1 17	1 19	1 53	1 55	15.360859624433727
907	1 17	1 19	1 55	1 57	-77.68507010629018
908	1 17	1 19	1 57	1 59	25.337440485272346
909	1 17	1 19	1 59	1 61	29.845998933566108
910	1 17	1 19	1 58	1 60	34.21465077617033
911	1 17	1 19	1 60	1 62	21.766321674720466
912	1 17	1 19	1 62	1 64	9.266354084527071
913	1 17	1 19	1 64	1 66	-59.233679656187334
914	1 17	1 19	1 66	1 68	25.779016763855658
915	1 17	1 19	1 68	1 70	19.62581888560658
916	1 17	1 19	1 70	1 72	7.526992238650795
917	1 17	1 19	1 61	1 63	16.04573223839823
918	1 17	1 19	1 63	1 65	-61.91233985206852
919	1 17	1 19	1 65	1 67	17.702063521643858
920	1 17	1 19	1 67	1 69	24.288291743726923
921	1 17	1 19	1 69	1 71	14.567448713311444
922	1 18	1 20	1 19	1 21	217.68556403358713
923	1 18	1 20	1 21	1 23	-55.803802413178744
924	1 18	1 20	1 25	1 27	182.90382167116292
925	1 18	1 20	1 27	1 29	153.06542104382538
926	1 18	1 20	1 29	1 31	-22.980641693755864
927	1 18	1 20	1 33	1 35	111.63535193343948
928	1 18	1 20	1 35	1 37	91.91195452308457
929	1 18	1 20	1 37	1 39	9.821209663174368
930	1 18	1 20	1 22	1 24	-26.02461329607603
931	1 18	1 20	1 30	1 32	-15.061202533244149
932	1 18	1 20	1 34	1 36	126.0048448234157
933	1 18	1 20	1 36	1 38	38.61122032072054
934	1 18	1 20	1 38	1 40	2.9740959366818647
935	1 18	1 20	1 39	1 41	-158.34219411032768
936	1 18	1 20	1 41	1 43	65.06557177904816
937	1 18	1 20	1 43	1 45	58.95887595086566
938	1 18	1 20	1 45	1 47	21.19472334143114
939	1 18	1 20	1 47	1 49	-113.18665173236528
940	1 18	1 20	1 49	1 51	38.014502419586535
941	1 18	1 20	1 51	1 53	43.15531377137409
942	1 18	1 20	1 53	1 55	23.333224250393094
943	1 18	1 20	1 55	1 57	-87.19222288141378
944	1 18	1 20	1 57	1 59	23.09608015320637
945	1 18	1 20	1 42	1 44	70.81881044411438
946	1 18	1 20	1 44	1 46	39.27059629147587
947	1 18	1 20	1 46	1 48	10.22435258554113
948	1 18	1 20	1 48	1 50	-102.93901723799627
949	1 18	1 20	1 50	1 52	46.77084612748253
950	1 18	1 20	1 52	1 54	33.14202441630488
951	1 18	1 20	1 54	1 56	13.443885253727782
952	1 18	1 20	1 56	1 58	-83.10379140205015
953	1 18	1 20	1 58	1 60	34.95342410893072
954	1 18	1 20	1 60	1 62	27.667887370885335
955	1 18	1 20	1 59	1 61	34.0132652419144
956	1 18	1 20	1 61	1 63	21.935426075258036
957	1 18	1 20	1 63	1 65	-69.99629965688189
958	1 18	1 20	1 65	1 67	17.382864952197586
959	1 18	1 20	1 67	1 69	27.149305204326424
960	1 18	1 20	1 69	1 71	18.423122175907732
961	1 18	1 20	1 71	1 1	-252.9939367198903
962	1 18	1 20	1 62	1 64	13.192673125974576
963	1 18	1 20	1 64	1 66	-68.97609192962597
964	1 18	1 20	1 66	1 68	26.996308841015786
965	1 18	1 20	1 68	1 70	23.66856666555033
966	1 18	1 20	1 70	1 72	9.921460032529591
967	1 19	1 21	1 20	1 22	211.85401442630632
968	1 19	1 21	1 22	1 24	-62.347845059929405
969	1 19	1 21	1 26	1 28	148.51342482460726
970	1 19	1 21	1 28	1 30	158.67798585928813
971	1 19	1 21	1 30	1 32	-25.042421131405668
972	1 19	1 21	1 32	1 34	-209.74914394123692
973	1 19	1 21	1 34	1 36	88.91829770467453
974	1 19	1 21	1 36	1 38	93.16214822018466
975	1 19	1 21	1 38	1 40	13.767921511334865
976	1 19	1 21	1 25	1 27	2.693431953441382
977	1 19	1 21	1 27	1 29	270.79618502144706
978	1 19	1 21	1 29	1 31	1.4208880383865816
979	1 19	1 21	1 33	1 35	41.32383152465886
980	1 19	1 21	1 35	1 37	120.0257584828864
981	1 19	1 21	1 37	1 39	40.96801765436774
982	1 19	1 21	1 39	1 41	-166.96392816406262
983	1 19	1 21	1 41	1 43	36.7757415255059
984	1 19	1 21	1 40	1 42	-158.462969467506
985	1 19	1 21	1 42	1 44	57.312757928288576
986	1 19	1 21	1 44	1 46	61.84835282309635
987	1 19	1 21	1 46	1 48	21.522824392764186
988	1 19	1 21	1 48	1 50	-121.66253464139231
989	1 19	1 21	1 50	1 52	40.91852235076173
990	1 19	1 21	1 52	1 54	43.868379086767575
991	1 19	1 21	1 54	1 56	22.258605624506792
992	1 19	1 21	1 56	1 58	-96.07886095596618
993	1 19	1 21	1 58	1 60	32.596002265267444
994	1 19	1 21	1 43	1 45	68.73386165905762
995	1 19	1 21	1 45	1 47	40.533639255336354
996	1 19	1 21	1 49	1 51	26.83722808930724
997	1 19	1 21	1 51	1 53	47.74111995675463
998	1 19	1 21	1 53	1 55	35.43612170596394
999	1 19	1 21	1 55	1 57	-95.51643531906689
1000	1 19	1 21	1 57	1 59	18.914489804890916
1001	1 19	1 21	1 59	1 61	36.05698259174055
1002	1 19	1 21	1 61	1 63	29.709312178245796
1003	1 19	1 21	1 60	1 62	33.9283749894454
1004	1 19	1 21	1 62	1 64	19.168543606839545
1005	1 19	1 21	1 64	1 66	-78.24200834604221
1006	1 19	1 21	1 66	1 68	26.384178796340777
1007	1 19	1 21	1 68	1 70	27.673771362090463
1008	1 19	1 21	1 70	1 72	13.14601211579644
1009	1 19	1 21	1 63	1 65	-76.20670355120946
1010	1 19	1 21	1 65	1 67	15.809121126169066
1011	1 19	1 21	1 67	1 69	28.801159066870376
1012	1 19	1 21	1 69	1 71	23.024332135882194
1013	1 20	1 22	1 21	1 23	204.90445358218932
1014	1 20	1 22	1 25	1 27	-24.807007662884132
1015	1 20	1 22	1 27	1 29	147.5973325864187
1016	1 20	1 22	1 29	1 31	156.40425053392235
1017	1 20	1 22	1 33	1 35	8.492700057967168
1018	1 20	1 22	1 35	1 37	88.8433389730009
1019	1 20	1 22	1 37	1 39	98.69102302017757
1020	1 20	1 22	1 39	1 41	-173.43174645917117
1021	1 20	1 22	1 24	1 26	-282.05744827190927
1022	1 20	1 22	1 34	1 36	34.54406247102869
1023	1 20	1 22	1 36	1 38	123.78322404218633
1024	1 20	1 22	1 38	1 40	47.795053073712225
1025	1 20	1 22	1 40	1 42	-177.3142805581704
1026	1 20	1 22	1 42	1 44	35.596171566556876
1027	1 20	1 22	1 41	1 43	17.368311675344472
1028	1 20	1 22	1 43	1 45	59.3237181396863
1029	1 20	1 22	1 45	1 47	63.10440553782034
1030	1 20	1 22	1 47	1 49	-122.42600162250861
1031	1 20	1 22	1 49	1 51	16.785186970527416
1032	1 20	1 22	1 51	1 53	43.98561548227946
1033	1 20	1 22	1 53	1 55	46.63183394761984
1034	1 20	1 22	1 55	1 57	-95.67350965278268
1035	1 20	1 22	1 57	1 59	14.10440405205033
1036	1 20	1 22	1 59	1 61	33.64275621419984
1037	1 20	1 22	1 44	1 46	73.10497575408172
1038	1 20	1 22	1 46	1 48	41.79125195831231
1039	1 20	1 22	1 50	1 52	30.519618697820484
1040	1 20	1 22	1 52	1 54	48.31965664413802
1041	1 20	1 22	1 54	1 56	33.82905416349509
1042	1 20	1 22	1 56	1 58	-102.4314723579734
1043	1 20	1 22	1 58	1 60	27.204199773157242
1044	1 20	1 22	1 60	1 62	36.48514072805315
1045	1 20	1 22	1 62	1 64	25.4816387930438
1046	1 20	1 22	1 61	1 63	35.87158996968862
1047	1 20	1 22	1 63	1 65	-76.68942496741556
1048	1 20	1 22	1 65	1 67	13.235404242610896
1049	1 20	1 22	1 67	1 69	27.707093811689987
1050	1 20	1 22	1 69	1 71	26.095446156164076
1051	1 20	1 22	1 71	1 1	-160.41709217734692
1052	1 20	1 22	1 64	1 66	-82.41132691268675
1053	1 20	1 22	1 66	1 68	23.533238263723703
1054	1 20	1 22	1 68	1 70	29.153415235819995
1055	1 20	1 22	1 70	1 72	15.913099270391559
1056	1 21	1 23	1 22	1 24	245.44520543211743
1057	1 21	1 23	1 26	1 28	-23.2553303636106
1058	1 21	1 23	1 28	1 30	169.85202758357073
1059	1 21	1 23	1 30	1 32	163.81711510202277
1060	1 21	1 23	1 34	1 36	7.698810526236414
1061	1 21	1 23	1 36	1 38	103.49588473204798
1062	1 21	1 23	1 38	1 40	113.07894604983522
1063	1 21	1 23	1 40	1 42	-203.76179226384195
1064	1 21	1 23	1 25	1 27	-15.443915657406142
1065	1 21	1 23	1 31	1 33	-263.832753269785
1066	1 21	1 23	1 35	1 37	39.87935615997611
1067	1 21	1 23	1 37	1 39	144.2656932490541
1068	1 21	1 23	1 41	1 43	8.596377395520884
1069	1 21	1 23	1 43	1 45	41.697449954104584
1070	1 21	1 23	1 42	1 44	20.20119571875312
1071	1 21	1 23	1 44	1 46	68.44294488083561
1072	1 21	1 23	1 46	1 48	69.63113513157651
1073	1 21	1 23	1 48	1 50	-144.4668706854518
1074	1 21	1 23	1 50	1 52	22.006774360000932
1075	1 21	1 23	1 52	1 54	46.96255890987081
1076	1 21	1 23	1 54	1 56	46.74087892876091
1077	1 21	1 23	1 56	1 58	-106.92899761336517
1078	1 21	1 23	1 58	1 60	22.07897879498129
1079	1 21	1 23	1 60	1 62	36.35561727221891
1080	1 21	1 23	1 45	1 47	79.29100599141415
1081	1 21	1 23	1 49	1 51	10.823387879664093
1082	1 21	1 23	1 51	1 53	36.415021786492375
1083	1 21	1 23	1 53	1 55	54.81133077772641
1084	1 21	1 23	1 55	1 57	-92.7586507936508
1085	1 21	1 23	1 57	1 59	10.680186378534254
1086	1 21	1 23	1 59	1 61	29.68741722932954
1087	1 21	1 23	1 61	1 63	40.32042948801886
1088	1 21	1 23	1 63	1 65	-74.6282083561394
1089	1 21	1 23	1 62	1 64	31.71753917202705
1090	1 21	1 23	1 64	1 66	-83.83831839349645
1091	1 21	1 23	1 66	1 68	20.47984038214047
1092	1 21	1 23	1 68	1 70	29.354618707542734
1093	1 21	1 23	1 70	1 72	18.23053762873915
1094	1 21	1 23	1 65	1 67	11.064821141617898
1095	1 21	1 23	1 67	1 69	25.64962879156858
1096	1 21	1 23	1 69	1 71	28.10742115968293
1097	1 22	1 24	1 25	1 27	-8.990225317531188
1098	1 22	1 24	1 27	1 29	-20.7354893333346
1099	1 22	1 24	1 29	1 31	196.60682349446083
1100	1 22	1 24	1 35	1 37	13.431093384824965
1101	1 22	1 24	1 37	1 39	120.70593333217556
1102	1 22	1 24	1 39	1 41	-122.1027399380805
1103	1 22	1 24	1 41	1 43	4.8833341730825
1104	1 22	1 24	1 26	1 28	-13.384964738911941
1105	1 22	1 24	1 28	1 30	13.844577812257125
1106	1 22	1 24	1 30	1 32	340.8889768434409
1107	1 22	1 24	1 34	1 36	1.4040851226518423
1108	1 22	1 24	1 36	1 38	53.030769213283335
1109	1 22	1 24	1 38	1 40	162.9120275178982
1110	1 22	1 24	1 42	1 44	11.4864025307803
1111	1 22	1 24	1 44	1 46	48.83806837147553
1112	1 22	1 24	1 43	1 45	25.59096544698158
1113	1 22	1 24	1 45	1 47	72.70507409352297
1114	1 22	1 24	1 47	1 49	-93.3296267393879
1115	1 22	1 24	1 49	1 51	7.1079354213548385
1116	1 22	1 24	1 51	1 53	26.576078040578615
1117	1 22	1 24	1 53	1 55	51.93087344886223
1118	1 22	1 24	1 55	1 57	-78.11202877912702
1119	1 22	1 24	1 57	1 59	7.7508822516746765
1120	1 22	1 24	1 59	1 61	23.30001236958173
1121	1 22	1 24	1 61	1 63	37.94320683905273
1122	1 22	1 24	1 46	1 48	87.88840502996607
1123	1 22	1 24	1 50	1 52	14.965737219399351
1124	1 22	1 24	1 52	1 54	37.64907979729547
1125	1 22	1 24	1 54	1 56	52.45113939486846
1126	1 22	1 24	1 56	1 58	-97.85824456483331
1127	1 22	1 24	1 58	1 60	16.5830947050645
1128	1 22	1 24	1 60	1 62	31.045478235802186
1129	1 22	1 24	1 62	1 64	32.93817212998769
1130	1 22	1 24	1 64	1 66	-75.38545592836931
1131	1 22	1 24	1 63	1 65	-64.34887323324303
1132	1 22	1 24	1 65	1 67	8.562045984683099
1133	1 22	1 24	1 67	1 69	21.135420642791857
1134	1 22	1 24	1 69	1 71	25.961466749325503
1135	1 22	1 24	1 71	1 1	-109.08429582705051
1136	1 22	1 24	1 66	1 68	16.245456002159166
1137	1 22	1 24	1 68	1 70	25.558366645826112
1138	1 22	1 24	1 70	1 72	18.00097451541485
1139	1 23	1 25	1 24	1 26	818.5256124438686
1140	1 23	1 25	1 26	1 28	-325.34010394196906
1141	1 23	1 25	1 28	1 30	-293.94720614667034
1142	1 23	1 25	1 30	1 32	-122.5740228344556
1143	1 23	1 25	1 32	1 34	665.5233897391917
1144	1 23	1 25	1 34	1 36	-253.0930794594007
1145	1 23	1 25	1 40	1 42	512.4085566351054
1146	1 23	1 25	1 31	1 33	837.8001195527717
1147	1 23	1 25	1 33	1 35	-312.27163366336634
1148	1 23	1 25	1 39	1 41	549.0419213333635
1149	1 23	1 25	1 44	1 46	-164.39758247185185
1150	1 23	1 25	1 46	1 48	-99.57142949464661
1151	1 23	1 25	1 48	1 50	397.48712977477106
1152	1 23	1 25	1 50	1 52	-134.93048914084824
1153	1 23	1 25	1 52	1 54	-127.07170348434315
1154	1 23	1 25	1 54	1 56	-82.13232052414932
1155	1 23	1 25	1 56	1 58	311.8830793083032
1156	1 23	1 25	1 58	1 60	-107.24737698744929
1157	1 23	1 25	1 60	1 62	-103.68181773674914
1158	1 23	1 25	1 62	1 64	-65.13598161334968
1159	1 23	1 25	1 47	1 49	393.54197901049474
1160	1 23	1 25	1 49	1 51	-108.18517440743881
1161	1 23	1 25	1 51	1 53	-138.27781083582113
1162	1 23	1 25	1 53	1 55	-113.78248579209094
1163	1 23	1 25	1 55	1 57	307.2041418549637
1164	1 23	1 25	1 57	1 59	-68.57094088297482
1165	1 23	1 25	1 59	1 61	-111.38053048978333
1166	1 23	1 25	1 61	1 63	-94.62278340832268
1167	1 23	1 25	1 63	1 65	245.74168490667557
1168	1 23	1 25	1 65	1 67	-54.02764795202373
1169	1 23	1 25	1 64	1 66	253.58214461609595
1170	1 23	1 25	1 66	1 68	-86.6409460533825
1171	1 23	1 25	1 68	1 70	-87.31860658189619
1172	1 23	1 25	1 70	1 72	-43.069105110839864
1173	1 23	1 25	1 72	1 2	300.63464101624004
1174	1 23	1 25	1 67	1 69	-91.10142439281358
1175	1 23	1 25	1 69	1 71	-73.04683812772146
1176	1 23	1 25	1 71	1 1	379.3984334819638
1177	1 24	1 26	1 25	1 27	-131.81939776843535
1178	1 24	1 26	1 27	1 29	-316.29619954829786
1179	1 24	1 26	1 29	1 31	-322.1322502309436
1180	1 24	1 26	1 31	1 33	677.0805162688032
1181	1 24	1 26	1 33	1 35	-117.84422155274657
1182	1 24	1 26	1 35	1 37	-236.20646212834745
1183	1 24	1 26	1 37	1 39	-232.39785511040708
1184	1 24	1 26	1 39	1 41	496.5901151079137
1185	1 24	1 26	1 41	1 43	-93.52228404721731
1186	1 24	1 26	1 43	1 45	-168.1355441759841
1187	1 24	1 26	1 32	1 34	794.3005128205127
1188	1 24	1 26	1 40	1 42	547.6473293136
1189	1 24	1 26	1 45	1 47	-166.28754548591508
1190	1 24	1 26	1 47	1 49	365.5819408027759
1191	1 24	1 26	1 49	1 51	-69.00881929345141
1192	1 24	1 26	1 51	1 53	-130.2569555224324
1193	1 24	1 26	1 53	1 55	-131.93466805519398
1194	1 24	1 26	1 55	1 57	287.6363733240331
1195	1 24	1 26	1 57	1 59	-50.426576246102016
1196	1 24	1 26	1 59	1 61	-102.60876757392305
1197	1 24	1 26	1 61	1 63	-104.17378542510122
1198	1 24	1 26	1 63	1 65	234.0989789196311
1199	1 24	1 26	1 48	1 50	405.91096215612345
1200	1 24	1 26	1 50	1 52	-106.42179209556585
1201	1 24	1 26	1 52	1 54	-132.70641546777733
1202	1 24	1 26	1 54	1 56	-105.10713289166328
1203	1 24	1 26	1 56	1 58	311.5529911128797
1204	1 24	1 26	1 58	1 60	-89.10246966148605
1205	1 24	1 26	1 60	1 62	-105.34490155631096
1206	1 24	1 26	1 62	1 64	-76.71121453332992
1207	1 24	1 26	1 64	1 66	249.72242794742795
1208	1 24	1 26	1 66	1 68	-74.77256512516897
1209	1 24	1 26	1 65	1 67	-44.09224676566858
1210	1 24	1 26	1 67	1 69	-85.24760381561663
1211	1 24	1 26	1 69	1 71	-77.47780375003134
1212	1 24	1 26	1 71	1 1	345.1196516756512
1213	1 24	1 26	1 68	1 70	-86.96133254042472
1214	1 24	1 26	1 70	1 72	-47.7322697884055
1215	1 24	1 26	1 72	1 2	307.9371450688112
1216	1 25	1 27	1 26	1 28	204.99437794261632
1217	1 25	1 27	1 28	1 30	-63.252362396492934
1218	1 25	1 27	1 30	1 32	-10.743420525020767
1219	1 25	1 27	1 34	1 36	152.85933977405725
1220	1 25	1 27	1 36	1 38	-23.698250013831323
1221	1 25	1 27	1 38	1 40	-5.9654428670761135
1222	1 25	1 27	1 40	1 42	-116.5464047678383
1223	1 25	1 27	1 42	1 44	101.93185186900973
1224	1 25	1 27	1 44	1 46	10.446672264008381
1225	1 25	1 27	1 29	1 31	-23.179654033622924
1226	1 25	1 27	1 33	1 35	348.7555592296463
1227	1 25	1 27	1 37	1 39	-13.451787656665628
1228	1 25	1 27	1 41	1 43	155.10942149078494
1229	1 25	1 27	1 43	1 45	39.48942294278568
1230	1 25	1 27	1 45	1 47	1.8503949099317927
1231	1 25	1 27	1 48	1 50	-101.09446337018022
1232	1 25	1 27	1 50	1 52	68.69680498676382
1233	1 25	1 27	1 52	1 54	22.1784579901539
1234	1 25	1 27	1 54	1 56	5.083325895179586
1235	1 25	1 27	1 56	1 58	-85.56272666397689
1236	1 25	1 27	1 58	1 60	48.83444412274756
1237	1 25	1 27	1 60	1 62	24.10264524776606
1238	1 25	1 27	1 62	1 64	8.130890057686472
1239	1 25	1 27	1 64	1 66	-73.4723738831207
1240	1 25	1 27	1 49	1 51	75.35171124824478
1241	1 25	1 27	1 51	1 53	41.9022345453854
1242	1 25	1 27	1 53	1 55	11.658310986054879
1243	1 25	1 27	1 55	1 57	-100.1564519624082
1244	1 25	1 27	1 57	1 59	39.31959549227379
1245	1 25	1 27	1 59	1 61	38.44185181193477
1246	1 25	1 27	1 61	1 63	15.66243901158786
1247	1 25	1 27	1 63	1 65	-79.74139727427325
1248	1 25	1 27	1 65	1 67	25.956663489565564
1249	1 25	1 27	1 67	1 69	31.547438027904533
1250	1 25	1 27	1 66	1 68	35.94425724714678
1251	1 25	1 27	1 68	1 70	23.346900218588512
1252	1 25	1 27	1 70	1 72	7.7721476086887975
1253	1 25	1 27	1 69	1 71	16.09855128712625
1254	1 25	1 27	1 71	1 1	-167.38904417674513
1255	1 26	1 28	1 27	1 29	181.2746361597525
1256	1 26	1 28	1 29	1 31	-54.60284566286615
1257	1 26	1 28	1 33	1 35	151.73136548357402
1258	1 26	1 28	1 35	1 37	130.70985430641795
1259	1 26	1 28	1 37	1 39	-22.330071356985936
1260	1 26	1 28	1 39	1 41	-191.90923141122914
1261	1 26	1 28	1 41	1 43	92.2828186745657
1262	1 26	1 28	1 43	1 45	80.98826697371615
1263	1 26	1 28	1 45	1 47	9.572514271262374
1264	1 26	1 28	1 30	1 32	-20.29135198313942
1265	1 26	1 28	1 38	1 40	-10.613807524414003
1266	1 26	1 28	1 42	1 44	112.41961889632881
1267	1 26	1 28	1 44	1 46	35.10346683309632
1268	1 26	1 28	1 47	1 49	-139.90678383241746
1269	1 26	1 28	1 49	1 51	53.75897788599516
1270	1 26	1 28	1 51	1 53	56.92902368952686
1271	1 26	1 28	1 53	1 55	20.655619567710545
1272	1 26	1 28	1 55	1 57	-106.84462560307517
1273	1 26	1 28	1 57	1 59	31.858348251986122
1274	1 26	1 28	1 59	1 61	44.0975124248192
1275	1 26	1 28	1 61	1 63	22.59395121243017
1276	1 26	1 28	1 63	1 65	-86.45662983710397
1277	1 26	1 28	1 65	1 67	23.31735374745586
1278	1 26	1 28	1 50	1 52	67.26404273104772
1279	1 26	1 28	1 52	1 54	36.88014490108394
1280	1 26	1 28	1 54	1 56	9.21249415595204
1281	1 26	1 28	1 56	1 58	-98.89054634313123
1282	1 26	1 28	1 58	1 60	47.67791054894091
1283	1 26	1 28	1 60	1 62	32.252533998359354
1284	1 26	1 28	1 62	1 64	12.133614772249874
1285	1 26	1 28	1 64	1 66	-83.12258025173188
1286	1 26	1 28	1 66	1 68	35.65777236398307
1287	1 26	1 28	1 68	1 70	28.133575734544763
1288	1 26	1 28	1 67	1 69	34.60995178282171
1289	1 26	1 28	1 69	1 71	20.64090004034646
1290	1 26	1 28	1 71	1 1	-163.6127989829617
1291	1 26	1 28	1 70	1 72	10.352084778111978
1292	1 26	1 28	1 72	1 2	-124.89340658647706
1293	1 27	1 29	1 28	1 30	198.15480625781163
1294	1 27	1 29	1 30	1 32	-59.030187430984455
1295	1 27	1 29	1 34	1 36	137.1597865123211
1296	1 27	1 29	1 36	1 38	136.58622259821968
1297	1 27	1 29	1 38	1 40	-20.73685738637909
1298	1 27	1 29	1 40	1 42	-195.0213838194441
1299	1 27	1 29	1 42	1 44	83.83404876095688
1300	1 27	1 29	1 44	1 46	87.99878799416206
1301	1 27	1 29	1 46	1 48	9.479734057481927
1302	1 27	1 29	1 33	1 35	-1.9092633926874245
1303	1 27	1 29	1 35	1 37	246.96324981957366
1304	1 27	1 29	1 37	1 39	-2.857804324507012
1305	1 27	1 29	1 41	1 43	34.32129012501977
1306	1 27	1 29	1 43	1 45	112.22601317246617
1307	1 27	1 29	1 45	1 47	38.74986835149997
1308	1 27	1 29	1 47	1 49	-157.18457126699315
1309	1 27	1 29	1 49	1 51	31.7569116065372
1310	1 27	1 29	1 48	1 50	-151.86367763298438
1311	1 27	1 29	1 50	1 52	56.825139002739604
1312	1 27	1 29	1 52	1 54	60.34982975743259
1313	1 27	1 29	1 54	1 56	20.55010431696273
1314	1 27	1 29	1 56	1 58	-121.06941572821444
1315	1 27	1 29	1 58	1 60	44.31247992835736
1316	1 27	1 29	1 60	1 62	45.01399520045029
1317	1 27	1 29	1 62	1 64	21.05860802222361
1318	1 27	1 29	1 64	1 66	-100.06518361198567
1319	1 27	1 29	1 66	1 68	35.223163473334324
1320	1 27	1 29	1 51	1 53	70.12116752161393
1321	1 27	1 29	1 53	1 55	41.015190280359164
1322	1 27	1 29	1 57	1 59	24.15003429381895
1323	1 27	1 29	1 59	1 61	49.74008588953227
1324	1 27	1 29	1 61	1 63	36.276529132141256
1325	1 27	1 29	1 63	1 65	-99.2406327742722
1326	1 27	1 29	1 65	1 67	20.72345327061621
1327	1 27	1 29	1 67	1 69	38.57650830853501
1328	1 27	1 29	1 69	1 71	28.916241368996843
1329	1 27	1 29	1 68	1 70	36.24469112297233
1330	1 27	1 29	1 70	1 72	15.666536120831676
1331	1 27	1 29	1 71	1 1	-153.01010312505286
1332	1 28	1 30	1 29	1 31	200.26558952310143
1333	1 28	1 30	1 33	1 35	-23.904552484935092
1334	1 28	1 30	1 35	1 37	141.25318622529738
1335	1 28	1 30	1 37	1 39	149.93744236483485
1336	1 28	1 30	1 41	1 43	7.2504087371493435
1337	1 28	1 30	1 43	1 45	91.47425814061589
1338	1 28	1 30	1 45	1 47	94.99329619338201
1339	1 28	1 30	1 47	1 49	-174.28317865396377
1340	1 28	1 30	1 32	1 34	-265.42649867374007
1341	1 28	1 30	1 36	1 38	259.61236413687175
1342	1 28	1 30	1 38	1 40	9.539443800766065
1343	1 28	1 30	1 42	1 44	38.10022116036872
1344	1 28	1 30	1 44	1 46	124.41380842425508
1345	1 28	1 30	1 46	1 48	42.80876276528528
1346	1 28	1 30	1 50	1 52	38.49256542989918
1347	1 28	1 30	1 49	1 51	16.417621584561857
1348	1 28	1 30	1 51	1 53	64.78188655833586
1349	1 28	1 30	1 53	1 55	68.23096928095029
1350	1 28	1 30	1 55	1 57	-133.5404634581105
1351	1 28	1 30	1 57	1 59	16.95135099264141
1352	1 28	1 30	1 59	1 61	47.76509090191084
1353	1 28	1 30	1 61	1 63	51.19170270892992
1354	1 28	1 30	1 63	1 65	-106.8452351548832
1355	1 28	1 30	1 65	1 67	17.22077257510543
1356	1 28	1 30	1 67	1 69	38.740182260429165
1357	1 28	1 30	1 52	1 54	74.6848523586722
1358	1 28	1 30	1 54	1 56	42.92425628683241
1359	1 28	1 30	1 56	1 58	-139.19310358211996
1360	1 28	1 30	1 58	1 60	36.04523116156362
1361	1 28	1 30	1 60	1 62	53.251512637128634
1362	1 28	1 30	1 62	1 64	34.272340569014105
1363	1 28	1 30	1 64	1 66	-113.87606895735996
1364	1 28	1 30	1 66	1 68	31.753103137662944
1365	1 28	1 30	1 68	1 70	41.314352496518794
1366	1 28	1 30	1 70	1 72	21.966029823393036
1367	1 28	1 30	1 69	1 71	36.842053587177205
1368	1 28	1 30	1 71	1 1	-148.39749931266573
1369	1 28	1 30	1 72	1 2	-147.5893702092729
1370	1 29	1 31	1 30	1 32	233.85144856067376
1371	1 29	1 31	1 34	1 36	-24.574351009084257
1372	1 29	1 31	1 36	1 38	146.77504094385762
1373	1 29	1 31	1 38	1 40	184.96300886672412
1374	1 29	1 31	1 42	1 44	9.316782325879531
1375	1 29	1 31	1 44	1 46	98.73306410508224
1376	1 29	1 31	1 46	1 48	109.8504900991468
1377	1 29	1 31	1 48	1 50	-201.94240755310778
1378	1 29	1 31	1 33	1 35	-13.12405695032312
1379	1 29	1 31	1 35	1 37	-4.350680944787201
1380	1 29	1 31	1 37	1 39	285.5441056416769
1381	1 29	1 31	1 43	1 45	40.74035562627589
1382	1 29	1 31	1 45	1 47	131.67960343255396
1383	1 29	1 31	1 49	1 51	7.480457098322269
1384	1 29	1 31	1 51	1 53	43.66080546363067
1385	1 29	1 31	1 50	1 52	20.65050508229968
1386	1 29	1 31	1 52	1 54	65.55524833141318
1387	1 29	1 31	1 54	1 56	71.58418356107015
1388	1 29	1 31	1 56	1 58	-145.9066039997734
1389	1 29	1 31	1 58	1 60	24.836635326480987
1390	1 29	1 31	1 60	1 62	50.28582058882274
1391	1 29	1 31	1 62	1 64	47.14251594747257
1392	1 29	1 31	1 64	1 66	-113.8756154111209
1393	1 29	1 31	1 66	1 68	24.669278475601928
1394	1 29	1 31	1 68	1 70	39.96977265805545
1395	1 29	1 31	1 53	1 55	83.57518327968093
1396	1 29	1 31	1 57	1 59	10.635182473063471
1397	1 29	1 31	1 59	1 61	36.97997365382378
1398	1 29	1 31	1 61	1 63	58.93983264777324
1399	1 29	1 31	1 63	1 65	-99.47971845843006
1400	1 29	1 31	1 65	1 67	12.688322649983775
1401	1 29	1 31	1 67	1 69	32.92783304706329
1402	1 29	1 31	1 69	1 71	39.839902897297804
1403	1 29	1 31	1 71	1 1	-129.08012854102688
1404	1 29	1 31	1 70	1 72	26.461925297723198
1405	1 30	1 32	1 33	1 35	-6.216831632541231
1406	1 30	1 32	1 35	1 37	-21.760472311964058
1407	1 30	1 32	1 37	1 39	170.07037642595026
1408	1 30	1 32	1 43	1 45	13.267075271353558
1409	1 30	1 32	1 45	1 47	102.19638554202558
1410	1 30	1 32	1 47	1 49	-106.2613758693466
1411	1 30	1 32	1 49	1 51	3.858916798995719
1412	1 30	1 32	1 34	1 36	-12.364284280298634
1413	1 30	1 32	1 36	1 38	6.382675976463888
1414	1 30	1 32	1 38	1 40	316.98432714826157
1415	1 30	1 32	1 42	1 44	2.034801692580189
1416	1 30	1 32	1 44	1 46	46.27042697678287
1417	1 30	1 32	1 46	1 48	149.9149149418722
1418	1 30	1 32	1 50	1 52	10.787351334508575
1419	1 30	1 32	1 52	1 54	42.93778969122323
1420	1 30	1 32	1 51	1 53	24.37046715936887
1421	1 30	1 32	1 53	1 55	72.1739009103394
1422	1 30	1 32	1 55	1 57	-92.35058096889578
1423	1 30	1 32	1 57	1 59	6.536137358423199
1424	1 30	1 32	1 59	1 61	24.546220660333752
1425	1 30	1 32	1 61	1 63	51.866411651884974
1426	1 30	1 32	1 63	1 65	-78.08916532983484
1427	1 30	1 32	1 65	1 67	8.59541852213622
1428	1 30	1 32	1 67	1 69	24.07451004718687
1429	1 30	1 32	1 69	1 71	34.4968330005057
1430	1 30	1 32	1 54	1 56	82.221732481738
1431	1 30	1 32	1 58	1 60	15.668751418374239
1432	1 30	1 32	1 60	1 62	37.724337861311625
1433	1 30	1 32	1 62	1 64	48.726116734857996
1434	1 30	1 32	1 64	1 66	-96.29829023238113
1435	1 30	1 32	1 66	1 68	17.170064601755975
1436	1 30	1 32	1 68	1 70	31.71143170138385
1437	1 30	1 32	1 70	1 72	25.19232492037776
1438	1 30	1 32	1 72	1 2	-111.03865285609623
1439	1 30	1 32	1 71	1 1	-100.54484411878312
1440	1 31	1 33	1 32	1 34	770.2074389821707
1441	1 31	1 33	1 34	1 36	-300.2382350144983
1442	1 31	1 33	1 36	1 38	-255.60814738378903
1443	1 31	1 33	1 38	1 40	-154.8009601255014
1444	1 31	1 33	1 40	1 42	654.1633436535712
1445	1 31	1 33	1 42	1 44	-246.00114888933695
1446	1 31	1 33	1 44	1 46	-205.14371901071823
1447	1 31	1 33	1 48	1 50	511.3308079313406
1448	1 31	1 33	1 39	1 41	760.2948462580639
1449	1 31	1 33	1 41	1 43	-270.11137812331344
1450	1 31	1 33	1 43	1 45	-212.06365031002554
1451	1 31	1 33	1 47	1 49	519.8565027883847
1452	1 31	1 33	1 52	1 54	-163.48168223533267
1453	1 31	1 33	1 54	1 56	-102.36666922249083
1454	1 31	1 33	1 56	1 58	406.55833993660855
1455	1 31	1 33	1 58	1 60	-146.9385977973365
1456	1 31	1 33	1 60	1 62	-135.21741086793554
1457	1 31	1 33	1 62	1 64	-82.55611566605398
1458	1 31	1 33	1 64	1 66	333.40040232326794
1459	1 31	1 33	1 66	1 68	-117.24964799031378
1460	1 31	1 33	1 68	1 70	-114.22850156178363
1461	1 31	1 33	1 70	1 72	-55.33066087521311
1462	1 31	1 33	1 55	1 57	400.4429314955116
1463	1 31	1 33	1 57	1 59	-96.56728817650645
1464	1 31	1 33	1 59	1 61	-147.7209004090239
1465	1 31	1 33	1 61	1 63	-121.14000026376698
1466	1 31	1 33	1 63	1 65	325.6530105964489
1467	1 31	1 33	1 65	1 67	-74.3245002747244
1468	1 31	1 33	1 67	1 69	-121.62080949413698
1469	1 31	1 33	1 69	1 71	-94.90859307636866
1470	1 31	1 33	1 71	1 1	285.6366798018871
1471	1 31	1 33	1 72	1 2	236.91806424133708
1472	1 32	1 34	1 33	1 35	-117.29475795861576
1473	1 32	1 34	1 35	1 37	-293.1610413577424
1474	1 32	1 34	1 37	1 39	-295.1429830016584
1475	1 32	1 34	1 39	1 41	640.3546803248296
1476	1 32	1 34	1 41	1 43	-108.5821003865689
1477	1 32	1 34	1 43	1 45	-231.99629795882743
1478	1 32	1 34	1 45	1 47	-215.2210924543947
1479	1 32	1 34	1 47	1 49	480.8808884619806
1480	1 32	1 34	1 49	1 51	-86.37556512157751
1481	1 32	1 34	1 51	1 53	-177.06775992237368
1482	1 32	1 34	1 40	1 42	753.4250907990315
1483	1 32	1 34	1 48	1 50	539.7125309172329
1484	1 32	1 34	1 53	1 55	-174.68659802017586
1485	1 32	1 34	1 55	1 57	383.4891512501806
1486	1 32	1 34	1 57	1 59	-65.48638166212051
1487	1 32	1 34	1 59	1 61	-138.8305070781164
1488	1 32	1 34	1 61	1 63	-139.27587194337195
1489	1 32	1 34	1 63	1 65	308.96826197843643
1490	1 32	1 34	1 65	1 67	-57.974800669653604
1491	1 32	1 34	1 67	1 69	-114.13037217545414
1492	1 32	1 34	1 69	1 71	-103.32881910687667
1493	1 32	1 34	1 71	1 1	266.9449077168358
1494	1 32	1 34	1 56	1 58	413.09840585563677
1495	1 32	1 34	1 58	1 60	-120.68961845813622
1496	1 32	1 34	1 60	1 62	-140.71959079035224
1497	1 32	1 34	1 62	1 64	-102.96707296730531
1498	1 32	1 34	1 64	1 66	335.2014643825982
1499	1 32	1 34	1 66	1 68	-100.37603413559746
1500	1 32	1 34	1 68	1 70	-116.1096589056284
1501	1 32	1 34	1 70	1 72	-63.636105274500295
1502	1 32	1 34	1 72	1 2	247.2182952415462
1503	1 33	1 35	1 34	1 36	185.10914775772736
1504	1 33	1 35	1 36	1 38	-56.93388965603726
1505	1 33	1 35	1 38	1 40	-9.565077254305978
1506	1 33	1 35	1 42	1 44	150.57749493414389
1507	1 33	1 35	1 44	1 46	-22.67046557220675
1508	1 33	1 35	1 46	1 48	-7.13403323024041
1509	1 33	1 35	1 48	1 50	-114.67711227605139
1510	1 33	1 35	1 50	1 52	104.10357036595363
1511	1 33	1 35	1 52	1 54	9.851334703433402
1512	1 33	1 35	1 37	1 39	-21.832442902162185
1513	1 33	1 35	1 41	1 43	311.32710857589166
1514	1 33	1 35	1 45	1 47	-13.494731966797982
1515	1 33	1 35	1 49	1 51	135.50320235020894
1516	1 33	1 35	1 51	1 53	40.36454132130366
1517	1 33	1 35	1 53	1 55	1.284311838545205
1518	1 33	1 35	1 56	1 58	-101.64180848014948
1519	1 33	1 35	1 58	1 60	72.18968943597753
1520	1 33	1 35	1 60	1 62	22.27654176102766
1521	1 33	1 35	1 62	1 64	4.421241502159891
1522	1 33	1 35	1 64	1 66	-88.87575999953633
1523	1 33	1 35	1 66	1 68	51.53929085372984
1524	1 33	1 35	1 68	1 70	25.89147655593279
1525	1 33	1 35	1 70	1 72	6.669093897260597
1526	1 33	1 35	1 57	1 59	65.4896154684161
1527	1 33	1 35	1 59	1 61	47.60558790270011
1528	1 33	1 35	1 61	1 63	10.900879326483564
1529	1 33	1 35	1 63	1 65	-102.6222845881328
1530	1 33	1 35	1 65	1 67	40.223953055266435
1531	1 33	1 35	1 67	1 69	40.79394950644881
1532	1 33	1 35	1 69	1 71	15.725205323289282
1533	1 34	1 36	1 35	1 37	184.0942472949604
1534	1 34	1 36	1 37	1 39	-58.87344536859436
1535	1 34	1 36	1 39	1 41	-256.5483389570856
1536	1 34	1 36	1 41	1 43	144.16313958676037
1537	1 34	1 36	1 43	1 45	132.2967078703355
1538	1 34	1 36	1 45	1 47	-19.722587114509963
1539	1 34	1 36	1 47	1 49	-196.06802384978297
1540	1 34	1 36	1 49	1 51	87.71900843956578
1541	1 34	1 36	1 51	1 53	89.57913569248262
1542	1 34	1 36	1 53	1 55	11.925669267377778
1543	1 34	1 36	1 38	1 40	-20.939520123274512
1544	1 34	1 36	1 42	1 44	242.429509771051
1545	1 34	1 36	1 46	1 48	-12.605227087566373
1546	1 34	1 36	1 50	1 52	120.30471216113239
1547	1 34	1 36	1 52	1 54	40.568847129847214
1548	1 34	1 36	1 55	1 57	-151.33089187679855
1549	1 34	1 36	1 57	1 59	51.26957020093023
1550	1 34	1 36	1 59	1 61	67.78916622438813
1551	1 34	1 36	1 61	1 63	23.139905388176878
1552	1 34	1 36	1 63	1 65	-121.70542117499964
1553	1 34	1 36	1 65	1 67	36.62822249202864
1554	1 34	1 36	1 67	1 69	51.55176235283247
1555	1 34	1 36	1 69	1 71	25.177059601731486
1556	1 34	1 36	1 71	1 1	-119.01689664259584
1557	1 34	1 36	1 58	1 60	78.04934684582909
1558	1 34	1 36	1 60	1 62	41.04624621001984
1559	1 34	1 36	1 62	1 64	9.699398038880373
1560	1 34	1 36	1 64	1 66	-114.42326995901851
1561	1 34	1 36	1 66	1 68	55.59987773286386
1562	1 34	1 36	1 68	1 70	38.02532854558312
1563	1 34	1 36	1 70	1 72	11.357280050246622
1564	1 34	1 36	1 72	1 2	-96.31237380211617
1565	1 35	1 37	1 36	1 38	177.65271968190538
1566	1 35	1 37	1 38	1 40	-60.87192646824375
1567	1 35	1 37	1 42	1 44	134.85799310462906
1568	1 35	1 37	1 44	1 46	135.100615472026
1569	1 35	1 37	1 46	1 48	-23.231240227325287
1570	1 35	1 37	1 48	1 50	-200.27968466469105
1571	1 35	1 37	1 50	1 52	87.35642483756197
1572	1 35	1 37	1 52	1 54	92.72829050908669
1573	1 35	1 37	1 54	1 56	9.913109496143566
1574	1 35	1 37	1 41	1 43	-3.913489404447439
1575	1 35	1 37	1 43	1 45	240.33675945275905
1576	1 35	1 37	1 45	1 47	5.199746920394775
1577	1 35	1 37	1 49	1 51	32.34834331546304
1578	1 35	1 37	1 51	1 53	121.25230802018852
1579	1 35	1 37	1 53	1 55	42.662056891492796
1580	1 35	1 37	1 57	1 59	31.324317442855044
1581	1 35	1 37	1 56	1 58	-162.97543759749047
1582	1 35	1 37	1 58	1 60	65.95069333877385
1583	1 35	1 37	1 60	1 62	65.67048561464499
1584	1 35	1 37	1 62	1 64	20.763843262919316
1585	1 35	1 37	1 64	1 66	-135.62294518678067
1586	1 35	1 37	1 66	1 68	51.38467288755993
1587	1 35	1 37	1 68	1 70	51.13301671696974
1588	1 35	1 37	1 70	1 72	18.777030319227556
1589	1 35	1 37	1 59	1 61	77.05397242799911
1590	1 35	1 37	1 61	1 63	44.569811967356145
1591	1 35	1 37	1 63	1 65	-136.1121921576153
1592	1 35	1 37	1 65	1 67	28.67373602616309
1593	1 35	1 37	1 67	1 69	56.49019969492156
1594	1 35	1 37	1 69	1 71	37.993029702781115
1595	1 35	1 37	1 71	1 1	-127.04730619129035
1596	1 36	1 38	1 37	1 39	190.88871767218757
1597	1 36	1 38	1 41	1 43	-23.352991289462594
1598	1 36	1 38	1 43	1 45	139.22061915433
1599	1 36	1 38	1 45	1 47	142.4787262692859
1600	1 36	1 38	1 47	1 49	-241.10767050224308
1601	1 36	1 38	1 49	1 51	6.370953224452326
1602	1 36	1 38	1 51	1 53	96.30468309268181
1603	1 36	1 38	1 53	1 55	98.19211110575168
1604	1 36	1 38	1 55	1 57	-183.36292936814158
1605	1 36	1 38	1 46	1 48	-5.0522005684975095
1606	1 36	1 38	1 50	1 52	39.036139918088665
1607	1 36	1 38	1 52	1 54	123.73325784504429
1608	1 36	1 38	1 54	1 56	41.232012390556804
1609	1 36	1 38	1 58	1 60	44.11594406061793
1610	1 36	1 38	1 57	1 59	16.6450996972144
1611	1 36	1 38	1 59	1 61	66.98482401201666
1612	1 36	1 38	1 61	1 63	71.69170869510208
1613	1 36	1 38	1 63	1 65	-142.71303877434497
1614	1 36	1 38	1 65	1 67	20.47417721541554
1615	1 36	1 38	1 67	1 69	52.90575966220899
1616	1 36	1 38	1 69	1 71	50.65307696718746
1617	1 36	1 38	1 71	1 1	-138.1903640797755
1618	1 36	1 38	1 60	1 62	78.67461919278426
1619	1 36	1 38	1 62	1 64	40.991372296747585
1620	1 36	1 38	1 64	1 66	-148.8842257448768
1621	1 36	1 38	1 66	1 68	40.62586546063662
1622	1 36	1 38	1 68	1 70	57.79751652507522
1623	1 36	1 38	1 70	1 72	28.319057629050157
1624	1 36	1 38	1 72	1 2	-136.9125543526443
1625	1 37	1 39	1 38	1 40	214.56111655639955
1626	1 37	1 39	1 42	1 44	-22.051685086857358
1627	1 37	1 39	1 44	1 46	151.41205744646663
1628	1 37	1 39	1 46	1 48	151.74861101529422
1629	1 37	1 39	1 50	1 52	9.932680392295708
1630	1 37	1 39	1 52	1 54	94.73372279710304
1631	1 37	1 39	1 54	1 56	103.83976784103675
1632	1 37	1 39	1 56	1 58	-195.28075154480888
1633	1 37	1 39	1 41	1 43	-14.146143744745418
1634	1 37	1 39	1 43	1 45	6.50283811156373
1635	1 37	1 39	1 45	1 47	258.7444875641113
1636	1 37	1 39	1 51	1 53	44.69607906799827
1637	1 37	1 39	1 53	1 55	135.24327342200291
1638	1 37	1 39	1 57	1 59	7.764951305393037
1639	1 37	1 39	1 59	1 61	43.109800512920536
1640	1 37	1 39	1 58	1 60	23.62875643161147
1641	1 37	1 39	1 60	1 62	69.98737447828162
1642	1 37	1 39	1 62	1 64	68.02111361272807
1643	1 37	1 39	1 64	1 66	-150.5691752601872
1644	1 37	1 39	1 66	1 68	27.623611220721827
1645	1 37	1 39	1 68	1 70	53.90083737871839
1646	1 37	1 39	1 70	1 72	37.39231488325579
1647	1 37	1 39	1 61	1 63	86.80571951024525
1648	1 37	1 39	1 65	1 67	12.932867629900459
1649	1 37	1 39	1 67	1 69	40.64260593103981
1650	1 37	1 39	1 69	1 71	56.05572796599365
1651	1 38	1 40	1 39	1 41	-139.61206332565092
1652	1 38	1 40	1 41	1 43	-7.794617984500691
1653	1 38	1 40	1 43	1 45	-23.68743939706238
1654	1 38	1 40	1 45	1 47	147.32932953707106
1655	1 38	1 40	1 47	1 49	-110.4149343757945
1656	1 38	1 40	1 49	1 51	-2.488787500769651
1657	1 38	1 40	1 51	1 53	9.363985561269127
1658	1 38	1 40	1 53	1 55	104.05657761949284
1659	1 38	1 40	1 55	1 57	-104.5021201285802
1660	1 38	1 40	1 57	1 59	2.782421583892978
1661	1 38	1 40	1 42	1 44	-14.49218561862842
1662	1 38	1 40	1 52	1 54	37.575490629388376
1663	1 38	1 40	1 54	1 56	142.53968515046938
1664	1 38	1 40	1 56	1 58	-169.33949499977373
1665	1 38	1 40	1 58	1 60	9.629719803959617
1666	1 38	1 40	1 60	1 62	42.47515981245107
1667	1 38	1 40	1 59	1 61	19.934849181506827
1668	1 38	1 40	1 61	1 63	73.05295307443366
1669	1 38	1 40	1 63	1 65	-90.5276811507902
1670	1 38	1 40	1 65	1 67	6.729928233244644
1671	1 38	1 40	1 67	1 69	24.61185347158873
1672	1 38	1 40	1 69	1 71	46.88235503958266
1673	1 38	1 40	1 71	1 1	-81.98932714094926
1674	1 38	1 40	1 62	1 64	78.0146486880297
1675	1 38	1 40	1 66	1 68	15.152808103356037
1676	1 38	1 40	1 68	1 70	38.40545771603159
1677	1 38	1 40	1 70	1 72	37.52098301673513
1678	1 38	1 40	1 72	1 2	-94.20038602061676
1679	1 39	1 41	1 40	1 42	739.984821866719
1680	1 39	1 41	1 42	1 44	-302.47378165312944
1681	1 39	1 41	1 44	1 46	-263.8028401780791
1682	1 39	1 41	1 46	1 48	-120.24549439476763
1683	1 39	1 41	1 48	1 50	647.3505037115589
1684	1 39	1 41	1 50	1 52	-259.47521878552584
1685	1 39	1 41	1 52	1 54	-208.7085918298161
1686	1 39	1 41	1 56	1 58	529.0589798801075
1687	1 39	1 41	1 58	1 60	-206.65589463935606
1688	1 39	1 41	1 47	1 49	731.2181049859848
1689	1 39	1 41	1 55	1 57	541.9268937136044
1690	1 39	1 41	1 60	1 62	-176.62956441764737
1691	1 39	1 41	1 62	1 64	-99.59419420653288
1692	1 39	1 41	1 64	1 66	440.44425378927156
1693	1 39	1 41	1 66	1 68	-165.39476526557553
1694	1 39	1 41	1 68	1 70	-150.35611209857038
1695	1 39	1 41	1 70	1 72	-69.33433053618711
1696	1 39	1 41	1 72	1 2	222.7487505277063
1697	1 39	1 41	1 63	1 65	434.18195000819924
1698	1 39	1 41	1 65	1 67	-107.61810445436151
1699	1 39	1 41	1 67	1 69	-165.53542450029687
1700	1 39	1 41	1 69	1 71	-121.96589426063265
1701	1 39	1 41	1 71	1 1	241.9830318575801
1702	1 40	1 42	1 41	1 43	-123.2198713664059
1703	1 40	1 42	1 43	1 45	-286.63144580200503
1704	1 40	1 42	1 45	1 47	-271.50661458557477
1705	1 40	1 42	1 47	1 49	634.6347010505716
1706	1 40	1 42	1 49	1 51	-112.06237082495193
1707	1 40	1 42	1 51	1 53	-245.52949277653468
1708	1 40	1 42	1 53	1 55	-225.52408032618973
1709	1 40	1 42	1 55	1 57	512.8902995707853
1710	1 40	1 42	1 57	1 59	-86.38414723668339
1711	1 40	1 42	1 59	1 61	-192.12921852863792
1712	1 40	1 42	1 44	1 46	-253.45341545709192
1713	1 40	1 42	1 48	1 50	747.203345873233
1714	1 40	1 42	1 50	1 52	-228.22596153846155
1715	1 40	1 42	1 56	1 58	552.2477691187339
1716	1 40	1 42	1 60	1 62	-184.0553766542646
1717	1 40	1 42	1 61	1 63	-182.78105042016807
1718	1 40	1 42	1 63	1 65	415.03614911080706
1719	1 40	1 42	1 65	1 67	-77.68767893088796
1720	1 40	1 42	1 67	1 69	-155.84486640725123
1721	1 40	1 42	1 69	1 71	-137.47744190268702
1722	1 40	1 42	1 71	1 1	231.09094180225281
1723	1 40	1 42	1 64	1 66	443.6771153153153
1724	1 40	1 42	1 66	1 68	-137.6629731498312
1725	1 40	1 42	1 68	1 70	-155.6530236991692
1726	1 40	1 42	1 70	1 72	-84.26487231121283
1727	1 40	1 42	1 72	1 2	227.68307003610107
1728	1 41	1 43	1 42	1 44	190.43067856893785
1729	1 41	1 43	1 44	1 46	-55.22146923835687
1730	1 41	1 43	1 46	1 48	-10.403468928506992
1731	1 41	1 43	1 50	1 52	165.18875566673717
1732	1 41	1 43	1 52	1 54	-20.109379881843626
1733	1 41	1 43	1 54	1 56	-7.453941105773746
1734	1 41	1 43	1 56	1 58	-129.02292324300197
1735	1 41	1 43	1 58	1 60	114.95269662965205
1736	1 41	1 43	1 60	1 62	13.759097055817
1737	1 41	1 43	1 45	1 47	-22.417316673762365
1738	1 41	1 43	1 49	1 51	289.13231691439563
1739	1 41	1 43	1 53	1 55	-12.53838047328977
1740	1 41	1 43	1 57	1 59	122.97495204681542
1741	1 41	1 43	1 59	1 61	55.90990266234304
1742	1 41	1 43	1 61	1 63	2.35267883491806
1743	1 41	1 43	1 64	1 66	-116.40283564918303
1744	1 41	1 43	1 66	1 68	80.77226935247168
1745	1 41	1 43	1 68	1 70	27.8412785468042
1746	1 41	1 43	1 70	1 72	4.876209482530506
1747	1 41	1 43	1 72	1 2	-72.34254770185204
1748	1 41	1 43	1 65	1 67	69.20836980257735
1749	1 41	1 43	1 67	1 69	55.00866717769024
1750	1 41	1 43	1 69	1 71	14.077307905885824
1751	1 41	1 43	1 71	1 1	-89.51019156992572
1752	1 42	1 44	1 43	1 45	185.7687873529979
1753	1 42	1 44	1 45	1 47	-60.7822991263302
1754	1 42	1 44	1 49	1 51	150.17933682351998
1755	1 42	1 44	1 51	1 53	145.58979702265287
1756	1 42	1 44	1 53	1 55	-20.8524092130902
1757	1 42	1 44	1 55	1 57	-216.66505520623167
1758	1 42	1 44	1 57	1 59	87.98288064970816
1759	1 42	1 44	1 59	1 61	110.76573123294436
1760	1 42	1 44	1 61	1 63	11.958363858363859
1761	1 42	1 44	1 46	1 48	-23.018001715265864
1762	1 42	1 44	1 52	1 54	7.855957416855559
1763	1 42	1 44	1 54	1 56	-15.011209764955519
1764	1 42	1 44	1 58	1 60	143.98126787763397
1765	1 42	1 44	1 60	1 62	43.955973261378475
1766	1 42	1 44	1 64	1 66	-153.69485166400332
1767	1 42	1 44	1 63	1 65	-176.87038224699313
1768	1 42	1 44	1 65	1 67	61.222522447258434
1769	1 42	1 44	1 67	1 69	80.79263650136343
1770	1 42	1 44	1 69	1 71	26.696310775102944
1771	1 42	1 44	1 71	1 1	-110.02007143825142
1772	1 42	1 44	1 66	1 68	94.06855917653482
1773	1 42	1 44	1 68	1 70	49.781250788973885
1774	1 42	1 44	1 70	1 72	9.561074142433243
1775	1 42	1 44	1 72	1 2	-96.32316684683735
1776	1 43	1 45	1 44	1 46	172.29290184592185
1777	1 43	1 45	1 46	1 48	-59.94445499874081
1778	1 43	1 45	1 50	1 52	137.04928266629682
1779	1 43	1 45	1 52	1 54	144.41834046363465
1780	1 43	1 45	1 54	1 56	-25.826513036740373
1781	1 43	1 45	1 56	1 58	-214.29373886730298
1782	1 43	1 45	1 58	1 60	102.31879644560524
1783	1 43	1 45	1 60	1 62	97.42602185797207
1784	1 43	1 45	1 62	1 64	8.505858830040644
1785	1 43	1 45	1 51	1 53	252.07837907386892
1786	1 43	1 45	1 57	1 59	34.53984797385957
1787	1 43	1 45	1 59	1 61	131.38137536380202
1788	1 43	1 45	1 61	1 63	44.42104547268133
1789	1 43	1 45	1 63	1 65	-188.43352939162003
1790	1 43	1 45	1 65	1 67	38.9974162079674
1791	1 43	1 45	1 64	1 66	-181.39944319779337
1792	1 43	1 45	1 66	1 68	76.80983156575607
1793	1 43	1 45	1 68	1 70	72.67850726279161
1794	1 43	1 45	1 70	1 72	18.667113563227197
1795	1 43	1 45	1 72	1 2	-123.57372610582348
1796	1 43	1 45	1 67	1 69	87.17712661317857
1797	1 43	1 45	1 69	1 71	46.886279187687634
1798	1 43	1 45	1 71	1 1	-132.12040027785014
1799	1 44	1 46	1 45	1 47	203.1185554673391
1800	1 44	1 46	1 47	1 49	-311.6353185315951
1801	1 44	1 46	1 49	1 51	-24.89610591920188
1802	1 44	1 46	1 51	1 53	144.7903658719946
1803	1 44	1 46	1 53	1 55	152.28375210141635
1804	1 44	1 46	1 57	1 59	6.869507916329486
1805	1 44	1 46	1 59	1 61	95.92488068223125
1806	1 44	1 46	1 61	1 63	108.80798028422805
1807	1 44	1 46	1 63	1 65	-198.0420698670041
1808	1 44	1 46	1 48	1 50	-253.48840198481497
1809	1 44	1 46	1 52	1 54	252.83723302038874
1810	1 44	1 46	1 54	1 56	9.114510186424262
1811	1 44	1 46	1 58	1 60	43.40302334378792
1812	1 44	1 46	1 60	1 62	132.95643662944792
1813	1 44	1 46	1 62	1 64	44.8808561266559
1814	1 44	1 46	1 66	1 68	49.12158286515669
1815	1 44	1 46	1 65	1 67	20.58401979026381
1816	1 44	1 46	1 67	1 69	73.60392384755232
1817	1 44	1 46	1 69	1 71	74.3979308841127
1818	1 44	1 46	1 71	1 1	-136.75516270337926
1819	1 44	1 46	1 68	1 70	87.24304309121686
1820	1 44	1 46	1 70	1 72	37.47996589129594
1821	1 44	1 46	1 72	1 2	-137.53859987220977
1822	1 45	1 47	1 46	1 48	188.747295762997
1823	1 45	1 47	1 50	1 52	-23.273643510467164
1824	1 45	1 47	1 52	1 54	144.0661831596108
1825	1 45	1 47	1 54	1 56	167.00401201420178
1826	1 45	1 47	1 58	1 60	11.371740758956207
1827	1 45	1 47	1 60	1 62	106.13425201820726
1828	1 45	1 47	1 62	1 64	110.05000088395445
1829	1 45	1 47	1 64	1 66	-214.985198338059
1830	1 45	1 47	1 49	1 51	-14.69518337928539
1831	1 45	1 47	1 51	1 53	8.693167932175033
1832	1 45	1 47	1 53	1 55	284.6622277074819
1833	1 45	1 47	1 59	1 61	41.47674483421942
1834	1 45	1 47	1 61	1 63	150.31983696016562
1835	1 45	1 47	1 65	1 67	10.367244523618169
1836	1 45	1 47	1 67	1 69	49.290577419254184
1837	1 45	1 47	1 66	1 68	26.812159902869205
1838	1 45	1 47	1 68	1 70	78.59094951469038
1839	1 45	1 47	1 70	1 72	58.698055406876094
1840	1 45	1 47	1 72	1 2	-140.64368299661388
1841	1 45	1 47	1 69	1 71	88.05812542750299
1842	1 45	1 47	1 71	1 1	-127.68666389376715
1843	1 46	1 48	1 47	1 49	-115.42858796615309
1844	1 46	1 48	1 49	1 51	-7.631463910627891
1845	1 46	1 48	1 51	1 53	-22.83586002562923
1846	1 46	1 48	1 53	1 55	170.04165320255544
1847	1 46	1 48	1 55	1 57	-133.7503449733274
1848	1 46	1 48	1 57	1 59	-1.1588461950502904
1849	1 46	1 48	1 59	1 61	10.04058207298526
1850	1 46	1 48	1 61	1 63	121.35243279026975
1851	1 46	1 48	1 63	1 65	-124.87541947746777
1852	1 46	1 48	1 65	1 67	4.99653737743561
1853	1 46	1 48	1 50	1 52	-14.262702785043492
1854	1 46	1 48	1 54	1 56	308.7972425001717
1855	1 46	1 48	1 56	1 58	-285.0683141653688
1856	1 46	1 48	1 58	1 60	1.270440567905324
1857	1 46	1 48	1 60	1 62	48.040161054463404
1858	1 46	1 48	1 62	1 64	151.6300004628239
1859	1 46	1 48	1 64	1 66	-191.92827926066562
1860	1 46	1 48	1 66	1 68	13.198170862564409
1861	1 46	1 48	1 68	1 70	52.89543355229161
1862	1 46	1 48	1 67	1 69	26.747132906841298
1863	1 46	1 48	1 69	1 71	75.38259051768856
1864	1 46	1 48	1 71	1 1	-94.84999314619465
1865	1 46	1 48	1 70	1 72	67.17269501003727
1866	1 46	1 48	1 72	1 2	-119.17969343395013
1867	1 47	1 49	1 48	1 50	767.9430945765155
1868	1 47	1 49	1 50	1 52	-335.1966136482382
1869	1 47	1 49	1 52	1 54	-272.96785697886213
1870	1 47	1 49	1 54	1 56	-133.83085324268114
1871	1 47	1 49	1 56	1 58	699.6256270972458
1872	1 47	1 49	1 58	1 60	-294.85330819642695
1873	1 47	1 49	1 60	1 62	-233.04119600133978
1874	1 47	1 49	1 62	1 64	-122.15753708350368
1875	1 47	1 49	1 64	1 66	591.8043540487247
1876	1 47	1 49	1 66	1 68	-233.3822235658261
1877	1 47	1 49	1 53	1 55	-276.254883897594
1878	1 47	1 49	1 55	1 57	780.9845494417863
1879	1 47	1 49	1 57	1 59	-226.44881830372108
1880	1 47	1 49	1 59	1 61	-263.7881330151765
1881	1 47	1 49	1 61	1 63	-204.77467977228247
1882	1 47	1 49	1 63	1 65	602.5198667966212
1883	1 47	1 49	1 68	1 70	-202.58575146657853
1884	1 47	1 49	1 70	1 72	-89.16598483250935
1885	1 47	1 49	1 72	1 2	253.4547631692082
1886	1 47	1 49	1 71	1 1	255.64217122689513
1887	1 48	1 50	1 49	1 51	-147.96645411781145
1888	1 48	1 50	1 51	1 53	-306.1900445993651
1889	1 48	1 50	1 53	1 55	-303.02711665731135
1890	1 48	1 50	1 55	1 57	701.5095958340038
1891	1 48	1 50	1 57	1 59	-116.0365484343905
1892	1 48	1 50	1 59	1 61	-274.8932491435555
1893	1 48	1 50	1 61	1 63	-253.47339846359387
1894	1 48	1 50	1 63	1 65	583.6522096070494
1895	1 48	1 50	1 65	1 67	-107.47680106354511
1896	1 48	1 50	1 67	1 69	-223.37976394848428
1897	1 48	1 50	1 60	1 62	-247.70241782946005
1898	1 48	1 50	1 64	1 66	631.5083648058538
1899	1 48	1 50	1 70	1 72	-120.47000029505487
1900	1 48	1 50	1 69	1 71	-194.10625197177035
1901	1 48	1 50	1 71	1 1	261.0650351005254
1902	1 48	1 50	1 72	1 2	277.41099894589127
1903	1 49	1 51	1 50	1 52	220.97917283156073
1904	1 49	1 51	1 52	1 54	-57.88512960171111
1905	1 49	1 51	1 54	1 56	-10.369659096945277
1906	1 49	1 51	1 58	1 60	176.66520184970665
1907	1 49	1 51	1 60	1 62	-17.69133566687028
1908	1 49	1 51	1 62	1 64	-6.207687764645006
1909	1 49	1 51	1 64	1 66	-139.7594096884906
1910	1 49	1 51	1 66	1 68	122.79855190821448
1911	1 49	1 51	1 68	1 70	17.70816958932409
1912	1 49	1 51	1 53	1 55	-22.164858977793727
1913	1 49	1 51	1 57	1 59	259.11070072983506
1914	1 49	1 51	1 59	1 61	22.723884318416232
1915	1 49	1 51	1 61	1 63	-12.752876870087839
1916	1 49	1 51	1 65	1 67	124.37032664068008
1917	1 49	1 51	1 67	1 69	61.067591471767514
1918	1 49	1 51	1 69	1 71	5.283435298228776
1919	1 49	1 51	1 71	1 1	-75.54537742200057
1920	1 49	1 51	1 72	1 2	-64.74926955761453
1921	1 50	1 52	1 51	1 53	193.92001268477668
1922	1 50	1 52	1 53	1 55	-64.56418163889414
1923	1 50	1 52	1 57	1 59	155.9240006296754
1924	1 50	1 52	1 59	1 61	179.37342394984165
1925	1 50	1 52	1 61	1 63	-30.157378756542116
1926	1 50	1 52	1 63	1 65	-251.69129534422396
1927	1 50	1 52	1 65	1 67	107.55767848708551
1928	1 50	1 52	1 67	1 69	128.51770587261362
1929	1 50	1 52	1 69	1 71	13.81882686570684
1930	1 50	1 52	1 54	1 56	-25.28927272177248
1931	1 50	1 52	1 58	1 60	309.29396985223457
1932	1 50	1 52	1 60	1 62	-3.230566464958188
1933	1 50	1 52	1 62	1 64	-15.908780591027293
1934	1 50	1 52	1 64	1 66	-216.9630746244764
1935	1 50	1 52	1 66	1 68	169.20558306799967
1936	1 50	1 52	1 68	1 70	50.13235211597721
1937	1 50	1 52	1 72	1 2	-105.15348077306237
1938	1 50	1 52	1 71	1 1	-118.79598041911572
1939	1 51	1 53	1 52	1 54	203.55942521143885
1940	1 51	1 53	1 54	1 56	-71.82887840707592
1941	1 51	1 53	1 58	1 60	173.32640979796173
1942	1 51	1 53	1 60	1 62	154.7926783747207
1943	1 51	1 53	1 62	1 64	-32.503590656601624
1944	1 51	1 53	1 64	1 66	-252.3361010937038
1945	1 51	1 53	1 66	1 68	127.39296953137082
1946	1 51	1 53	1 68	1 70	112.91018417083433
1947	1 51	1 53	1 70	1 72	8.439201632432537
1948	1 51	1 53	1 57	1 59	4.137472419103868
1949	1 51	1 53	1 59	1 61	293.52318841798814
1950	1 51	1 53	1 65	1 67	49.13613679233469
1951	1 51	1 53	1 67	1 69	157.74251551459724
1952	1 51	1 53	1 69	1 71	49.73868927731544
1953	1 51	1 53	1 71	1 1	-159.9593441098853
1954	1 51	1 53	1 72	1 2	-149.0028881102965
1955	1 52	1 54	1 53	1 55	186.20928983771822
1956	1 52	1 54	1 57	1 59	-24.47853900043051
1957	1 52	1 54	1 59	1 61	152.9539247974758
1958	1 52	1 54	1 61	1 63	172.2303120167469
1959	1 52	1 54	1 65	1 67	12.01001212875023
1960	1 52	1 54	1 67	1 69	113.34066779499312
1961	1 52	1 54	1 69	1 71	117.7882347036978
1962	1 52	1 54	1 60	1 62	301.2719306705545
1963	1 52	1 54	1 62	1 64	-10.843389339590718
1964	1 52	1 54	1 64	1 66	-269.43377949604815
1965	1 52	1 54	1 66	1 68	51.62333325689167
1966	1 52	1 54	1 68	1 70	154.8849391763669
1967	1 52	1 54	1 70	1 72	40.528684355958276
1968	1 52	1 54	1 72	1 2	-168.60698220374422
1969	1 53	1 55	1 54	1 56	252.18371758670787
1970	1 53	1 55	1 58	1 60	-31.204356056360446
1971	1 53	1 55	1 60	1 62	165.45722820951937
1972	1 53	1 55	1 62	1 64	195.73550292686326
1973	1 53	1 55	1 66	1 68	10.046735156744823
1974	1 53	1 55	1 68	1 70	120.57077924970173
1975	1 53	1 55	1 70	1 72	102.18137862323906
1976	1 53	1 55	1 72	1 2	-174.4260559209353
1977	1 53	1 55	1 57	1 59	-14.520655195497447
1978	1 53	1 55	1 59	1 61	-15.249126423579265
1979	1 53	1 55	1 61	1 63	326.9945267060085
1980	1 53	1 55	1 63	1 65	-289.3917219785344
1981	1 53	1 55	1 67	1 69	46.04080888059936
1982	1 53	1 55	1 69	1 71	157.12909014893705
1983	1 53	1 55	1 71	1 1	-150.93269447978219
1984	1 54	1 56	1 57	1 59	-6.954660839108103
1985	1 54	1 56	1 59	1 61	-28.29604211374643
1986	1 54	1 56	1 61	1 63	204.5849329084342
1987	1 54	1 56	1 67	1 69	16.20531455480868
1988	1 54	1 56	1 69	1 71	124.55214934111267
1989	1 54	1 56	1 58	1 60	-16.22847709005024
1990	1 54	1 56	1 62	1 64	356.304203539823
1991	1 54	1 56	1 66	1 68	2.5413989187218586
1992	1 54	1 56	1 68	1 70	62.03375581893894
1993	1 54	1 56	1 70	1 72	133.86928364040432
1994	1 54	1 56	1 72	1 2	-165.0039229178459
1995	1 55	1 57	1 56	1 58	884.7073490813648
1996	1 55	1 57	1 58	1 60	-386.4234780023586
1997	1 55	1 57	1 60	1 62	-314.6583851431237
1998	1 55	1 57	1 62	1 64	-160.6015611396033
1999	1 55	1 57	1 64	1 66	827.6063700489144
2000	1 55	1 57	1 66	1 68	-352.4114544644184
2001	1 55	1 57	1 68	1 70	-277.3745151795297
2002	1 55	1 57	1 70	1 72	-117.61761829857375
2003	1 55	1 57	1 72	1 2	322.6787704046288
2004	1 55	1 57	1 59	1 61	-330.1135483340846
2005	1 55	1 57	1 61	1 63	-317.5502347045448
2006	1 55	1 57	1 67	1 69	-316.96394910630397
2007	1 55	1 57	1 69	1 71	-228.92424947857253
2008	1 55	1 57	1 71	1 1	315.84004645115687
2009	1 56	1 58	1 57	1 59	-155.7935304555648
2010	1 56	1 58	1 59	1 61	-360.9736646766794
2011	1 56	1 58	1 61	1 63	-354.4041487503179
2012	1 56	1 58	1 65	1 67	-154.23215570486914
2013	1 56	1 58	1 67	1 69	-326.0874095075636
2014	1 56	1 58	1 69	1 71	-274.51572735876124
2015	1 56	1 58	1 71	1 1	336.25520660364134
2016	1 56	1 58	1 60	1 62	-317.24941492715044
2017	1 56	1 58	1 62	1 64	-331.40020833333335
2018	1 56	1 58	1 66	1 68	-324.9516082121471
2019	1 56	1 58	1 68	1 70	-301.43816025360735
2020	1 56	1 58	1 70	1 72	-182.04359797297298
2021	1 56	1 58	1 72	1 2	381.3127144351464
2022	1 57	1 59	1 58	1 60	231.80059337343474
2023	1 57	1 59	1 60	1 62	-61.061373845697815
2024	1 57	1 59	1 62	1 64	-9.759882310962642
2025	1 57	1 59	1 66	1 68	199.4540096786605
2026	1 57	1 59	1 68	1 70	-24.500216078652628
2027	1 57	1 59	1 70	1 72	-6.587633069505038
2028	1 57	1 59	1 72	1 2	-67.48773957437979
2029	1 57	1 59	1 61	1 63	-24.03836739316016
2030	1 57	1 59	1 65	1 67	304.13888745517346
2031	1 57	1 59	1 67	1 69	9.345510978572914
2032	1 57	1 59	1 69	1 71	-13.9234911281915
2033	1 57	1 59	1 71	1 1	-75.60854618836319
2034	1 58	1 60	1 59	1 61	261.36376059374413
2035	1 58	1 60	1 61	1 63	-85.88943073050135
2036	1 58	1 60	1 65	1 67	200.66218606127234
2037	1 58	1 60	1 67	1 69	215.1342432977587
2038	1 58	1 60	1 69	1 71	-34.531982393633704
2039	1 58	1 60	1 71	1 1	-147.49874035224332
2040	1 58	1 60	1 62	1 64	-28.09479663858368
2041	1 58	1 60	1 66	1 68	379.67786449100504
2042	1 58	1 60	1 68	1 70	-6.214940582151998
2043	1 58	1 60	1 70	1 72	-17.782107960059875
2044	1 58	1 60	1 72	1 2	-134.9371421040703
2045	1 59	1 61	1 60	1 62	190.05935405576284
2046	1 59	1 61	1 62	1 64	-70.80735593612931
2047	1 59	1 61	1 66	1 68	222.12740683764233
2048	1 59	1 61	1 68	1 70	179.3685131336954
2049	1 59	1 61	1 70	1 72	-27.745018332903417
2050	1 59	1 61	1 72	1 2	-177.28249071134263
2051	1 59	1 61	1 65	1 67	11.662997285317871
2052	1 59	1 61	1 71	1 1	-194.29809585192763
2053	1 60	1 62	1 61	1 63	267.4991350515129
2054	1 60	1 62	1 65	1 67	-27.267721818695275
2055	1 60	1 62	1 67	1 69	172.39703591227286
2056	1 60	1 62	1 69	1 71	219.53900791823665
2057	1 60	1 62	1 71	1 1	-253.51528738281849
2058	1 60	1 62	1 66	1 68	-11.97282983366759
2059	1 60	1 62	1 68	1 70	357.9213440654029
2060	1 60	1 62	1 70	1 72	14.058690239510849
2061	1 60	1 62	1 72	1 2	-233.07473574739376
2062	1 61	1 63	1 62	1 64	250.79013371725236
2063	1 61	1 63	1 66	1 68	-36.30620462106312
2064	1 61	1 63	1 68	1 70	213.72040273744818
2065	1 61	1 63	1 70	1 72	179.26325245700247
2066	1 61	1 63	1 72	1 2	-269.45178511845177
2067	1 61	1 63	1 65	1 67	-17.311414798256905
2068	1 61	1 63	1 69	1 71	350.62503210105245
2069	1 61	1 63	1 71	1 1	-256.4084533317076
2070	1 62	1 64	1 65	1 67	-8.834398238766568
2071	1 62	1 64	1 67	1 69	-27.304224030103505
2072	1 62	1 64	1 69	1 71	178.84454366616558
2073	1 62	1 64	1 71	1 1	-98.88606945932008
2074	1 62	1 64	1 66	1 68	-19.050875934208022
2075	1 62	1 64	1 68	1 70	8.344440144478844
2076	1 62	1 64	1 70	1 72	291.85897140979296
2077	1 62	1 64	1 72	1 2	-231.52526513281737
2078	1 63	1 65	1 66	1 68	-471.76728899106814
2079	1 63	1 65	1 68	1 70	-388.21530105445106
2080	1 63	1 65	1 70	1 72	-149.8139617928511
2081	1 63	1 65	1 72	1 2	469.7032235408783
2082	1 63	1 65	1 69	1 71	-347.9033618451582
2083	1 63	1 65	1 71	1 1	476.7771750823239
2084	1 64	1 66	1 65	1 67	-194.19026376723218
2085	1 64	1 66	1 67	1 69	-436.32785072692184
2086	1 64	1 66	1 69	1 71	-380.0759495070853
2087	1 64	1 66	1 71	1 1	449.66199763593386
2088	1 64	1 66	1 68	1 70	-389.6615920773271
2089	1 64	1 66	1 70	1 72	-293.78172555717657
2090	1 65	1 67	1 66	1 68	302.60553103789107
2091	1 65	1 67	1 68	1 70	-81.3200201955134
2092	1 65	1 67	1 70	1 72	-13.52105141315726
2093	1 65	1 67	1 72	1 2	-81.60729819352864
2094	1 65	1 67	1 69	1 71	-33.59116313596842
2095	1 65	1 67	1 71	1 1	-89.45390539967437
2096	1 66	1 68	1 67	1 69	298.8619683207034
2097	1 66	1 68	1 69	1 71	-96.36717492569602
2098	1 66	1 68	1 71	1 1	-170.7389868499701
2099	1 66	1 68	1 70	1 72	-32.35358825285277
2100	1 67	1 69	1 68	1 70	259.0188495817192
2101	1 67	1 69	1 70	1 72	-74.52793772492568
2102	1 67	1 69	1 72	1 2	-215.6033708909713
2103	1 67	1 69	1 71	1 1	-236.71036046046493
2104	1 68	1 70	1 69	1 71	319.67143213927494
2105	1 68	1 70	1 71	1 1	-352.63404907975456
2106	1 69	1 71	1 70	1 72	318.75382757212844
2107	1 69	1 71	1 72	1 2	-433.9576421231611
2108	1 70	1 72	1 71	1 1	-182.34166149389614
2109	1 71	1 1	1 72	1 2	1886.9254175744372
