-259.05789
-302.43293
-243.06863
-281.04520
-328.54248
-203.54959
-225.33333
-264.51872
-299.24699
-265.90860
-137.98880
-167.10204
-196.22000
-221.04054
-240.87255
-232.52133
-222.97727
-46.17219
-77.46584
-109.22026
-142.73333
-160.54902
-171.55594
-180.29044
-180.18750
74.33731
33.42962
-13.55391
-51.81443
-80.88655
-105.67377
-118.11722
-126.74293
184.14286
143.78947
81.11909
31.80133
-10.87196
-44.32687
-70.21489
-77.34109
241.63547
163.92642
93.03189
43.65104
-23.78212
-37.35831
203.21992
128.18750
74.21162
29.30908
51.06402
179.11247
101.70143
-148.61261
-43.51733
-100.07626
40.40644
-27.98877
-51.03693
2.94951
88.72042
66.19292
-40.04371
-22.93812
34.47449
-51.00609
47.09524
43.07527
-58.16283
12.67972
-14.70054
16.68745
-125.43264
-177.99384
-40.80665
-27.99471
33.06193
-73.59215
33.97283
34.87019
-74.72528
-16.33358
-1.88753
23.87758
-95.36037
-34.96787
-79.41393
-53.53518
31.06762
-96.65515
36.27266
33.16865
-97.53789
-39.67608
11.90838
22.92561
-100.62960
-49.30384
-83.59593
26.79248
42.68617
-124.17727
38.27467
47.08722
-112.23948
-66.53634
25.98182
30.97727
-97.08636
-63.10076
-81.45606
-15.09470
-143.73561
68.08593
47.43248
-122.53352
42.47470
-53.49728
-75.22498
-51.28782
-8.84019
-44.10163
-13.15516
-27.95656
-66.05431
94.58989
93.04120
-164.10487
51.18126
-56.22490
8.20700
27.07860
33.82257
-73.01712
-90.11051
-100.58833
-88.34319
86.73613
121.66567
-74.78111
-117.32384
-115.54273
-78.45427
-52.21206
-23.20202
47.46196
-37.05668
29.94965
57.01007
-11.87064
-74.08741
64.14385
10.38902
-69.23511
-64.78732
-86.64424
-73.38360
-89.25058
-5.46677
-59.24111
-9.45412
41.75432
14.25746
-47.98352
-38.78336
-14.65071
44.67287
-54.82713
-59.12677
-56.07624
-65.43794
-51.24160
-83.93600
-61.00480
-101.44800
-40.35920
-124.05280
-265.80080
45.77455
-80.07758
-62.95423
-45.18076
-98.72149
-65.84407
-116.75407
-169.31730
9.40031
-42.83919
-24.68540
-20.72443
-65.23810
-74.60265
-86.13427
-89.08821
-110.27010
-196.45667
-59.24350
96.28897
92.88498
48.44772
47.93156
-72.43536
-166.14068
39.72031
40.58438
-23.79375
-75.96016
54.68990
31.30070
20.31167
-12.41269
-49.47847
-146.40642
-135.63900
45.35418
28.22439
14.53245
55.55691
-102.60442
-246.08950
64.74065
-135.61032
11.84041
-88.20519
-38.81840
-67.07233
-121.81604
40.76392
12.19373
75.61299
62.80694
-83.71797
-76.60498
-44.85498
33.39732
69.95887
86.54994
59.15041
78.51116
90.62500
107.35047
-59.33465
10.35364
95.29637
102.95602
124.72275
174.05924
124.49368
-26.15877
-137.06082
95.87692
118.24808
132.31923
185.68846
67.58546
61.86716
71.23370
72.67774
73.10350
99.69242
113.49125
141.89067
170.69388
-6.04502
71.92837
155.29154
201.91536
107.30454
38.84683
126.69365
129.40635
135.45476
154.96270
185.07807
124.99242
104.68632
89.31306
79.50476
-278.30084
-331.50641
-258.64720
-297.19740
-341.93119
-209.28916
-241.56649
-290.71283
-329.93333
-291.62682
-140.13283
-175.32946
-205.78011
-238.01751
-257.26068
-255.81356
-243.89505
-46.11816
-77.07610
-110.43719
-147.62226
-167.45490
-178.23617
-188.70330
-185.56825
75.51524
34.46942
-13.44197
-51.42484
-82.00633
-108.02957
-123.75382
-129.41787
192.88279
149.01521
82.34810
32.56959
-10.86394
-44.61673
-70.35933
-78.11179
266.90468
172.73322
94.26767
44.49725
-24.00151
-37.87668
221.19873
132.95768
74.43159
29.68899
