My beautiful 3D survey

1	0	1	<< job_type, singularity_type, res_matrix

0	<< num_regions
res0.dat

1	0	<< inverse_type, target_decrease
1	0	<< data_type, reg_mode

1.0	10	2	1	<< tolerance, max_iterations, error_mod, alpha_aniso

0.001	0.05	-10000000000.0	10000000000.0	<<  a_wgt, b_wgt, rho_min, rho_max

-inf	10.5	<<zmin, zmax
0	<< num_poly

72	<< num_electrodes
1 1	1100
1 2	2872
1 3	1070
1 4	1105
1 5	1074
1 6	1073
1 7	2871
1 8	1099
1 9	9
1 10	10
1 11	11
1 12	12
1 13	13
1 14	14
1 15	15
1 16	16
1 17	17
1 18	18
1 19	19
1 20	20
1 21	21
1 22	22
1 23	23
1 24	24
1 25	25
1 26	26
1 27	27
1 28	28
1 29	29
1 30	30
1 31	31
1 32	32
1 33	33
1 34	34
1 35	35
1 36	36
1 37	37
1 38	38
1 39	39
1 40	40
1 41	41
1 42	42
1 43	43
1 44	44
1 45	45
1 46	46
1 47	47
1 48	48
1 49	49
1 50	50
1 51	51
1 52	52
1 53	53
1 54	54
1 55	55
1 56	56
1 57	57
1 58	58
1 59	59
1 60	60
1 61	61
1 62	62
1 63	63
1 64	64
1 65	65
1 66	66
1 67	67
1 68	68
1 69	69
1 70	70
1 71	71
1 72	72

