2075
1	1 1	1 3	1 2	1 4	657.0232364515189
2	1 1	1 3	1 4	1 6	-240.28479471361658
3	1 1	1 3	1 6	1 8	-51.475916950833735
4	1 1	1 3	1 8	1 10	-259.97208451147895
5	1 1	1 3	1 10	1 12	323.66026695504354
6	1 1	1 3	1 12	1 14	-47.50626697847524
7	1 1	1 3	1 14	1 16	-26.10936551422545
8	1 1	1 3	1 16	1 18	-208.20917902814108
9	1 1	1 3	1 18	1 20	190.28572800087775
10	1 1	1 3	1 20	1 22	17.558338486680483
11	1 1	1 3	1 5	1 7	-96.78577262902269
12	1 1	1 3	1 9	1 11	605.4687167199147
13	1 1	1 3	1 11	1 13	31.35809937695488
14	1 1	1 3	1 13	1 15	-36.53082589958814
15	1 1	1 3	1 15	1 17	-354.5771377331606
16	1 1	1 3	1 17	1 19	261.40214507072113
17	1 1	1 3	1 19	1 21	83.94341864668303
18	1 1	1 3	1 21	1 23	-7.4836138678693755
19	1 1	1 3	1 23	1 25	-233.55161292257367
20	1 1	1 3	1 22	1 24	-11.68870687962891
21	1 1	1 3	1 24	1 26	-157.9398334406356
22	1 1	1 3	1 26	1 28	108.57483095314451
23	1 1	1 3	1 28	1 30	32.67172486649011
24	1 1	1 3	1 30	1 32	1.326725714321622
25	1 1	1 3	1 34	1 36	64.15971364368366
26	1 1	1 3	1 36	1 38	28.869322693161713
27	1 1	1 3	1 38	1 40	10.569083096434266
28	1 1	1 3	1 40	1 42	-87.5467332581305
29	1 1	1 3	1 25	1 27	140.05156440327323
30	1 1	1 3	1 27	1 29	66.43337408787457
31	1 1	1 3	1 29	1 31	10.9138456003144
32	1 1	1 3	1 31	1 33	-157.74336940656684
33	1 1	1 3	1 33	1 35	77.8393317421164
34	1 1	1 3	1 35	1 37	47.46213467801809
35	1 1	1 3	1 37	1 39	16.528944274422457
36	1 1	1 3	1 41	1 43	42.72950604594416
37	1 1	1 3	1 43	1 45	33.59948864998918
38	1 1	1 3	1 42	1 44	40.6828012058988
39	1 1	1 3	1 44	1 46	25.14260227698947
40	1 1	1 3	1 46	1 48	10.678962964574058
41	1 1	1 3	1 48	1 50	-67.02250385519903
42	1 1	1 3	1 50	1 52	27.958912877865654
43	1 1	1 3	1 52	1 54	20.27892904431601
44	1 1	1 3	1 54	1 56	10.188170954180462
45	1 1	1 3	1 56	1 58	-52.21052279159555
46	1 1	1 3	1 58	1 60	21.27473520393494
47	1 1	1 3	1 60	1 62	16.212466372225563
48	1 1	1 3	1 45	1 47	16.46856628749326
49	1 1	1 3	1 47	1 49	-71.88913891809943
50	1 1	1 3	1 49	1 51	23.71371940481835
51	1 1	1 3	1 51	1 53	25.894784576465472
52	1 1	1 3	1 53	1 55	15.520153021377002
53	1 1	1 3	1 55	1 57	-53.904209376783896
54	1 1	1 3	1 57	1 59	14.419205096972444
55	1 1	1 3	1 59	1 61	20.322789804081207
56	1 1	1 3	1 61	1 63	13.206210900869511
57	1 1	1 3	1 63	1 65	-41.981836440995004
58	1 1	1 3	1 62	1 64	8.77656517276258
59	1 1	1 3	1 64	1 66	-41.73169385718079
60	1 1	1 3	1 66	1 68	16.424618292886024
61	1 1	1 3	1 68	1 70	13.160761454197292
62	1 1	1 3	1 70	1 72	5.137189620504024
63	1 1	1 3	1 65	1 67	11.175540911408552
64	1 1	1 3	1 67	1 69	15.785745438852052
65	1 1	1 3	1 69	1 71	10.000615273224065
66	1 2	1 4	1 3	1 5	488.3202599012737
67	1 2	1 4	1 5	1 7	-217.27851929872452
68	1 2	1 4	1 7	1 9	-589.5946323104754
69	1 2	1 4	1 9	1 11	362.23789440600564
70	1 2	1 4	1 11	1 13	237.24566465231854
71	1 2	1 4	1 13	1 15	-37.844457819285076
72	1 2	1 4	1 15	1 17	-388.3000350864815
73	1 2	1 4	1 17	1 19	184.50364072281837
74	1 2	1 4	1 19	1 21	159.28586498052746
75	1 2	1 4	1 21	1 23	9.769112993986713
76	1 2	1 4	1 6	1 8	-101.74296004019007
77	1 2	1 4	1 10	1 12	469.7011064677896
78	1 2	1 4	1 12	1 14	18.717048481439342
79	1 2	1 4	1 14	1 16	-39.1101739700784
80	1 2	1 4	1 16	1 18	-301.1679153409057
81	1 2	1 4	1 18	1 20	220.20854827318686
82	1 2	1 4	1 20	1 22	68.89920192763509
83	1 2	1 4	1 22	1 24	-9.066267855362394
84	1 2	1 4	1 24	1 26	-212.04010427803345
85	1 2	1 4	1 23	1 25	-263.8742810791314
86	1 2	1 4	1 25	1 27	111.59859181763912
87	1 2	1 4	1 27	1 29	95.97766050500402
88	1 2	1 4	1 29	1 31	28.290071862936877
89	1 2	1 4	1 33	1 35	68.34543440970032
90	1 2	1 4	1 35	1 37	59.92510456492849
91	1 2	1 4	1 37	1 39	28.345787446607467
92	1 2	1 4	1 39	1 41	-121.01643901662402
93	1 2	1 4	1 41	1 43	40.317578739185464
94	1 2	1 4	1 26	1 28	116.91990043957915
95	1 2	1 4	1 28	1 30	61.54436935051892
96	1 2	1 4	1 30	1 32	8.975008956133724
97	1 2	1 4	1 32	1 34	-148.84902192514275
98	1 2	1 4	1 34	1 36	67.82779088986837
99	1 2	1 4	1 36	1 38	43.59622986360891
100	1 2	1 4	1 38	1 40	19.030732147067017
101	1 2	1 4	1 40	1 42	-109.71338002016023
102	1 2	1 4	1 42	1 44	43.38223113159549
103	1 2	1 4	1 44	1 46	33.59002971208571
104	1 2	1 4	1 43	1 45	40.656328241374645
105	1 2	1 4	1 45	1 47	24.074942565466735
106	1 2	1 4	1 47	1 49	-84.00523880166962
107	1 2	1 4	1 49	1 51	23.836393292682928
108	1 2	1 4	1 51	1 53	30.312500138455064
109	1 2	1 4	1 53	1 55	20.789608035252456
110	1 2	1 4	1 55	1 57	-62.9925732312534
111	1 2	1 4	1 57	1 59	15.175770738542052
112	1 2	1 4	1 59	1 61	23.540595192369246
113	1 2	1 4	1 61	1 63	16.94415483478094
114	1 2	1 4	1 46	1 48	16.64103237643485
115	1 2	1 4	1 48	1 50	-81.42452215693004
116	1 2	1 4	1 50	1 52	30.26690212007246
117	1 2	1 4	1 52	1 54	25.60840004517969
118	1 2	1 4	1 54	1 56	14.448894194012343
119	1 2	1 4	1 56	1 58	-62.61601731625687
120	1 2	1 4	1 58	1 60	23.577370613308673
121	1 2	1 4	1 60	1 62	19.957232424243763
122	1 2	1 4	1 62	1 64	11.722215257016941
123	1 2	1 4	1 64	1 66	-49.76610364824063
124	1 2	1 4	1 63	1 65	-49.08724070301459
125	1 2	1 4	1 65	1 67	12.258495450048727
126	1 2	1 4	1 67	1 69	18.262826302660635
127	1 2	1 4	1 69	1 71	12.317506131452442
128	1 2	1 4	1 71	1 1	-741.185160999581
129	1 2	1 4	1 66	1 68	18.47949690896062
130	1 2	1 4	1 68	1 70	15.88356021849254
131	1 2	1 4	1 70	1 72	6.938011556277159
132	1 3	1 5	1 4	1 6	520.4015186192827
133	1 3	1 5	1 6	1 8	-245.20827813386938
134	1 3	1 5	1 8	1 10	-500.84441564694816
135	1 3	1 5	1 10	1 12	270.8783339320264
136	1 3	1 5	1 12	1 14	247.22824005997268
137	1 3	1 5	1 14	1 16	-48.03815963733318
138	1 3	1 5	1 16	1 18	-354.1149993568215
139	1 3	1 5	1 18	1 20	152.4593998753761
140	1 3	1 5	1 20	1 22	152.50549458194845
141	1 3	1 5	1 22	1 24	11.347395122087235
142	1 3	1 5	1 9	1 11	53.34661372763782
143	1 3	1 5	1 11	1 13	389.56308368609575
144	1 3	1 5	1 13	1 15	32.27361201076709
145	1 3	1 5	1 15	1 17	-390.97930568741253
146	1 3	1 5	1 17	1 19	71.49641999140275
147	1 3	1 5	1 19	1 21	192.2578994229151
148	1 3	1 5	1 21	1 23	63.78951458653605
149	1 3	1 5	1 23	1 25	-268.543199243254
150	1 3	1 5	1 25	1 27	61.797018068766704
151	1 3	1 5	1 24	1 26	-250.65855082618089
152	1 3	1 5	1 26	1 28	89.403536457603
153	1 3	1 5	1 28	1 30	93.78124056036238
154	1 3	1 5	1 30	1 32	27.65400042140429
155	1 3	1 5	1 32	1 34	-169.14224613068544
156	1 3	1 5	1 34	1 36	55.622430126883955
157	1 3	1 5	1 36	1 38	56.840960375460696
158	1 3	1 5	1 38	1 40	32.587675857276984
159	1 3	1 5	1 40	1 42	-122.75478956967083
160	1 3	1 5	1 42	1 44	37.57524638862377
161	1 3	1 5	1 27	1 29	104.30885248836377
162	1 3	1 5	1 29	1 31	60.736060578564235
163	1 3	1 5	1 33	1 35	46.14474811261857
164	1 3	1 5	1 35	1 37	62.24652832701622
165	1 3	1 5	1 37	1 39	45.381320289360104
166	1 3	1 5	1 39	1 41	-123.75865812490409
167	1 3	1 5	1 41	1 43	30.67903572598607
168	1 3	1 5	1 43	1 45	41.38720207183997
169	1 3	1 5	1 45	1 47	32.41178736292916
170	1 3	1 5	1 44	1 46	40.07184287705297
171	1 3	1 5	1 46	1 48	24.756580721752044
172	1 3	1 5	1 48	1 50	-90.4191394895032
173	1 3	1 5	1 50	1 52	27.59969456970844
174	1 3	1 5	1 52	1 54	28.88520554242669
175	1 3	1 5	1 54	1 56	19.205572129402476
176	1 3	1 5	1 56	1 58	-68.0574788287299
177	1 3	1 5	1 58	1 60	22.43081558793282
178	1 3	1 5	1 60	1 62	21.836375926069763
179	1 3	1 5	1 62	1 64	14.444234517951125
180	1 3	1 5	1 47	1 49	-86.92939623315581
181	1 3	1 5	1 49	1 51	19.84170052313801
182	1 3	1 5	1 51	1 53	31.22005869888367
183	1 3	1 5	1 53	1 55	25.810879191448528
184	1 3	1 5	1 55	1 57	-65.88667110737835
185	1 3	1 5	1 57	1 59	13.631229583559875
186	1 3	1 5	1 59	1 61	24.00772854990297
187	1 3	1 5	1 61	1 63	19.95124732161534
188	1 3	1 5	1 63	1 65	-51.35949009387154
189	1 3	1 5	1 65	1 67	11.622164333156917
190	1 3	1 5	1 64	1 66	-53.6101984242468
191	1 3	1 5	1 66	1 68	18.242261935585336
192	1 3	1 5	1 68	1 70	17.19330130688158
193	1 3	1 5	1 70	1 72	7.7881800056666055
194	1 3	1 5	1 67	1 69	18.691162364891824
195	1 3	1 5	1 69	1 71	13.879082488882748
196	1 4	1 6	1 5	1 7	492.9374187648805
197	1 4	1 6	1 7	1 9	-734.6186885520631
198	1 4	1 6	1 9	1 11	-36.22087533808704
199	1 4	1 6	1 11	1 13	246.67051594339767
200	1 4	1 6	1 13	1 15	279.68979962086433
201	1 4	1 6	1 17	1 19	12.63366937511767
202	1 4	1 6	1 19	1 21	145.91797675654922
203	1 4	1 6	1 21	1 23	161.28659900866722
204	1 4	1 6	1 23	1 25	-283.6068061116472
205	1 4	1 6	1 12	1 14	426.78059470113425
206	1 4	1 6	1 14	1 16	31.515209746002085
207	1 4	1 6	1 16	1 18	-427.84741973313953
208	1 4	1 6	1 18	1 20	62.21738215464461
209	1 4	1 6	1 20	1 22	202.4384177823686
210	1 4	1 6	1 22	1 24	83.54125035632822
211	1 4	1 6	1 24	1 26	-302.037071808655
212	1 4	1 6	1 26	1 28	53.5299155528652
213	1 4	1 6	1 25	1 27	27.180605822662386
214	1 4	1 6	1 27	1 29	89.20472845647897
215	1 4	1 6	1 29	1 31	105.4854889510662
216	1 4	1 6	1 33	1 35	27.912972238370166
217	1 4	1 6	1 35	1 37	56.59477428009154
218	1 4	1 6	1 37	1 39	65.63426928862648
219	1 4	1 6	1 39	1 41	-127.63417445822424
220	1 4	1 6	1 41	1 43	21.84856778762492
221	1 4	1 6	1 43	1 45	39.82316066612759
222	1 4	1 6	1 28	1 30	113.41628191312998
223	1 4	1 6	1 30	1 32	66.14967197031692
224	1 4	1 6	1 34	1 36	40.16146468296104
225	1 4	1 6	1 36	1 38	65.81301168220128
226	1 4	1 6	1 38	1 40	53.9404685908049
227	1 4	1 6	1 40	1 42	-139.18115706441782
228	1 4	1 6	1 42	1 44	30.76611986429679
229	1 4	1 6	1 44	1 46	44.30006009615385
230	1 4	1 6	1 46	1 48	35.64011283673423
231	1 4	1 6	1 45	1 47	41.74475762419485
232	1 4	1 6	1 47	1 49	-88.15766426222022
233	1 4	1 6	1 49	1 51	15.69140619180633
234	1 4	1 6	1 51	1 53	30.460618267293825
235	1 4	1 6	1 53	1 55	30.73241127221802
236	1 4	1 6	1 55	1 57	-67.12719196151458
237	1 4	1 6	1 57	1 59	11.789220650263227
238	1 4	1 6	1 59	1 61	23.605285241928556
239	1 4	1 6	1 61	1 63	22.80498208155005
240	1 4	1 6	1 63	1 65	-52.32184168252604
241	1 4	1 6	1 48	1 50	-98.80070249168236
242	1 4	1 6	1 50	1 52	24.255909247757074
243	1 4	1 6	1 52	1 54	31.31949429688123
244	1 4	1 6	1 54	1 56	25.142842469981318
245	1 4	1 6	1 56	1 58	-72.77837798025965
246	1 4	1 6	1 58	1 60	20.872181245686676
247	1 4	1 6	1 60	1 62	23.48857905813061
248	1 4	1 6	1 62	1 64	17.662387050917815
249	1 4	1 6	1 64	1 66	-56.38971449877491
250	1 4	1 6	1 66	1 68	17.43334167456598
251	1 4	1 6	1 65	1 67	10.751186028160188
252	1 4	1 6	1 67	1 69	18.793409543247183
253	1 4	1 6	1 69	1 71	15.35933794713755
254	1 4	1 6	1 71	1 1	-231.78336010676418
255	1 4	1 6	1 68	1 70	18.08950482802485
256	1 4	1 6	1 70	1 72	9.101303338221943
257	1 5	1 7	1 6	1 8	675.4984139443842
258	1 5	1 7	1 8	1 10	-907.8331382060918
259	1 5	1 7	1 10	1 12	-51.11803722287492
260	1 5	1 7	1 12	1 14	306.1607631493697
261	1 5	1 7	1 14	1 16	359.992445501814
262	1 5	1 7	1 18	1 20	8.049754934052062
263	1 5	1 7	1 20	1 22	169.40581155911565
264	1 5	1 7	1 22	1 24	230.033998494893
265	1 5	1 7	1 24	1 26	-374.44504218696204
266	1 5	1 7	1 9	1 11	-39.65941172943152
267	1 5	1 7	1 11	1 13	28.249445808416787
268	1 5	1 7	1 13	1 15	520.5870649712473
269	1 5	1 7	1 15	1 17	-483.55671162085866
270	1 5	1 7	1 17	1 19	-8.67543041423407
271	1 5	1 7	1 19	1 21	66.74559850115656
272	1 5	1 7	1 21	1 23	246.67384716339262
273	1 5	1 7	1 23	1 25	-278.082970160087
274	1 5	1 7	1 25	1 27	8.447611155752345
275	1 5	1 7	1 27	1 29	59.475533986681754
276	1 5	1 7	1 26	1 28	25.30567427500899
277	1 5	1 7	1 28	1 30	109.04145362244306
278	1 5	1 7	1 30	1 32	125.26167304331861
279	1 5	1 7	1 32	1 34	-228.1177662570068
280	1 5	1 7	1 34	1 36	26.52834876653477
281	1 5	1 7	1 36	1 38	67.96419160438343
282	1 5	1 7	1 38	1 40	81.19515931231166
283	1 5	1 7	1 40	1 42	-155.8197280244543
284	1 5	1 7	1 42	1 44	24.263362541617514
285	1 5	1 7	1 44	1 46	46.82750744015942
286	1 5	1 7	1 29	1 31	145.69676696322645
287	1 5	1 7	1 33	1 35	15.93628798752087
288	1 5	1 7	1 35	1 37	45.88298177892976
289	1 5	1 7	1 37	1 39	84.98337092587684
290	1 5	1 7	1 41	1 43	15.331528020881985
291	1 5	1 7	1 43	1 45	36.10089578048286
292	1 5	1 7	1 45	1 47	50.68946061184735
293	1 5	1 7	1 47	1 49	-88.83934848045328
294	1 5	1 7	1 46	1 48	48.81479809273766
295	1 5	1 7	1 48	1 50	-108.27124212971452
296	1 5	1 7	1 50	1 52	20.958198510101568
297	1 5	1 7	1 52	1 54	32.88857614495177
298	1 5	1 7	1 54	1 56	31.641328048812376
299	1 5	1 7	1 56	1 58	-77.93943909657014
300	1 5	1 7	1 58	1 60	19.233570801502786
301	1 5	1 7	1 60	1 62	24.612215925702294
302	1 5	1 7	1 62	1 64	20.98005450251501
303	1 5	1 7	1 64	1 66	-59.405090364211354
304	1 5	1 7	1 49	1 51	12.467511739965772
305	1 5	1 7	1 51	1 53	29.307561137440647
306	1 5	1 7	1 53	1 55	35.71887575211983
307	1 5	1 7	1 55	1 57	-68.63134541160878
308	1 5	1 7	1 57	1 59	10.329540282070365
309	1 5	1 7	1 59	1 61	23.130050614462355
310	1 5	1 7	1 61	1 63	25.770609175613096
311	1 5	1 7	1 63	1 65	-53.7867447907398
312	1 5	1 7	1 65	1 67	10.039058161522384
313	1 5	1 7	1 67	1 69	18.780451151508288
314	1 5	1 7	1 66	1 68	16.751512038787357
315	1 5	1 7	1 68	1 70	19.024500743153947
316	1 5	1 7	1 70	1 72	10.407626172253302
317	1 5	1 7	1 69	1 71	16.788462597601878
318	1 6	1 8	1 7	1 9	-373.1499846303735
319	1 6	1 8	1 9	1 11	-27.578890969199527
320	1 6	1 8	1 11	1 13	-39.04582940595479
321	1 6	1 8	1 13	1 15	354.0436148655998
322	1 6	1 8	1 17	1 19	-10.687968052561478
323	1 6	1 8	1 19	1 21	14.597554826973912
324	1 6	1 8	1 21	1 23	211.47329471002007
325	1 6	1 8	1 23	1 25	-199.37946728241798
326	1 6	1 8	1 10	1 12	-42.6992044665666
327	1 6	1 8	1 12	1 14	55.88974963490945
328	1 6	1 8	1 14	1 16	662.0028303395607
329	1 6	1 8	1 16	1 18	-655.0578716760467
330	1 6	1 8	1 18	1 20	-7.731109895258815
331	1 6	1 8	1 20	1 22	79.91914099806367
332	1 6	1 8	1 22	1 24	321.86583684664566
333	1 6	1 8	1 24	1 26	-372.12287495998436
334	1 6	1 8	1 26	1 28	9.690518145121658
335	1 6	1 8	1 28	1 30	75.36617525173901
336	1 6	1 8	1 27	1 29	31.256191201479947
337	1 6	1 8	1 29	1 31	135.96947189536655
338	1 6	1 8	1 33	1 35	8.668937756868687
339	1 6	1 8	1 35	1 37	30.943217361227095
340	1 6	1 8	1 37	1 39	80.192065167436
341	1 6	1 8	1 39	1 41	-106.42622019605398
342	1 6	1 8	1 41	1 43	9.937307316420945
343	1 6	1 8	1 43	1 45	27.658158657820444
344	1 6	1 8	1 45	1 47	47.05611197609424
345	1 6	1 8	1 30	1 32	152.6824942414459
346	1 6	1 8	1 34	1 36	15.558170367129433
347	1 6	1 8	1 36	1 38	54.15964282075684
348	1 6	1 8	1 38	1 40	88.11314181433832
349	1 6	1 8	1 40	1 42	-142.924814841312
350	1 6	1 8	1 42	1 44	17.02438929567911
351	1 6	1 8	1 44	1 46	39.309927375917574
352	1 6	1 8	1 46	1 48	50.17470168020901
353	1 6	1 8	1 48	1 50	-96.5215008188484
354	1 6	1 8	1 47	1 49	-74.78457482233662
355	1 6	1 8	1 49	1 51	8.906930135392425
356	1 6	1 8	1 51	1 53	23.549995561471036
357	1 6	1 8	1 53	1 55	32.76186102984797
358	1 6	1 8	1 55	1 57	-58.2308196510981
359	1 6	1 8	1 57	1 59	7.923951006295248
360	1 6	1 8	1 59	1 61	19.02100324512535
361	1 6	1 8	1 61	1 63	23.302022699581094
362	1 6	1 8	1 63	1 65	-45.76848191474275
363	1 6	1 8	1 65	1 67	8.061194554316355
364	1 6	1 8	1 50	1 52	15.893133536768358
365	1 6	1 8	1 52	1 54	28.1355230738016
366	1 6	1 8	1 54	1 56	31.012990995666854
367	1 6	1 8	1 56	1 58	-68.52492071374485
368	1 6	1 8	1 58	1 60	15.332458883085945
369	1 6	1 8	1 60	1 62	21.348683741171435
370	1 6	1 8	1 62	1 64	19.85282353184789
371	1 6	1 8	1 64	1 66	-51.88305225496082
372	1 6	1 8	1 66	1 68	13.686227670333835
373	1 6	1 8	1 68	1 70	16.44886006981455
374	1 6	1 8	1 67	1 69	15.699547890252438
375	1 6	1 8	1 69	1 71	14.965929676525086
376	1 6	1 8	1 71	1 1	-121.51478288053539
377	1 6	1 8	1 70	1 72	9.47143528306319
378	1 7	1 9	1 16	1 18	1088.530144855145
379	1 7	1 9	1 15	1 17	1212.9672772647018
380	1 7	1 9	1 28	1 30	-237.25812025519917
381	1 7	1 9	1 30	1 32	-151.403190712153
382	1 7	1 9	1 32	1 34	532.1617568221342
383	1 7	1 9	1 34	1 36	-162.2841004155587
384	1 7	1 9	1 36	1 38	-157.6934102074353
385	1 7	1 9	1 38	1 40	-124.41786649966679
386	1 7	1 9	1 40	1 42	382.724579901474
387	1 7	1 9	1 42	1 44	-112.39068972357381
388	1 7	1 9	1 44	1 46	-116.13568472735983
389	1 7	1 9	1 46	1 48	-85.05625267438842
390	1 7	1 9	1 33	1 35	-162.2751649427941
391	1 7	1 9	1 35	1 37	-164.9903414091356
392	1 7	1 9	1 37	1 39	-148.25788711595092
393	1 7	1 9	1 39	1 41	378.46484896141646
394	1 7	1 9	1 41	1 43	-100.58021835112609
395	1 7	1 9	1 43	1 45	-118.52201212678526
396	1 7	1 9	1 45	1 47	-102.11905705981995
397	1 7	1 9	1 47	1 49	263.2794116802037
398	1 7	1 9	1 49	1 51	-62.131933173860574
399	1 7	1 9	1 48	1 50	281.1408235695245
400	1 7	1 9	1 50	1 52	-83.76635551004179
401	1 7	1 9	1 52	1 54	-86.58615807829099
402	1 7	1 9	1 54	1 56	-62.979429840902085
403	1 7	1 9	1 56	1 58	210.35155816414127
404	1 7	1 9	1 58	1 60	-68.44158546378273
405	1 7	1 9	1 60	1 62	-66.42280219317219
406	1 7	1 9	1 62	1 64	-46.04737118694024
407	1 7	1 9	1 64	1 66	164.23304059716452
408	1 7	1 9	1 66	1 68	-55.35730262549407
409	1 7	1 9	1 51	1 53	-92.70766794147058
410	1 7	1 9	1 53	1 55	-80.23803611491044
411	1 7	1 9	1 55	1 57	200.9178568564957
412	1 7	1 9	1 57	1 59	-42.29322167905856
413	1 7	1 9	1 59	1 61	-72.22388475138726
414	1 7	1 9	1 61	1 63	-61.900698070416695
415	1 7	1 9	1 63	1 65	157.52786261563958
416	1 7	1 9	1 65	1 67	-35.729812469507735
417	1 7	1 9	1 67	1 69	-57.227316989297464
418	1 7	1 9	1 69	1 71	-43.04932796815929
419	1 7	1 9	1 68	1 70	-52.659225791125436
420	1 7	1 9	1 70	1 72	-24.723260164958234
421	1 8	1 10	1 15	1 17	1066.8810500938566
422	1 8	1 10	1 29	1 31	-270.94949373487566
423	1 8	1 10	1 31	1 33	536.2657700363798
424	1 8	1 10	1 33	1 35	-108.63393707012231
425	1 8	1 10	1 35	1 37	-158.70641476646605
426	1 8	1 10	1 37	1 39	-177.8276585222131
427	1 8	1 10	1 39	1 41	367.29622804367534
428	1 8	1 10	1 41	1 43	-75.47913630622753
429	1 8	1 10	1 43	1 45	-114.23556796653847
430	1 8	1 10	1 45	1 47	-115.8380577823318
431	1 8	1 10	1 47	1 49	256.8785603652075
432	1 8	1 10	1 32	1 34	570.2012282157677
433	1 8	1 10	1 34	1 36	-133.46443578456896
434	1 8	1 10	1 36	1 38	-171.246915605547
435	1 8	1 10	1 38	1 40	-162.41670582470024
436	1 8	1 10	1 40	1 42	405.94370847788133
437	1 8	1 10	1 42	1 44	-96.671830135414
438	1 8	1 10	1 44	1 46	-122.30490207555597
439	1 8	1 10	1 46	1 48	-104.30678057540932
440	1 8	1 10	1 48	1 50	286.5864980078859
441	1 8	1 10	1 50	1 52	-73.92043267785195
442	1 8	1 10	1 49	1 51	-51.429887755102044
443	1 8	1 10	1 51	1 53	-89.61732956125229
444	1 8	1 10	1 53	1 55	-88.1769619552552
445	1 8	1 10	1 55	1 57	198.88001936885865
446	1 8	1 10	1 57	1 59	-37.0372655763085
447	1 8	1 10	1 59	1 61	-69.94744819826857
448	1 8	1 10	1 61	1 63	-66.15288481522701
449	1 8	1 10	1 63	1 65	155.26750555991626
450	1 8	1 10	1 65	1 67	-32.86738750270426
451	1 8	1 10	1 67	1 69	-55.792166683299236
452	1 8	1 10	1 52	1 54	-89.63876704615356
453	1 8	1 10	1 54	1 56	-73.25535694546795
454	1 8	1 10	1 56	1 58	214.80992250521166
455	1 8	1 10	1 58	1 60	-63.349573155533406
456	1 8	1 10	1 60	1 62	-68.22121941269069
457	1 8	1 10	1 62	1 64	-51.30996318190922
458	1 8	1 10	1 64	1 66	166.2246468588004
459	1 8	1 10	1 66	1 68	-52.44774642521209
460	1 8	1 10	1 68	1 70	-53.07077643902035
461	1 8	1 10	1 70	1 72	-27.00534519664521
462	1 8	1 10	1 69	1 71	-44.6201890769611
463	1 8	1 10	1 71	1 1	678.2351776403179
464	1 9	1 11	1 10	1 12	357.05594084253886
465	1 9	1 11	1 12	1 14	-81.40153841537733
466	1 9	1 11	1 14	1 16	-21.3564466936625
467	1 9	1 11	1 18	1 20	246.65826286579312
468	1 9	1 11	1 20	1 22	-30.134382157676722
469	1 9	1 11	1 22	1 24	-15.947597832671168
470	1 9	1 11	1 24	1 26	-161.44888354962063
471	1 9	1 11	1 26	1 28	141.50194555794087
472	1 9	1 11	1 28	1 30	13.030543479613652
473	1 9	1 11	1 13	1 15	-36.96404342834578
474	1 9	1 11	1 17	1 19	454.85527662347016
475	1 9	1 11	1 19	1 21	17.931780308680004
476	1 9	1 11	1 21	1 23	-22.687446638087
477	1 9	1 11	1 23	1 25	-281.7525311259946
478	1 9	1 11	1 25	1 27	214.95199289666297
479	1 9	1 11	1 27	1 29	57.200448610824246
480	1 9	1 11	1 29	1 31	-2.1361255133966566
481	1 9	1 11	1 30	1 32	-4.834359212721588
482	1 9	1 11	1 32	1 34	-120.84537394459574
483	1 9	1 11	1 34	1 36	82.86495893279238
484	1 9	1 11	1 36	1 38	23.312696796621594
485	1 9	1 11	1 38	1 40	5.9738765135394
486	1 9	1 11	1 40	1 42	-95.12002537453144
487	1 9	1 11	1 42	1 44	51.7282599279542
488	1 9	1 11	1 44	1 46	24.827836187053148
489	1 9	1 11	1 46	1 48	8.362811617791582
490	1 9	1 11	1 48	1 50	-74.35687223896316
491	1 9	1 11	1 33	1 35	112.08485875543892
492	1 9	1 11	1 35	1 37	50.15868139039028
493	1 9	1 11	1 37	1 39	10.006725597337269
494	1 9	1 11	1 39	1 41	-121.50070092717749
495	1 9	1 11	1 41	1 43	58.7998089874378
496	1 9	1 11	1 43	1 45	37.849832699933906
497	1 9	1 11	1 45	1 47	14.33059978376329
498	1 9	1 11	1 47	1 49	-83.74546071879894
499	1 9	1 11	1 49	1 51	31.409731895370246
500	1 9	1 11	1 51	1 53	29.777290881375635
501	1 9	1 11	1 50	1 52	35.05144759698899
502	1 9	1 11	1 52	1 54	21.633456242454614
503	1 9	1 11	1 54	1 56	9.384339466135184
504	1 9	1 11	1 56	1 58	-58.83631227529533
505	1 9	1 11	1 58	1 60	26.10871829109283
506	1 9	1 11	1 60	1 62	17.928439211983516
507	1 9	1 11	1 62	1 64	8.803191644146112
508	1 9	1 11	1 64	1 66	-47.486856195963774
509	1 9	1 11	1 66	1 68	19.79331253735227
510	1 9	1 11	1 68	1 70	14.821784559198747
511	1 9	1 11	1 53	1 55	15.30334234002315
512	1 9	1 11	1 55	1 57	-62.28768833779148
513	1 9	1 11	1 57	1 59	18.412025497775097
514	1 9	1 11	1 59	1 61	23.74337167632516
515	1 9	1 11	1 61	1 63	13.847574642040543
516	1 9	1 11	1 63	1 65	-48.754818933474795
517	1 9	1 11	1 65	1 67	13.77172650331077
518	1 9	1 11	1 67	1 69	18.437876368281373
519	1 9	1 11	1 69	1 71	10.856999934814763
520	1 9	1 11	1 70	1 72	5.546417335147709
521	1 10	1 12	1 11	1 13	267.1103683634949
522	1 10	1 12	1 13	1 15	-80.58306699097193
523	1 10	1 12	1 17	1 19	221.0063401880742
524	1 10	1 12	1 19	1 21	213.2502442442107
525	1 10	1 12	1 21	1 23	-31.625579439657976
526	1 10	1 12	1 23	1 25	-299.9793036733132
527	1 10	1 12	1 25	1 27	140.1168565711962
528	1 10	1 12	1 27	1 29	125.45320752857707
529	1 10	1 12	1 29	1 31	10.690115734618162
530	1 10	1 12	1 14	1 16	-37.09803135314709
531	1 10	1 12	1 18	1 20	381.5249263787099
532	1 10	1 12	1 22	1 24	-24.784202358690827
533	1 10	1 12	1 24	1 26	-240.5575150857594
534	1 10	1 12	1 26	1 28	168.5971765417054
535	1 10	1 12	1 28	1 30	55.27385555235425
536	1 10	1 12	1 30	1 32	-2.6766347713713876
537	1 10	1 12	1 33	1 35	85.5955819476765
538	1 10	1 12	1 35	1 37	74.57465004937129
539	1 10	1 12	1 37	1 39	23.38181512666165
540	1 10	1 12	1 39	1 41	-138.830560207867
541	1 10	1 12	1 41	1 43	50.23047842496855
542	1 10	1 12	1 43	1 45	48.66691094500433
543	1 10	1 12	1 45	1 47	23.710671386816074
544	1 10	1 12	1 47	1 49	-96.88926803053307
545	1 10	1 12	1 49	1 51	29.244072344530185
546	1 10	1 12	1 34	1 36	88.95587227169858
547	1 10	1 12	1 36	1 38	45.76266722439126
548	1 10	1 12	1 38	1 40	13.561482411175861
549	1 10	1 12	1 40	1 42	-121.74164629310283
550	1 10	1 12	1 42	1 44	54.184103878745894
551	1 10	1 12	1 44	1 46	37.06324858391528
552	1 10	1 12	1 46	1 48	14.794829232925036
553	1 10	1 12	1 48	1 50	-91.48896993063974
554	1 10	1 12	1 50	1 52	36.85845543301363
555	1 10	1 12	1 52	1 54	28.84420080874858
556	1 10	1 12	1 51	1 53	35.80424846242262
557	1 10	1 12	1 53	1 55	22.056925394117656
558	1 10	1 12	1 55	1 57	-72.92999700257928
559	1 10	1 12	1 57	1 59	18.42693956054445
560	1 10	1 12	1 59	1 61	27.615996397309146
561	1 10	1 12	1 61	1 63	18.53128985876046
562	1 10	1 12	1 63	1 65	-56.713624061828625
563	1 10	1 12	1 65	1 67	14.59243732213372
564	1 10	1 12	1 67	1 69	21.3138580124564
565	1 10	1 12	1 69	1 71	13.814239060870797
566	1 10	1 12	1 54	1 56	14.306498440274085
567	1 10	1 12	1 56	1 58	-71.0099750617489
568	1 10	1 12	1 58	1 60	28.13342313278639
569	1 10	1 12	1 60	1 62	22.606417666933073
570	1 10	1 12	1 62	1 64	12.31022543386824
571	1 10	1 12	1 64	1 66	-56.69307537022135
572	1 10	1 12	1 66	1 68	21.81598951208781
573	1 10	1 12	1 68	1 70	18.0565688256856
574	1 10	1 12	1 70	1 72	7.295497827768851
575	1 10	1 12	1 71	1 1	-404.2924013153
576	1 11	1 13	1 12	1 14	260.6559942897172
577	1 11	1 13	1 14	1 16	-75.38729446895303
578	1 11	1 13	1 18	1 20	182.98312233833744
579	1 11	1 13	1 20	1 22	205.82068748497198
580	1 11	1 13	1 22	1 24	-37.3442871398994
581	1 11	1 13	1 24	1 26	-273.93033387308196
582	1 11	1 13	1 26	1 28	110.57401712147988
583	1 11	1 13	1 28	1 30	122.40929800642667
584	1 11	1 13	1 30	1 32	9.093474573145997
585	1 11	1 13	1 17	1 19	-4.940994376959726
586	1 11	1 13	1 19	1 21	347.3048102614183
587	1 11	1 13	1 23	1 25	-289.20538053963776
588	1 11	1 13	1 25	1 27	46.66770161975472
589	1 11	1 13	1 27	1 29	151.99473837031604
590	1 11	1 13	1 29	1 31	50.4795471969786
591	1 11	1 13	1 33	1 35	45.41942815370793
592	1 11	1 13	1 32	1 34	-186.81266176159795
593	1 11	1 13	1 34	1 36	66.79450067537178
594	1 11	1 13	1 36	1 38	69.87573343455804
595	1 11	1 13	1 38	1 40	27.922541270376033
596	1 11	1 13	1 40	1 42	-136.7355367589522
597	1 11	1 13	1 42	1 44	44.16229519829399
598	1 11	1 13	1 44	1 46	47.05949644389761
599	1 11	1 13	1 46	1 48	24.203217082131022
600	1 11	1 13	1 48	1 50	-100.7661351961464
601	1 11	1 13	1 50	1 52	31.720657722365267
602	1 11	1 13	1 35	1 37	80.58696871548861
603	1 11	1 13	1 37	1 39	46.39281166874677
604	1 11	1 13	1 41	1 43	32.98776646753463
605	1 11	1 13	1 43	1 45	50.28119709780635
606	1 11	1 13	1 45	1 47	35.31079415220448
607	1 11	1 13	1 47	1 49	-98.32151536457344
608	1 11	1 13	1 49	1 51	21.9151264146172
609	1 11	1 13	1 51	1 53	36.365438153409464
610	1 11	1 13	1 53	1 55	28.39337878223234
611	1 11	1 13	1 52	1 54	33.13426192760376
612	1 11	1 13	1 54	1 56	20.129979486616996
613	1 11	1 13	1 56	1 58	-76.02651012742902
614	1 11	1 13	1 58	1 60	25.581413547445308
615	1 11	1 13	1 60	1 62	24.810925938226966
616	1 11	1 13	1 62	1 64	15.591854029004745
617	1 11	1 13	1 64	1 66	-59.69394871539909
618	1 11	1 13	1 66	1 68	20.550390349819757
619	1 11	1 13	1 68	1 70	19.27030828862956
620	1 11	1 13	1 70	1 72	8.730603512070598
621	1 11	1 13	1 55	1 57	-74.09001150671384
622	1 11	1 13	1 57	1 59	15.31888805943664
623	1 11	1 13	1 59	1 61	27.352133617683453
624	1 11	1 13	1 61	1 63	22.14256928353931
625	1 11	1 13	1 63	1 65	-57.89534216346395
626	1 11	1 13	1 65	1 67	13.12232388490952
627	1 11	1 13	1 67	1 69	21.312215607097677
628	1 11	1 13	1 69	1 71	15.54165070385067
629	1 11	1 13	1 72	1 2	-275.04631080423144
630	1 12	1 14	1 13	1 15	332.57182320507525
631	1 12	1 14	1 17	1 19	-30.147206220793812
632	1 12	1 14	1 19	1 21	183.38479598204998
633	1 12	1 14	1 21	1 23	217.57229930446
634	1 12	1 14	1 25	1 27	7.919826651641669
635	1 12	1 14	1 27	1 29	112.57789240328461
636	1 12	1 14	1 29	1 31	138.25770610166512
637	1 12	1 14	1 20	1 22	364.7008719392155
638	1 12	1 14	1 22	1 24	18.721630400582022
639	1 12	1 14	1 24	1 26	-336.2765841257775
640	1 12	1 14	1 26	1 28	42.28491068231067
641	1 12	1 14	1 28	1 30	165.40812807881775
642	1 12	1 14	1 30	1 32	62.00141732808643
643	1 12	1 14	1 34	1 36	40.41318117421463
644	1 12	1 14	1 33	1 35	21.943064002016158
645	1 12	1 14	1 35	1 37	69.34893916097334
646	1 12	1 14	1 37	1 39	83.45040407858299
647	1 12	1 14	1 39	1 41	-150.16988600868433
648	1 12	1 14	1 41	1 43	20.991026149937618
649	1 12	1 14	1 43	1 45	47.7183730528172
650	1 12	1 14	1 45	1 47	51.50118439807983
651	1 12	1 14	1 47	1 49	-103.76534084563126
652	1 12	1 14	1 49	1 51	16.41013852969114
653	1 12	1 14	1 51	1 53	36.0224588431533
654	1 12	1 14	1 36	1 38	87.24193494524577
655	1 12	1 14	1 38	1 40	61.474434598542594
656	1 12	1 14	1 42	1 44	33.58766955309574
657	1 12	1 14	1 44	1 46	55.385522241667786
658	1 12	1 14	1 46	1 48	41.99614869181326
659	1 12	1 14	1 48	1 50	-116.15817538076487
660	1 12	1 14	1 50	1 52	27.09229035150114
661	1 12	1 14	1 52	1 54	37.838158498696615
662	1 12	1 14	1 54	1 56	29.896107596946486
663	1 12	1 14	1 53	1 55	37.43349326083191
664	1 12	1 14	1 55	1 57	-79.24613482221687
665	1 12	1 14	1 57	1 59	13.0970551439912
666	1 12	1 14	1 59	1 61	27.74028636285362
667	1 12	1 14	1 61	1 63	27.52658645752617
668	1 12	1 14	1 63	1 65	-61.62661413830428
669	1 12	1 14	1 65	1 67	12.282772967316646
670	1 12	1 14	1 67	1 69	22.064253048286893
671	1 12	1 14	1 69	1 71	18.365564013538958
672	1 12	1 14	1 56	1 58	-85.92679953034377
673	1 12	1 14	1 58	1 60	23.781699645554347
674	1 12	1 14	1 60	1 62	27.923269852537736
675	1 12	1 14	1 62	1 64	21.060429978856135
676	1 12	1 14	1 64	1 66	-66.32248809520397
677	1 12	1 14	1 66	1 68	20.09185944307703
678	1 12	1 14	1 68	1 70	21.42633331992994
679	1 12	1 14	1 70	1 72	10.91315826073135
680	1 13	1 15	1 14	1 16	343.9931592567579
681	1 13	1 15	1 18	1 20	-33.111561809396335
682	1 13	1 15	1 20	1 22	200.8594815431304
683	1 13	1 15	1 22	1 24	285.9159013265895
684	1 13	1 15	1 26	1 28	6.379967833028939
685	1 13	1 15	1 32	1 34	-255.78679321720006
686	1 13	1 15	1 17	1 19	-21.83083843962929
687	1 13	1 15	1 19	1 21	-2.826519435532897
688	1 13	1 15	1 21	1 23	400.2887590023581
689	1 13	1 15	1 23	1 25	-355.7825059635693
690	1 13	1 15	1 25	1 27	-3.757315693859776
691	1 13	1 15	1 27	1 29	45.30861517512192
692	1 13	1 15	1 29	1 31	198.69920757693285
693	1 13	1 15	1 33	1 35	9.19308652237683
694	1 13	1 15	1 35	1 37	44.12002976489182
695	1 13	1 15	1 34	1 36	19.693985597606904
696	1 13	1 15	1 36	1 38	79.54137644761437
697	1 13	1 15	1 38	1 40	100.9226362376919
698	1 13	1 15	1 40	1 42	-179.4977349901739
699	1 13	1 15	1 42	1 44	22.627846013771816
700	1 13	1 15	1 44	1 46	53.957454141506204
701	1 13	1 15	1 46	1 48	59.49870947384619
702	1 13	1 15	1 48	1 50	-123.30164485641585
703	1 13	1 15	1 50	1 52	21.0357891282151
704	1 13	1 15	1 52	1 54	37.34442928363627
705	1 13	1 15	1 37	1 39	107.08768627735665
706	1 13	1 15	1 41	1 43	12.381951531118803
707	1 13	1 15	1 43	1 45	37.8587872064183
708	1 13	1 15	1 45	1 47	61.11951984555441
709	1 13	1 15	1 47	1 49	-98.27415778525054
710	1 13	1 15	1 49	1 51	11.535610564391813
711	1 13	1 15	1 51	1 53	31.57095309521305
712	1 13	1 15	1 53	1 55	41.97167106025249
713	1 13	1 15	1 55	1 57	-75.66761925020808
714	1 13	1 15	1 54	1 56	37.781556185291976
715	1 13	1 15	1 56	1 58	-87.8793647429915
716	1 13	1 15	1 58	1 60	20.145441909318777
717	1 13	1 15	1 60	1 62	27.774244398723187
718	1 13	1 15	1 62	1 64	24.673948071214134
719	1 13	1 15	1 64	1 66	-66.50347366426953
720	1 13	1 15	1 66	1 68	17.894846365941525
721	1 13	1 15	1 68	1 70	21.27134641699537
722	1 13	1 15	1 70	1 72	12.040812134037822
723	1 13	1 15	1 57	1 59	10.352014430910875
724	1 13	1 15	1 59	1 61	24.94073846892299
725	1 13	1 15	1 61	1 63	29.80552518728711
726	1 13	1 15	1 63	1 65	-59.44540093530183
727	1 13	1 15	1 65	1 67	10.521719836632514
728	1 13	1 15	1 67	1 69	20.522581156047174
729	1 13	1 15	1 69	1 71	19.164034316174522
730	1 14	1 16	1 17	1 19	-13.63473572064976
731	1 14	1 16	1 19	1 21	-31.483460895158686
732	1 14	1 16	1 21	1 23	241.58157379171183
733	1 14	1 16	1 25	1 27	-4.432184253675031
734	1 14	1 16	1 27	1 29	9.93895928493589
735	1 14	1 16	1 29	1 31	160.65114360654073
736	1 14	1 16	1 33	1 35	4.011426128957174
737	1 14	1 16	1 18	1 20	-20.948426632494705
738	1 14	1 16	1 22	1 24	509.21740926584926
739	1 14	1 16	1 24	1 26	-466.3752779699319
740	1 14	1 16	1 26	1 28	-2.2392964909845556
741	1 14	1 16	1 28	1 30	58.04132193605109
742	1 14	1 16	1 30	1 32	213.34694111372565
743	1 14	1 16	1 34	1 36	8.750543984996172
744	1 14	1 16	1 36	1 38	52.63258215155422
745	1 14	1 16	1 35	1 37	23.308653050137114
746	1 14	1 16	1 37	1 39	94.31789525179732
747	1 14	1 16	1 39	1 41	-108.97364828376493
748	1 14	1 16	1 41	1 43	7.15879160742308
749	1 14	1 16	1 43	1 45	25.559844522373126
750	1 14	1 16	1 45	1 47	54.57167895663659
751	1 14	1 16	1 47	1 49	-77.85450875752599
752	1 14	1 16	1 49	1 51	7.609856340539833
753	1 14	1 16	1 51	1 53	23.333704159146937
754	1 14	1 16	1 53	1 55	37.17407973348023
755	1 14	1 16	1 38	1 40	114.22551344099044
756	1 14	1 16	1 42	1 44	13.841134955664913
757	1 14	1 16	1 44	1 46	41.01106265049293
758	1 14	1 16	1 46	1 48	62.34695812361417
759	1 14	1 16	1 48	1 50	-107.16384021919387
760	1 14	1 16	1 50	1 52	14.586775362318841
761	1 14	1 16	1 52	1 54	29.892529475072628
762	1 14	1 16	1 54	1 56	37.16616517138256
763	1 14	1 16	1 56	1 58	-75.18333010411015
764	1 14	1 16	1 55	1 57	-61.39064992025519
765	1 14	1 16	1 57	1 59	7.403742099356135
766	1 14	1 16	1 59	1 61	19.31182604639121
767	1 14	1 16	1 61	1 63	26.15882902116384
768	1 14	1 16	1 63	1 65	-48.42394050022587
769	1 14	1 16	1 65	1 67	7.9810624825285625
770	1 14	1 16	1 67	1 69	16.333656065870393
771	1 14	1 16	1 69	1 71	16.525784299372653
772	1 14	1 16	1 71	1 1	-105.41900152071511
773	1 14	1 16	1 58	1 60	14.972043969299385
774	1 14	1 16	1 60	1 62	22.783567391343603
775	1 14	1 16	1 62	1 64	23.040936309005524
776	1 14	1 16	1 64	1 66	-56.08101962610887
777	1 14	1 16	1 66	1 68	13.817899599029051
778	1 14	1 16	1 68	1 70	17.646234275334933
779	1 14	1 16	1 70	1 72	10.921841553974193
780	1 15	1 17	1 16	1 18	1099.8518571428572
781	1 15	1 17	1 24	1 26	871.8072086720867
782	1 15	1 17	1 32	1 34	603.0883104643106
783	1 15	1 17	1 23	1 25	984.2846580829756
784	1 15	1 17	1 25	1 27	-349.08730500472143
785	1 15	1 17	1 31	1 33	653.492366972477
786	1 15	1 17	1 36	1 38	-181.86221164848098
787	1 15	1 17	1 38	1 40	-137.25745920895747
788	1 15	1 17	1 40	1 42	453.43621799463057
789	1 15	1 17	1 42	1 44	-142.52916905763948
790	1 15	1 17	1 44	1 46	-136.3869848481865
791	1 15	1 17	1 46	1 48	-95.55680321959726
792	1 15	1 17	1 48	1 50	331.56695829282967
793	1 15	1 17	1 50	1 52	-103.79555148479909
794	1 15	1 17	1 52	1 54	-101.661635819446
795	1 15	1 17	1 54	1 56	-71.36977701877393
796	1 15	1 17	1 39	1 41	446.80840044303943
797	1 15	1 17	1 41	1 43	-129.76308353522694
798	1 15	1 17	1 43	1 45	-140.5422500963984
799	1 15	1 17	1 45	1 47	-114.60460513660988
800	1 15	1 17	1 47	1 49	312.1692512138196
801	1 15	1 17	1 49	1 51	-78.21465503468661
802	1 15	1 17	1 51	1 53	-108.92145044005426
803	1 15	1 17	1 53	1 55	-90.54315972358147
804	1 15	1 17	1 55	1 57	235.57287567584862
805	1 15	1 17	1 56	1 58	249.05811705508472
806	1 15	1 17	1 58	1 60	-83.73222584531823
807	1 15	1 17	1 60	1 62	-78.45547408705043
808	1 15	1 17	1 62	1 64	-52.918225909798444
809	1 15	1 17	1 64	1 66	194.76606466450215
810	1 15	1 17	1 66	1 68	-67.1631076160092
811	1 15	1 17	1 68	1 70	-62.00241127331462
812	1 15	1 17	1 70	1 72	-28.778210350588793
813	1 15	1 17	1 59	1 61	-86.12949618204509
814	1 15	1 17	1 61	1 63	-71.40232932917091
815	1 15	1 17	1 63	1 65	185.58462729599756
816	1 15	1 17	1 65	1 67	-43.41942004163231
817	1 15	1 17	1 67	1 69	-68.10328837052582
818	1 15	1 17	1 69	1 71	-50.06501386315779
819	1 15	1 17	1 71	1 1	537.3819266785488
820	1 16	1 18	1 23	1 25	827.7638164931425
821	1 16	1 18	1 31	1 33	598.6307067090662
822	1 16	1 18	1 24	1 26	1046.1229133877046
823	1 16	1 18	1 32	1 34	656.5503678160919
824	1 16	1 18	1 37	1 39	-206.564225207697
825	1 16	1 18	1 39	1 41	429.13256023894974
826	1 16	1 18	1 41	1 43	-85.95067118977026
827	1 16	1 18	1 43	1 45	-135.23965599617776
828	1 16	1 18	1 45	1 47	-136.24009126466754
829	1 16	1 18	1 47	1 49	298.60523594053006
830	1 16	1 18	1 49	1 51	-58.590829264079076
831	1 16	1 18	1 51	1 53	-104.04406333902247
832	1 16	1 18	1 53	1 55	-101.9318130075471
833	1 16	1 18	1 55	1 57	229.7584834147334
834	1 16	1 18	1 40	1 42	464.6659831148493
835	1 16	1 18	1 42	1 44	-113.3909037940951
836	1 16	1 18	1 44	1 46	-142.20720219935538
837	1 16	1 18	1 46	1 48	-121.66614976485349
838	1 16	1 18	1 48	1 50	334.20811804431656
839	1 16	1 18	1 50	1 52	-86.14473291717596
840	1 16	1 18	1 52	1 54	-103.27374153229333
841	1 16	1 18	1 54	1 56	-84.35351792262216
842	1 16	1 18	1 56	1 58	247.10565434644104
843	1 16	1 18	1 58	1 60	-72.62550130599313
844	1 16	1 18	1 57	1 59	-42.79380298698911
845	1 16	1 18	1 59	1 61	-81.47499261314837
846	1 16	1 18	1 61	1 63	-77.07082730368658
847	1 16	1 18	1 63	1 65	180.4157428099394
848	1 16	1 18	1 65	1 67	-38.14549283271788
849	1 16	1 18	1 67	1 69	-64.8868620739228
850	1 16	1 18	1 69	1 71	-52.23633394418296
851	1 16	1 18	1 71	1 1	471.3973328645336
852	1 16	1 18	1 60	1 62	-79.42105519045462
853	1 16	1 18	1 62	1 64	-59.823375671218635
854	1 16	1 18	1 64	1 66	192.86732233692396
855	1 16	1 18	1 66	1 68	-61.08015861002588
856	1 16	1 18	1 68	1 70	-61.940395101099
857	1 16	1 18	1 70	1 72	-31.362407739876318
858	1 17	1 19	1 18	1 20	249.912700458612
859	1 17	1 19	1 20	1 22	-63.00826639451793
860	1 17	1 19	1 22	1 24	-15.676761943290868
861	1 17	1 19	1 26	1 28	183.29783522186835
862	1 17	1 19	1 28	1 30	-26.27133899330161
863	1 17	1 19	1 30	1 32	-10.257331222993873
864	1 17	1 19	1 34	1 36	111.9854844876142
865	1 17	1 19	1 36	1 38	8.412047539783519
866	1 17	1 19	1 21	1 23	-27.344391400032677
867	1 17	1 19	1 25	1 27	395.1332695950437
868	1 17	1 19	1 29	1 31	-17.221252721769964
869	1 17	1 19	1 33	1 35	181.00288966416466
870	1 17	1 19	1 35	1 37	44.40043158345601
871	1 17	1 19	1 37	1 39	-0.6967860948740565
872	1 17	1 19	1 40	1 42	-104.83759666351581
873	1 17	1 19	1 42	1 44	70.44803315771924
874	1 17	1 19	1 44	1 46	21.474409100504133
875	1 17	1 19	1 46	1 48	4.566916335151492
876	1 17	1 19	1 48	1 50	-84.41033206315741
877	1 17	1 19	1 50	1 52	46.85061866783626
878	1 17	1 19	1 52	1 54	22.439740169332744
879	1 17	1 19	1 54	1 56	7.6412801969471325
880	1 17	1 19	1 56	1 58	-68.45354714473416
881	1 17	1 19	1 41	1 43	89.85909144270269
882	1 17	1 19	1 43	1 45	41.94263513535742
883	1 17	1 19	1 45	1 47	9.690169917546115
884	1 17	1 19	1 47	1 49	-102.19373029473479
885	1 17	1 19	1 49	1 51	45.66167712381263
886	1 17	1 19	1 51	1 53	35.12360415315963
887	1 17	1 19	1 53	1 55	14.054981573106437
888	1 17	1 19	1 55	1 57	-75.41861473251558
889	1 17	1 19	1 57	1 59	25.44055963618008
890	1 17	1 19	1 59	1 61	28.91932682979877
891	1 17	1 19	1 58	1 60	34.05756703497743
892	1 17	1 19	1 60	1 62	19.951394321118393
893	1 17	1 19	1 62	1 64	8.44366052111091
894	1 17	1 19	1 64	1 66	-55.850871736629344
895	1 17	1 19	1 66	1 68	25.25499514062498
896	1 17	1 19	1 68	1 70	17.053415519093136
897	1 17	1 19	1 70	1 72	5.837497526880396
898	1 17	1 19	1 61	1 63	14.198006953927978
899	1 17	1 19	1 63	1 65	-58.617275361810144
900	1 17	1 19	1 65	1 67	18.20210067479905
901	1 17	1 19	1 67	1 69	22.527382269349403
902	1 17	1 19	1 69	1 71	11.973252396425622
903	1 18	1 20	1 19	1 21	234.64554969989751
904	1 18	1 20	1 21	1 23	-62.81473859994986
905	1 18	1 20	1 25	1 27	188.58659059880904
906	1 18	1 20	1 27	1 29	164.80900878143083
907	1 18	1 20	1 29	1 31	-26.768995173141203
908	1 18	1 20	1 33	1 35	116.0578574459611
909	1 18	1 20	1 35	1 37	97.22508946097923
910	1 18	1 20	1 37	1 39	8.112036953777803
911	1 18	1 20	1 22	1 24	-29.011283118306626
912	1 18	1 20	1 30	1 32	-17.171828859777328
913	1 18	1 20	1 34	1 36	133.27347842190144
914	1 18	1 20	1 36	1 38	38.957848738924454
915	1 18	1 20	1 39	1 41	-163.11736953000928
916	1 18	1 20	1 41	1 43	67.25413846072064
917	1 18	1 20	1 43	1 45	60.74493758832538
918	1 18	1 20	1 45	1 47	19.824175652720687
919	1 18	1 20	1 47	1 49	-113.93221288515407
920	1 18	1 20	1 49	1 51	38.424808048226986
921	1 18	1 20	1 51	1 53	43.667346281393236
922	1 18	1 20	1 53	1 55	21.84598208075673
923	1 18	1 20	1 55	1 57	-85.9453084625323
924	1 18	1 20	1 57	1 59	23.560896912824695
925	1 18	1 20	1 42	1 44	73.47415448818668
926	1 18	1 20	1 44	1 46	38.92261068635504
927	1 18	1 20	1 46	1 48	9.6474358745889
928	1 18	1 20	1 48	1 50	-103.58310993165543
929	1 18	1 20	1 50	1 52	47.8409596046635
930	1 18	1 20	1 52	1 54	32.30841811296321
931	1 18	1 20	1 54	1 56	12.6432442337317
932	1 18	1 20	1 56	1 58	-81.84449762093656
933	1 18	1 20	1 58	1 60	35.45789993408157
934	1 18	1 20	1 60	1 62	25.760602814651023
935	1 18	1 20	1 59	1 61	33.55080258471202
936	1 18	1 20	1 61	1 63	19.749255245335384
937	1 18	1 20	1 63	1 65	-67.03224545204313
938	1 18	1 20	1 65	1 67	18.282963605182594
939	1 18	1 20	1 67	1 69	25.6244511868032
940	1 18	1 20	1 69	1 71	15.39631903051356
941	1 18	1 20	1 71	1 1	-250.52466345946414
942	1 18	1 20	1 62	1 64	12.232128234616802
943	1 18	1 20	1 64	1 66	-65.43612522911258
944	1 18	1 20	1 66	1 68	26.95681816458427
945	1 18	1 20	1 68	1 70	20.92093676698449
946	1 18	1 20	1 70	1 72	7.873787587979425
947	1 19	1 21	1 20	1 22	228.35276438470453
948	1 19	1 21	1 22	1 24	-72.14471725836671
949	1 19	1 21	1 26	1 28	161.88801203517093
950	1 19	1 21	1 28	1 30	168.05135377195592
951	1 19	1 21	1 30	1 32	-29.384629050408968
952	1 19	1 21	1 34	1 36	96.23464423897653
953	1 19	1 21	1 36	1 38	95.48103341813082
954	1 19	1 21	1 38	1 40	14.122484316864874
955	1 19	1 21	1 25	1 27	3.442613310717019
956	1 19	1 21	1 27	1 29	293.0160019422873
957	1 19	1 21	1 29	1 31	-2.5813463574270505
958	1 19	1 21	1 33	1 35	44.85864357616832
959	1 19	1 21	1 35	1 37	127.26550568756659
960	1 19	1 21	1 37	1 39	40.00744317658588
961	1 19	1 21	1 41	1 43	39.02744231616786
962	1 19	1 21	1 40	1 42	-165.06683614940908
963	1 19	1 21	1 42	1 44	60.37300488584616
964	1 19	1 21	1 44	1 46	62.026370330719146
965	1 19	1 21	1 46	1 48	21.287991279950432
966	1 19	1 21	1 48	1 50	-122.91893937637266
967	1 19	1 21	1 50	1 52	42.158367711060336
968	1 19	1 21	1 52	1 54	42.99155100316689
969	1 19	1 21	1 54	1 56	21.298194956263316
970	1 19	1 21	1 56	1 58	-94.58527650815608
971	1 19	1 21	1 58	1 60	33.45962420016248
972	1 19	1 21	1 43	1 45	72.04636754816528
973	1 19	1 21	1 45	1 47	39.21138101842679
974	1 19	1 21	1 49	1 51	27.65850670941837
975	1 19	1 21	1 51	1 53	48.91748719025381
976	1 19	1 21	1 53	1 55	33.586405232634945
977	1 19	1 21	1 55	1 57	-94.16394001219454
978	1 19	1 21	1 57	1 59	19.64875262310962
979	1 19	1 21	1 59	1 61	35.853256048434815
980	1 19	1 21	1 61	1 63	26.937710823173127
981	1 19	1 21	1 60	1 62	31.697500543018872
982	1 19	1 21	1 62	1 64	17.91806623135716
983	1 19	1 21	1 64	1 66	-74.81750678168913
984	1 19	1 21	1 66	1 68	26.616036076631183
985	1 19	1 21	1 68	1 70	24.36540620213802
986	1 19	1 21	1 70	1 72	10.512457136232925
987	1 19	1 21	1 63	1 65	-73.0062893081761
988	1 19	1 21	1 65	1 67	16.896799696808333
989	1 19	1 21	1 67	1 69	27.356225971812066
990	1 19	1 21	1 69	1 71	19.192999231289665
991	1 20	1 22	1 21	1 23	231.82554458265292
992	1 20	1 22	1 25	1 27	-26.6333005715648
993	1 20	1 22	1 27	1 29	158.34525841216094
994	1 20	1 22	1 29	1 31	174.67613659909023
995	1 20	1 22	1 33	1 35	9.005124070230963
996	1 20	1 22	1 35	1 37	93.63417471862776
997	1 20	1 22	1 37	1 39	105.64918312719911
998	1 20	1 22	1 39	1 41	-183.62546554220341
999	1 20	1 22	1 24	1 26	-305.7216539612082
1000	1 20	1 22	1 34	1 36	36.85081117131091
1001	1 20	1 22	1 36	1 38	129.21451654693658
1002	1 20	1 22	1 38	1 40	55.30822418511126
1003	1 20	1 22	1 42	1 44	36.9420385692233
1004	1 20	1 22	1 41	1 43	18.164718742761863
1005	1 20	1 22	1 43	1 45	61.266799414944344
1006	1 20	1 22	1 45	1 47	64.40112426210723
1007	1 20	1 22	1 47	1 49	-124.89587049837
1008	1 20	1 22	1 49	1 51	17.016077301616267
1009	1 20	1 22	1 51	1 53	44.87518326963858
1010	1 20	1 22	1 53	1 55	45.55997495485564
1011	1 20	1 22	1 55	1 57	-94.90589843256225
1012	1 20	1 22	1 57	1 59	14.602270434017036
1013	1 20	1 22	1 59	1 61	33.487193089738966
1014	1 20	1 22	1 44	1 46	73.63259275316322
1015	1 20	1 22	1 46	1 48	44.7964277945879
1016	1 20	1 22	1 48	1 50	-136.54770586086235
1017	1 20	1 22	1 50	1 52	31.206889705521817
1018	1 20	1 22	1 52	1 54	47.84671180940954
1019	1 20	1 22	1 54	1 56	34.18826029918135
1020	1 20	1 22	1 56	1 58	-102.22518790239414
1021	1 20	1 22	1 58	1 60	27.881728914047613
1022	1 20	1 22	1 60	1 62	34.25846324695411
1023	1 20	1 22	1 62	1 64	24.673812845954828
1024	1 20	1 22	1 61	1 63	33.12136117448266
1025	1 20	1 22	1 63	1 65	-73.354728301363
1026	1 20	1 22	1 65	1 67	14.206753673093825
1027	1 20	1 22	1 67	1 69	26.35173846561726
1028	1 20	1 22	1 69	1 71	22.050628582838286
1029	1 20	1 22	1 71	1 1	-162.73690619059528
1030	1 20	1 22	1 64	1 66	-78.83256046886629
1031	1 20	1 22	1 66	1 68	23.793744954679894
1032	1 20	1 22	1 68	1 70	25.828180631032843
1033	1 20	1 22	1 70	1 72	13.061638259560755
1034	1 21	1 23	1 22	1 24	299.5958006976638
1035	1 21	1 23	1 26	1 28	-27.218054591072757
1036	1 21	1 23	1 28	1 30	187.36475618284697
1037	1 21	1 23	1 30	1 32	208.7415129166282
1038	1 21	1 23	1 34	1 36	7.328796431267339
1039	1 21	1 23	1 36	1 38	111.14465220450276
1040	1 21	1 23	1 38	1 40	139.74606687858562
1041	1 21	1 23	1 40	1 42	-234.81155075251698
1042	1 21	1 23	1 25	1 27	-17.556393370223155
1043	1 21	1 23	1 29	1 31	373.28392589522923
1044	1 21	1 23	1 31	1 33	-307.18415519877675
1045	1 21	1 23	1 35	1 37	41.20543749337469
1046	1 21	1 23	1 37	1 39	167.2257227590339
1047	1 21	1 23	1 41	1 43	8.814372670110771
1048	1 21	1 23	1 43	1 45	44.2404481706692
1049	1 21	1 23	1 42	1 44	20.955391702610868
1050	1 21	1 23	1 44	1 46	72.50966203377364
1051	1 21	1 23	1 46	1 48	81.20128664766484
1052	1 21	1 23	1 48	1 50	-158.6535530081327
1053	1 21	1 23	1 50	1 52	22.985665886527897
1054	1 21	1 23	1 52	1 54	48.97712566309639
1055	1 21	1 23	1 54	1 56	51.21551200234093
1056	1 21	1 23	1 56	1 58	-112.92911518695112
1057	1 21	1 23	1 58	1 60	23.583957936960736
1058	1 21	1 23	1 60	1 62	35.93883517156331
1059	1 21	1 23	1 45	1 47	87.29107922789404
1060	1 21	1 23	1 49	1 51	11.102133453485589
1061	1 21	1 23	1 51	1 53	38.62513904338153
1062	1 21	1 23	1 53	1 55	57.289365146685554
1063	1 21	1 23	1 55	1 57	-96.18675796510347
1064	1 21	1 23	1 57	1 59	11.460104343212734
1065	1 21	1 23	1 59	1 61	30.833576447962926
1066	1 21	1 23	1 61	1 63	39.790949468948824
1067	1 21	1 23	1 63	1 65	-74.92663142113153
1068	1 21	1 23	1 62	1 64	33.16396454843801
1069	1 21	1 23	1 64	1 66	-85.42314402015894
1070	1 21	1 23	1 66	1 68	21.697924571802417
1071	1 21	1 23	1 68	1 70	27.320587300585565
1072	1 21	1 23	1 70	1 72	16.110138800610862
1073	1 21	1 23	1 72	1 2	-152.2371420183976
1074	1 21	1 23	1 65	1 67	12.438727275145029
1075	1 21	1 23	1 67	1 69	25.653795242867034
1076	1 21	1 23	1 69	1 71	25.12521005385753
1077	1 22	1 24	1 25	1 27	-10.315049934909187
1078	1 22	1 24	1 27	1 29	-26.421354439243853
1079	1 22	1 24	1 29	1 31	233.60294814443625
1080	1 22	1 24	1 35	1 37	12.076996171485344
1081	1 22	1 24	1 37	1 39	137.70505299740702
1082	1 22	1 24	1 39	1 41	-135.72277120641172
1083	1 22	1 24	1 41	1 43	4.623063971692594
1084	1 22	1 24	1 26	1 28	-16.097207600582436
1085	1 22	1 24	1 28	1 30	9.05146422956478
1086	1 22	1 24	1 30	1 32	402.87047222676466
1087	1 22	1 24	1 36	1 38	55.09913809554257
1088	1 22	1 24	1 38	1 40	189.23089892986962
1089	1 22	1 24	1 42	1 44	11.25912349293205
1090	1 22	1 24	1 44	1 46	50.27186760563116
1091	1 22	1 24	1 43	1 45	25.872865959364816
1092	1 22	1 24	1 45	1 47	78.15525572888308
1093	1 22	1 24	1 47	1 49	-97.64124401913875
1094	1 22	1 24	1 49	1 51	6.974646898057502
1095	1 22	1 24	1 51	1 53	27.301181347834664
1096	1 22	1 24	1 53	1 55	52.60280069160147
1097	1 22	1 24	1 55	1 57	-78.862496788056
1098	1 22	1 24	1 57	1 59	8.075759052513439
1099	1 22	1 24	1 59	1 61	23.51028491980334
1100	1 22	1 24	1 61	1 63	36.329016083968895
1101	1 22	1 24	1 46	1 48	97.73771558140788
1102	1 22	1 24	1 50	1 52	15.126832365803711
1103	1 22	1 24	1 52	1 54	38.17854981070205
1104	1 22	1 24	1 54	1 56	55.728789742147455
1105	1 22	1 24	1 56	1 58	-101.07261174363629
1106	1 22	1 24	1 58	1 60	17.260922967094327
1107	1 22	1 24	1 60	1 62	29.776847822751645
1108	1 22	1 24	1 62	1 64	33.49034393663828
1109	1 22	1 24	1 64	1 66	-74.29862448544546
1110	1 22	1 24	1 63	1 65	-62.66933985678368
1111	1 22	1 24	1 65	1 67	9.431907022471474
1112	1 22	1 24	1 67	1 69	20.566527542495237
1113	1 22	1 24	1 69	1 71	22.64752923678553
1114	1 22	1 24	1 71	1 1	-110.43891687055586
1115	1 22	1 24	1 66	1 68	16.815514265556917
1116	1 22	1 24	1 68	1 70	23.218250097154485
1117	1 22	1 24	1 70	1 72	15.507317610256784
1118	1 23	1 25	1 24	1 26	901.2604633131893
1119	1 23	1 25	1 32	1 34	732.271061430934
1120	1 23	1 25	1 40	1 42	546.0200253799976
1121	1 23	1 25	1 31	1 33	906.789875913465
1122	1 23	1 25	1 33	1 35	-320.9959349593496
1123	1 23	1 25	1 39	1 41	576.719494261119
1124	1 23	1 25	1 44	1 46	-166.62762559155442
1125	1 23	1 25	1 46	1 48	-109.57695858152232
1126	1 23	1 25	1 48	1 50	409.342039562128
1127	1 23	1 25	1 50	1 52	-136.5328704652593
1128	1 23	1 25	1 52	1 54	-125.97644995040487
1129	1 23	1 25	1 54	1 56	-84.27893037397695
1130	1 23	1 25	1 56	1 58	311.19632423866614
1131	1 23	1 25	1 58	1 60	-108.78912937476989
1132	1 23	1 25	1 60	1 62	-97.69503104524716
1133	1 23	1 25	1 62	1 64	-63.69197270931943
1134	1 23	1 25	1 47	1 49	401.98281247092973
1135	1 23	1 25	1 49	1 51	-108.74696661062401
1136	1 23	1 25	1 51	1 53	-141.38244182995027
1137	1 23	1 25	1 53	1 55	-112.02182906870301
1138	1 23	1 25	1 55	1 57	304.8334712080476
1139	1 23	1 25	1 57	1 59	-70.04362049489147
1140	1 23	1 25	1 59	1 61	-110.54240468492517
1141	1 23	1 25	1 61	1 63	-88.19503187935663
1142	1 23	1 25	1 63	1 65	237.04123891315652
1143	1 23	1 25	1 65	1 67	-57.14145429355536
1144	1 23	1 25	1 64	1 66	246.50837923544344
1145	1 23	1 25	1 66	1 68	-87.27094268825539
1146	1 23	1 25	1 68	1 70	-78.00962005747849
1147	1 23	1 25	1 70	1 72	-35.8817610630604
1148	1 23	1 25	1 72	1 2	289.9655413276844
1149	1 23	1 25	1 67	1 69	-87.01963404246055
1150	1 23	1 25	1 69	1 71	-62.343323968237854
1151	1 23	1 25	1 71	1 1	373.60541976451066
1152	1 24	1 26	1 25	1 27	-135.19439921720038
1153	1 24	1 26	1 27	1 29	-334.2162088055308
1154	1 24	1 26	1 29	1 31	-372.34888093927714
1155	1 24	1 26	1 31	1 33	735.6246767001114
1156	1 24	1 26	1 33	1 35	-122.23397747949673
1157	1 24	1 26	1 35	1 37	-245.7949771719451
1158	1 24	1 26	1 37	1 39	-253.84058687767887
1159	1 24	1 26	1 39	1 41	525.9262556221888
1160	1 24	1 26	1 41	1 43	-96.51706642540634
1161	1 24	1 26	1 43	1 45	-172.4313501144165
1162	1 24	1 26	1 32	1 34	877.1173386292628
1163	1 24	1 26	1 34	1 36	-232.66673861852433
1164	1 24	1 26	1 40	1 42	585.5263284559107
1165	1 24	1 26	1 44	1 46	-176.0797513211293
1166	1 24	1 26	1 45	1 47	-171.65073685261785
1167	1 24	1 26	1 47	1 49	374.1793248480018
1168	1 24	1 26	1 49	1 51	-69.7792289151864
1169	1 24	1 26	1 51	1 53	-132.9747179003872
1170	1 24	1 26	1 53	1 55	-129.5873603820769
1171	1 24	1 26	1 55	1 57	286.0820725916186
1172	1 24	1 26	1 57	1 59	-51.97327990576659
1173	1 24	1 26	1 59	1 61	-102.2350165656297
1174	1 24	1 26	1 61	1 63	-97.06930089601246
1175	1 24	1 26	1 63	1 65	225.5180473004633
1176	1 24	1 26	1 48	1 50	419.67449545347006
1177	1 24	1 26	1 50	1 52	-108.2269105010032
1178	1 24	1 26	1 52	1 54	-131.15731775519427
1179	1 24	1 26	1 54	1 56	-107.43511780127743
1180	1 24	1 26	1 56	1 58	311.9395612094954
1181	1 24	1 26	1 58	1 60	-90.84510119604978
1182	1 24	1 26	1 60	1 62	-98.93685314153205
1183	1 24	1 26	1 62	1 64	-74.97038570494661
1184	1 24	1 26	1 64	1 66	239.63404745042493
1185	1 24	1 26	1 66	1 68	-75.33217580542939
1186	1 24	1 26	1 65	1 67	-47.06600252425973
1187	1 24	1 26	1 67	1 69	-81.13481808107625
1188	1 24	1 26	1 69	1 71	-65.85048676876531
1189	1 24	1 26	1 71	1 1	340.7338906304424
1190	1 24	1 26	1 68	1 70	-77.49582215515315
1191	1 24	1 26	1 70	1 72	-39.50995087522929
1192	1 24	1 26	1 72	1 2	295.19720010886573
1193	1 25	1 27	1 26	1 28	214.34800317828075
1194	1 25	1 27	1 28	1 30	-68.20217538159203
1195	1 25	1 27	1 30	1 32	-12.658887906695067
1196	1 25	1 27	1 34	1 36	158.2785602046647
1197	1 25	1 27	1 36	1 38	-26.430815394455436
1198	1 25	1 27	1 38	1 40	-7.444328994501188
1199	1 25	1 27	1 40	1 42	-117.26656136815875
1200	1 25	1 27	1 42	1 44	104.21838106643565
1201	1 25	1 27	1 44	1 46	9.119563807307548
1202	1 25	1 27	1 29	1 31	-26.054695837780148
1203	1 25	1 27	1 33	1 35	361.96348351039535
1204	1 25	1 27	1 37	1 39	-15.791063221296458
1205	1 25	1 27	1 41	1 43	158.3454554725068
1206	1 25	1 27	1 43	1 45	39.52722362786908
1207	1 25	1 27	1 47	1 49	-128.77257370427694
1208	1 25	1 27	1 48	1 50	-100.08011540398454
1209	1 25	1 27	1 50	1 52	69.35981162543597
1210	1 25	1 27	1 52	1 54	20.804552673553193
1211	1 25	1 27	1 54	1 56	4.141332966050786
1212	1 25	1 27	1 56	1 58	-83.32913743160604
1213	1 25	1 27	1 58	1 60	48.82082100258918
1214	1 25	1 27	1 60	1 62	22.088199126021543
1215	1 25	1 27	1 62	1 64	7.242425437479977
1216	1 25	1 27	1 64	1 66	-68.45323737941848
1217	1 25	1 27	1 49	1 51	75.72815378618469
1218	1 25	1 27	1 51	1 53	41.987877451212725
1219	1 25	1 27	1 53	1 55	10.240262034453375
1220	1 25	1 27	1 55	1 57	-97.87195425112944
1221	1 25	1 27	1 57	1 59	39.679601936958605
1222	1 25	1 27	1 59	1 61	37.32091221067006
1223	1 25	1 27	1 61	1 63	13.70531404240878
1224	1 25	1 27	1 63	1 65	-76.1626619354743
1225	1 25	1 27	1 65	1 67	26.75430553031511
1226	1 25	1 27	1 67	1 69	29.4136865512721
1227	1 25	1 27	1 66	1 68	35.334326536676635
1228	1 25	1 27	1 68	1 70	20.41761901133271
1229	1 25	1 27	1 70	1 72	6.111312255091757
1230	1 25	1 27	1 72	1 2	-97.15643594848274
1231	1 25	1 27	1 69	1 71	13.288492152267843
1232	1 25	1 27	1 71	1 1	-162.5483583001198
1233	1 26	1 28	1 27	1 29	196.2094960988186
1234	1 26	1 28	1 29	1 31	-62.263234749031284
1235	1 26	1 28	1 33	1 35	160.36875799667854
1236	1 26	1 28	1 35	1 37	138.73836815556268
1237	1 26	1 28	1 37	1 39	-27.02791150216484
1238	1 26	1 28	1 39	1 41	-199.42390563322195
1239	1 26	1 28	1 41	1 43	96.92925673391227
1240	1 26	1 28	1 43	1 45	84.44592022981013
1241	1 26	1 28	1 45	1 47	7.314168416505079
1242	1 26	1 28	1 30	1 32	-24.683037355206473
1243	1 26	1 28	1 38	1 40	-13.691647692427335
1244	1 26	1 28	1 42	1 44	118.06251360409601
1245	1 26	1 28	1 44	1 46	34.85591377660683
1246	1 26	1 28	1 47	1 49	-142.58595192815142
1247	1 26	1 28	1 49	1 51	55.13046930743205
1248	1 26	1 28	1 51	1 53	58.508223020339514
1249	1 26	1 28	1 53	1 55	19.03623188405797
1250	1 26	1 28	1 55	1 57	-106.68865668380386
1251	1 26	1 28	1 57	1 59	32.911963437643394
1252	1 26	1 28	1 59	1 61	44.030429831614995
1253	1 26	1 28	1 61	1 63	20.384114152227497
1254	1 26	1 28	1 63	1 65	-84.02572640980533
1255	1 26	1 28	1 65	1 67	24.7733615287341
1256	1 26	1 28	1 50	1 52	69.62836993362038
1257	1 26	1 28	1 52	1 54	36.17832406226397
1258	1 26	1 28	1 54	1 56	7.993470994414391
1259	1 26	1 28	1 56	1 58	-98.38457881987293
1260	1 26	1 28	1 58	1 60	48.91754433759229
1261	1 26	1 28	1 60	1 62	30.38383550985929
1262	1 26	1 28	1 62	1 64	11.089551624845743
1263	1 26	1 28	1 64	1 66	-79.8576354895105
1264	1 26	1 28	1 66	1 68	36.01789250938187
1265	1 26	1 28	1 68	1 70	25.231948539265616
1266	1 26	1 28	1 67	1 69	33.04010516306682
1267	1 26	1 28	1 69	1 71	17.450509181848247
1268	1 26	1 28	1 71	1 1	-166.83856966710695
1269	1 26	1 28	1 70	1 72	8.196267796337507
1270	1 26	1 28	1 72	1 2	-124.908685824092
1271	1 27	1 29	1 28	1 30	214.55475705363864
1272	1 27	1 29	1 30	1 32	-71.7523740152146
1273	1 27	1 29	1 34	1 36	148.7659616126827
1274	1 27	1 29	1 36	1 38	144.31611016335748
1275	1 27	1 29	1 38	1 40	-26.887370227942405
1276	1 27	1 29	1 40	1 42	-202.55239142627113
1277	1 27	1 29	1 42	1 44	89.24807292058478
1278	1 27	1 29	1 44	1 46	90.2675885341404
1279	1 27	1 29	1 46	1 48	6.8439016706446445
1280	1 27	1 29	1 35	1 37	266.99616742840726
1281	1 27	1 29	1 37	1 39	-9.266280836463938
1282	1 27	1 29	1 41	1 43	36.95230204143297
1283	1 27	1 29	1 43	1 45	119.80972919389127
1284	1 27	1 29	1 45	1 47	36.382849213879254
1285	1 27	1 29	1 47	1 49	-161.52117886917546
1286	1 27	1 29	1 49	1 51	32.952164482937306
1287	1 27	1 29	1 48	1 50	-154.41183821572992
1288	1 27	1 29	1 50	1 52	59.39475108239523
1289	1 27	1 29	1 52	1 54	60.495340019549104
1290	1 27	1 29	1 54	1 56	18.820654687601404
1291	1 27	1 29	1 56	1 58	-120.54433174326601
1292	1 27	1 29	1 58	1 60	46.20610806018344
1293	1 27	1 29	1 60	1 62	42.794072367125686
1294	1 27	1 29	1 62	1 64	19.48051791861771
1295	1 27	1 29	1 64	1 66	-96.83116903210664
1296	1 27	1 29	1 66	1 68	36.04121401407107
1297	1 27	1 29	1 51	1 53	72.91551610006468
1298	1 27	1 29	1 53	1 55	38.931993983196975
1299	1 27	1 29	1 57	1 59	25.30583045522583
1300	1 27	1 29	1 59	1 61	50.06908952928091
1301	1 27	1 29	1 61	1 63	33.02114117627853
1302	1 27	1 29	1 63	1 65	-96.11415181152634
1303	1 27	1 29	1 65	1 67	22.38271344169646
1304	1 27	1 29	1 67	1 69	37.058413128236474
1305	1 27	1 29	1 69	1 71	24.330152656671505
1306	1 27	1 29	1 68	1 70	32.34595213068804
1307	1 27	1 29	1 70	1 72	12.607935882275653
1308	1 27	1 29	1 72	1 2	-139.59161731753355
1309	1 27	1 29	1 71	1 1	-156.56126126126128
1310	1 28	1 30	1 29	1 31	220.15628895772176
1311	1 28	1 30	1 33	1 35	-25.831403540677776
1312	1 28	1 30	1 35	1 37	151.96064346512264
1313	1 28	1 30	1 37	1 39	159.150298953806
1314	1 28	1 30	1 41	1 43	7.467053686367879
1315	1 28	1 30	1 43	1 45	95.98948289179961
1316	1 28	1 30	1 45	1 47	96.31248672441058
1317	1 28	1 30	1 47	1 49	-178.2940001971382
1318	1 28	1 30	1 36	1 38	279.72136174238756
1319	1 28	1 30	1 38	1 40	6.1567513427864675
1320	1 28	1 30	1 42	1 44	39.56150286411372
1321	1 28	1 30	1 44	1 46	126.76242034074653
1322	1 28	1 30	1 46	1 48	42.88089212335916
1323	1 28	1 30	1 48	1 50	-183.4847389851405
1324	1 28	1 30	1 50	1 52	39.45994567822336
1325	1 28	1 30	1 49	1 51	16.635071920488464
1326	1 28	1 30	1 51	1 53	66.71357106332248
1327	1 28	1 30	1 53	1 55	66.14098365968937
1328	1 28	1 30	1 55	1 57	-132.36667922094796
1329	1 28	1 30	1 57	1 59	17.661638469511594
1330	1 28	1 30	1 59	1 61	47.9414724403963
1331	1 28	1 30	1 61	1 63	47.1401642023339
1332	1 28	1 30	1 63	1 65	-102.3991845025933
1333	1 28	1 30	1 65	1 67	18.671389871858345
1334	1 28	1 30	1 67	1 69	37.04586583207409
1335	1 28	1 30	1 52	1 54	74.96741627853919
1336	1 28	1 30	1 54	1 56	42.165556518742264
1337	1 28	1 30	1 58	1 60	37.43277762372374
1338	1 28	1 30	1 60	1 62	50.46852776811022
1339	1 28	1 30	1 62	1 64	32.71201669303206
1340	1 28	1 30	1 64	1 66	-109.17089016511126
1341	1 28	1 30	1 66	1 68	32.459569538768726
1342	1 28	1 30	1 68	1 70	36.842922145571066
1343	1 28	1 30	1 70	1 72	17.93128937021912
1344	1 28	1 30	1 69	1 71	31.104424026100777
1345	1 28	1 30	1 71	1 1	-150.13883367502476
1346	1 28	1 30	1 72	1 2	-146.5484650531877
1347	1 29	1 31	1 30	1 32	289.3517905044202
1348	1 29	1 31	1 34	1 36	-28.839766751547586
1349	1 29	1 31	1 36	1 38	157.88667929281237
1350	1 29	1 31	1 38	1 40	225.84766463258984
1351	1 29	1 31	1 42	1 44	8.605379081863337
1352	1 29	1 31	1 44	1 46	104.78017118849814
1353	1 29	1 31	1 46	1 48	127.57174702781901
1354	1 29	1 31	1 48	1 50	-222.0981018866293
1355	1 29	1 31	1 33	1 35	-15.198887317615538
1356	1 29	1 31	1 35	1 37	-8.617887285776245
1357	1 29	1 31	1 37	1 39	331.7271133864873
1358	1 29	1 31	1 43	1 45	42.44973550290493
1359	1 29	1 31	1 45	1 47	145.33749247099414
1360	1 29	1 31	1 49	1 51	7.318278867300883
1361	1 29	1 31	1 51	1 53	46.16020349431517
1362	1 29	1 31	1 50	1 52	21.277987645857337
1363	1 29	1 31	1 52	1 54	68.55379657322165
1364	1 29	1 31	1 54	1 56	78.45045942999806
1365	1 29	1 31	1 56	1 58	-154.46295270751114
1366	1 29	1 31	1 58	1 60	26.604198062582697
1367	1 29	1 31	1 60	1 62	49.71857192418246
1368	1 29	1 31	1 62	1 64	49.24058732697039
1369	1 29	1 31	1 64	1 66	-115.95423051857028
1370	1 29	1 31	1 66	1 68	26.205397398801573
1371	1 29	1 31	1 68	1 70	37.13124208126604
1372	1 29	1 31	1 53	1 55	87.60526669654863
1373	1 29	1 31	1 57	1 59	11.382739338564045
1374	1 29	1 31	1 59	1 61	38.29107110923404
1375	1 29	1 31	1 61	1 63	58.08564468959011
1376	1 29	1 31	1 63	1 65	-99.35606700698234
1377	1 29	1 31	1 65	1 67	14.34097087758415
1378	1 29	1 31	1 67	1 69	32.82407961845972
1379	1 29	1 31	1 69	1 71	35.524113651200366
1380	1 29	1 31	1 71	1 1	-132.771034642502
1381	1 29	1 31	1 70	1 72	23.292987945425836
1382	1 29	1 31	1 72	1 2	-138.66932705454968
1383	1 30	1 32	1 33	1 35	-7.973753514188626
1384	1 30	1 32	1 35	1 37	-28.665874662327212
1385	1 30	1 32	1 37	1 39	202.78777521095793
1386	1 30	1 32	1 41	1 43	-1.6593838272347732
1387	1 30	1 32	1 43	1 45	12.267593162256972
1388	1 30	1 32	1 45	1 47	115.27346813617325
1389	1 30	1 32	1 47	1 49	-115.80145736616325
1390	1 30	1 32	1 49	1 51	3.4698039984187106
1391	1 30	1 32	1 34	1 36	-16.01374220531901
1392	1 30	1 32	1 36	1 38	1.7151740150340027
1393	1 30	1 32	1 38	1 40	382.25722204721274
1394	1 30	1 32	1 40	1 42	-329.49872514023457
1395	1 30	1 32	1 42	1 44	0.5367517479903868
1396	1 30	1 32	1 44	1 46	48.67144358275357
1397	1 30	1 32	1 46	1 48	174.1868679413281
1398	1 30	1 32	1 50	1 52	10.756747929544089
1399	1 30	1 32	1 52	1 54	45.083299279647406
1400	1 30	1 32	1 51	1 53	25.574578494072274
1401	1 30	1 32	1 53	1 55	76.51566272377985
1402	1 30	1 32	1 55	1 57	-96.59949237104989
1403	1 30	1 32	1 57	1 59	6.9871955101809196
1404	1 30	1 32	1 59	1 61	25.646187002839344
1405	1 30	1 32	1 61	1 63	51.94907700202875
1406	1 30	1 32	1 63	1 65	-78.68572000974984
1407	1 30	1 32	1 65	1 67	9.856356553990441
1408	1 30	1 32	1 67	1 69	24.28266338002752
1409	1 30	1 32	1 69	1 71	31.354255140721364
1410	1 30	1 32	1 54	1 56	91.58733164486361
1411	1 30	1 32	1 58	1 60	16.865947656068187
1412	1 30	1 32	1 60	1 62	37.541379568327045
1413	1 30	1 32	1 62	1 64	52.03831496758679
1414	1 30	1 32	1 64	1 66	-99.15277741191966
1415	1 30	1 32	1 66	1 68	18.47458441312784
1416	1 30	1 32	1 68	1 70	29.846957142398225
1417	1 30	1 32	1 70	1 72	22.636211013395496
1418	1 30	1 32	1 72	1 2	-111.44811455813087
1419	1 30	1 32	1 71	1 1	-102.69202015154039
1420	1 31	1 33	1 32	1 34	846.3907919038311
1421	1 31	1 33	1 40	1 42	707.3933241441955
1422	1 31	1 33	1 48	1 50	530.1276419394944
1423	1 31	1 33	1 39	1 41	807.1753079476805
1424	1 31	1 33	1 41	1 43	-279.8922325915291
1425	1 31	1 33	1 47	1 49	538.4833383016778
1426	1 31	1 33	1 52	1 54	-164.92403851517327
1427	1 31	1 33	1 54	1 56	-106.26089106409191
1428	1 31	1 33	1 56	1 58	412.9363856691254
1429	1 31	1 33	1 58	1 60	-151.7167153292033
1430	1 31	1 33	1 60	1 62	-129.63467938383516
1431	1 31	1 33	1 62	1 64	-81.88247896384365
1432	1 31	1 33	1 64	1 66	327.8375793156615
1433	1 31	1 33	1 66	1 68	-119.49458682258054
1434	1 31	1 33	1 68	1 70	-103.2435338572086
1435	1 31	1 33	1 70	1 72	-46.275225655729
1436	1 31	1 33	1 55	1 57	404.13581858558143
1437	1 31	1 33	1 57	1 59	-99.96328283308227
1438	1 31	1 33	1 59	1 61	-148.60514295743482
1439	1 31	1 33	1 61	1 63	-114.11443993876841
1440	1 31	1 33	1 63	1 65	318.1884310151955
1441	1 31	1 33	1 65	1 67	-79.4582080456865
1442	1 31	1 33	1 67	1 69	-117.21062605394314
1443	1 31	1 33	1 69	1 71	-81.72992784900902
1444	1 31	1 33	1 71	1 1	277.8694329544998
1445	1 31	1 33	1 72	1 2	225.3309287586834
1446	1 32	1 34	1 33	1 35	-119.18496209253303
1447	1 32	1 34	1 35	1 37	-307.11497616026134
1448	1 32	1 34	1 37	1 39	-330.51830916209076
1449	1 32	1 34	1 39	1 41	681.5510192478428
1450	1 32	1 34	1 41	1 43	-111.22087692668266
1451	1 32	1 34	1 43	1 45	-241.479216376108
1452	1 32	1 34	1 45	1 47	-226.2024887525724
1453	1 32	1 34	1 47	1 49	496.81121773342295
1454	1 32	1 34	1 49	1 51	-87.0165023398969
1455	1 32	1 34	1 51	1 53	-182.37378620835088
1456	1 32	1 34	1 40	1 42	821.6500373796841
1457	1 32	1 34	1 42	1 44	-221.1849881569682
1458	1 32	1 34	1 48	1 50	568.4215542904894
1459	1 32	1 34	1 53	1 55	-174.27972799050661
1460	1 32	1 34	1 55	1 57	385.09179056864866
1461	1 32	1 34	1 57	1 59	-67.62389151830374
1462	1 32	1 34	1 59	1 61	-139.85588595880333
1463	1 32	1 34	1 61	1 63	-131.69367384235397
1464	1 32	1 34	1 63	1 65	301.42411053841477
1465	1 32	1 34	1 65	1 67	-62.50673871915241
1466	1 32	1 34	1 67	1 69	-110.0297446415214
1467	1 32	1 34	1 69	1 71	-89.29304016345509
1468	1 32	1 34	1 71	1 1	258.79866380241106
1469	1 32	1 34	1 56	1 58	420.49127319226966
1470	1 32	1 34	1 58	1 60	-124.95459847966605
1471	1 32	1 34	1 60	1 62	-136.17212600914496
1472	1 32	1 34	1 62	1 64	-103.23753879320556
1473	1 32	1 34	1 64	1 66	328.3408867801047
1474	1 32	1 34	1 66	1 68	-102.83679622334517
1475	1 32	1 34	1 68	1 70	-105.30927016254083
1476	1 32	1 34	1 70	1 72	-54.07663395860061
1477	1 32	1 34	1 72	1 2	232.80782969117536
1478	1 33	1 35	1 34	1 36	195.21539443346506
1479	1 33	1 35	1 36	1 38	-62.76269725554248
1480	1 33	1 35	1 38	1 40	-11.730863636161745
1481	1 33	1 35	1 42	1 44	157.77156723484848
1482	1 33	1 35	1 44	1 46	-26.288862036042488
1483	1 33	1 35	1 46	1 48	-8.918359219156587
1484	1 33	1 35	1 48	1 50	-115.34481478167501
1485	1 33	1 35	1 50	1 52	107.45598475208635
1486	1 33	1 35	1 52	1 54	7.784056924881254
1487	1 33	1 35	1 37	1 39	-24.71550767073253
1488	1 33	1 35	1 41	1 43	328.8856696788618
1489	1 33	1 35	1 43	1 45	-4.415237995701718
1490	1 33	1 35	1 45	1 47	-16.081937932968977
1491	1 33	1 35	1 49	1 51	139.93364801283695
1492	1 33	1 35	1 51	1 53	40.7931141097589
1493	1 33	1 35	1 55	1 57	-124.12567469000729
1494	1 33	1 35	1 54	1 56	-2.451953643766966
1495	1 33	1 35	1 56	1 58	-101.07010256410257
1496	1 33	1 35	1 58	1 60	73.64623358677031
1497	1 33	1 35	1 60	1 62	20.45728382212103
1498	1 33	1 35	1 62	1 64	3.668837724120743
1499	1 33	1 35	1 64	1 66	-86.45496446533103
1500	1 33	1 35	1 66	1 68	51.67576572996499
1501	1 33	1 35	1 68	1 70	23.103052872192407
1502	1 33	1 35	1 70	1 72	5.2723299542834425
1503	1 33	1 35	1 72	1 2	-87.36769859782467
1504	1 33	1 35	1 57	1 59	67.7039248372266
1505	1 33	1 35	1 59	1 61	47.06788599034482
1506	1 33	1 35	1 61	1 63	9.295271734611253
1507	1 33	1 35	1 63	1 65	-100.80134955535763
1508	1 33	1 35	1 65	1 67	42.227068034214966
1509	1 33	1 35	1 67	1 69	38.70349873015181
1510	1 33	1 35	1 69	1 71	13.238628860341938
1511	1 33	1 35	1 71	1 1	-121.55498462440787
1512	1 34	1 36	1 35	1 37	195.66808747668085
1513	1 34	1 36	1 37	1 39	-65.85327203343233
1514	1 34	1 36	1 41	1 43	151.7090795328288
1515	1 34	1 36	1 43	1 45	139.29827065501686
1516	1 34	1 36	1 45	1 47	-23.806924370279205
1517	1 34	1 36	1 47	1 49	-201.83099578710105
1518	1 34	1 36	1 49	1 51	90.43443739473409
1519	1 34	1 36	1 51	1 53	93.01496074602832
1520	1 34	1 36	1 53	1 55	10.144250149655173
1521	1 34	1 36	1 38	1 40	-25.42107942867549
1522	1 34	1 36	1 42	1 44	255.85187607384083
1523	1 34	1 36	1 46	1 48	-15.719633670527593
1524	1 34	1 36	1 50	1 52	125.53239408751597
1525	1 34	1 36	1 52	1 54	39.73284067522323
1526	1 34	1 36	1 55	1 57	-152.85869396129004
1527	1 34	1 36	1 57	1 59	53.17602906959455
1528	1 34	1 36	1 59	1 61	68.43630098750177
1529	1 34	1 36	1 61	1 63	20.88238342643593
1530	1 34	1 36	1 63	1 65	-120.29908332314804
1531	1 34	1 36	1 65	1 67	39.02583448882811
1532	1 34	1 36	1 67	1 69	49.63029465930019
1533	1 34	1 36	1 69	1 71	21.597848112417957
1534	1 34	1 36	1 71	1 1	-121.25843798879782
1535	1 34	1 36	1 58	1 60	80.84846087843731
1536	1 34	1 36	1 60	1 62	39.57795632536319
1537	1 34	1 36	1 62	1 64	8.65627187900554
1538	1 34	1 36	1 64	1 66	-111.7177394342195
1539	1 34	1 36	1 66	1 68	56.68131599904541
1540	1 34	1 36	1 68	1 70	34.65444289466997
1541	1 34	1 36	1 70	1 72	9.025504927387061
1542	1 34	1 36	1 72	1 2	-96.7708981654367
1543	1 35	1 37	1 36	1 38	192.7442748366455
1544	1 35	1 37	1 38	1 40	-71.8665205548511
1545	1 35	1 37	1 42	1 44	142.50136289436256
1546	1 35	1 37	1 44	1 46	143.11873074573833
1547	1 35	1 37	1 46	1 48	-28.75148200296126
1548	1 35	1 37	1 48	1 50	-205.5038582066303
1549	1 35	1 37	1 50	1 52	90.94278213925166
1550	1 35	1 37	1 52	1 54	95.13296017508715
1551	1 35	1 37	1 54	1 56	7.715806798648506
1552	1 35	1 37	1 41	1 43	-5.715868278966551
1553	1 35	1 37	1 43	1 45	256.73600397116627
1554	1 35	1 37	1 47	1 49	-219.14456241139254
1555	1 35	1 37	1 49	1 51	32.325978286635376
1556	1 35	1 37	1 51	1 53	126.79425825119866
1557	1 35	1 37	1 53	1 55	41.21452611853253
1558	1 35	1 37	1 57	1 59	32.50452486667136
1559	1 35	1 37	1 56	1 58	-164.62420361171718
1560	1 35	1 37	1 58	1 60	69.02419191442893
1561	1 35	1 37	1 60	1 62	63.87962437245254
1562	1 35	1 37	1 62	1 64	19.295140373342058
1563	1 35	1 37	1 64	1 66	-133.19335975021687
1564	1 35	1 37	1 66	1 68	52.91363729108687
1565	1 35	1 37	1 68	1 70	46.66287968278028
1566	1 35	1 37	1 70	1 72	15.429866871264185
1567	1 35	1 37	1 72	1 2	-114.96315743749865
1568	1 35	1 37	1 59	1 61	78.72923328300574
1569	1 35	1 37	1 61	1 63	41.74886031162822
1570	1 35	1 37	1 65	1 67	31.168582560708774
1571	1 35	1 37	1 67	1 69	55.06450533676926
1572	1 35	1 37	1 69	1 71	32.746525597044624
1573	1 35	1 37	1 71	1 1	-128.22992006090598
1574	1 36	1 38	1 37	1 39	204.47417271405158
1575	1 36	1 38	1 41	1 43	-26.015287388962584
1576	1 36	1 38	1 43	1 45	149.62396842892076
1577	1 36	1 38	1 45	1 47	147.4888941416751
1578	1 36	1 38	1 49	1 51	5.920852880491783
1579	1 36	1 38	1 51	1 53	101.26538445771551
1580	1 36	1 38	1 53	1 55	97.24348322568409
1581	1 36	1 38	1 55	1 57	-185.09072650200625
1582	1 36	1 38	1 44	1 46	268.995919268682
1583	1 36	1 38	1 46	1 48	-11.0444787515518
1584	1 36	1 38	1 50	1 52	40.66418058811077
1585	1 36	1 38	1 52	1 54	127.56050000679241
1586	1 36	1 38	1 54	1 56	39.21361167946122
1587	1 36	1 38	1 58	1 60	46.65913288526437
1588	1 36	1 38	1 57	1 59	17.600061273571175
1589	1 36	1 38	1 59	1 61	68.49450846512298
1590	1 36	1 38	1 61	1 63	67.18747109295641
1591	1 36	1 38	1 63	1 65	-139.19317386840763
1592	1 36	1 38	1 65	1 67	22.65414683102662
1593	1 36	1 38	1 67	1 69	51.44450847839558
1594	1 36	1 38	1 69	1 71	43.36796342138523
1595	1 36	1 38	1 71	1 1	-139.38078994710705
1596	1 36	1 38	1 60	1 62	77.1679628816751
1597	1 36	1 38	1 62	1 64	39.05539093628107
1598	1 36	1 38	1 66	1 68	42.3860848154394
1599	1 36	1 38	1 68	1 70	52.60629927628365
1600	1 36	1 38	1 70	1 72	23.026281613754175
1601	1 36	1 38	1 72	1 2	-136.4362384441484
1602	1 37	1 39	1 38	1 40	255.78741123753088
1603	1 37	1 39	1 42	1 44	-24.938092731093867
1604	1 37	1 39	1 44	1 46	161.3615642822158
1605	1 37	1 39	1 46	1 48	172.68446033878433
1606	1 37	1 39	1 50	1 52	10.038446601340349
1607	1 37	1 39	1 52	1 54	99.12137848556085
1608	1 37	1 39	1 54	1 56	111.69471467204578
1609	1 37	1 39	1 56	1 58	-205.068566940513
1610	1 37	1 39	1 41	1 43	-16.030432638535945
1611	1 37	1 39	1 43	1 45	5.472343017875119
1612	1 37	1 39	1 45	1 47	285.07903538793187
1613	1 37	1 39	1 51	1 53	47.576026448826255
1614	1 37	1 39	1 53	1 55	141.42221745527917
1615	1 37	1 39	1 57	1 59	8.57631330190245
1616	1 37	1 39	1 59	1 61	44.53548937467255
1617	1 37	1 39	1 58	1 60	25.694103653734757
1618	1 37	1 39	1 60	1 62	68.90891085757457
1619	1 37	1 39	1 62	1 64	69.91073094399806
1620	1 37	1 39	1 64	1 66	-151.96610773100764
1621	1 37	1 39	1 66	1 68	29.56371458567253
1622	1 37	1 39	1 68	1 70	50.0652874000309
1623	1 37	1 39	1 70	1 72	32.70759837804793
1624	1 37	1 39	1 72	1 2	-128.90475243284274
1625	1 37	1 39	1 61	1 63	85.43208416297239
1626	1 37	1 39	1 65	1 67	14.935647108827414
1627	1 37	1 39	1 67	1 69	40.620526580200895
1628	1 37	1 39	1 69	1 71	49.62308755258313
1629	1 37	1 39	1 71	1 1	-123.29371505985183
1630	1 38	1 40	1 41	1 43	-9.538726459561515
1631	1 38	1 40	1 43	1 45	-28.641361820338346
1632	1 38	1 40	1 45	1 47	167.46438608808066
1633	1 38	1 40	1 47	1 49	-122.6577326925817
1634	1 38	1 40	1 49	1 51	-3.2916373426431336
1635	1 38	1 40	1 51	1 53	9.458439753713606
1636	1 38	1 40	1 53	1 55	111.5184903810164
1637	1 38	1 40	1 55	1 57	-110.39541444969137
1638	1 38	1 40	1 57	1 59	3.089640516082686
1639	1 38	1 40	1 42	1 44	-17.66049995558075
1640	1 38	1 40	1 44	1 46	-2.779060540028671
1641	1 38	1 40	1 46	1 48	350.91732250468016
1642	1 38	1 40	1 52	1 54	39.562333392285296
1643	1 38	1 40	1 54	1 56	160.38529768390646
1644	1 38	1 40	1 58	1 60	10.760914904782318
1645	1 38	1 40	1 60	1 62	42.87787192510619
1646	1 38	1 40	1 59	1 61	21.08091584782843
1647	1 38	1 40	1 61	1 63	74.19055622621639
1648	1 38	1 40	1 63	1 65	-92.24220452271743
1649	1 38	1 40	1 65	1 67	8.070072038156248
1650	1 38	1 40	1 67	1 69	25.237848069303084
1651	1 38	1 40	1 69	1 71	43.01332735506071
1652	1 38	1 40	1 71	1 1	-82.72831409989749
1653	1 38	1 40	1 62	1 64	84.59716163624495
1654	1 38	1 40	1 66	1 68	16.747206537314586
1655	1 38	1 40	1 68	1 70	36.51582221888917
1656	1 38	1 40	1 70	1 72	34.31192052980133
1657	1 38	1 40	1 72	1 2	-93.07264972646126
1658	1 39	1 41	1 40	1 42	798.0712182195325
1659	1 39	1 41	1 44	1 46	-275.9355230749287
1660	1 39	1 41	1 48	1 50	681.0335591133005
1661	1 39	1 41	1 50	1 52	-266.90136553137364
1662	1 39	1 41	1 56	1 58	536.4910112732096
1663	1 39	1 41	1 55	1 57	550.608886761488
1664	1 39	1 41	1 60	1 62	-170.62028805530082
1665	1 39	1 41	1 62	1 64	-98.82035174713437
1666	1 39	1 41	1 64	1 66	434.9731057888738
1667	1 39	1 41	1 66	1 68	-168.87954784203635
1668	1 39	1 41	1 68	1 70	-137.8500213470546
1669	1 39	1 41	1 70	1 72	-58.027830372310305
1670	1 39	1 41	1 72	1 2	212.33673823750146
1671	1 39	1 41	1 63	1 65	425.8830862956915
1672	1 39	1 41	1 65	1 67	-114.94364172750903
1673	1 39	1 41	1 67	1 69	-159.93164942722706
1674	1 39	1 41	1 69	1 71	-105.60500161103045
1675	1 39	1 41	1 71	1 1	234.22282691526112
1676	1 40	1 42	1 41	1 43	-121.35043887367462
1677	1 40	1 42	1 43	1 45	-298.3635701220725
1678	1 40	1 42	1 45	1 47	-290.0399544094692
1679	1 40	1 42	1 47	1 49	660.3787440064762
1680	1 40	1 42	1 49	1 51	-112.61705670567056
1681	1 40	1 42	1 51	1 53	-254.2353075669013
1682	1 40	1 42	1 53	1 55	-228.32870772721242
1683	1 40	1 42	1 55	1 57	519.381969775925
1684	1 40	1 42	1 57	1 59	-89.29340162842435
1685	1 40	1 42	1 59	1 61	-194.84864379762587
1686	1 40	1 42	1 56	1 58	567.4711308823034
1687	1 40	1 42	1 61	1 63	-174.9513029707083
1688	1 40	1 42	1 63	1 65	408.02686824659247
1689	1 40	1 42	1 65	1 67	-83.95781970441483
1690	1 40	1 42	1 67	1 69	-151.10842409785312
1691	1 40	1 42	1 69	1 71	-119.67029136095678
1692	1 40	1 42	1 71	1 1	220.8786634795261
1693	1 40	1 42	1 64	1 66	438.73080047260373
1694	1 40	1 42	1 66	1 68	-141.83138816987827
1695	1 40	1 42	1 68	1 70	-143.00779757662153
1696	1 40	1 42	1 70	1 72	-72.82643216444106
1697	1 40	1 42	1 72	1 2	213.29683416488476
1698	1 41	1 43	1 42	1 44	199.859472406745
1699	1 41	1 43	1 44	1 46	-60.375655678725245
1700	1 41	1 43	1 46	1 48	-12.041165837500932
1701	1 41	1 43	1 48	1 50	-137.41121572763512
1702	1 41	1 43	1 50	1 52	170.68911786120162
1703	1 41	1 43	1 52	1 54	-23.53663391858734
1704	1 41	1 43	1 54	1 56	-8.494550903163757
1705	1 41	1 43	1 56	1 58	-129.04435360245273
1706	1 41	1 43	1 58	1 60	116.86851764435454
1707	1 41	1 43	1 60	1 62	11.93996854379975
1708	1 41	1 43	1 45	1 47	-24.86377127259607
1709	1 41	1 43	1 49	1 51	299.0288774585923
1710	1 41	1 43	1 53	1 55	-14.11806911047351
1711	1 41	1 43	1 57	1 59	127.31097103342239
1712	1 41	1 43	1 59	1 61	55.10118282574987
1713	1 41	1 43	1 61	1 63	1.2030621352648199
1714	1 41	1 43	1 64	1 66	-114.50424433594617
1715	1 41	1 43	1 66	1 68	80.93606087719752
1716	1 41	1 43	1 68	1 70	25.285087554783434
1717	1 41	1 43	1 70	1 72	3.5369755993150687
1718	1 41	1 43	1 72	1 2	-72.42741553136068
1719	1 41	1 43	1 65	1 67	72.64338742416862
1720	1 41	1 43	1 67	1 69	52.3986849618278
1721	1 41	1 43	1 69	1 71	12.063797282970336
1722	1 41	1 43	1 71	1 1	-90.42066792358932
1723	1 42	1 44	1 43	1 45	194.76681152835187
1724	1 42	1 44	1 45	1 47	-66.14902947993343
1725	1 42	1 44	1 47	1 49	-281.9219115824267
1726	1 42	1 44	1 49	1 51	154.2583803362088
1727	1 42	1 44	1 51	1 53	151.77720981248598
1728	1 42	1 44	1 53	1 55	-23.249609787448925
1729	1 42	1 44	1 55	1 57	-220.57706551385593
1730	1 42	1 44	1 57	1 59	90.96113367654485
1731	1 42	1 44	1 59	1 61	112.24803160681606
1732	1 42	1 44	1 61	1 63	10.080495493427597
1733	1 42	1 44	1 46	1 48	-26.147227958503443
1734	1 42	1 44	1 54	1 56	-16.75780414972705
1735	1 42	1 44	1 58	1 60	148.5881862547524
1736	1 42	1 44	1 60	1 62	42.077122811797985
1737	1 42	1 44	1 64	1 66	-150.4242364315535
1738	1 42	1 44	1 63	1 65	-176.23498262534807
1739	1 42	1 44	1 65	1 67	64.94250026949895
1740	1 42	1 44	1 67	1 69	77.83769533744945
1741	1 42	1 44	1 69	1 71	23.16419040841741
1742	1 42	1 44	1 71	1 1	-110.76557327074744
1743	1 42	1 44	1 66	1 68	95.35639086181428
1744	1 42	1 44	1 68	1 70	45.80055739431323
1745	1 42	1 44	1 70	1 72	7.543309112688884
1746	1 42	1 44	1 72	1 2	-96.19503472744596
1747	1 43	1 45	1 44	1 46	183.52916187620286
1748	1 43	1 45	1 46	1 48	-66.93613136691934
1749	1 43	1 45	1 50	1 52	142.32206624681504
1750	1 43	1 45	1 52	1 54	149.01585230630218
1751	1 43	1 45	1 54	1 56	-28.52722392333596
1752	1 43	1 45	1 56	1 58	-217.74874802616736
1753	1 43	1 45	1 58	1 60	106.73482044397953
1754	1 43	1 45	1 60	1 62	95.69496711299037
1755	1 43	1 45	1 62	1 64	7.350359498822677
1756	1 43	1 45	1 49	1 51	-3.5307574659010594
1757	1 43	1 45	1 51	1 53	263.4720659742665
1758	1 43	1 45	1 57	1 59	36.050478952491915
1759	1 43	1 45	1 59	1 61	134.90581307496763
1760	1 43	1 45	1 61	1 63	42.28460955022865
1761	1 43	1 45	1 63	1 65	-185.90869304733002
1762	1 43	1 45	1 65	1 67	42.32214947145944
1763	1 43	1 45	1 64	1 66	-180.06752064443566
1764	1 43	1 45	1 66	1 68	79.27677197642744
1765	1 43	1 45	1 68	1 70	67.79565508016343
1766	1 43	1 45	1 70	1 72	15.214699966584412
1767	1 43	1 45	1 72	1 2	-124.26512362114552
1768	1 43	1 45	1 67	1 69	85.0651460758925
1769	1 43	1 45	1 69	1 71	41.10052624737255
1770	1 43	1 45	1 71	1 1	-133.78706987434495
1771	1 44	1 46	1 45	1 47	214.3547091936511
1772	1 44	1 46	1 49	1 51	-26.934181141439204
1773	1 44	1 46	1 51	1 53	152.40842651001026
1774	1 44	1 46	1 53	1 55	155.44613449164956
1775	1 44	1 46	1 57	1 59	7.7583108576464035
1776	1 44	1 46	1 59	1 61	99.189348185944
1777	1 44	1 46	1 61	1 63	104.30184231471512
1778	1 44	1 46	1 63	1 65	-195.60814963356222
1779	1 44	1 46	1 48	1 50	-258.184814152256
1780	1 44	1 46	1 54	1 56	5.449367632014864
1781	1 44	1 46	1 58	1 60	46.73264137298629
1782	1 44	1 46	1 60	1 62	132.35364931140145
1783	1 44	1 46	1 62	1 64	42.54220717429341
1784	1 44	1 46	1 66	1 68	51.94782046802512
1785	1 44	1 46	1 65	1 67	23.62476672432063
1786	1 44	1 46	1 67	1 69	72.51926356678767
1787	1 44	1 46	1 69	1 71	64.479235951688
1788	1 44	1 46	1 71	1 1	-136.69417060808286
1789	1 44	1 46	1 68	1 70	80.41401219844623
1790	1 44	1 46	1 70	1 72	30.81595965213874
1791	1 44	1 46	1 72	1 2	-134.59393018654606
1792	1 45	1 47	1 46	1 48	209.46245884346607
1793	1 45	1 47	1 50	1 52	-24.608506616890047
1794	1 45	1 47	1 52	1 54	150.5110986443985
1795	1 45	1 47	1 54	1 56	175.82793674831038
1796	1 45	1 47	1 58	1 60	13.722066171037433
1797	1 45	1 47	1 60	1 62	104.26142529199689
1798	1 45	1 47	1 62	1 64	111.3842395177113
1799	1 45	1 47	1 64	1 66	-215.14171073154552
1800	1 45	1 47	1 49	1 51	-15.601186233188189
1801	1 45	1 47	1 51	1 53	10.160150242937245
1802	1 45	1 47	1 53	1 55	297.4592015037632
1803	1 45	1 47	1 57	1 59	0.6145251546189814
1804	1 45	1 47	1 59	1 61	43.71893563187359
1805	1 45	1 47	1 61	1 63	147.77189113299949
1806	1 45	1 47	1 65	1 67	12.794678854041157
1807	1 45	1 47	1 67	1 69	49.41701422247773
1808	1 45	1 47	1 66	1 68	29.505767566700808
1809	1 45	1 47	1 68	1 70	72.44543592659758
1810	1 45	1 47	1 70	1 72	50.266242844074604
1811	1 45	1 47	1 72	1 2	-137.7311323435758
1812	1 45	1 47	1 69	1 71	77.1786703195175
1813	1 45	1 47	1 71	1 1	-127.52436589853298
1814	1 46	1 48	1 47	1 49	-126.39131412201655
1815	1 46	1 48	1 49	1 51	-8.46181296625118
1816	1 46	1 48	1 51	1 53	-24.745408194370984
1817	1 46	1 48	1 53	1 55	181.03487671326178
1818	1 46	1 48	1 59	1 61	10.79120152861125
1819	1 46	1 48	1 61	1 63	122.05552560064686
1820	1 46	1 48	1 63	1 65	-125.69134756912207
1821	1 46	1 48	1 65	1 67	6.5296692910181475
1822	1 46	1 48	1 50	1 52	-15.755421518288077
1823	1 46	1 48	1 54	1 56	343.8545274466197
1824	1 46	1 48	1 58	1 60	2.2869500241071146
1825	1 46	1 48	1 60	1 62	47.37645569165559
1826	1 46	1 48	1 62	1 64	163.40265248479244
1827	1 46	1 48	1 66	1 68	15.218902508827098
1828	1 46	1 48	1 68	1 70	49.799122744052504
1829	1 46	1 48	1 67	1 69	27.61597971394888
1830	1 46	1 48	1 69	1 71	68.66954225492357
1831	1 46	1 48	1 71	1 1	-94.65343576048444
1832	1 46	1 48	1 70	1 72	61.43784950927959
1833	1 46	1 48	1 72	1 2	-116.11514331149448
1834	1 47	1 49	1 48	1 50	806.6031598326528
1835	1 47	1 49	1 50	1 52	-345.7678698123601
1836	1 47	1 49	1 52	1 54	-279.10274800806246
1837	1 47	1 49	1 54	1 56	-138.3299640737513
1838	1 47	1 49	1 56	1 58	712.6671448541615
1839	1 47	1 49	1 58	1 60	-305.30692893774693
1840	1 47	1 49	1 60	1 62	-226.3319210195069
1841	1 47	1 49	1 62	1 64	-121.43751000845009
1842	1 47	1 49	1 64	1 66	586.8812090294105
1843	1 47	1 49	1 66	1 68	-238.8218055026167
1844	1 47	1 49	1 55	1 57	796.2730684931507
1845	1 47	1 49	1 57	1 59	-234.56730500419349
1846	1 47	1 49	1 63	1 65	593.8770746831443
1847	1 47	1 49	1 68	1 70	-186.63625703638047
1848	1 47	1 49	1 70	1 72	-74.74148906449554
1849	1 47	1 49	1 72	1 2	240.40273038735228
1850	1 47	1 49	1 71	1 1	247.44246471801026
1851	1 48	1 50	1 51	1 53	-317.1545682730924
1852	1 48	1 50	1 55	1 57	708.0439043209876
1853	1 48	1 50	1 59	1 61	-279.2796213355049
1854	1 48	1 50	1 63	1 65	575.7586333482409
1855	1 48	1 50	1 67	1 69	-217.0701605191257
1856	1 48	1 50	1 52	1 54	-265.05735414667305
1857	1 48	1 50	1 54	1 56	-328.2410957043821
1858	1 48	1 50	1 58	1 60	-285.0358747983373
1859	1 48	1 50	1 60	1 62	-244.54357797257455
1860	1 48	1 50	1 62	1 64	-208.83408554581783
1861	1 48	1 50	1 64	1 66	632.1159218239352
1862	1 48	1 50	1 66	1 68	-207.05703561526974
1863	1 48	1 50	1 68	1 70	-200.5606993240424
1864	1 48	1 50	1 70	1 72	-105.10761717540709
1865	1 48	1 50	1 69	1 71	-171.28035858637878
1866	1 48	1 50	1 71	1 1	251.9120747983032
1867	1 48	1 50	1 72	1 2	259.8322271837534
1868	1 49	1 51	1 50	1 52	224.06592832499769
1869	1 49	1 51	1 52	1 54	-61.1820957572086
1870	1 49	1 51	1 54	1 56	-10.800253017212643
1871	1 49	1 51	1 58	1 60	178.0055420228128
1872	1 49	1 51	1 60	1 62	-18.925267475978245
1873	1 49	1 51	1 62	1 64	-6.116362250139376
1874	1 49	1 51	1 64	1 66	-138.2937137268845
1875	1 49	1 51	1 66	1 68	121.97793257874805
1876	1 49	1 51	1 68	1 70	15.900219401150359
1877	1 49	1 51	1 53	1 55	-22.95598806761789
1878	1 49	1 51	1 57	1 59	268.81861718191135
1879	1 49	1 51	1 59	1 61	19.220364654107538
1880	1 49	1 51	1 61	1 63	-12.864502527620225
1881	1 49	1 51	1 65	1 67	129.52776686779328
1882	1 49	1 51	1 67	1 69	57.119585934897664
1883	1 49	1 51	1 69	1 71	4.654193881636498
1884	1 49	1 51	1 71	1 1	-75.73889903667012
1885	1 49	1 51	1 72	1 2	-64.70267818057457
1886	1 50	1 52	1 51	1 53	203.71836209363687
1887	1 50	1 52	1 53	1 55	-67.54590811517053
1888	1 50	1 52	1 57	1 59	159.01115861067336
1889	1 50	1 52	1 59	1 61	182.2628267425775
1890	1 50	1 52	1 61	1 63	-30.39370040035663
1891	1 50	1 52	1 63	1 65	-252.84270864415095
1892	1 50	1 52	1 65	1 67	112.72463324305102
1893	1 50	1 52	1 67	1 69	123.50236055303799
1894	1 50	1 52	1 69	1 71	12.567090846027995
1895	1 50	1 52	1 54	1 56	-26.495237020058184
1896	1 50	1 52	1 58	1 60	317.9027601624044
1897	1 50	1 52	1 60	1 62	-5.240910141344613
1898	1 50	1 52	1 62	1 64	-15.747545856682825
1899	1 50	1 52	1 66	1 68	171.79199778643368
1900	1 50	1 52	1 68	1 70	47.11255370495952
1901	1 50	1 52	1 72	1 2	-105.56386612021858
1902	1 50	1 52	1 71	1 1	-120.63960110433405
1903	1 51	1 53	1 52	1 54	208.33963951974414
1904	1 51	1 53	1 54	1 56	-74.3863568256426
1905	1 51	1 53	1 58	1 60	182.00925805197897
1906	1 51	1 53	1 60	1 62	151.58517321648173
1907	1 51	1 53	1 62	1 64	-32.80715618706829
1908	1 51	1 53	1 64	1 66	-251.20975437563362
1909	1 51	1 53	1 66	1 68	131.32031589762823
1910	1 51	1 53	1 68	1 70	105.78999468063718
1911	1 51	1 53	1 70	1 72	6.399710549217085
1912	1 51	1 53	1 57	1 59	4.546321691042713
1913	1 51	1 53	1 59	1 61	300.3250497048965
1914	1 51	1 53	1 65	1 67	54.75629159258318
1915	1 51	1 53	1 67	1 69	153.94336107967644
1916	1 51	1 53	1 69	1 71	44.35660662120496
1917	1 51	1 53	1 71	1 1	-163.70555437295062
1918	1 51	1 53	1 72	1 2	-151.68719488936188
1919	1 52	1 54	1 53	1 55	190.46403983134627
1920	1 52	1 54	1 57	1 59	-24.10042491891206
1921	1 52	1 54	1 59	1 61	154.78822068829368
1922	1 52	1 54	1 61	1 63	165.5766924979069
1923	1 52	1 54	1 65	1 67	15.744550695183406
1924	1 52	1 54	1 67	1 69	110.64925021840793
1925	1 52	1 54	1 69	1 71	102.50847683256754
1926	1 52	1 54	1 71	1 1	-166.43114359139093
1927	1 52	1 54	1 62	1 64	-12.349374496117415
1928	1 52	1 54	1 66	1 68	55.60791595659296
1929	1 52	1 54	1 68	1 70	143.07842274366266
1930	1 52	1 54	1 70	1 72	33.058572472264714
1931	1 52	1 54	1 72	1 2	-162.0804565146646
1932	1 53	1 55	1 54	1 56	258.82784205058
1933	1 53	1 55	1 58	1 60	-29.926125480579266
1934	1 53	1 55	1 60	1 62	160.0539385835823
1935	1 53	1 55	1 62	1 64	194.51656859864826
1936	1 53	1 55	1 66	1 68	13.122500286030483
1937	1 53	1 55	1 68	1 70	108.74641651539355
1938	1 53	1 55	1 70	1 72	86.03609536320059
1939	1 53	1 55	1 72	1 2	-158.1361542558987
1940	1 53	1 55	1 57	1 59	-13.962444214850226
1941	1 53	1 55	1 59	1 61	-14.363647731278565
1942	1 53	1 55	1 61	1 63	320.0769172557114
1943	1 53	1 55	1 65	1 67	2.4494298072815277
1944	1 53	1 55	1 67	1 69	46.106333506879494
1945	1 53	1 55	1 69	1 71	136.0130048877508
1946	1 53	1 55	1 71	1 1	-139.8083466445617
1947	1 54	1 56	1 57	1 59	-6.611861439921318
1948	1 54	1 56	1 59	1 61	-27.963365377616046
1949	1 54	1 56	1 61	1 63	199.50466523436387
1950	1 54	1 56	1 67	1 69	16.974695995019715
1951	1 54	1 56	1 69	1 71	109.46108923865863
1952	1 54	1 56	1 71	1 1	-101.55901551353338
1953	1 54	1 56	1 58	1 60	-15.436862632189975
1954	1 54	1 56	1 62	1 64	369.5418215285765
1955	1 54	1 56	1 66	1 68	4.609711497708101
1956	1 54	1 56	1 68	1 70	55.910957723903024
1957	1 54	1 56	1 70	1 72	118.614701159056
1958	1 55	1 57	1 56	1 58	889.628311443097
1959	1 55	1 57	1 58	1 60	-394.9120302550151
1960	1 55	1 57	1 60	1 62	-302.53509192420483
1961	1 55	1 57	1 62	1 64	-158.68072066380577
1962	1 55	1 57	1 64	1 66	818.190551473368
1963	1 55	1 57	1 66	1 68	-356.757888607035
1964	1 55	1 57	1 68	1 70	-253.4165553027933
1965	1 55	1 57	1 70	1 72	-97.66829346308933
1966	1 55	1 57	1 72	1 2	301.6314016286877
1967	1 55	1 57	1 59	1 61	-329.55961422653377
1968	1 55	1 57	1 61	1 63	-305.72323845344204
1969	1 55	1 57	1 67	1 69	-304.1120178432009
1970	1 55	1 57	1 69	1 71	-197.99386915730167
1971	1 55	1 57	1 71	1 1	299.64416901659115
1972	1 56	1 58	1 57	1 59	-159.66803955069852
1973	1 56	1 58	1 59	1 61	-362.7537121812366
1974	1 56	1 58	1 61	1 63	-340.7518992736384
1975	1 56	1 58	1 63	1 65	807.8282097887361
1976	1 56	1 58	1 65	1 67	-165.2302019000132
1977	1 56	1 58	1 67	1 69	-314.1859569708357
1978	1 56	1 58	1 69	1 71	-239.6335290458578
1979	1 56	1 58	1 71	1 1	318.32483278331335
1980	1 56	1 58	1 62	1 64	-341.1506690053922
1981	1 56	1 58	1 66	1 68	-328.36482511309714
1982	1 56	1 58	1 68	1 70	-273.85186628383923
1983	1 56	1 58	1 70	1 72	-156.27805462568472
1984	1 56	1 58	1 72	1 2	351.56373724095266
1985	1 57	1 59	1 58	1 60	235.68341034273203
1986	1 57	1 59	1 60	1 62	-61.01110932734457
1987	1 57	1 59	1 62	1 64	-9.0898168164338
1988	1 57	1 59	1 66	1 68	198.20703515458607
1989	1 57	1 59	1 68	1 70	-22.925291631154387
1990	1 57	1 59	1 70	1 72	-5.319949814017881
1991	1 57	1 59	1 72	1 2	-71.88060193709003
1992	1 57	1 59	1 61	1 63	-22.670037723316288
1993	1 57	1 59	1 65	1 67	312.43157201094664
1994	1 57	1 59	1 67	1 69	6.656172352844013
1995	1 57	1 59	1 69	1 71	-11.769837333427974
1996	1 57	1 59	1 71	1 1	-79.70031099970916
1997	1 58	1 60	1 59	1 61	262.08562913856645
1998	1 58	1 60	1 61	1 63	-81.99585689366768
1999	1 58	1 60	1 65	1 67	207.66290166004453
2000	1 58	1 60	1 67	1 69	202.708915780452
2001	1 58	1 60	1 69	1 71	-29.41041623270148
2002	1 58	1 60	1 71	1 1	-154.55144204449311
2003	1 58	1 60	1 62	1 64	-26.26113111676174
2004	1 58	1 60	1 66	1 68	375.3498798527811
2005	1 58	1 60	1 68	1 70	-6.31845694799659
2006	1 58	1 60	1 70	1 72	-14.589118833017078
2007	1 58	1 60	1 72	1 2	-141.77291666666667
2008	1 59	1 61	1 60	1 62	185.67928305607694
2009	1 59	1 61	1 62	1 64	-66.62073508723995
2010	1 59	1 61	1 66	1 68	220.6903683000628
2011	1 59	1 61	1 68	1 70	167.51622410101965
2012	1 59	1 61	1 70	1 72	-23.110499141846837
2013	1 59	1 61	1 72	1 2	-179.9952294779842
2014	1 59	1 61	1 65	1 67	16.88845514161315
2015	1 59	1 61	1 67	1 69	339.2152759829281
2016	1 59	1 61	1 71	1 1	-195.71458137515998
2017	1 60	1 62	1 61	1 63	252.00556537538634
2018	1 60	1 62	1 65	1 67	-23.310188906267832
2019	1 60	1 62	1 67	1 69	166.02453820677647
2020	1 60	1 62	1 69	1 71	191.5921830885292
2021	1 60	1 62	1 71	1 1	-235.33293437397737
2022	1 60	1 62	1 66	1 68	-5.565981716071994
2023	1 60	1 62	1 68	1 70	323.8614505388431
2024	1 60	1 62	1 70	1 72	11.092478489795326
2025	1 60	1 62	1 72	1 2	-214.3115212641182
2026	1 61	1 63	1 62	1 64	240.39773733353377
2027	1 61	1 63	1 66	1 68	-28.94230743889985
2028	1 61	1 63	1 68	1 70	187.94546168736665
2029	1 61	1 63	1 70	1 72	148.28229352184115
2030	1 61	1 63	1 72	1 2	-230.80557135771357
2031	1 61	1 63	1 65	1 67	-14.133238815271312
2032	1 61	1 63	1 67	1 69	6.2933151668922545
2033	1 61	1 63	1 69	1 71	300.0836383035464
2034	1 61	1 63	1 71	1 1	-224.8033968733359
2035	1 62	1 64	1 65	1 67	-7.491019237362055
2036	1 62	1 64	1 67	1 69	-22.04555323767368
2037	1 62	1 64	1 69	1 71	155.08217391728925
2038	1 62	1 64	1 71	1 1	-85.74156639204622
2039	1 62	1 64	1 66	1 68	-15.616725619326019
2040	1 62	1 64	1 68	1 70	8.759142204682156
2041	1 62	1 64	1 70	1 72	252.2922442056063
2042	1 62	1 64	1 72	1 2	-200.5672143254958
2043	1 63	1 65	1 64	1 66	1015.9366964983308
2044	1 63	1 65	1 66	1 68	-473.35772674400806
2045	1 63	1 65	1 68	1 70	-349.6473159636063
2046	1 63	1 65	1 70	1 72	-123.70610866253531
2047	1 63	1 65	1 72	1 2	430.0866342959366
2048	1 63	1 65	1 67	1 69	-388.6389724866006
2049	1 63	1 65	1 69	1 71	-301.3519051455682
2050	1 63	1 65	1 71	1 1	442.62475969780087
2051	1 64	1 66	1 65	1 67	-204.0338256271307
2052	1 64	1 66	1 67	1 69	-419.3256353648908
2053	1 64	1 66	1 69	1 71	-331.25179062671236
2054	1 64	1 66	1 71	1 1	416.44562114709686
2055	1 64	1 66	1 68	1 70	-352.3031423004361
2056	1 64	1 66	1 70	1 72	-252.8024106480815
2057	1 65	1 67	1 66	1 68	301.5050437372307
2058	1 65	1 67	1 68	1 70	-72.1965922500312
2059	1 65	1 67	1 70	1 72	-10.433748470496635
2060	1 65	1 67	1 72	1 2	-91.44917932342946
2061	1 65	1 67	1 69	1 71	-27.642140425686236
2062	1 65	1 67	1 71	1 1	-98.50297917711991
2063	1 66	1 68	1 67	1 69	281.8803821269116
2064	1 66	1 68	1 69	1 71	-77.31172647166139
2065	1 66	1 68	1 71	1 1	-176.66743436133885
2066	1 67	1 69	1 68	1 70	237.89849587243998
2067	1 67	1 69	1 70	1 72	-55.069267523783516
2068	1 67	1 69	1 72	1 2	-210.51567728129606
2069	1 67	1 69	1 71	1 1	-227.00671624025296
2070	1 68	1 70	1 69	1 71	274.6729895111722
2071	1 68	1 70	1 71	1 1	-312.7415281738982
2072	1 69	1 71	1 70	1 72	270.0489311933232
2073	1 69	1 71	1 72	1 2	-376.2148721395053
2074	1 70	1 72	1 71	1 1	-165.76282700150372
2075	1 71	1 1	1 72	1 2	1925.608005366726
