2238
1	1 1	1 3	1 2	1 4	553.6313503224314
2	1 1	1 3	1 4	1 6	-207.82783907096376
3	1 1	1 3	1 6	1 8	-44.40611403171347
4	1 1	1 3	1 8	1 10	-223.68740917850346
5	1 1	1 3	1 10	1 12	281.51354296388547
6	1 1	1 3	1 12	1 14	-43.14176224865477
7	1 1	1 3	1 14	1 16	-24.07505243602805
8	1 1	1 3	1 16	1 18	-177.82561791148788
9	1 1	1 3	1 18	1 20	165.31606704810147
10	1 1	1 3	1 20	1 22	11.852400270106774
11	1 1	1 3	1 5	1 7	-76.96350833936975
12	1 1	1 3	1 9	1 11	521.8225143205141
13	1 1	1 3	1 11	1 13	26.088150656763524
14	1 1	1 3	1 13	1 15	-35.33281703414366
15	1 1	1 3	1 15	1 17	-312.3152817448165
16	1 1	1 3	1 17	1 19	238.47585399361995
17	1 1	1 3	1 19	1 21	64.36391194000939
18	1 1	1 3	1 21	1 23	-8.713603422702228
19	1 1	1 3	1 23	1 25	-196.20740354773363
20	1 1	1 3	1 22	1 24	-11.827368688869726
21	1 1	1 3	1 24	1 26	-127.94728596932424
22	1 1	1 3	1 26	1 28	88.98777453955472
23	1 1	1 3	1 28	1 30	23.726505056377462
24	1 1	1 3	1 32	1 34	-88.5886921703893
25	1 1	1 3	1 34	1 36	49.0889020657403
26	1 1	1 3	1 36	1 38	20.43380122000439
27	1 1	1 3	1 38	1 40	7.30967096431014
28	1 1	1 3	1 40	1 42	-64.87307547485567
29	1 1	1 3	1 25	1 27	121.6878842023295
30	1 1	1 3	1 27	1 29	50.722483464920934
31	1 1	1 3	1 29	1 31	7.060649106040101
32	1 1	1 3	1 31	1 33	-126.2366627399328
33	1 1	1 3	1 33	1 35	63.713700985708954
34	1 1	1 3	1 35	1 37	34.81642735321422
35	1 1	1 3	1 37	1 39	11.148670481491575
36	1 1	1 3	1 39	1 41	-78.4967532845065
37	1 1	1 3	1 41	1 43	33.0638742321065
38	1 1	1 3	1 43	1 45	22.88537138712767
39	1 1	1 3	1 42	1 44	28.910134347455816
40	1 1	1 3	1 44	1 46	17.300784030816487
41	1 1	1 3	1 46	1 48	6.971443975567976
42	1 1	1 3	1 48	1 50	-45.299850379048394
43	1 1	1 3	1 50	1 52	17.35647116307355
44	1 1	1 3	1 52	1 54	12.87494007867286
45	1 1	1 3	1 54	1 56	6.610751877408642
46	1 1	1 3	1 56	1 58	-31.586159641645438
47	1 1	1 3	1 58	1 60	10.704159993240465
48	1 1	1 3	1 60	1 62	8.868949097938618
49	1 1	1 3	1 45	1 47	11.071932106678734
50	1 1	1 3	1 47	1 49	-50.778330047398484
51	1 1	1 3	1 49	1 51	17.92503859213445
52	1 1	1 3	1 51	1 53	15.417895618759424
53	1 1	1 3	1 53	1 55	10.238747468702815
54	1 1	1 3	1 55	1 57	-33.61830532028174
55	1 1	1 3	1 57	1 59	9.237331117669928
56	1 1	1 3	1 59	1 61	9.819097384195157
57	1 1	1 3	1 61	1 63	7.926742893931511
58	1 1	1 3	1 63	1 65	-21.858642167294157
59	1 1	1 3	1 62	1 64	5.642407094593472
60	1 1	1 3	1 64	1 66	-21.523559550752
61	1 1	1 3	1 66	1 68	6.385566424587905
62	1 1	1 3	1 68	1 70	5.528024247879225
63	1 1	1 3	1 70	1 72	2.7096671447772467
64	1 1	1 3	1 72	1 2	-213.1327560566986
65	1 1	1 3	1 65	1 67	5.567339809913827
66	1 1	1 3	1 67	1 69	6.08352184274824
67	1 1	1 3	1 69	1 71	4.6351257116947835
68	1 2	1 4	1 3	1 5	314.6033019700882
69	1 2	1 4	1 5	1 7	-153.6525178743129
70	1 2	1 4	1 7	1 9	-468.0385969966326
71	1 2	1 4	1 9	1 11	300.3337011699415
72	1 2	1 4	1 11	1 13	179.5454726037657
73	1 2	1 4	1 13	1 15	-36.16215035651108
74	1 2	1 4	1 15	1 17	-310.5219158529642
75	1 2	1 4	1 17	1 19	160.53840637691007
76	1 2	1 4	1 19	1 21	115.09304395219138
77	1 2	1 4	1 21	1 23	4.604746249625929
78	1 2	1 4	1 6	1 8	-77.95462017111745
79	1 2	1 4	1 10	1 12	381.4633816425121
80	1 2	1 4	1 14	1 16	-32.706397596534536
81	1 2	1 4	1 16	1 18	-236.73576941179243
82	1 2	1 4	1 18	1 20	176.86324048834797
83	1 2	1 4	1 20	1 22	49.38922600388118
84	1 2	1 4	1 22	1 24	-9.273436657101644
85	1 2	1 4	1 24	1 26	-158.43385103274227
86	1 2	1 4	1 23	1 25	-203.65408729467407
87	1 2	1 4	1 25	1 27	91.3182824260015
88	1 2	1 4	1 27	1 29	67.88307851250681
89	1 2	1 4	1 29	1 31	19.59161535493898
90	1 2	1 4	1 33	1 35	51.52864674352027
91	1 2	1 4	1 35	1 37	40.63323760430793
92	1 2	1 4	1 37	1 39	18.84762295540969
93	1 2	1 4	1 39	1 41	-83.42985668816512
94	1 2	1 4	1 41	1 43	28.20688026481026
95	1 2	1 4	1 26	1 28	87.63603884071125
96	1 2	1 4	1 28	1 30	42.59206538461538
97	1 2	1 4	1 30	1 32	5.823123896395892
98	1 2	1 4	1 32	1 34	-106.77026498564686
99	1 2	1 4	1 34	1 36	47.19312886259827
100	1 2	1 4	1 36	1 38	29.12605193220184
101	1 2	1 4	1 38	1 40	12.890925181783391
102	1 2	1 4	1 40	1 42	-74.65807558102817
103	1 2	1 4	1 42	1 44	27.801425288498336
104	1 2	1 4	1 44	1 46	21.559182464454977
105	1 2	1 4	1 43	1 45	25.39669499123184
106	1 2	1 4	1 45	1 47	15.386212943257437
107	1 2	1 4	1 47	1 49	-53.84558578174606
108	1 2	1 4	1 49	1 51	16.059553991620753
109	1 2	1 4	1 51	1 53	16.60745269692326
110	1 2	1 4	1 53	1 55	12.777952351477955
111	1 2	1 4	1 55	1 57	-35.76810904392099
112	1 2	1 4	1 57	1 59	8.652111989769844
113	1 2	1 4	1 59	1 61	10.350981705163523
114	1 2	1 4	1 61	1 63	9.353742158020232
115	1 2	1 4	1 46	1 48	10.485443730980698
116	1 2	1 4	1 48	1 50	-50.82095483892315
117	1 2	1 4	1 50	1 52	16.8253121904976
118	1 2	1 4	1 52	1 54	15.059529757827296
119	1 2	1 4	1 54	1 56	8.815870448956161
120	1 2	1 4	1 56	1 58	-34.975954439557796
121	1 2	1 4	1 58	1 60	10.64687748208871
122	1 2	1 4	1 60	1 62	9.985634823991056
123	1 2	1 4	1 62	1 64	6.932433072275797
124	1 2	1 4	1 64	1 66	-23.624043319153994
125	1 2	1 4	1 63	1 65	-23.3018807986847
126	1 2	1 4	1 65	1 67	5.459100122865353
127	1 2	1 4	1 67	1 69	6.415891292560708
128	1 2	1 4	1 69	1 71	5.232055055898108
129	1 2	1 4	1 71	1 1	-567.9360709786507
130	1 2	1 4	1 66	1 68	6.465275065157684
131	1 2	1 4	1 68	1 70	6.067619537455362
132	1 2	1 4	1 70	1 72	3.2286866612581555
133	1 3	1 5	1 4	1 6	554.6586438068721
134	1 3	1 5	1 6	1 8	-235.7858224569809
135	1 3	1 5	1 8	1 10	-450.1037396445189
136	1 3	1 5	1 10	1 12	217.97666293187825
137	1 3	1 5	1 12	1 14	241.94753528096768
138	1 3	1 5	1 14	1 16	-44.018050732851634
139	1 3	1 5	1 16	1 18	-320.09333591188584
140	1 3	1 5	1 18	1 20	124.18239737713701
141	1 3	1 5	1 20	1 22	140.31714628807782
142	1 3	1 5	1 22	1 24	13.005649249204469
143	1 3	1 5	1 9	1 11	37.48090011762088
144	1 3	1 5	1 11	1 13	344.9402959905922
145	1 3	1 5	1 13	1 15	38.49343409389398
146	1 3	1 5	1 15	1 17	-355.7243395089464
147	1 3	1 5	1 17	1 19	61.15691945767344
148	1 3	1 5	1 19	1 21	161.22532157526507
149	1 3	1 5	1 21	1 23	63.34042543090146
150	1 3	1 5	1 23	1 25	-232.77237164318376
151	1 3	1 5	1 25	1 27	49.19232815199965
152	1 3	1 5	1 24	1 26	-218.7007813467613
153	1 3	1 5	1 26	1 28	68.94603193975254
154	1 3	1 5	1 28	1 30	80.33120186763882
155	1 3	1 5	1 30	1 32	27.45823603291708
156	1 3	1 5	1 32	1 34	-141.657390276115
157	1 3	1 5	1 34	1 36	40.29885658059327
158	1 3	1 5	1 36	1 38	45.41432132448073
159	1 3	1 5	1 38	1 40	28.611305624204753
160	1 3	1 5	1 40	1 42	-97.37675538952253
161	1 3	1 5	1 42	1 44	25.34518914430391
162	1 3	1 5	1 27	1 29	84.13813681283041
163	1 3	1 5	1 29	1 31	55.94867237939745
164	1 3	1 5	1 33	1 35	34.1546577896376
165	1 3	1 5	1 35	1 37	47.22931404101462
166	1 3	1 5	1 37	1 39	38.0448616965339
167	1 3	1 5	1 39	1 41	-95.53045248868779
168	1 3	1 5	1 41	1 43	21.292001043032155
169	1 3	1 5	1 43	1 45	28.97241026679886
170	1 3	1 5	1 45	1 47	25.235124646228414
171	1 3	1 5	1 44	1 46	29.97318364284495
172	1 3	1 5	1 46	1 48	19.639943387459553
173	1 3	1 5	1 48	1 50	-64.67581563029844
174	1 3	1 5	1 50	1 52	16.13433499937755
175	1 3	1 5	1 52	1 54	19.476127527419287
176	1 3	1 5	1 54	1 56	14.207799194948592
177	1 3	1 5	1 56	1 58	-43.29503289545048
178	1 3	1 5	1 58	1 60	10.790806070161608
179	1 3	1 5	1 60	1 62	12.38736646999496
180	1 3	1 5	1 62	1 64	10.003747960023606
181	1 3	1 5	1 47	1 49	-61.799776604289775
182	1 3	1 5	1 49	1 51	13.452681666159927
183	1 3	1 5	1 51	1 53	18.910272567342183
184	1 3	1 5	1 53	1 55	18.6225018067613
185	1 3	1 5	1 55	1 57	-41.556193106305116
186	1 3	1 5	1 57	1 59	7.977689690351708
187	1 3	1 5	1 59	1 61	11.625314641338887
188	1 3	1 5	1 61	1 63	12.647261261705784
189	1 3	1 5	1 63	1 65	-27.078505736045503
190	1 3	1 5	1 65	1 67	5.45912757594639
191	1 3	1 5	1 64	1 66	-28.79621869766795
192	1 3	1 5	1 66	1 68	6.871063031167589
193	1 3	1 5	1 68	1 70	7.3584191302467925
194	1 3	1 5	1 70	1 72	4.239909812614496
195	1 3	1 5	1 67	1 69	7.2571135945599465
196	1 3	1 5	1 69	1 71	6.683489763305213
197	1 4	1 6	1 5	1 7	387.7721471712988
198	1 4	1 6	1 7	1 9	-705.4766612244478
199	1 4	1 6	1 9	1 11	-30.69185662956862
200	1 4	1 6	1 11	1 13	237.87846038033592
201	1 4	1 6	1 13	1 15	267.39762997626616
202	1 4	1 6	1 17	1 19	14.544933427204095
203	1 4	1 6	1 19	1 21	134.56841410672524
204	1 4	1 6	1 21	1 23	153.00285278285617
205	1 4	1 6	1 23	1 25	-264.8540698813705
206	1 4	1 6	1 12	1 14	404.4803466013871
207	1 4	1 6	1 14	1 16	29.700686276744747
208	1 4	1 6	1 16	1 18	-415.43057373646695
209	1 4	1 6	1 18	1 20	58.4952981267666
210	1 4	1 6	1 20	1 22	190.2384493736488
211	1 4	1 6	1 22	1 24	79.50486993597687
212	1 4	1 6	1 24	1 26	-282.5571962740006
213	1 4	1 6	1 26	1 28	44.90463752059772
214	1 4	1 6	1 25	1 27	23.828429298154767
215	1 4	1 6	1 27	1 29	77.31923810203327
216	1 4	1 6	1 29	1 31	98.78047691017295
217	1 4	1 6	1 33	1 35	21.872132822432356
218	1 4	1 6	1 35	1 37	46.076383606951836
219	1 4	1 6	1 37	1 39	57.97817072705169
220	1 4	1 6	1 39	1 41	-105.93660099291479
221	1 4	1 6	1 41	1 43	15.810716821557653
222	1 4	1 6	1 43	1 45	29.889857655692534
223	1 4	1 6	1 28	1 30	101.31873355232287
224	1 4	1 6	1 30	1 32	64.1693835302153
225	1 4	1 6	1 34	1 36	31.28615120446407
226	1 4	1 6	1 36	1 38	56.068866598848516
227	1 4	1 6	1 38	1 40	49.151879110430954
228	1 4	1 6	1 40	1 42	-118.93722891185634
229	1 4	1 6	1 42	1 44	22.040847909760217
230	1 4	1 6	1 44	1 46	35.69309267752581
231	1 4	1 6	1 46	1 48	30.099942945690373
232	1 4	1 6	1 45	1 47	34.83396348552543
233	1 4	1 6	1 47	1 49	-67.70259855934216
234	1 4	1 6	1 49	1 51	11.156264137902145
235	1 4	1 6	1 51	1 53	20.01559741496063
236	1 4	1 6	1 53	1 55	23.881095095078113
237	1 4	1 6	1 55	1 57	-45.75656486160802
238	1 4	1 6	1 57	1 59	7.269638937144206
239	1 4	1 6	1 59	1 61	12.312762768955798
240	1 4	1 6	1 61	1 63	15.548385174201293
241	1 4	1 6	1 63	1 65	-29.951336100093073
242	1 4	1 6	1 48	1 50	-76.75742854173771
243	1 4	1 6	1 50	1 52	14.918911999156926
244	1 4	1 6	1 52	1 54	22.70970234373378
245	1 4	1 6	1 54	1 56	19.8911404106965
246	1 4	1 6	1 56	1 58	-50.50128721324073
247	1 4	1 6	1 58	1 60	10.655031762569852
248	1 4	1 6	1 60	1 62	14.269525816846224
249	1 4	1 6	1 62	1 64	13.021549185524833
250	1 4	1 6	1 64	1 66	-33.157766744137305
251	1 4	1 6	1 66	1 68	7.049207897381333
252	1 4	1 6	1 65	1 67	5.366904091848873
253	1 4	1 6	1 67	1 69	7.837097862360649
254	1 4	1 6	1 69	1 71	7.913616473648004
255	1 4	1 6	1 71	1 1	-197.17919691698808
256	1 4	1 6	1 68	1 70	8.34514475622252
257	1 4	1 6	1 70	1 72	5.257247321707549
258	1 4	1 6	1 72	1 2	-254.85811453091793
259	1 5	1 7	1 6	1 8	653.6126702986717
260	1 5	1 7	1 8	1 10	-857.2965950449976
261	1 5	1 7	1 10	1 12	-42.236219830397914
262	1 5	1 7	1 12	1 14	264.57071822258735
263	1 5	1 7	1 14	1 16	356.67696949689355
264	1 5	1 7	1 18	1 20	5.384733090839354
265	1 5	1 7	1 20	1 22	148.24121418036594
266	1 5	1 7	1 22	1 24	218.5844912602484
267	1 5	1 7	1 24	1 26	-342.75176813915766
268	1 5	1 7	1 9	1 11	-33.25700616153538
269	1 5	1 7	1 11	1 13	11.39196782120107
270	1 5	1 7	1 13	1 15	500.5785333150027
271	1 5	1 7	1 15	1 17	-460.51407843561196
272	1 5	1 7	1 17	1 19	-7.570415364812718
273	1 5	1 7	1 19	1 21	54.126520170093585
274	1 5	1 7	1 21	1 23	228.35408720016602
275	1 5	1 7	1 23	1 25	-251.2658237783362
276	1 5	1 7	1 25	1 27	5.108650302173336
277	1 5	1 7	1 27	1 29	47.26527752263301
278	1 5	1 7	1 26	1 28	17.733534594768525
279	1 5	1 7	1 28	1 30	92.6314292453524
280	1 5	1 7	1 30	1 32	118.89002525756723
281	1 5	1 7	1 34	1 36	18.08834200879045
282	1 5	1 7	1 36	1 38	55.02974504156483
283	1 5	1 7	1 38	1 40	72.26929290605813
284	1 5	1 7	1 40	1 42	-130.38089836660617
285	1 5	1 7	1 42	1 44	15.707717998565744
286	1 5	1 7	1 44	1 46	36.02095275891466
287	1 5	1 7	1 29	1 31	131.75444078374204
288	1 5	1 7	1 33	1 35	10.165125302705526
289	1 5	1 7	1 35	1 37	34.69938381536677
290	1 5	1 7	1 37	1 39	72.609300795454
291	1 5	1 7	1 39	1 41	-101.75426819965125
292	1 5	1 7	1 41	1 43	9.423194798037816
293	1 5	1 7	1 43	1 45	25.457927952244734
294	1 5	1 7	1 45	1 47	41.01940656336836
295	1 5	1 7	1 47	1 49	-65.44866111994548
296	1 5	1 7	1 46	1 48	40.47696873721868
297	1 5	1 7	1 48	1 50	-81.99040794010642
298	1 5	1 7	1 50	1 52	11.812674350247136
299	1 5	1 7	1 52	1 54	22.926381039555665
300	1 5	1 7	1 54	1 56	24.54633471560056
301	1 5	1 7	1 56	1 58	-52.52709424320945
302	1 5	1 7	1 58	1 60	9.17306311641195
303	1 5	1 7	1 60	1 62	14.365840959801105
304	1 5	1 7	1 62	1 64	15.04811929988426
305	1 5	1 7	1 64	1 66	-34.07431501750496
306	1 5	1 7	1 49	1 51	7.825428194993412
307	1 5	1 7	1 51	1 53	18.1397462747802
308	1 5	1 7	1 53	1 55	26.900889980614284
309	1 5	1 7	1 55	1 57	-45.043146003417505
310	1 5	1 7	1 57	1 59	5.801638271391376
311	1 5	1 7	1 59	1 61	11.444359753707843
312	1 5	1 7	1 61	1 63	16.93092453992014
313	1 5	1 7	1 63	1 65	-29.590789170767966
314	1 5	1 7	1 65	1 67	4.678515891961661
315	1 5	1 7	1 67	1 69	7.480850280113202
316	1 5	1 7	1 66	1 68	6.40754576078416
317	1 5	1 7	1 68	1 70	8.426019092355267
318	1 5	1 7	1 70	1 72	5.824909671010695
319	1 5	1 7	1 69	1 71	8.33084371180068
320	1 6	1 8	1 7	1 9	-368.9550749509196
321	1 6	1 8	1 9	1 11	-24.763697094174198
322	1 6	1 8	1 11	1 13	-43.49938374755179
323	1 6	1 8	1 13	1 15	351.57400742584696
324	1 6	1 8	1 17	1 19	-10.045643826767062
325	1 6	1 8	1 19	1 21	11.39526855218106
326	1 6	1 8	1 21	1 23	204.01570797227566
327	1 6	1 8	1 23	1 25	-189.30270897539683
328	1 6	1 8	1 10	1 12	-37.287212824932034
329	1 6	1 8	1 12	1 14	45.7879877624387
330	1 6	1 8	1 14	1 16	655.0793415254341
331	1 6	1 8	1 16	1 18	-650.8569730169891
332	1 6	1 8	1 18	1 20	-7.757164573725133
333	1 6	1 8	1 20	1 22	73.09937669182275
334	1 6	1 8	1 22	1 24	312.8813979995356
335	1 6	1 8	1 24	1 26	-357.85856200105445
336	1 6	1 8	1 26	1 28	6.121297933538697
337	1 6	1 8	1 28	1 30	66.51693818479148
338	1 6	1 8	1 27	1 29	25.3853909707688
339	1 6	1 8	1 29	1 31	128.36920621963284
340	1 6	1 8	1 33	1 35	5.191082443136135
341	1 6	1 8	1 35	1 37	24.251754493957385
342	1 6	1 8	1 37	1 39	71.81166830897715
343	1 6	1 8	1 39	1 41	-89.62220106251937
344	1 6	1 8	1 41	1 43	6.030016778887962
345	1 6	1 8	1 43	1 45	20.340512333586133
346	1 6	1 8	1 45	1 47	40.29979288952803
347	1 6	1 8	1 30	1 32	149.02188999582924
348	1 6	1 8	1 34	1 36	10.647915577033649
349	1 6	1 8	1 36	1 38	46.16700090088075
350	1 6	1 8	1 38	1 40	81.71978454953776
351	1 6	1 8	1 40	1 42	-126.01019964961424
352	1 6	1 8	1 42	1 44	11.283638993244715
353	1 6	1 8	1 44	1 46	31.871239034957597
354	1 6	1 8	1 46	1 48	43.65444196282253
355	1 6	1 8	1 48	1 50	-77.73000159649175
356	1 6	1 8	1 47	1 49	-58.20490031746843
357	1 6	1 8	1 49	1 51	5.7112386927125645
358	1 6	1 8	1 51	1 53	15.378626078878565
359	1 6	1 8	1 53	1 55	26.03867209859913
360	1 6	1 8	1 55	1 57	-40.41432350119021
361	1 6	1 8	1 57	1 59	4.609689599432821
362	1 6	1 8	1 59	1 61	9.896964944072986
363	1 6	1 8	1 61	1 63	16.159105880739418
364	1 6	1 8	1 63	1 65	-26.7564577846895
365	1 6	1 8	1 65	1 67	3.9444286646548203
366	1 6	1 8	1 50	1 52	9.229499773402065
367	1 6	1 8	1 52	1 54	20.6555020711205
368	1 6	1 8	1 54	1 56	25.34366996899852
369	1 6	1 8	1 56	1 58	-49.425565529814165
370	1 6	1 8	1 58	1 60	7.648192770338363
371	1 6	1 8	1 60	1 62	13.103015695037234
372	1 6	1 8	1 62	1 64	14.979111149135434
373	1 6	1 8	1 64	1 66	-31.732827966990648
374	1 6	1 8	1 66	1 68	5.531679453225668
375	1 6	1 8	1 68	1 70	7.701934456334683
376	1 6	1 8	1 67	1 69	6.631815248161644
377	1 6	1 8	1 69	1 71	7.837332969909175
378	1 6	1 8	1 71	1 1	-97.54101945304343
379	1 6	1 8	1 70	1 72	5.576711534583586
380	1 7	1 9	1 16	1 18	1000.2098117412469
381	1 7	1 9	1 28	1 30	-198.28803442897575
382	1 7	1 9	1 30	1 32	-143.96847436111784
383	1 7	1 9	1 32	1 34	449.30504977326336
384	1 7	1 9	1 34	1 36	-119.9343283432519
385	1 7	1 9	1 36	1 38	-123.82849498735678
386	1 7	1 9	1 38	1 40	-108.10312521833298
387	1 7	1 9	1 40	1 42	305.4061347972431
388	1 7	1 9	1 42	1 44	-77.06123149198197
389	1 7	1 9	1 44	1 46	-86.24039091409577
390	1 7	1 9	1 46	1 48	-67.59992536166568
391	1 7	1 9	1 33	1 35	-126.20534652054477
392	1 7	1 9	1 35	1 37	-124.06271494230808
393	1 7	1 9	1 37	1 39	-122.69659968383272
394	1 7	1 9	1 39	1 41	293.76521479627445
395	1 7	1 9	1 41	1 43	-72.81283628386086
396	1 7	1 9	1 43	1 45	-82.43961273861717
397	1 7	1 9	1 45	1 47	-79.0427472393702
398	1 7	1 9	1 47	1 49	189.3898681492338
399	1 7	1 9	1 49	1 51	-43.866786249098766
400	1 7	1 9	1 48	1 50	202.74406492607426
401	1 7	1 9	1 50	1 52	-49.89712778782399
402	1 7	1 9	1 52	1 54	-58.25987996780877
403	1 7	1 9	1 54	1 56	-46.71820822864985
404	1 7	1 9	1 56	1 58	134.8618611958776
405	1 7	1 9	1 58	1 60	-33.46701231826448
406	1 7	1 9	1 60	1 62	-37.74745587326494
407	1 7	1 9	1 62	1 64	-31.948162090835744
408	1 7	1 9	1 64	1 66	89.58296869166699
409	1 7	1 9	1 66	1 68	-21.303016459803402
410	1 7	1 9	1 51	1 53	-56.29030517082653
411	1 7	1 9	1 53	1 55	-58.02477797513322
412	1 7	1 9	1 55	1 57	128.2366403417348
413	1 7	1 9	1 57	1 59	-25.55171757052198
414	1 7	1 9	1 59	1 61	-35.393657242845435
415	1 7	1 9	1 61	1 63	-39.3766658283599
416	1 7	1 9	1 63	1 65	84.07738768790887
417	1 7	1 9	1 65	1 67	-17.20179068596608
418	1 7	1 9	1 67	1 69	-22.377091584550097
419	1 7	1 9	1 69	1 71	-20.784323869319955
420	1 7	1 9	1 68	1 70	-22.75844641453247
421	1 7	1 9	1 70	1 72	-13.503574355200513
422	1 8	1 10	1 9	1 11	-209.23003246753245
423	1 8	1 10	1 11	1 13	-382.7457826294441
424	1 8	1 10	1 13	1 15	-556.967700729927
425	1 8	1 10	1 19	1 21	-290.6667602009178
426	1 8	1 10	1 23	1 25	673.150685913186
427	1 8	1 10	1 12	1 14	-429.2778840958213
428	1 8	1 10	1 14	1 16	-621.7473944299961
429	1 8	1 10	1 29	1 31	-248.1630315135054
430	1 8	1 10	1 31	1 33	451.4565711593995
431	1 8	1 10	1 33	1 35	-81.78331327546555
432	1 8	1 10	1 35	1 37	-119.49216330268905
433	1 8	1 10	1 37	1 39	-151.25835885686763
434	1 8	1 10	1 39	1 41	285.8976022048691
435	1 8	1 10	1 41	1 43	-52.46786730968721
436	1 8	1 10	1 43	1 45	-80.06814166685696
437	1 8	1 10	1 45	1 47	-92.89356316993201
438	1 8	1 10	1 47	1 49	187.16143148532453
439	1 8	1 10	1 32	1 34	498.9292420253823
440	1 8	1 10	1 34	1 36	-97.30192779466414
441	1 8	1 10	1 36	1 38	-137.27546839339544
442	1 8	1 10	1 38	1 40	-145.44864866061152
443	1 8	1 10	1 40	1 42	331.8194154702008
444	1 8	1 10	1 42	1 44	-65.2682015835246
445	1 8	1 10	1 44	1 46	-93.24931757706125
446	1 8	1 10	1 46	1 48	-85.90856348296374
447	1 8	1 10	1 48	1 50	213.19656011889273
448	1 8	1 10	1 50	1 52	-43.282809229867176
449	1 8	1 10	1 49	1 51	-34.89457764207967
450	1 8	1 10	1 51	1 53	-55.10789456368338
451	1 8	1 10	1 53	1 55	-65.27883497024357
452	1 8	1 10	1 55	1 57	128.1333666137104
453	1 8	1 10	1 57	1 59	-21.71463900852361
454	1 8	1 10	1 59	1 61	-34.412492177106
455	1 8	1 10	1 61	1 63	-42.88031736499933
456	1 8	1 10	1 63	1 65	84.02482001576416
457	1 8	1 10	1 65	1 67	-15.587491012669211
458	1 8	1 10	1 67	1 69	-21.993487047071767
459	1 8	1 10	1 52	1 54	-61.47016430037969
460	1 8	1 10	1 54	1 56	-55.89918035995139
461	1 8	1 10	1 56	1 58	140.88566669527714
462	1 8	1 10	1 58	1 60	-30.67927236318556
463	1 8	1 10	1 60	1 62	-39.21244931310614
464	1 8	1 10	1 62	1 64	-36.334829787289834
465	1 8	1 10	1 64	1 66	92.87792851965042
466	1 8	1 10	1 66	1 68	-20.131418927289808
467	1 8	1 10	1 68	1 70	-23.260400300945747
468	1 8	1 10	1 70	1 72	-14.820211328726298
469	1 8	1 10	1 69	1 71	-21.935214996830844
470	1 8	1 10	1 71	1 1	549.7717029376374
471	1 9	1 11	1 10	1 12	307.03258887010054
472	1 9	1 11	1 12	1 14	-68.65133414131463
473	1 9	1 11	1 14	1 16	-19.894004404180812
474	1 9	1 11	1 18	1 20	213.9800401863509
475	1 9	1 11	1 20	1 22	-28.202798605769523
476	1 9	1 11	1 22	1 24	-15.570725908546887
477	1 9	1 11	1 24	1 26	-129.3102694725836
478	1 9	1 11	1 26	1 28	116.09489267750615
479	1 9	1 11	1 28	1 30	6.863242404646003
480	1 9	1 11	1 13	1 15	-33.99553735299496
481	1 9	1 11	1 17	1 19	405.8957344556202
482	1 9	1 11	1 21	1 23	-21.68154681782601
483	1 9	1 11	1 23	1 25	-235.0288180995289
484	1 9	1 11	1 25	1 27	184.2767710922803
485	1 9	1 11	1 27	1 29	41.98686904315265
486	1 9	1 11	1 29	1 31	-4.314579884901063
487	1 9	1 11	1 30	1 32	-5.634723344008888
488	1 9	1 11	1 32	1 34	-91.73522887678968
489	1 9	1 11	1 34	1 36	63.37399781002932
490	1 9	1 11	1 36	1 38	15.308434644007022
491	1 9	1 11	1 38	1 40	3.1887802092543467
492	1 9	1 11	1 40	1 42	-68.62087544035589
493	1 9	1 11	1 42	1 44	36.78752315471637
494	1 9	1 11	1 44	1 46	16.486704360238182
495	1 9	1 11	1 46	1 48	4.814237552748763
496	1 9	1 11	1 48	1 50	-49.37854615008176
497	1 9	1 11	1 33	1 35	91.5096332886386
498	1 9	1 11	1 35	1 37	36.271222684917745
499	1 9	1 11	1 37	1 39	5.355437102183117
500	1 9	1 11	1 39	1 41	-91.18464569004361
501	1 9	1 11	1 41	1 43	45.66355100892194
502	1 9	1 11	1 43	1 45	25.429500825815996
503	1 9	1 11	1 45	1 47	8.922978541293343
504	1 9	1 11	1 47	1 49	-58.9124424116261
505	1 9	1 11	1 49	1 51	23.941450793827805
506	1 9	1 11	1 51	1 53	17.530791726291454
507	1 9	1 11	1 50	1 52	21.857840207056086
508	1 9	1 11	1 52	1 54	13.41145804061739
509	1 9	1 11	1 54	1 56	5.754765958794309
510	1 9	1 11	1 56	1 58	-34.964360920230106
511	1 9	1 11	1 58	1 60	13.201566910059768
512	1 9	1 11	1 60	1 62	9.667797470506908
513	1 9	1 11	1 62	1 64	5.5373079511357375
514	1 9	1 11	1 64	1 66	-24.107959669437957
515	1 9	1 11	1 66	1 68	7.725442408827934
516	1 9	1 11	1 68	1 70	6.182103761790087
517	1 9	1 11	1 53	1 55	9.780012470487605
518	1 9	1 11	1 55	1 57	-38.66945220013402
519	1 9	1 11	1 57	1 59	11.93259663746952
520	1 9	1 11	1 59	1 61	11.44619044927904
521	1 9	1 11	1 61	1 63	8.17153755565385
522	1 9	1 11	1 63	1 65	-25.208434709654227
523	1 9	1 11	1 65	1 67	6.950809127632971
524	1 9	1 11	1 67	1 69	7.0969189048588195
525	1 9	1 11	1 69	1 71	5.004744702517718
526	1 9	1 11	1 71	1 1	-436.6124451650768
527	1 9	1 11	1 70	1 72	2.879696501285099
528	1 9	1 11	1 72	1 2	-170.53451924745974
529	1 10	1 12	1 11	1 13	222.76016126491697
530	1 10	1 12	1 13	1 15	-71.80834694173538
531	1 10	1 12	1 17	1 19	203.4332966710046
532	1 10	1 12	1 19	1 21	166.001348168062
533	1 10	1 12	1 21	1 23	-29.60465698381345
534	1 10	1 12	1 23	1 25	-241.5343609849525
535	1 10	1 12	1 25	1 27	119.24733083285145
536	1 10	1 12	1 27	1 29	93.71623839664784
537	1 10	1 12	1 29	1 31	6.002773312014489
538	1 10	1 12	1 14	1 16	-33.264925791756795
539	1 10	1 12	1 18	1 20	322.07656680665724
540	1 10	1 12	1 22	1 24	-23.360767723095336
541	1 10	1 12	1 24	1 26	-188.20398340475978
542	1 10	1 12	1 26	1 28	132.9105519009811
543	1 10	1 12	1 28	1 30	39.92394807605929
544	1 10	1 12	1 30	1 32	-3.8766953273956184
545	1 10	1 12	1 33	1 35	67.30500384551362
546	1 10	1 12	1 35	1 37	53.428405854133416
547	1 10	1 12	1 37	1 39	15.501336132999814
548	1 10	1 12	1 39	1 41	-99.40012084038997
549	1 10	1 12	1 41	1 43	36.826098810583495
550	1 10	1 12	1 43	1 45	32.1844037744031
551	1 10	1 12	1 45	1 47	15.666453219047622
552	1 10	1 12	1 47	1 49	-65.31136218900375
553	1 10	1 12	1 49	1 51	20.749062600942214
554	1 10	1 12	1 34	1 36	65.36825122020058
555	1 10	1 12	1 36	1 38	31.991063864819314
556	1 10	1 12	1 38	1 40	8.921443354332725
557	1 10	1 12	1 40	1 42	-86.51672031945398
558	1 10	1 12	1 42	1 44	36.64179120790101
559	1 10	1 12	1 44	1 46	24.991979113035285
560	1 10	1 12	1 46	1 48	9.358574399079565
561	1 10	1 12	1 48	1 50	-59.56952319139037
562	1 10	1 12	1 50	1 52	21.62979235836706
563	1 10	1 12	1 52	1 54	17.77015872689487
564	1 10	1 12	1 51	1 53	20.675252831066818
565	1 10	1 12	1 53	1 55	14.12229101026293
566	1 10	1 12	1 55	1 57	-43.335220166456196
567	1 10	1 12	1 57	1 59	11.05256068350459
568	1 10	1 12	1 59	1 61	12.824506518675614
569	1 10	1 12	1 61	1 63	10.712867288951895
570	1 10	1 12	1 63	1 65	-28.21050773162196
571	1 10	1 12	1 65	1 67	6.85533109347452
572	1 10	1 12	1 67	1 69	7.86615533959548
573	1 10	1 12	1 69	1 71	6.156823044594639
574	1 10	1 12	1 54	1 56	9.02308032080678
575	1 10	1 12	1 56	1 58	-41.262464762868994
576	1 10	1 12	1 58	1 60	13.431314329680026
577	1 10	1 12	1 60	1 62	11.892166299665409
578	1 10	1 12	1 62	1 64	7.6321671567630425
579	1 10	1 12	1 64	1 66	-28.142380851532558
580	1 10	1 12	1 66	1 68	8.057644157181286
581	1 10	1 12	1 68	1 70	7.281586513246168
582	1 10	1 12	1 70	1 72	3.622899433384844
583	1 10	1 12	1 72	1 2	-271.14613058152906
584	1 10	1 12	1 71	1 1	-332.2599848781356
585	1 11	1 13	1 12	1 14	227.85154625876947
586	1 11	1 13	1 14	1 16	-71.3936287285438
587	1 11	1 13	1 18	1 20	148.5267927135692
588	1 11	1 13	1 20	1 22	175.1258973463047
589	1 11	1 13	1 22	1 24	-34.198264028297714
590	1 11	1 13	1 24	1 26	-222.458178815785
591	1 11	1 13	1 26	1 28	83.62182608439099
592	1 11	1 13	1 28	1 30	99.25359694216668
593	1 11	1 13	1 30	1 32	7.7691562794267455
594	1 11	1 13	1 23	1 25	-238.67872203685462
595	1 11	1 13	1 25	1 27	35.82698473048521
596	1 11	1 13	1 27	1 29	120.9312927948089
597	1 11	1 13	1 29	1 31	42.332273088177686
598	1 11	1 13	1 33	1 35	32.244104689585775
599	1 11	1 13	1 32	1 34	-147.0759260329607
600	1 11	1 13	1 34	1 36	47.45144871891562
601	1 11	1 13	1 36	1 38	53.33172515350407
602	1 11	1 13	1 38	1 40	22.1640831700147
603	1 11	1 13	1 40	1 42	-101.44215933541372
604	1 11	1 13	1 42	1 44	28.904289073540546
605	1 11	1 13	1 44	1 46	33.72344511052829
606	1 11	1 13	1 46	1 48	17.617675966514092
607	1 11	1 13	1 48	1 50	-68.29617536758141
608	1 11	1 13	1 50	1 52	17.928796527721786
609	1 11	1 13	1 35	1 37	60.087150993241636
610	1 11	1 13	1 37	1 39	35.93318275395645
611	1 11	1 13	1 41	1 43	21.9331214277548
612	1 11	1 13	1 43	1 45	34.25184911443783
613	1 11	1 13	1 45	1 47	25.753687655594785
614	1 11	1 13	1 47	1 49	-67.00153998972775
615	1 11	1 13	1 49	1 51	14.297086507500044
616	1 11	1 13	1 51	1 53	21.394596649963557
617	1 11	1 13	1 53	1 55	19.444054073062077
618	1 11	1 13	1 52	1 54	21.536787674124103
619	1 11	1 13	1 54	1 56	13.911123279215872
620	1 11	1 13	1 56	1 58	-46.03854814109625
621	1 11	1 13	1 58	1 60	11.875114804096558
622	1 11	1 13	1 60	1 62	13.502756974509444
623	1 11	1 13	1 62	1 64	10.212045207528941
624	1 11	1 13	1 64	1 66	-30.75723223803595
625	1 11	1 13	1 66	1 68	7.4879535524986
626	1 11	1 13	1 68	1 70	7.957590901319765
627	1 11	1 13	1 70	1 72	4.52245973191259
628	1 11	1 13	1 55	1 57	-44.7668621092719
629	1 11	1 13	1 57	1 59	8.591106049564106
630	1 11	1 13	1 59	1 61	12.830598450003292
631	1 11	1 13	1 61	1 63	13.376558641378134
632	1 11	1 13	1 63	1 65	-29.22663007961478
633	1 11	1 13	1 65	1 67	5.917902150649892
634	1 11	1 13	1 67	1 69	7.917972283038156
635	1 11	1 13	1 69	1 71	7.1267568023191
636	1 11	1 13	1 71	1 1	-199.00375514049136
637	1 11	1 13	1 72	1 2	-211.8928441637103
638	1 12	1 14	1 13	1 15	310.4154997666037
639	1 12	1 14	1 17	1 19	-25.98913879675938
640	1 12	1 14	1 19	1 21	162.00112085890981
641	1 12	1 14	1 21	1 23	199.7457239479495
642	1 12	1 14	1 25	1 27	4.712306944966235
643	1 12	1 14	1 27	1 29	91.94370635835037
644	1 12	1 14	1 29	1 31	121.706849877607
645	1 12	1 14	1 31	1 33	-189.20871267457488
646	1 12	1 14	1 20	1 22	330.9357397585172
647	1 12	1 14	1 22	1 24	11.265162434788287
648	1 12	1 14	1 24	1 26	-300.7074212196552
649	1 12	1 14	1 26	1 28	32.53018140501764
650	1 12	1 14	1 28	1 30	142.92956425120772
651	1 12	1 14	1 30	1 32	56.8799646597283
652	1 12	1 14	1 34	1 36	29.408672832116338
653	1 12	1 14	1 33	1 35	14.843759265047431
654	1 12	1 14	1 35	1 37	54.36380923659911
655	1 12	1 14	1 37	1 39	70.47025258476474
656	1 12	1 14	1 41	1 43	13.605524717620439
657	1 12	1 14	1 43	1 45	34.42363163446018
658	1 12	1 14	1 45	1 47	41.298753269518514
659	1 12	1 14	1 47	1 49	-76.19993400050164
660	1 12	1 14	1 49	1 51	10.741771665878833
661	1 12	1 14	1 51	1 53	22.74917759816728
662	1 12	1 14	1 36	1 38	71.55233632290641
663	1 12	1 14	1 38	1 40	53.15975894373401
664	1 12	1 14	1 40	1 42	-133.0973000877784
665	1 12	1 14	1 42	1 44	22.661995943840633
666	1 12	1 14	1 44	1 46	43.036661838071055
667	1 12	1 14	1 46	1 48	33.87356523136748
668	1 12	1 14	1 48	1 50	-86.7244375651683
669	1 12	1 14	1 50	1 52	15.743176623464588
670	1 12	1 14	1 52	1 54	26.496644440544017
671	1 12	1 14	1 54	1 56	22.67352210694063
672	1 12	1 14	1 53	1 55	27.821692857233984
673	1 12	1 14	1 55	1 57	-51.45552230860673
674	1 12	1 14	1 57	1 59	7.476393272183536
675	1 12	1 14	1 59	1 61	13.831752595244435
676	1 12	1 14	1 61	1 63	17.87309367503798
677	1 12	1 14	1 63	1 65	-33.504726642855374
678	1 12	1 14	1 65	1 67	5.7562094370400505
679	1 12	1 14	1 67	1 69	8.76782179813167
680	1 12	1 14	1 69	1 71	9.026844316731236
681	1 12	1 14	1 71	1 1	-154.17089972642844
682	1 12	1 14	1 56	1 58	-56.83288623663786
683	1 12	1 14	1 58	1 60	11.504119329264732
684	1 12	1 14	1 60	1 62	16.287123220823545
685	1 12	1 14	1 62	1 64	14.88352415531628
686	1 12	1 14	1 64	1 66	-37.41514975889964
687	1 12	1 14	1 66	1 68	7.72836408251283
688	1 12	1 14	1 68	1 70	9.48183240684853
689	1 12	1 14	1 70	1 72	6.030096710926429
690	1 12	1 14	1 72	1 2	-175.19808225427516
691	1 13	1 15	1 14	1 16	344.6930318129332
692	1 13	1 15	1 18	1 20	-29.0238344643318
693	1 13	1 15	1 20	1 22	186.51770160079514
694	1 13	1 15	1 22	1 24	273.96785486322074
695	1 13	1 15	1 26	1 28	3.5393981986365946
696	1 13	1 15	1 28	1 30	116.93873126026625
697	1 13	1 15	1 30	1 32	152.85201626838398
698	1 13	1 15	1 32	1 34	-245.46369057864825
699	1 13	1 15	1 17	1 19	-20.27617356159276
700	1 13	1 15	1 21	1 23	380.45136090543485
701	1 13	1 15	1 23	1 25	-343.4191454931349
702	1 13	1 15	1 25	1 27	-5.000994727997332
703	1 13	1 15	1 27	1 29	39.082338821712824
704	1 13	1 15	1 29	1 31	186.29920074806552
705	1 13	1 15	1 33	1 35	5.205174744320388
706	1 13	1 15	1 35	1 37	35.686514211314154
707	1 13	1 15	1 34	1 36	13.818403262869403
708	1 13	1 15	1 36	1 38	67.92441735641324
709	1 13	1 15	1 38	1 40	92.27990657392252
710	1 13	1 15	1 40	1 42	-156.0198165072112
711	1 13	1 15	1 42	1 44	15.247148378536886
712	1 13	1 15	1 44	1 46	43.610519516551356
713	1 13	1 15	1 46	1 48	51.04358230186339
714	1 13	1 15	1 48	1 50	-98.21356962948235
715	1 13	1 15	1 50	1 52	12.36773722955382
716	1 13	1 15	1 52	1 54	27.407920441467226
717	1 13	1 15	1 37	1 39	95.1680592847495
718	1 13	1 15	1 41	1 43	7.514187801793222
719	1 13	1 15	1 43	1 45	28.295923063665924
720	1 13	1 15	1 45	1 47	51.73629738620375
721	1 13	1 15	1 47	1 49	-76.53850386268226
722	1 13	1 15	1 49	1 51	7.433480984930261
723	1 13	1 15	1 51	1 53	20.66815711940953
724	1 13	1 15	1 53	1 55	33.117286769980666
725	1 13	1 15	1 55	1 57	-52.44100456221669
726	1 13	1 15	1 54	1 56	30.534890584141984
727	1 13	1 15	1 56	1 58	-62.52720462410559
728	1 13	1 15	1 58	1 60	10.079772635862494
729	1 13	1 15	1 60	1 62	17.019863983398736
730	1 13	1 15	1 62	1 64	18.44326381556565
731	1 13	1 15	1 64	1 66	-40.29834879842859
732	1 13	1 15	1 66	1 68	7.232924374500423
733	1 13	1 15	1 68	1 70	9.941258196050017
734	1 13	1 15	1 70	1 72	7.0541336851941745
735	1 13	1 15	1 57	1 59	6.039065232157249
736	1 13	1 15	1 59	1 61	13.07340370130991
737	1 13	1 15	1 61	1 63	20.50003828423025
738	1 13	1 15	1 63	1 65	-34.60519162541783
739	1 13	1 15	1 65	1 67	5.1577494397751025
740	1 13	1 15	1 67	1 69	8.643745916948284
741	1 13	1 15	1 69	1 71	9.986657743273032
742	1 13	1 15	1 71	1 1	-117.4367463895523
743	1 14	1 16	1 17	1 19	-13.27281149112348
744	1 14	1 16	1 19	1 21	-31.087515364031923
745	1 14	1 16	1 21	1 23	236.10298218223852
746	1 14	1 16	1 25	1 27	-5.616068769921904
747	1 14	1 16	1 27	1 29	6.474205422511849
748	1 14	1 16	1 29	1 31	152.8738620835107
749	1 14	1 16	1 18	1 20	-19.825132316851548
750	1 14	1 16	1 20	1 22	-10.315165428774414
751	1 14	1 16	1 22	1 24	497.39131714983336
752	1 14	1 16	1 24	1 26	-455.3605307162625
753	1 14	1 16	1 26	1 28	-4.197332306470402
754	1 14	1 16	1 28	1 30	51.04011797556719
755	1 14	1 16	1 30	1 32	209.91939542266283
756	1 14	1 16	1 34	1 36	5.035685268058654
757	1 14	1 16	1 36	1 38	45.45016472472542
758	1 14	1 16	1 35	1 37	17.8143914962616
759	1 14	1 16	1 37	1 39	85.42978825414215
760	1 14	1 16	1 41	1 43	3.7564748431017976
761	1 14	1 16	1 43	1 45	18.740951311312116
762	1 14	1 16	1 45	1 47	47.07155469522104
763	1 14	1 16	1 47	1 49	-61.64071251035625
764	1 14	1 16	1 49	1 51	4.629529360524698
765	1 14	1 16	1 51	1 53	15.341405403923396
766	1 14	1 16	1 53	1 55	29.99562754848775
767	1 14	1 16	1 38	1 40	106.39837564405047
768	1 14	1 16	1 40	1 42	-143.1963336212516
769	1 14	1 16	1 42	1 44	8.811541033790128
770	1 14	1 16	1 44	1 46	33.57689483857257
771	1 14	1 16	1 46	1 48	54.89032006365707
772	1 14	1 16	1 48	1 50	-87.9883326157338
773	1 14	1 16	1 50	1 52	8.298713354345669
774	1 14	1 16	1 52	1 54	22.1815339965094
775	1 14	1 16	1 54	1 56	30.778815532650754
776	1 14	1 16	1 56	1 58	-55.01909963588216
777	1 14	1 16	1 55	1 57	-43.35653074677465
778	1 14	1 16	1 57	1 59	4.2697758445881036
779	1 14	1 16	1 59	1 61	10.171676106456689
780	1 14	1 16	1 61	1 63	18.34717117253174
781	1 14	1 16	1 63	1 65	-28.761531063250377
782	1 14	1 16	1 65	1 67	3.920089939770462
783	1 14	1 16	1 67	1 69	6.989919828129418
784	1 14	1 16	1 69	1 71	8.765449121150866
785	1 14	1 16	1 71	1 1	-83.60045244801343
786	1 14	1 16	1 58	1 60	7.4834914835547135
787	1 14	1 16	1 60	1 62	14.139215229457792
788	1 14	1 16	1 62	1 64	17.590659114043724
789	1 14	1 16	1 64	1 66	-35.130014506879824
790	1 14	1 16	1 66	1 68	5.651519848896081
791	1 14	1 16	1 68	1 70	8.382722479883874
792	1 14	1 16	1 70	1 72	6.468900620069901
793	1 15	1 17	1 16	1 18	1005.8079869979103
794	1 15	1 17	1 24	1 26	770.3562597969059
795	1 15	1 17	1 32	1 34	508.3607562837183
796	1 15	1 17	1 19	1 21	-268.3055815906117
797	1 15	1 17	1 21	1 23	-341.04386846508294
798	1 15	1 17	1 23	1 25	869.7129366876043
799	1 15	1 17	1 31	1 33	548.5633186397986
800	1 15	1 17	1 36	1 38	-141.6486652101006
801	1 15	1 17	1 38	1 40	-118.10842434314657
802	1 15	1 17	1 40	1 42	354.0137715082719
803	1 15	1 17	1 42	1 44	-97.28455372202046
804	1 15	1 17	1 44	1 46	-100.11759334721846
805	1 15	1 17	1 46	1 48	-74.84756083457081
806	1 15	1 17	1 48	1 50	236.19409926541286
807	1 15	1 17	1 50	1 52	-61.679852581132465
808	1 15	1 17	1 52	1 54	-67.70310739542131
809	1 15	1 17	1 54	1 56	-52.30221526163335
810	1 15	1 17	1 39	1 41	350.5603433777619
811	1 15	1 17	1 41	1 43	-96.54577669597731
812	1 15	1 17	1 43	1 45	-98.92242316494462
813	1 15	1 17	1 45	1 47	-90.03255937303804
814	1 15	1 17	1 47	1 49	228.54287801310107
815	1 15	1 17	1 49	1 51	-56.71517522158387
816	1 15	1 17	1 51	1 53	-67.26184971098266
817	1 15	1 17	1 53	1 55	-66.47427808407798
818	1 15	1 17	1 55	1 57	152.98872911989045
819	1 15	1 17	1 57	1 59	-32.005450507821436
820	1 15	1 17	1 56	1 58	159.4690493932297
821	1 15	1 17	1 58	1 60	-41.24526725433461
822	1 15	1 17	1 60	1 62	-44.56802811196984
823	1 15	1 17	1 62	1 64	-36.70671031854582
824	1 15	1 17	1 64	1 66	106.07964264699703
825	1 15	1 17	1 66	1 68	-26.01486001773288
826	1 15	1 17	1 68	1 70	-26.905644992540786
827	1 15	1 17	1 70	1 72	-15.741817519766958
828	1 15	1 17	1 72	1 2	299.97574925074923
829	1 15	1 17	1 59	1 61	-42.49872723036242
830	1 15	1 17	1 61	1 63	-45.63833233694551
831	1 15	1 17	1 63	1 65	100.11647743140912
832	1 15	1 17	1 65	1 67	-21.214548908756036
833	1 15	1 17	1 67	1 69	-26.862981572102022
834	1 15	1 17	1 69	1 71	-24.365111803818266
835	1 15	1 17	1 71	1 1	432.459577374285
836	1 16	1 18	1 19	1 21	-319.20389487994066
837	1 16	1 18	1 21	1 23	-392.4913782265705
838	1 16	1 18	1 23	1 25	743.0146794714808
839	1 16	1 18	1 27	1 29	-225.96971617603919
840	1 16	1 18	1 29	1 31	-281.2623085099897
841	1 16	1 18	1 31	1 33	517.2910224092789
842	1 16	1 18	1 33	1 35	-88.60937229311682
843	1 16	1 18	1 35	1 37	-142.7990779170883
844	1 16	1 18	1 20	1 22	-318.0289940196497
845	1 16	1 18	1 22	1 24	-466.94669536557836
846	1 16	1 18	1 28	1 30	-241.5841537037037
847	1 16	1 18	1 30	1 32	-256.1413749338045
848	1 16	1 18	1 32	1 34	580.871274099442
849	1 16	1 18	1 36	1 38	-156.56158970072147
850	1 16	1 18	1 38	1 40	-167.55640939280062
851	1 16	1 18	1 37	1 39	-176.55048349424996
852	1 16	1 18	1 39	1 41	335.18310151878495
853	1 16	1 18	1 41	1 43	-59.358692813858696
854	1 16	1 18	1 43	1 45	-95.62120463874383
855	1 16	1 18	1 45	1 47	-109.06701871059528
856	1 16	1 18	1 47	1 49	217.4904608035626
857	1 16	1 18	1 49	1 51	-39.71108357216666
858	1 16	1 18	1 51	1 53	-64.70454761802304
859	1 16	1 18	1 53	1 55	-76.24526739368
860	1 16	1 18	1 55	1 57	149.30506779245593
861	1 16	1 18	1 40	1 42	386.48363899438857
862	1 16	1 18	1 42	1 44	-77.62438053220947
863	1 16	1 18	1 44	1 46	-109.65457581262977
864	1 16	1 18	1 46	1 48	-100.99390623023923
865	1 16	1 18	1 48	1 50	250.5551243954332
866	1 16	1 18	1 50	1 52	-50.76243027706592
867	1 16	1 18	1 52	1 54	-71.80039680139032
868	1 16	1 18	1 54	1 56	-65.22428751001767
869	1 16	1 18	1 56	1 58	164.1193002173698
870	1 16	1 18	1 58	1 60	-35.558198546804846
871	1 16	1 18	1 57	1 59	-25.05781710759826
872	1 16	1 18	1 59	1 61	-40.34000612544058
873	1 16	1 18	1 61	1 63	-50.19352376839168
874	1 16	1 18	1 63	1 65	97.93761742005245
875	1 16	1 18	1 65	1 67	-18.08798714958439
876	1 16	1 18	1 67	1 69	-25.704157319670344
877	1 16	1 18	1 69	1 71	-25.740681443630088
878	1 16	1 18	1 71	1 1	365.3864214822327
879	1 16	1 18	1 60	1 62	-45.89525118860482
880	1 16	1 18	1 62	1 64	-42.47188360300176
881	1 16	1 18	1 64	1 66	108.28633006616698
882	1 16	1 18	1 66	1 68	-23.476786200708233
883	1 16	1 18	1 68	1 70	-27.240656534331315
884	1 16	1 18	1 70	1 72	-17.301562886088462
885	1 16	1 18	1 72	1 2	309.5896419441007
886	1 17	1 19	1 18	1 20	228.07004744613127
887	1 17	1 19	1 20	1 22	-57.75783840841534
888	1 17	1 19	1 22	1 24	-15.71829863790568
889	1 17	1 19	1 24	1 26	-125.083289297731
890	1 17	1 19	1 26	1 28	157.12078556924416
891	1 17	1 19	1 28	1 30	-26.817442804679146
892	1 17	1 19	1 30	1 32	-11.0110187688224
893	1 17	1 19	1 32	1 34	-95.96260717944952
894	1 17	1 19	1 34	1 36	88.36058043797483
895	1 17	1 19	1 21	1 23	-26.43462281197978
896	1 17	1 19	1 25	1 27	343.6013329677929
897	1 17	1 19	1 27	1 29	-3.6315893135310207
898	1 17	1 19	1 29	1 31	-18.001094581818904
899	1 17	1 19	1 33	1 35	151.63360566351633
900	1 17	1 19	1 35	1 37	31.590246993632093
901	1 17	1 19	1 37	1 39	-4.122377388217084
902	1 17	1 19	1 39	1 41	-113.48062016946419
903	1 17	1 19	1 38	1 40	-2.4034351197831176
904	1 17	1 19	1 40	1 42	-75.772807689399
905	1 17	1 19	1 42	1 44	51.63789907569783
906	1 17	1 19	1 44	1 46	13.418669112240629
907	1 17	1 19	1 46	1 48	1.4292036169969546
908	1 17	1 19	1 48	1 50	-56.45061903786153
909	1 17	1 19	1 50	1 52	30.348284083287556
910	1 17	1 19	1 52	1 54	13.710156882057639
911	1 17	1 19	1 54	1 56	4.235171176648063
912	1 17	1 19	1 56	1 58	-41.01826839282377
913	1 17	1 19	1 41	1 43	71.95694363313001
914	1 17	1 19	1 43	1 45	28.067439416874286
915	1 17	1 19	1 45	1 47	4.763120712488463
916	1 17	1 19	1 47	1 49	-73.75930978541405
917	1 17	1 19	1 49	1 51	36.108185065560434
918	1 17	1 19	1 51	1 53	20.838723486109465
919	1 17	1 19	1 53	1 55	8.639960037637497
920	1 17	1 19	1 55	1 57	-47.963880835965554
921	1 17	1 19	1 57	1 59	17.25634039540553
922	1 17	1 19	1 59	1 61	14.24183899635568
923	1 17	1 19	1 58	1 60	17.90090650600018
924	1 17	1 19	1 60	1 62	10.881897270275974
925	1 17	1 19	1 62	1 64	5.297912083971752
926	1 17	1 19	1 64	1 66	-28.684748200778124
927	1 17	1 19	1 66	1 68	10.25847308766567
928	1 17	1 19	1 68	1 70	7.300733226616584
929	1 17	1 19	1 70	1 72	3.0544053585613464
930	1 17	1 19	1 72	1 2	-103.00805782841965
931	1 17	1 19	1 61	1 63	8.412808645081036
932	1 17	1 19	1 63	1 65	-31.185852598180784
933	1 17	1 19	1 65	1 67	9.621484108741708
934	1 17	1 19	1 67	1 69	8.906795431327822
935	1 17	1 19	1 69	1 71	5.626224229613631
936	1 17	1 19	1 71	1 1	-222.34743488456667
937	1 18	1 20	1 19	1 21	186.55030520345298
938	1 18	1 20	1 21	1 23	-57.61158191896058
939	1 18	1 20	1 25	1 27	161.45029295081088
940	1 18	1 20	1 27	1 29	127.4783417498083
941	1 18	1 20	1 29	1 31	-26.162468365530387
942	1 18	1 20	1 31	1 33	-180.9618219480261
943	1 18	1 20	1 33	1 35	91.49924544544051
944	1 18	1 20	1 35	1 37	71.75704424458851
945	1 18	1 20	1 37	1 39	2.6283373413612816
946	1 18	1 20	1 22	1 24	-27.518319231085187
947	1 18	1 20	1 26	1 28	250.29192963809822
948	1 18	1 20	1 30	1 32	-17.1641524646787
949	1 18	1 20	1 34	1 36	101.47121443416395
950	1 18	1 20	1 36	1 38	26.8143291014064
951	1 18	1 20	1 40	1 42	-96.10710666040269
952	1 18	1 20	1 39	1 41	-118.1752494359791
953	1 18	1 20	1 41	1 43	49.98565072682676
954	1 18	1 20	1 43	1 45	41.48251782129813
955	1 18	1 20	1 45	1 47	12.286317768976637
956	1 18	1 20	1 47	1 49	-77.79114429330625
957	1 18	1 20	1 49	1 51	27.798031129628303
958	1 18	1 20	1 51	1 53	25.875375024126775
959	1 18	1 20	1 53	1 55	13.947891878839776
960	1 18	1 20	1 55	1 57	-51.90059335851602
961	1 18	1 20	1 57	1 59	14.46789060601721
962	1 18	1 20	1 42	1 44	51.46093626699661
963	1 18	1 20	1 44	1 46	26.60075413934603
964	1 18	1 20	1 46	1 48	5.015311789390305
965	1 18	1 20	1 48	1 50	-67.74579028550264
966	1 18	1 20	1 50	1 52	28.88543382113489
967	1 18	1 20	1 52	1 54	20.18408215151259
968	1 18	1 20	1 54	1 56	7.590549361456823
969	1 18	1 20	1 56	1 58	-47.64029598612888
970	1 18	1 20	1 58	1 60	17.318607679907725
971	1 18	1 20	1 60	1 62	13.797317625452212
972	1 18	1 20	1 59	1 61	15.930374101492578
973	1 18	1 20	1 61	1 63	11.53740354955228
974	1 18	1 20	1 63	1 65	-33.7586303687074
975	1 18	1 20	1 65	1 67	8.772423832403623
976	1 18	1 20	1 67	1 69	9.63903800657281
977	1 18	1 20	1 69	1 71	6.956742177248396
978	1 18	1 20	1 71	1 1	-202.25063423508155
979	1 18	1 20	1 62	1 64	7.595040161570067
980	1 18	1 20	1 64	1 66	-32.68546007790676
981	1 18	1 20	1 66	1 68	10.14976489311934
982	1 18	1 20	1 68	1 70	8.566980775360461
983	1 18	1 20	1 70	1 72	3.953817062476131
984	1 18	1 20	1 72	1 2	-141.09795961756083
985	1 19	1 21	1 20	1 22	200.4742009660153
986	1 19	1 21	1 22	1 24	-69.99607402525159
987	1 19	1 21	1 26	1 28	124.45857693489238
988	1 19	1 21	1 28	1 30	140.93676910321994
989	1 19	1 21	1 30	1 32	-29.299748072602263
990	1 19	1 21	1 32	1 34	-173.7422567620585
991	1 19	1 21	1 34	1 36	69.61962515785073
992	1 19	1 21	1 36	1 38	75.02554775937091
993	1 19	1 21	1 38	1 40	9.137433205726364
994	1 19	1 21	1 25	1 27	-4.9978480337216284
995	1 19	1 21	1 27	1 29	241.8168619569854
996	1 19	1 21	1 29	1 31	-6.016011398085082
997	1 19	1 21	1 33	1 35	28.901420968050434
998	1 19	1 21	1 35	1 37	99.55127784560746
999	1 19	1 21	1 37	1 39	29.922743039151687
1000	1 19	1 21	1 41	1 43	24.974658507770236
1001	1 19	1 21	1 40	1 42	-121.6455686811735
1002	1 19	1 21	1 42	1 44	40.108127241072864
1003	1 19	1 21	1 44	1 46	45.41577142992541
1004	1 19	1 21	1 46	1 48	14.43126801116297
1005	1 19	1 21	1 48	1 50	-82.88156351363719
1006	1 19	1 21	1 50	1 52	23.977229897827364
1007	1 19	1 21	1 52	1 54	28.28510140956055
1008	1 19	1 21	1 54	1 56	14.30076649590966
1009	1 19	1 21	1 56	1 58	-56.70384859106299
1010	1 19	1 21	1 58	1 60	15.53023511683399
1011	1 19	1 21	1 43	1 45	50.34555255961358
1012	1 19	1 21	1 45	1 47	28.17284580244028
1013	1 19	1 21	1 47	1 49	-83.93802287777791
1014	1 19	1 21	1 49	1 51	17.557489589047258
1015	1 19	1 21	1 51	1 53	29.374060276612624
1016	1 19	1 21	1 53	1 55	22.938419698193968
1017	1 19	1 21	1 55	1 57	-56.7596005850355
1018	1 19	1 21	1 57	1 59	10.844847785969396
1019	1 19	1 21	1 59	1 61	16.99705980797812
1020	1 19	1 21	1 61	1 63	16.246299167561297
1021	1 19	1 21	1 60	1 62	17.398720941622717
1022	1 19	1 21	1 62	1 64	11.629008774463585
1023	1 19	1 21	1 64	1 66	-38.20044433791566
1024	1 19	1 21	1 66	1 68	9.675036106778201
1025	1 19	1 21	1 68	1 70	10.109482130636618
1026	1 19	1 21	1 70	1 72	5.391095087821935
1027	1 19	1 21	1 63	1 65	-36.941121418978696
1028	1 19	1 21	1 65	1 67	7.567744979003441
1029	1 19	1 21	1 67	1 69	10.249511333361006
1030	1 19	1 21	1 69	1 71	8.830496569066268
1031	1 19	1 21	1 71	1 1	-150.49447940300513
1032	1 20	1 22	1 21	1 23	212.93582765262886
1033	1 20	1 22	1 25	1 27	-26.127250858838586
1034	1 20	1 22	1 27	1 29	132.61723403015998
1035	1 20	1 22	1 29	1 31	155.69202322475965
1036	1 20	1 22	1 35	1 37	74.6803991338
1037	1 20	1 22	1 37	1 39	89.59445694627931
1038	1 20	1 22	1 26	1 28	-3.4511902437802355
1039	1 20	1 22	1 28	1 30	264.44188978650226
1040	1 20	1 22	1 34	1 36	26.137703312859237
1041	1 20	1 22	1 36	1 38	107.72850692568497
1042	1 20	1 22	1 38	1 40	47.169652213986225
1043	1 20	1 22	1 40	1 42	-155.10718425637052
1044	1 20	1 22	1 42	1 44	24.700126518311855
1045	1 20	1 22	1 41	1 43	10.392517849638299
1046	1 20	1 22	1 43	1 45	44.93005758584979
1047	1 20	1 22	1 45	1 47	51.45007419582328
1048	1 20	1 22	1 47	1 49	-91.58186790639192
1049	1 20	1 22	1 49	1 51	10.508791049913503
1050	1 20	1 22	1 51	1 53	28.591950399327448
1051	1 20	1 22	1 53	1 55	34.114083963633185
1052	1 20	1 22	1 55	1 57	-62.03482280557166
1053	1 20	1 22	1 57	1 59	8.134636557862521
1054	1 20	1 22	1 59	1 61	16.903116895652303
1055	1 20	1 22	1 44	1 46	58.03339259228517
1056	1 20	1 22	1 46	1 48	35.57867623698034
1057	1 20	1 22	1 48	1 50	-101.75466213222379
1058	1 20	1 22	1 50	1 52	17.965355241708806
1059	1 20	1 22	1 52	1 54	33.89122017943626
1060	1 20	1 22	1 54	1 56	25.776264480378728
1061	1 20	1 22	1 56	1 58	-67.74094007487022
1062	1 20	1 22	1 58	1 60	13.443206866134267
1063	1 20	1 22	1 60	1 62	20.178849892380086
1064	1 20	1 22	1 62	1 64	17.410971034033203
1065	1 20	1 22	1 61	1 63	21.72869472885388
1066	1 20	1 22	1 63	1 65	-40.22775427344271
1067	1 20	1 22	1 65	1 67	6.5973557881015985
1068	1 20	1 22	1 67	1 69	10.556453371642228
1069	1 20	1 22	1 69	1 71	10.888180340504029
1070	1 20	1 22	1 71	1 1	-121.40483212424662
1071	1 20	1 22	1 64	1 66	-44.60655998147547
1072	1 20	1 22	1 66	1 68	9.120561128830671
1073	1 20	1 22	1 68	1 70	11.52840294537364
1074	1 20	1 22	1 70	1 72	7.20688771301294
1075	1 21	1 23	1 22	1 24	291.46678067567933
1076	1 21	1 23	1 26	1 28	-26.92721237532558
1077	1 21	1 23	1 28	1 30	166.19731996863294
1078	1 21	1 23	1 30	1 32	202.2051485899231
1079	1 21	1 23	1 32	1 34	-314.9652641845761
1080	1 21	1 23	1 34	1 36	2.373450760803993
1081	1 21	1 23	1 36	1 38	95.00153948910454
1082	1 21	1 23	1 38	1 40	128.2708088389545
1083	1 21	1 23	1 40	1 42	-205.28744524672976
1084	1 21	1 23	1 25	1 27	-18.239896989239018
1085	1 21	1 23	1 27	1 29	-6.2002489803583405
1086	1 21	1 23	1 29	1 31	351.23623169001536
1087	1 21	1 23	1 35	1 37	31.80573284385559
1088	1 21	1 23	1 37	1 39	149.4777191293354
1089	1 21	1 23	1 41	1 43	3.677974502906772
1090	1 21	1 23	1 43	1 45	32.37777440021449
1091	1 21	1 23	1 42	1 44	13.006244472844513
1092	1 21	1 23	1 44	1 46	58.895085424572876
1093	1 21	1 23	1 46	1 48	69.91571241801732
1094	1 21	1 23	1 48	1 50	-127.20722978184416
1095	1 21	1 23	1 50	1 52	12.906844379839594
1096	1 21	1 23	1 52	1 54	36.05038699768595
1097	1 21	1 23	1 54	1 56	41.59502925403437
1098	1 21	1 23	1 56	1 58	-81.02508928163257
1099	1 21	1 23	1 58	1 60	11.604789302478359
1100	1 21	1 23	1 60	1 62	22.08918200408998
1101	1 21	1 23	1 45	1 47	74.11089663197141
1102	1 21	1 23	1 49	1 51	6.427013822632924
1103	1 21	1 23	1 51	1 53	25.16898741397543
1104	1 21	1 23	1 53	1 55	45.39032649026833
1105	1 21	1 23	1 55	1 57	-66.90943943946948
1106	1 21	1 23	1 57	1 59	6.396533029424728
1107	1 21	1 23	1 59	1 61	16.072146975718113
1108	1 21	1 23	1 61	1 63	27.381684854139063
1109	1 21	1 23	1 63	1 65	-43.781507801178876
1110	1 21	1 23	1 62	1 64	24.794234726292935
1111	1 21	1 23	1 64	1 66	-52.02984207329774
1112	1 21	1 23	1 66	1 68	8.693349739038215
1113	1 21	1 23	1 68	1 70	12.7761598634216
1114	1 21	1 23	1 70	1 72	9.352185719352573
1115	1 21	1 23	1 72	1 2	-116.90977180250258
1116	1 21	1 23	1 65	1 67	5.976356695766274
1117	1 21	1 23	1 67	1 69	10.781413428708285
1118	1 21	1 23	1 69	1 71	13.060416752510205
1119	1 22	1 24	1 25	1 27	-11.379187728473603
1120	1 22	1 24	1 27	1 29	-27.261357834215964
1121	1 22	1 24	1 29	1 31	221.5555623914797
1122	1 22	1 24	1 35	1 37	7.236020805766879
1123	1 22	1 24	1 41	1 43	1.1501638967554824
1124	1 22	1 24	1 26	1 28	-16.898983165706742
1125	1 22	1 24	1 30	1 32	393.66440370482144
1126	1 22	1 24	1 34	1 36	-2.770900462325305
1127	1 22	1 24	1 36	1 38	46.57096790364747
1128	1 22	1 24	1 38	1 40	176.6773051546932
1129	1 22	1 24	1 40	1 42	-204.90215022687926
1130	1 22	1 24	1 42	1 44	6.139946340767157
1131	1 22	1 24	1 44	1 46	41.12183849918648
1132	1 22	1 24	1 43	1 45	18.295092495502274
1133	1 22	1 24	1 45	1 47	67.83098769081968
1134	1 22	1 24	1 47	1 49	-77.58210836705999
1135	1 22	1 24	1 49	1 51	3.770205092039073
1136	1 22	1 24	1 51	1 53	17.647404741407932
1137	1 22	1 24	1 53	1 55	42.52575615099609
1138	1 22	1 24	1 55	1 57	-56.26479432373502
1139	1 22	1 24	1 57	1 59	4.508707916926749
1140	1 22	1 24	1 59	1 61	12.337289016057978
1141	1 22	1 24	1 61	1 63	25.609634997246168
1142	1 22	1 24	1 46	1 48	86.54742579130698
1143	1 22	1 24	1 48	1 50	-121.637268096839
1144	1 22	1 24	1 50	1 52	8.130171989934528
1145	1 22	1 24	1 52	1 54	28.436396916367045
1146	1 22	1 24	1 54	1 56	46.60075346716313
1147	1 22	1 24	1 56	1 58	-75.3973308240246
1148	1 22	1 24	1 58	1 60	8.518341121495325
1149	1 22	1 24	1 60	1 62	18.517934438784003
1150	1 22	1 24	1 62	1 64	25.723091915302078
1151	1 22	1 24	1 64	1 66	-47.459941749261
1152	1 22	1 24	1 63	1 65	-37.63168824370563
1153	1 22	1 24	1 65	1 67	4.611669354131017
1154	1 22	1 24	1 67	1 69	8.839120400304445
1155	1 22	1 24	1 69	1 71	12.005920398793691
1156	1 22	1 24	1 71	1 1	-84.63710417103036
1157	1 22	1 24	1 66	1 68	6.876418782754232
1158	1 22	1 24	1 68	1 70	11.088819981954067
1159	1 22	1 24	1 70	1 72	9.19678168410996
1160	1 23	1 25	1 24	1 26	806.1908534251818
1161	1 23	1 25	1 28	1 30	-268.36715866632437
1162	1 23	1 25	1 30	1 32	-153.60175164508343
1163	1 23	1 25	1 32	1 34	626.7316742081448
1164	1 23	1 25	1 36	1 38	-167.00970392406856
1165	1 23	1 25	1 40	1 42	437.93523489932886
1166	1 23	1 25	1 27	1 29	-227.77871266539574
1167	1 23	1 25	1 29	1 31	-313.92302808659315
1168	1 23	1 25	1 33	1 35	-271.430939800599
1169	1 23	1 25	1 37	1 39	-171.6593681055476
1170	1 23	1 25	1 39	1 41	458.2243707823182
1171	1 23	1 25	1 43	1 45	-124.47725167782228
1172	1 23	1 25	1 45	1 47	-108.67964523426998
1173	1 23	1 25	1 44	1 46	-125.99099149773268
1174	1 23	1 25	1 46	1 48	-87.28018410161266
1175	1 23	1 25	1 48	1 50	299.8483125870669
1176	1 23	1 25	1 50	1 52	-84.75626177837682
1177	1 23	1 25	1 52	1 54	-86.25614931714921
1178	1 23	1 25	1 54	1 56	-62.84003929373188
1179	1 23	1 25	1 56	1 58	202.74844885793362
1180	1 23	1 25	1 58	1 60	-55.29275352392488
1181	1 23	1 25	1 60	1 62	-56.6909923701773
1182	1 23	1 25	1 62	1 64	-44.90842771563504
1183	1 23	1 25	1 47	1 49	297.35542983194273
1184	1 23	1 25	1 49	1 51	-81.18416098534699
1185	1 23	1 25	1 51	1 53	-87.740048007161
1186	1 23	1 25	1 53	1 55	-82.5619579079948
1187	1 23	1 25	1 55	1 57	200.02190475956363
1188	1 23	1 25	1 57	1 59	-44.49634088458839
1189	1 23	1 25	1 59	1 61	-55.69728613435984
1190	1 23	1 25	1 61	1 63	-57.258383499781964
1191	1 23	1 25	1 63	1 65	130.36112195206152
1192	1 23	1 25	1 65	1 67	-28.769634791943282
1193	1 23	1 25	1 64	1 66	136.18838450100586
1194	1 23	1 25	1 66	1 68	-34.66170776072976
1195	1 23	1 25	1 68	1 70	-34.58673419844889
1196	1 23	1 25	1 70	1 72	-19.761894827932565
1197	1 23	1 25	1 72	1 2	183.80943030131513
1198	1 23	1 25	1 67	1 69	-35.202432910831874
1199	1 23	1 25	1 69	1 71	-30.890232100060064
1200	1 23	1 25	1 71	1 1	262.56359445463454
1201	1 24	1 26	1 25	1 27	-111.24492527093011
1202	1 24	1 26	1 27	1 29	-268.7193102023957
1203	1 24	1 26	1 29	1 31	-344.30864564961786
1204	1 24	1 26	1 33	1 35	-90.82976558066815
1205	1 24	1 26	1 35	1 37	-191.32838356973997
1206	1 24	1 26	1 37	1 39	-212.77554983857954
1207	1 24	1 26	1 39	1 41	415.927380952381
1208	1 24	1 26	1 41	1 43	-65.67927422023664
1209	1 24	1 26	1 43	1 45	-124.56666666666666
1210	1 24	1 26	1 28	1 30	-266.17487764330997
1211	1 24	1 26	1 30	1 32	-361.3012518477458
1212	1 24	1 26	1 32	1 34	775.0793358182751
1213	1 24	1 26	1 36	1 38	-191.54742988259488
1214	1 24	1 26	1 38	1 40	-220.70975837206305
1215	1 24	1 26	1 40	1 42	491.58544303797464
1216	1 24	1 26	1 44	1 46	-136.91574833838118
1217	1 24	1 26	1 46	1 48	-128.2310831366378
1218	1 24	1 26	1 45	1 47	-138.8435733364655
1219	1 24	1 26	1 47	1 49	274.75949593411076
1220	1 24	1 26	1 49	1 51	-46.79582892462717
1221	1 24	1 26	1 51	1 53	-83.67678315186501
1222	1 24	1 26	1 53	1 55	-97.66673127965387
1223	1 24	1 26	1 55	1 57	187.34376603882362
1224	1 24	1 26	1 57	1 59	-30.365341378873584
1225	1 24	1 26	1 59	1 61	-51.39753285322183
1226	1 24	1 26	1 61	1 63	-64.13765905392361
1227	1 24	1 26	1 63	1 65	123.97800341923372
1228	1 24	1 26	1 48	1 50	318.68200563679784
1229	1 24	1 26	1 50	1 52	-64.57878558607463
1230	1 24	1 26	1 52	1 54	-92.23354304384303
1231	1 24	1 26	1 54	1 56	-84.02339829414083
1232	1 24	1 26	1 56	1 58	209.63112207836602
1233	1 24	1 26	1 58	1 60	-44.81330009612155
1234	1 24	1 26	1 60	1 62	-58.438009175037564
1235	1 24	1 26	1 62	1 64	-54.315162520533605
1236	1 24	1 26	1 64	1 66	137.35147187058772
1237	1 24	1 26	1 66	1 68	-29.42315818202598
1238	1 24	1 26	1 65	1 67	-22.439230129959313
1239	1 24	1 26	1 67	1 69	-32.634680298960774
1240	1 24	1 26	1 69	1 71	-32.8421842438786
1241	1 24	1 26	1 71	1 1	230.15956476990885
1242	1 24	1 26	1 68	1 70	-34.721257684960975
1243	1 24	1 26	1 70	1 72	-22.16690013531403
1244	1 24	1 26	1 72	1 2	188.48009212754607
1245	1 25	1 27	1 26	1 28	182.93116331099736
1246	1 25	1 27	1 28	1 30	-61.38667317843374
1247	1 25	1 27	1 30	1 32	-13.464369873605598
1248	1 25	1 27	1 32	1 34	-96.41307665386492
1249	1 25	1 27	1 34	1 36	127.16229718326709
1250	1 25	1 27	1 36	1 38	-26.481474640474108
1251	1 25	1 27	1 38	1 40	-8.787737110235936
1252	1 25	1 27	1 40	1 42	-84.70895385236159
1253	1 25	1 27	1 42	1 44	78.32883727332214
1254	1 25	1 27	1 29	1 31	-25.79284690887893
1255	1 25	1 27	1 33	1 35	305.7466912970583
1256	1 25	1 27	1 35	1 37	-6.6799724791558095
1257	1 25	1 27	1 37	1 39	-17.113121474141046
1258	1 25	1 27	1 41	1 43	129.85381554275176
1259	1 25	1 27	1 43	1 45	25.057860333853665
1260	1 25	1 27	1 45	1 47	-3.5090981127564054
1261	1 25	1 27	1 47	1 49	-99.01177397538427
1262	1 25	1 27	1 46	1 48	-3.738958011539104
1263	1 25	1 27	1 48	1 50	-67.14483647724343
1264	1 25	1 27	1 50	1 52	46.46575901857268
1265	1 25	1 27	1 52	1 54	11.835130451151379
1266	1 25	1 27	1 56	1 58	-50.38332318818999
1267	1 25	1 27	1 58	1 60	26.648264300344707
1268	1 25	1 27	1 60	1 62	12.0570312992111
1269	1 25	1 27	1 62	1 64	4.49260849355141
1270	1 25	1 27	1 64	1 66	-36.05546366170111
1271	1 25	1 27	1 49	1 51	61.93557307700013
1272	1 25	1 27	1 51	1 53	24.50555879719449
1273	1 25	1 27	1 53	1 55	5.434439870184109
1274	1 25	1 27	1 55	1 57	-63.929023988426565
1275	1 25	1 27	1 57	1 59	28.058836790000413
1276	1 25	1 27	1 59	1 61	18.643758518833195
1277	1 25	1 27	1 61	1 63	8.092717092274903
1278	1 25	1 27	1 63	1 65	-41.57208496553861
1279	1 25	1 27	1 65	1 67	14.82700214116483
1280	1 25	1 27	1 67	1 69	12.007762203713906
1281	1 25	1 27	1 66	1 68	14.916524730787573
1282	1 25	1 27	1 68	1 70	8.94726713169144
1283	1 25	1 27	1 70	1 72	3.2353980395717272
1284	1 25	1 27	1 72	1 2	-67.02477343118325
1285	1 25	1 27	1 69	1 71	6.416387204123763
1286	1 25	1 27	1 71	1 1	-126.50979410011911
1287	1 26	1 28	1 27	1 29	157.34103716436613
1288	1 26	1 28	1 29	1 31	-57.07612284433702
1289	1 26	1 28	1 33	1 35	127.13743465631438
1290	1 26	1 28	1 35	1 37	108.41499535747447
1291	1 26	1 28	1 37	1 39	-26.376562118674734
1292	1 26	1 28	1 39	1 41	-145.92941769465443
1293	1 26	1 28	1 41	1 43	71.91009345595015
1294	1 26	1 28	1 43	1 45	60.28952384751243
1295	1 26	1 28	1 30	1 32	-24.293536284951685
1296	1 26	1 28	1 34	1 36	216.15537814824785
1297	1 26	1 28	1 38	1 40	-14.297601354154839
1298	1 26	1 28	1 40	1 42	-116.86672472152236
1299	1 26	1 28	1 42	1 44	86.46950365418131
1300	1 26	1 28	1 44	1 46	24.05453795526089
1301	1 26	1 28	1 46	1 48	-3.3919013589738443
1302	1 26	1 28	1 48	1 50	-80.6035071326354
1303	1 26	1 28	1 47	1 49	-98.96922382954807
1304	1 26	1 28	1 49	1 51	40.17376951850552
1305	1 26	1 28	1 51	1 53	35.95774344247145
1306	1 26	1 28	1 53	1 55	11.952766948563315
1307	1 26	1 28	1 55	1 57	-65.5260438472957
1308	1 26	1 28	1 57	1 59	20.529925876306237
1309	1 26	1 28	1 59	1 61	21.61623970195253
1310	1 26	1 28	1 61	1 63	12.21268197635574
1311	1 26	1 28	1 63	1 65	-43.08053171210487
1312	1 26	1 28	1 65	1 67	12.128590842432128
1313	1 26	1 28	1 50	1 52	43.7182295722252
1314	1 26	1 28	1 52	1 54	23.201431533823968
1315	1 26	1 28	1 54	1 56	4.069186792291522
1316	1 26	1 28	1 56	1 58	-57.813746688401636
1317	1 26	1 28	1 58	1 60	24.632449429883227
1318	1 26	1 28	1 60	1 62	16.78761086412451
1319	1 26	1 28	1 62	1 64	6.976526624904191
1320	1 26	1 28	1 64	1 66	-40.16144732590523
1321	1 26	1 28	1 66	1 68	13.901602783641074
1322	1 26	1 28	1 68	1 70	10.680813514580876
1323	1 26	1 28	1 67	1 69	12.763195304443709
1324	1 26	1 28	1 69	1 71	8.128955263922974
1325	1 26	1 28	1 71	1 1	-115.90274009592264
1326	1 26	1 28	1 70	1 72	4.312594535624621
1327	1 26	1 28	1 72	1 2	-79.40633294171818
1328	1 27	1 29	1 28	1 30	179.07212607050724
1329	1 27	1 29	1 30	1 32	-68.84441215491456
1330	1 27	1 29	1 32	1 34	-210.85182966803742
1331	1 27	1 29	1 34	1 36	113.5569691143649
1332	1 27	1 29	1 36	1 38	115.8157981995608
1333	1 27	1 29	1 38	1 40	-27.276373589142935
1334	1 27	1 29	1 40	1 42	-150.48087962301872
1335	1 27	1 29	1 42	1 44	62.233700831093415
1336	1 27	1 29	1 44	1 46	68.5029513256689
1337	1 27	1 29	1 33	1 35	-9.475085732347361
1338	1 27	1 29	1 35	1 37	215.6332235210691
1339	1 27	1 29	1 37	1 39	-13.437460290247579
1340	1 27	1 29	1 41	1 43	21.889460569259775
1341	1 27	1 29	1 43	1 45	89.46531679053354
1342	1 27	1 29	1 45	1 47	25.418124840083834
1343	1 27	1 29	1 47	1 49	-112.75266874866918
1344	1 27	1 29	1 49	1 51	20.76784438015826
1345	1 27	1 29	1 48	1 50	-105.66953566570575
1346	1 27	1 29	1 50	1 52	35.240196919760606
1347	1 27	1 29	1 52	1 54	41.50335637097414
1348	1 27	1 29	1 54	1 56	11.906836238097442
1349	1 27	1 29	1 56	1 58	-73.47992728417859
1350	1 27	1 29	1 58	1 60	22.131267107678823
1351	1 27	1 29	1 60	1 62	24.46614395913077
1352	1 27	1 29	1 62	1 64	12.768524419251943
1353	1 27	1 29	1 64	1 66	-50.19503318864936
1354	1 27	1 29	1 66	1 68	13.442218045878828
1355	1 27	1 29	1 51	1 53	46.41095991723956
1356	1 27	1 29	1 53	1 55	27.019787253114735
1357	1 27	1 29	1 55	1 57	-76.1379666454794
1358	1 27	1 29	1 57	1 59	14.056198972424593
1359	1 27	1 29	1 59	1 61	25.010635326885684
1360	1 27	1 29	1 61	1 63	20.55091966605813
1361	1 27	1 29	1 63	1 65	-49.89671406514165
1362	1 27	1 29	1 65	1 67	10.174533754426518
1363	1 27	1 29	1 67	1 69	14.37444815977207
1364	1 27	1 29	1 69	1 71	11.53286281780623
1365	1 27	1 29	1 68	1 70	13.858513124820032
1366	1 27	1 29	1 70	1 72	6.601078588157408
1367	1 27	1 29	1 72	1 2	-89.27245261371347
1368	1 27	1 29	1 71	1 1	-105.10568806407554
1369	1 28	1 30	1 29	1 31	193.63499931157924
1370	1 28	1 30	1 33	1 35	-25.799632517254494
1371	1 28	1 30	1 35	1 37	122.1125761290833
1372	1 28	1 30	1 37	1 39	133.28651842771947
1373	1 28	1 30	1 43	1 45	72.09123666177035
1374	1 28	1 30	1 45	1 47	76.91290280137073
1375	1 28	1 30	1 47	1 49	-128.16285304638524
1376	1 28	1 30	1 34	1 36	-5.503381439024803
1377	1 28	1 30	1 36	1 38	235.84527302008658
1378	1 28	1 30	1 40	1 42	-198.62978709054659
1379	1 28	1 30	1 42	1 44	25.889309456866776
1380	1 28	1 30	1 44	1 46	101.90945179078871
1381	1 28	1 30	1 46	1 48	31.919869915031203
1382	1 28	1 30	1 48	1 50	-136.68392343723576
1383	1 28	1 30	1 50	1 52	22.520969528742903
1384	1 28	1 30	1 49	1 51	9.127597978323958
1385	1 28	1 30	1 51	1 53	43.66721734710927
1386	1 28	1 30	1 53	1 55	49.50960992253793
1387	1 28	1 30	1 55	1 57	-87.2521746288654
1388	1 28	1 30	1 57	1 59	9.463559750471097
1389	1 28	1 30	1 59	1 61	24.62423827713031
1390	1 28	1 30	1 61	1 63	30.98775041226631
1391	1 28	1 30	1 63	1 65	-56.464711567186015
1392	1 28	1 30	1 65	1 67	8.54925219171501
1393	1 28	1 30	1 67	1 69	14.968134606421604
1394	1 28	1 30	1 52	1 54	53.89486683169361
1395	1 28	1 30	1 54	1 56	30.919930716678685
1396	1 28	1 30	1 56	1 58	-92.39084940174124
1397	1 28	1 30	1 58	1 60	18.017191137763284
1398	1 28	1 30	1 60	1 62	30.1529050182073
1399	1 28	1 30	1 62	1 64	22.87706163497405
1400	1 28	1 30	1 64	1 66	-61.88283595002868
1401	1 28	1 30	1 66	1 68	12.466365437641082
1402	1 28	1 30	1 68	1 70	16.56511311972063
1403	1 28	1 30	1 70	1 72	9.873021491119651
1404	1 28	1 30	1 69	1 71	15.39025671027526
1405	1 28	1 30	1 71	1 1	-102.65879076760626
1406	1 28	1 30	1 72	1 2	-98.37645671077505
1407	1 29	1 31	1 30	1 32	271.6244059106127
1408	1 29	1 31	1 32	1 34	-388.2771645182002
1409	1 29	1 31	1 34	1 36	-28.25603725935443
1410	1 29	1 31	1 36	1 38	133.4842170043267
1411	1 29	1 31	1 38	1 40	201.77369362576007
1412	1 29	1 31	1 40	1 42	-286.0233691951661
1413	1 29	1 31	1 42	1 44	2.148556704409452
1414	1 29	1 31	1 44	1 46	84.72425676001336
1415	1 29	1 31	1 46	1 48	107.80342512722311
1416	1 29	1 31	1 48	1 50	-177.6996416564421
1417	1 29	1 31	1 33	1 35	-16.60275535621946
1418	1 29	1 31	1 35	1 37	-12.748645662616127
1419	1 29	1 31	1 37	1 39	295.0740450357699
1420	1 29	1 31	1 41	1 43	-5.030328907655335
1421	1 29	1 31	1 43	1 45	29.4415933375815
1422	1 29	1 31	1 45	1 47	123.32783333117335
1423	1 29	1 31	1 47	1 49	-134.0754315429844
1424	1 29	1 31	1 49	1 51	2.7513839186304825
1425	1 29	1 31	1 51	1 53	29.40786010818622
1426	1 29	1 31	1 50	1 52	10.56822288950923
1427	1 29	1 31	1 52	1 54	50.31223789899905
1428	1 29	1 31	1 54	1 56	62.62649040029815
1429	1 29	1 31	1 56	1 58	-111.17011715269908
1430	1 29	1 31	1 58	1 60	12.627038989415041
1431	1 29	1 31	1 60	1 62	30.334491261742613
1432	1 29	1 31	1 62	1 64	36.452431639542354
1433	1 29	1 31	1 64	1 66	-71.22731713375589
1434	1 29	1 31	1 66	1 68	10.42626424913432
1435	1 29	1 31	1 68	1 70	17.322703334781536
1436	1 29	1 31	1 53	1 55	68.90655534952434
1437	1 29	1 31	1 55	1 57	-89.08238088572574
1438	1 29	1 31	1 57	1 59	5.865775906545136
1439	1 29	1 31	1 59	1 61	19.772625933564548
1440	1 29	1 31	1 61	1 63	39.745253910762564
1441	1 29	1 31	1 63	1 65	-58.33302391475876
1442	1 29	1 31	1 65	1 67	6.73359292452408
1443	1 29	1 31	1 67	1 69	13.7933995679941
1444	1 29	1 31	1 69	1 71	18.341155962244077
1445	1 29	1 31	1 71	1 1	-92.97480573718022
1446	1 29	1 31	1 70	1 72	13.437267282086388
1447	1 29	1 31	1 72	1 2	-96.6628572719096
1448	1 30	1 32	1 33	1 35	-9.666268860395409
1449	1 30	1 32	1 35	1 37	-29.92574359264119
1450	1 30	1 32	1 37	1 39	181.92036854618505
1451	1 30	1 32	1 41	1 43	-4.40625624170363
1452	1 30	1 32	1 43	1 45	5.456379015950168
1453	1 30	1 32	1 45	1 47	99.46124294549045
1454	1 30	1 32	1 47	1 49	-91.5068570878415
1455	1 30	1 32	1 34	1 36	-17.06646684615776
1456	1 30	1 32	1 36	1 38	-4.119504430802666
1457	1 30	1 32	1 38	1 40	354.98683797877493
1458	1 30	1 32	1 40	1 42	-320.3111027928353
1459	1 30	1 32	1 42	1 44	-3.2563714627441263
1460	1 30	1 32	1 44	1 46	37.93709298353663
1461	1 30	1 32	1 46	1 48	153.3458773590682
1462	1 30	1 32	1 48	1 50	-174.95068761333368
1463	1 30	1 32	1 50	1 52	4.176446439274592
1464	1 30	1 32	1 52	1 54	32.49245482242573
1465	1 30	1 32	1 51	1 53	15.195063955111157
1466	1 30	1 32	1 53	1 55	61.36552005967144
1467	1 30	1 32	1 55	1 57	-68.6021028324779
1468	1 30	1 32	1 57	1 59	3.4781287611947302
1469	1 30	1 32	1 59	1 61	12.849324111523298
1470	1 30	1 32	1 61	1 63	36.15470863282456
1471	1 30	1 32	1 63	1 65	-47.371792840648304
1472	1 30	1 32	1 65	1 67	4.6895053121461725
1473	1 30	1 32	1 67	1 69	10.337357472276333
1474	1 30	1 32	1 69	1 71	16.47708714491013
1475	1 30	1 32	1 54	1 56	76.19751568645614
1476	1 30	1 32	1 56	1 58	-103.11818423336462
1477	1 30	1 32	1 58	1 60	7.778414447172258
1478	1 30	1 32	1 60	1 62	22.809538198044024
1479	1 30	1 32	1 62	1 64	39.677639072909706
1480	1 30	1 32	1 64	1 66	-64.1702301819585
1481	1 30	1 32	1 66	1 68	7.4488635905924365
1482	1 30	1 32	1 68	1 70	14.159003134682758
1483	1 30	1 32	1 70	1 72	13.442453872500277
1484	1 30	1 32	1 72	1 2	-77.77042889076999
1485	1 30	1 32	1 71	1 1	-71.69756240375915
1486	1 31	1 33	1 32	1 34	716.9105522806137
1487	1 31	1 33	1 34	1 36	-239.6901392491298
1488	1 31	1 33	1 36	1 38	-216.80592360310547
1489	1 31	1 33	1 38	1 40	-161.13243756196272
1490	1 31	1 33	1 40	1 42	567.6632314617389
1491	1 31	1 33	1 42	1 44	-182.60091035297026
1492	1 31	1 33	1 44	1 46	-159.66835982504523
1493	1 31	1 33	1 46	1 48	-103.83340966493819
1494	1 31	1 33	1 48	1 50	387.2094151093273
1495	1 31	1 33	1 35	1 37	-198.15785552599647
1496	1 31	1 33	1 37	1 39	-255.72346349973162
1497	1 31	1 33	1 39	1 41	650.1900953389832
1498	1 31	1 33	1 41	1 43	-223.8779348990737
1499	1 31	1 33	1 43	1 45	-157.22246419118792
1500	1 31	1 33	1 45	1 47	-144.4726938451534
1501	1 31	1 33	1 47	1 49	400.3979436528498
1502	1 31	1 33	1 51	1 53	-113.65243107828378
1503	1 31	1 33	1 53	1 55	-104.97903046347453
1504	1 31	1 33	1 52	1 54	-112.84418996348003
1505	1 31	1 33	1 54	1 56	-78.60764704752879
1506	1 31	1 33	1 56	1 58	268.3462959105389
1507	1 31	1 33	1 58	1 60	-77.49472193142108
1508	1 31	1 33	1 60	1 62	-75.1931955596126
1509	1 31	1 33	1 62	1 64	-57.52287095058951
1510	1 31	1 33	1 64	1 66	181.00557190288117
1511	1 31	1 33	1 66	1 68	-47.78548938417258
1512	1 31	1 33	1 68	1 70	-45.95005316994708
1513	1 31	1 33	1 70	1 72	-25.67869623114111
1514	1 31	1 33	1 55	1 57	268.1285653302888
1515	1 31	1 33	1 57	1 59	-64.30705233702577
1516	1 31	1 33	1 59	1 61	-74.75791519034944
1517	1 31	1 33	1 61	1 63	-74.3576915382363
1518	1 31	1 33	1 63	1 65	175.51901358611684
1519	1 31	1 33	1 65	1 67	-40.41110114277468
1520	1 31	1 33	1 67	1 69	-47.52592025494468
1521	1 31	1 33	1 69	1 71	-40.584898278560246
1522	1 31	1 33	1 71	1 1	159.54319077259737
1523	1 31	1 33	1 72	1 2	111.9775058080724
1524	1 32	1 34	1 33	1 35	-86.98428246805497
1525	1 32	1 34	1 35	1 37	-236.5128002350464
1526	1 32	1 34	1 37	1 39	-285.24196510208975
1527	1 32	1 34	1 39	1 41	540.6866084345901
1528	1 32	1 34	1 41	1 43	-74.12103015700413
1529	1 32	1 34	1 43	1 45	-174.0195568882096
1530	1 32	1 34	1 45	1 47	-178.45964220715098
1531	1 32	1 34	1 47	1 49	363.96807630397825
1532	1 32	1 34	1 49	1 51	-56.657467908824145
1533	1 32	1 34	1 51	1 53	-115.19926922585151
1534	1 32	1 34	1 36	1 38	-222.22887319225507
1535	1 32	1 34	1 38	1 40	-333.1385520313155
1536	1 32	1 34	1 40	1 42	693.5790784095132
1537	1 32	1 34	1 42	1 44	-165.75083595267745
1538	1 32	1 34	1 44	1 46	-178.11806027319568
1539	1 32	1 34	1 46	1 48	-181.31929073614555
1540	1 32	1 34	1 48	1 50	432.0676696594678
1541	1 32	1 34	1 50	1 52	-89.89603779390475
1542	1 32	1 34	1 52	1 54	-122.23355864844193
1543	1 32	1 34	1 54	1 56	-113.88843378843379
1544	1 32	1 34	1 53	1 55	-131.8399779542434
1545	1 32	1 34	1 55	1 57	251.55120461646197
1546	1 32	1 34	1 57	1 59	-38.6177663222668
1547	1 32	1 34	1 59	1 61	-70.29234434411083
1548	1 32	1 34	1 61	1 63	-87.05999766889684
1549	1 32	1 34	1 63	1 65	165.48364736519608
1550	1 32	1 34	1 65	1 67	-29.333410314830157
1551	1 32	1 34	1 67	1 69	-44.1378035141216
1552	1 32	1 34	1 69	1 71	-44.523139194464164
1553	1 32	1 34	1 71	1 1	145.32958819867326
1554	1 32	1 34	1 56	1 58	282.9225371902023
1555	1 32	1 34	1 58	1 60	-60.79622244332432
1556	1 32	1 34	1 60	1 62	-79.32175097298438
1557	1 32	1 34	1 62	1 64	-74.34439041861086
1558	1 32	1 34	1 64	1 66	186.39385527209689
1559	1 32	1 34	1 66	1 68	-39.50820907168465
1560	1 32	1 34	1 68	1 70	-47.0029531574823
1561	1 32	1 34	1 70	1 72	-30.17563795753805
1562	1 32	1 34	1 72	1 2	119.90536008293189
1563	1 33	1 35	1 34	1 36	152.3714142780526
1564	1 33	1 35	1 36	1 38	-54.88728484955525
1565	1 33	1 35	1 38	1 40	-12.144795095398909
1566	1 33	1 35	1 40	1 42	-86.16677897880942
1567	1 33	1 35	1 42	1 44	117.62290854292682
1568	1 33	1 35	1 44	1 46	-25.34199723488384
1569	1 33	1 35	1 46	1 48	-9.606760590965152
1570	1 33	1 35	1 48	1 50	-74.99749193005272
1571	1 33	1 35	1 50	1 52	72.09771326794079
1572	1 33	1 35	1 52	1 54	1.1891643048510119
1573	1 33	1 35	1 37	1 39	-23.92414057050094
1574	1 33	1 35	1 41	1 43	260.94495148729544
1575	1 33	1 35	1 43	1 45	-10.900669369963964
1576	1 33	1 35	1 45	1 47	-16.37655454300217
1577	1 33	1 35	1 47	1 49	-135.63291373098986
1578	1 33	1 35	1 49	1 51	112.48766362157575
1579	1 33	1 35	1 51	1 53	20.997607049681047
1580	1 33	1 35	1 53	1 55	-2.693035977348507
1581	1 33	1 35	1 55	1 57	-84.29134469107348
1582	1 33	1 35	1 54	1 56	-3.6631269923013896
1583	1 33	1 35	1 56	1 58	-59.59083673441451
1584	1 33	1 35	1 58	1 60	40.61414890349957
1585	1 33	1 35	1 60	1 62	10.577041079053828
1586	1 33	1 35	1 62	1 64	2.1148836850894943
1587	1 33	1 35	1 64	1 66	-43.8400023624576
1588	1 33	1 35	1 66	1 68	22.048030300061562
1589	1 33	1 35	1 68	1 70	10.085685392675696
1590	1 33	1 35	1 70	1 72	2.835100763398531
1591	1 33	1 35	1 72	1 2	-49.8613410283293
1592	1 33	1 35	1 57	1 59	48.06122617881762
1593	1 33	1 35	1 59	1 61	22.78482864143978
1594	1 33	1 35	1 61	1 63	5.151067907446766
1595	1 33	1 35	1 63	1 65	-54.898695141988
1596	1 33	1 35	1 65	1 67	23.707371635627965
1597	1 33	1 35	1 67	1 69	15.759509770954025
1598	1 33	1 35	1 69	1 71	6.437845660611194
1599	1 33	1 35	1 71	1 1	-79.50097391761516
1600	1 34	1 36	1 35	1 37	152.34059893218586
1601	1 34	1 36	1 37	1 39	-58.91663640992566
1602	1 34	1 36	1 41	1 43	111.70853604284079
1603	1 34	1 36	1 43	1 45	100.63983973780242
1604	1 34	1 36	1 45	1 47	-23.354479217454532
1605	1 34	1 36	1 47	1 49	-136.62675820632063
1606	1 34	1 36	1 49	1 51	64.24984665949353
1607	1 34	1 36	1 51	1 53	57.41495124307285
1608	1 34	1 36	1 53	1 55	4.427753134172535
1609	1 34	1 36	1 38	1 40	-24.23023747059984
1610	1 34	1 36	1 42	1 44	192.2708747452533
1611	1 34	1 36	1 46	1 48	-15.857251524359567
1612	1 34	1 36	1 48	1 50	-108.87806935621218
1613	1 34	1 36	1 50	1 52	79.76335622724807
1614	1 34	1 36	1 52	1 54	24.32766293376984
1615	1 34	1 36	1 56	1 58	-76.26497937686358
1616	1 34	1 36	1 55	1 57	-91.14608920491273
1617	1 34	1 36	1 57	1 59	32.33527859872282
1618	1 34	1 36	1 59	1 61	33.46730460252432
1619	1 34	1 36	1 61	1 63	12.085153136695904
1620	1 34	1 36	1 63	1 65	-60.02089023109244
1621	1 34	1 36	1 65	1 67	18.763753118434874
1622	1 34	1 36	1 67	1 69	18.93074259452743
1623	1 34	1 36	1 69	1 71	9.935874122537589
1624	1 34	1 36	1 71	1 1	-70.73011309112759
1625	1 34	1 36	1 58	1 60	40.532619501941525
1626	1 34	1 36	1 60	1 62	21.415564492414305
1627	1 34	1 36	1 62	1 64	5.109832274167789
1628	1 34	1 36	1 64	1 66	-53.80058828603959
1629	1 34	1 36	1 66	1 68	21.514017051418136
1630	1 34	1 36	1 68	1 70	14.454562865835712
1631	1 34	1 36	1 70	1 72	4.660298105868385
1632	1 34	1 36	1 72	1 2	-50.40931279192496
1633	1 35	1 37	1 36	1 38	153.1161825017088
1634	1 35	1 37	1 38	1 40	-65.94293159070229
1635	1 35	1 37	1 40	1 42	-190.878442742995
1636	1 35	1 37	1 42	1 44	101.66552466947797
1637	1 35	1 37	1 44	1 46	109.06238431216792
1638	1 35	1 37	1 46	1 48	-28.590892525841504
1639	1 35	1 37	1 48	1 50	-138.3854701238784
1640	1 35	1 37	1 50	1 52	54.715714769713905
1641	1 35	1 37	1 52	1 54	65.03432783432784
1642	1 35	1 37	1 41	1 43	-12.299277002063315
1643	1 35	1 37	1 43	1 45	195.94072215316544
1644	1 35	1 37	1 47	1 49	-152.55174118578765
1645	1 35	1 37	1 49	1 51	18.25433727951064
1646	1 35	1 37	1 51	1 53	84.17526186504969
1647	1 35	1 37	1 53	1 55	27.936521355287496
1648	1 35	1 37	1 55	1 57	-106.81813771577876
1649	1 35	1 37	1 57	1 59	17.293228676098924
1650	1 35	1 37	1 56	1 58	-99.25131489049366
1651	1 35	1 37	1 58	1 60	33.38928207363183
1652	1 35	1 37	1 60	1 62	37.276415539044095
1653	1 35	1 37	1 62	1 64	12.354046918763412
1654	1 35	1 37	1 64	1 66	-68.48573987407809
1655	1 35	1 37	1 66	1 68	19.722620307717797
1656	1 35	1 37	1 68	1 70	20.258486501854726
1657	1 35	1 37	1 70	1 72	8.076716191785705
1658	1 35	1 37	1 72	1 2	-63.338173527354435
1659	1 35	1 37	1 59	1 61	40.51939083677077
1660	1 35	1 37	1 61	1 63	26.134945629176194
1661	1 35	1 37	1 63	1 65	-69.9037087507366
1662	1 35	1 37	1 65	1 67	13.900115681208142
1663	1 35	1 37	1 67	1 69	21.684352151019937
1664	1 35	1 37	1 69	1 71	15.709580663228152
1665	1 35	1 37	1 71	1 1	-74.86697348734003
1666	1 36	1 38	1 37	1 39	171.64407655442093
1667	1 36	1 38	1 39	1 41	-254.96779454567022
1668	1 36	1 38	1 41	1 43	-25.740765340783213
1669	1 36	1 38	1 43	1 45	113.26487517046748
1670	1 36	1 38	1 45	1 47	117.57546972162942
1671	1 36	1 38	1 47	1 49	-187.97624454901683
1672	1 36	1 38	1 51	1 53	68.21071888474165
1673	1 36	1 38	1 53	1 55	72.17304367799417
1674	1 36	1 38	1 55	1 57	-122.0077380952381
1675	1 36	1 38	1 44	1 46	216.32223522919077
1676	1 36	1 38	1 46	1 48	-15.764313130536827
1677	1 36	1 38	1 48	1 50	-171.32284766728304
1678	1 36	1 38	1 50	1 52	21.839592610557
1679	1 36	1 38	1 52	1 54	93.6831185828834
1680	1 36	1 38	1 54	1 56	27.259365548332838
1681	1 36	1 38	1 56	1 58	-122.2514019377569
1682	1 36	1 38	1 58	1 60	22.21909161209043
1683	1 36	1 38	1 57	1 59	8.581984311851695
1684	1 36	1 38	1 59	1 61	36.20899562692152
1685	1 36	1 38	1 61	1 63	44.569895041974405
1686	1 36	1 38	1 63	1 65	-78.04974558717579
1687	1 36	1 38	1 65	1 67	10.215733069164266
1688	1 36	1 38	1 67	1 69	21.134772764965014
1689	1 36	1 38	1 69	1 71	21.709515238084528
1690	1 36	1 38	1 71	1 1	-86.90622972021197
1691	1 36	1 38	1 60	1 62	46.96655482473987
1692	1 36	1 38	1 62	1 64	27.17570131766139
1693	1 36	1 38	1 64	1 66	-82.87064473004753
1694	1 36	1 38	1 66	1 68	16.377701067297068
1695	1 36	1 38	1 68	1 70	24.02995150489776
1696	1 36	1 38	1 70	1 72	12.90606840379235
1697	1 36	1 38	1 72	1 2	-83.76855713795587
1698	1 37	1 39	1 38	1 40	228.38056263269638
1699	1 37	1 39	1 40	1 42	-326.1004975124378
1700	1 37	1 39	1 42	1 44	-24.596940380166323
1701	1 37	1 39	1 44	1 46	130.09776014618194
1702	1 37	1 39	1 46	1 48	145.19471412374472
1703	1 37	1 39	1 48	1 50	-232.4938186246955
1704	1 37	1 39	1 50	1 52	1.7862872889549393
1705	1 37	1 39	1 52	1 54	72.27085446233698
1706	1 37	1 39	1 54	1 56	88.90996254278113
1707	1 37	1 39	1 56	1 58	-149.92736892903488
1708	1 37	1 39	1 41	1 43	-16.88115760144446
1709	1 37	1 39	1 43	1 45	-2.282168721003856
1710	1 37	1 39	1 45	1 47	243.42321628962947
1711	1 37	1 39	1 49	1 51	-4.421122427186033
1712	1 37	1 39	1 51	1 53	29.529155421807477
1713	1 37	1 39	1 53	1 55	112.10713896118493
1714	1 37	1 39	1 55	1 57	-124.72375701693794
1715	1 37	1 39	1 57	1 59	3.74925684539793
1716	1 37	1 39	1 59	1 61	23.058276541994474
1717	1 37	1 39	1 58	1 60	11.705121977914784
1718	1 37	1 39	1 60	1 62	42.54227889488001
1719	1 37	1 39	1 62	1 64	51.66293676217555
1720	1 37	1 39	1 64	1 66	-95.59018101847656
1721	1 37	1 39	1 66	1 68	11.84598039706179
1722	1 37	1 39	1 68	1 70	23.485925030544585
1723	1 37	1 39	1 70	1 72	18.81652134670839
1724	1 37	1 39	1 72	1 2	-83.34155885329184
1725	1 37	1 39	1 61	1 63	58.75001196436554
1726	1 37	1 39	1 63	1 65	-77.05528949924455
1727	1 37	1 39	1 65	1 67	6.9614807554252085
1728	1 37	1 39	1 67	1 69	17.255711412884775
1729	1 37	1 39	1 69	1 71	25.719913258262277
1730	1 37	1 39	1 71	1 1	-80.14275947804504
1731	1 38	1 40	1 41	1 43	-10.264326778991322
1732	1 38	1 40	1 43	1 45	-28.585600716751316
1733	1 38	1 40	1 45	1 47	145.0247940338444
1734	1 38	1 40	1 47	1 49	-99.63479422288502
1735	1 38	1 40	1 49	1 51	-4.472901440844575
1736	1 38	1 40	1 51	1 53	2.504759591680743
1737	1 38	1 40	1 53	1 55	89.47954416554585
1738	1 38	1 40	1 55	1 57	-80.19108152485813
1739	1 38	1 40	1 42	1 44	-17.325125370207033
1740	1 38	1 40	1 44	1 46	-7.486845658335279
1741	1 38	1 40	1 46	1 48	306.86591931771216
1742	1 38	1 40	1 48	1 50	-271.20553907273194
1743	1 38	1 40	1 50	1 52	-4.666222745861948
1744	1 38	1 40	1 52	1 54	27.001623988504438
1745	1 38	1 40	1 54	1 56	132.9299011064828
1746	1 38	1 40	1 56	1 58	-145.25494765574126
1747	1 38	1 40	1 58	1 60	4.243331238394492
1748	1 38	1 40	1 60	1 62	25.2016361262112
1749	1 38	1 40	1 59	1 61	9.653014501111823
1750	1 38	1 40	1 61	1 63	51.40544739793039
1751	1 38	1 40	1 63	1 65	-56.850830306935336
1752	1 38	1 40	1 65	1 67	3.870775856177757
1753	1 38	1 40	1 67	1 69	10.8081387122578
1754	1 38	1 40	1 69	1 71	22.559027677463618
1755	1 38	1 40	1 71	1 1	-52.42800042142647
1756	1 38	1 40	1 62	1 64	63.91498780880791
1757	1 38	1 40	1 64	1 66	-86.16041595997287
1758	1 38	1 40	1 66	1 68	6.825617746189085
1759	1 38	1 40	1 68	1 70	17.25068169937732
1760	1 38	1 40	1 70	1 72	20.228406744759987
1761	1 38	1 40	1 72	1 2	-58.50870000188095
1762	1 39	1 41	1 40	1 42	630.1491851295084
1763	1 39	1 41	1 42	1 44	-220.8645557948689
1764	1 39	1 41	1 44	1 46	-210.90924998028117
1765	1 39	1 41	1 46	1 48	-104.10298139039787
1766	1 39	1 41	1 48	1 50	492.3744965241971
1767	1 39	1 41	1 50	1 52	-166.00801472732002
1768	1 39	1 41	1 52	1 54	-143.0069900836088
1769	1 39	1 41	1 54	1 56	-87.43426941806813
1770	1 39	1 41	1 56	1 58	345.8163682220368
1771	1 39	1 41	1 58	1 60	-108.51063060950926
1772	1 39	1 41	1 43	1 45	-182.5040647879729
1773	1 39	1 41	1 45	1 47	-215.18421052631578
1774	1 39	1 41	1 47	1 49	573.6244264981274
1775	1 39	1 41	1 49	1 51	-196.01767579528146
1776	1 39	1 41	1 51	1 53	-146.18093503275213
1777	1 39	1 41	1 53	1 55	-138.24817131210295
1778	1 39	1 41	1 55	1 57	364.64271318626106
1779	1 39	1 41	1 59	1 61	-99.07482169894016
1780	1 39	1 41	1 61	1 63	-94.25353394122034
1781	1 39	1 41	1 60	1 62	-99.08287687432005
1782	1 39	1 41	1 62	1 64	-69.63478299698144
1783	1 39	1 41	1 64	1 66	238.25955811233763
1784	1 39	1 41	1 66	1 68	-67.152202616251
1785	1 39	1 41	1 68	1 70	-60.99553370558513
1786	1 39	1 41	1 70	1 72	-32.307511073414375
1787	1 39	1 41	1 72	1 2	87.37270735928871
1788	1 39	1 41	1 63	1 65	235.61699571522743
1789	1 39	1 41	1 65	1 67	-58.46569496836895
1790	1 39	1 41	1 67	1 69	-64.34021948360976
1791	1 39	1 41	1 69	1 71	-52.62518899180871
1792	1 39	1 41	1 71	1 1	109.96445377240968
1793	1 40	1 42	1 41	1 43	-83.36507557441975
1794	1 40	1 42	1 43	1 45	-211.1861168469869
1795	1 40	1 42	1 45	1 47	-237.53908453153258
1796	1 40	1 42	1 47	1 49	480.2987491863424
1797	1 40	1 42	1 49	1 51	-70.85884615345984
1798	1 40	1 42	1 51	1 53	-159.55422310247891
1799	1 40	1 42	1 53	1 55	-173.2902552442185
1800	1 40	1 42	1 55	1 57	335.7966181105716
1801	1 40	1 42	1 57	1 59	-49.00611487008314
1802	1 40	1 42	1 59	1 61	-97.47843742132736
1803	1 40	1 42	1 44	1 46	-206.22109174325925
1804	1 40	1 42	1 46	1 48	-269.52509920237287
1805	1 40	1 42	1 48	1 50	611.1099687292713
1806	1 40	1 42	1 50	1 52	-149.79194446325675
1807	1 40	1 42	1 52	1 54	-156.9149050626183
1808	1 40	1 42	1 54	1 56	-157.18926146713034
1809	1 40	1 42	1 56	1 58	381.6792641721937
1810	1 40	1 42	1 58	1 60	-85.99242564168998
1811	1 40	1 42	1 60	1 62	-104.38203736523408
1812	1 40	1 42	1 62	1 64	-99.38073147475973
1813	1 40	1 42	1 61	1 63	-116.22847294566203
1814	1 40	1 42	1 63	1 65	222.714763125645
1815	1 40	1 42	1 65	1 67	-38.648505728360426
1816	1 40	1 42	1 67	1 69	-60.37960762437015
1817	1 40	1 42	1 69	1 71	-59.914929525872616
1818	1 40	1 42	1 71	1 1	104.20768502019186
1819	1 40	1 42	1 64	1 66	249.5048829582774
1820	1 40	1 42	1 66	1 68	-53.98827025938668
1821	1 40	1 42	1 68	1 70	-63.35943226710196
1822	1 40	1 42	1 70	1 72	-40.71157333252742
1823	1 40	1 42	1 72	1 2	92.29049916035771
1824	1 41	1 43	1 42	1 44	145.63863130869157
1825	1 41	1 43	1 44	1 46	-51.7911869189884
1826	1 41	1 43	1 46	1 48	-11.939395884056719
1827	1 41	1 43	1 48	1 50	-84.49951100890272
1828	1 41	1 43	1 50	1 52	112.92861880015563
1829	1 41	1 43	1 52	1 54	-23.15822563016848
1830	1 41	1 43	1 54	1 56	-8.25170512541624
1831	1 41	1 43	1 56	1 58	-71.93493405471607
1832	1 41	1 43	1 58	1 60	63.70892022250209
1833	1 41	1 43	1 60	1 62	4.128197124135505
1834	1 41	1 43	1 45	1 47	-23.17008889164736
1835	1 41	1 43	1 49	1 51	229.41532497974302
1836	1 41	1 43	1 51	1 53	-9.258531775267894
1837	1 41	1 43	1 53	1 55	-13.326124300705377
1838	1 41	1 43	1 55	1 57	-117.92835126169658
1839	1 41	1 43	1 57	1 59	87.6356992588856
1840	1 41	1 43	1 59	1 61	23.94095410143182
1841	1 41	1 43	1 63	1 65	-74.84661493605186
1842	1 41	1 43	1 64	1 66	-54.81842343305044
1843	1 41	1 43	1 66	1 68	33.98573002595057
1844	1 41	1 43	1 68	1 70	10.51551955582217
1845	1 41	1 43	1 70	1 72	2.088684939304642
1846	1 41	1 43	1 72	1 2	-34.08132034051788
1847	1 41	1 43	1 65	1 67	40.23784230242113
1848	1 41	1 43	1 67	1 69	20.534077092810946
1849	1 41	1 43	1 69	1 71	5.728202213740655
1850	1 41	1 43	1 71	1 1	-49.141729802241635
1851	1 42	1 44	1 43	1 45	136.70077854997794
1852	1 42	1 44	1 45	1 47	-56.51991668360372
1853	1 42	1 44	1 49	1 51	106.08677464473627
1854	1 42	1 44	1 51	1 53	92.92052429667518
1855	1 42	1 44	1 53	1 55	-21.16240320133604
1856	1 42	1 44	1 55	1 57	-123.95696087799669
1857	1 42	1 44	1 57	1 59	53.0038034163651
1858	1 42	1 44	1 59	1 61	54.303911346290214
1859	1 42	1 44	1 46	1 48	-23.66123304775971
1860	1 42	1 44	1 50	1 52	180.2369894706975
1861	1 42	1 44	1 54	1 56	-15.19100154717752
1862	1 42	1 44	1 56	1 58	-102.28527538209455
1863	1 42	1 44	1 58	1 60	74.65574764358942
1864	1 42	1 44	1 60	1 62	21.268163159533717
1865	1 42	1 44	1 64	1 66	-69.90063538611926
1866	1 42	1 44	1 63	1 65	-83.08887014806193
1867	1 42	1 44	1 65	1 67	30.03727183936047
1868	1 42	1 44	1 67	1 69	28.96471119144728
1869	1 42	1 44	1 69	1 71	10.28397549463218
1870	1 42	1 44	1 71	1 1	-56.96290205110994
1871	1 42	1 44	1 66	1 68	35.359609591622416
1872	1 42	1 44	1 68	1 70	18.335580074152045
1873	1 42	1 44	1 70	1 72	3.7464426840183904
1874	1 42	1 44	1 72	1 2	-45.012719397609324
1875	1 43	1 45	1 44	1 46	137.70393325625798
1876	1 43	1 45	1 46	1 48	-60.12505630583695
1877	1 43	1 45	1 48	1 50	-170.84396599835824
1878	1 43	1 45	1 50	1 52	86.5213630922416
1879	1 43	1 45	1 52	1 54	104.31475228723949
1880	1 43	1 45	1 54	1 56	-26.710930399902992
1881	1 43	1 45	1 56	1 58	-126.18480482775053
1882	1 43	1 45	1 58	1 60	51.57270810620814
1883	1 43	1 45	1 60	1 62	56.47475586922606
1884	1 43	1 45	1 49	1 51	-11.63928347108535
1885	1 43	1 45	1 51	1 53	179.55028240985806
1886	1 43	1 45	1 55	1 57	-138.59907093814718
1887	1 43	1 45	1 57	1 59	16.25051303048994
1888	1 43	1 45	1 59	1 61	71.28068003981451
1889	1 43	1 45	1 61	1 63	25.664846833652597
1890	1 43	1 45	1 63	1 65	-95.13227403738341
1891	1 43	1 45	1 65	1 67	17.86280632405676
1892	1 43	1 45	1 64	1 66	-89.00768082273136
1893	1 43	1 45	1 66	1 68	29.157023578983704
1894	1 43	1 45	1 68	1 70	29.359602531970516
1895	1 43	1 45	1 70	1 72	8.003099558472112
1896	1 43	1 45	1 72	1 2	-61.16012079031664
1897	1 43	1 45	1 67	1 69	33.477867349095646
1898	1 43	1 45	1 69	1 71	19.61225950778575
1899	1 43	1 45	1 71	1 1	-68.58152851721967
1900	1 44	1 46	1 45	1 47	166.757777874772
1901	1 44	1 46	1 47	1 49	-241.23174364080438
1902	1 44	1 46	1 49	1 51	-24.816701781267952
1903	1 44	1 46	1 51	1 53	103.2824812868291
1904	1 44	1 46	1 53	1 55	114.9145704357314
1905	1 44	1 46	1 59	1 61	53.414105549880986
1906	1 44	1 46	1 61	1 63	68.63585122440652
1907	1 44	1 46	1 63	1 65	-110.98770494430542
1908	1 44	1 46	1 50	1 52	-9.103697284335428
1909	1 44	1 46	1 52	1 54	195.0026071436622
1910	1 44	1 46	1 54	1 56	-3.2935899331159266
1911	1 44	1 46	1 56	1 58	-160.0806456534571
1912	1 44	1 46	1 58	1 60	21.051037079608143
1913	1 44	1 46	1 60	1 62	81.35220074268238
1914	1 44	1 46	1 62	1 64	28.294896258420906
1915	1 44	1 46	1 64	1 66	-113.10257338704874
1916	1 44	1 46	1 66	1 68	19.986470433198676
1917	1 44	1 46	1 65	1 67	10.169137544623828
1918	1 44	1 46	1 67	1 69	30.127424567373875
1919	1 44	1 46	1 69	1 71	32.20832064738383
1920	1 44	1 46	1 71	1 1	-74.39158874789955
1921	1 44	1 46	1 68	1 70	36.81131713480802
1922	1 44	1 46	1 70	1 72	16.93166871246353
1923	1 44	1 46	1 72	1 2	-72.40248251954006
1924	1 45	1 47	1 46	1 48	175.6906312910538
1925	1 45	1 47	1 48	1 50	-273.6151824964753
1926	1 45	1 47	1 50	1 52	-23.657500058406317
1927	1 45	1 47	1 52	1 54	109.38624998252057
1928	1 45	1 47	1 54	1 56	138.2345760488951
1929	1 45	1 47	1 56	1 58	-209.3339561956519
1930	1 45	1 47	1 58	1 60	4.032967220402721
1931	1 45	1 47	1 60	1 62	63.26556504730116
1932	1 45	1 47	1 62	1 64	80.73213327614371
1933	1 45	1 47	1 64	1 66	-132.64194737983823
1934	1 45	1 47	1 49	1 51	-14.92287216651249
1935	1 45	1 47	1 53	1 55	233.89968214680036
1936	1 45	1 47	1 55	1 57	-206.4556377591681
1937	1 45	1 47	1 59	1 61	20.47255964947609
1938	1 45	1 47	1 61	1 63	100.5087692864507
1939	1 45	1 47	1 63	1 65	-110.91796334684784
1940	1 45	1 47	1 65	1 67	5.772845235165469
1941	1 45	1 47	1 67	1 69	20.631855761376443
1942	1 45	1 47	1 66	1 68	11.645877495862077
1943	1 45	1 47	1 68	1 70	33.54416429552012
1944	1 45	1 47	1 70	1 72	28.57589799388479
1945	1 45	1 47	1 72	1 2	-78.71745449605612
1946	1 45	1 47	1 69	1 71	39.40895726639061
1947	1 45	1 47	1 71	1 1	-72.70198049353476
1948	1 46	1 48	1 49	1 51	-8.320185071885643
1949	1 46	1 48	1 51	1 53	-25.155812543312543
1950	1 46	1 48	1 53	1 55	141.78654946740053
1951	1 46	1 48	1 55	1 57	-101.24078492067842
1952	1 46	1 48	1 61	1 63	83.03964601882461
1953	1 46	1 48	1 63	1 65	-77.92410059566859
1954	1 46	1 48	1 65	1 67	3.1891016755062678
1955	1 46	1 48	1 50	1 52	-14.88091772355461
1956	1 46	1 48	1 52	1 54	-8.603060461091829
1957	1 46	1 48	1 54	1 56	283.18551268911625
1958	1 46	1 48	1 56	1 58	-249.50855905881315
1959	1 46	1 48	1 58	1 60	-0.9159539822650835
1960	1 46	1 48	1 60	1 62	24.765271421581325
1961	1 46	1 48	1 62	1 64	122.27168660469064
1962	1 46	1 48	1 64	1 66	-137.93410482227267
1963	1 46	1 48	1 66	1 68	6.170795209711658
1964	1 46	1 48	1 68	1 70	22.796722075296557
1965	1 46	1 48	1 67	1 69	11.540720778777906
1966	1 46	1 48	1 69	1 71	35.40038675991157
1967	1 46	1 48	1 71	1 1	-55.84244067340725
1968	1 46	1 48	1 70	1 72	35.61191665844824
1969	1 46	1 48	1 72	1 2	-69.01094550674028
1970	1 47	1 49	1 48	1 50	559.8882648268891
1971	1 47	1 49	1 50	1 52	-205.77905551730169
1972	1 47	1 49	1 52	1 54	-188.49573857542185
1973	1 47	1 49	1 54	1 56	-101.20277703915443
1974	1 47	1 49	1 56	1 58	448.93164355228714
1975	1 47	1 49	1 58	1 60	-150.7739958796942
1976	1 47	1 49	1 60	1 62	-129.19117158455398
1977	1 47	1 49	1 62	1 64	-84.69814776510539
1978	1 47	1 49	1 64	1 66	310.64646281164755
1979	1 47	1 49	1 66	1 68	-91.40572988310127
1980	1 47	1 49	1 51	1 53	-171.81220690952722
1981	1 47	1 49	1 53	1 55	-215.5766914025064
1982	1 47	1 49	1 55	1 57	520.1456571839451
1983	1 47	1 49	1 57	1 59	-144.38047054677367
1984	1 47	1 49	1 59	1 61	-129.01408029313785
1985	1 47	1 49	1 61	1 63	-128.93068433479016
1986	1 47	1 49	1 63	1 65	320.6607359747891
1987	1 47	1 49	1 65	1 67	-82.72449472220441
1988	1 47	1 49	1 67	1 69	-85.72105927774427
1989	1 47	1 49	1 69	1 71	-69.13695581518849
1990	1 47	1 49	1 68	1 70	-80.65663479964334
1991	1 47	1 49	1 70	1 72	-40.963371181537156
1992	1 47	1 49	1 72	1 2	93.24477910922242
1993	1 47	1 49	1 71	1 1	101.90207914151576
1994	1 48	1 50	1 49	1 51	-83.57626204153803
1995	1 48	1 50	1 51	1 53	-193.98148945648944
1996	1 48	1 50	1 53	1 55	-235.1899066107843
1997	1 48	1 50	1 55	1 57	453.54791614832186
1998	1 48	1 50	1 57	1 59	-60.02223645157264
1999	1 48	1 50	1 59	1 61	-139.4082058407318
2000	1 48	1 50	1 61	1 63	-162.07243519995853
2001	1 48	1 50	1 63	1 65	308.70089846457034
2002	1 48	1 50	1 65	1 67	-50.45141225961539
2003	1 48	1 50	1 67	1 69	-85.83158931925749
2004	1 48	1 50	1 52	1 54	-184.8206491194515
2005	1 48	1 50	1 54	1 56	-261.21673592890716
2006	1 48	1 50	1 56	1 58	571.4221248559791
2007	1 48	1 50	1 58	1 60	-143.12833356066756
2008	1 48	1 50	1 60	1 62	-139.53953399507293
2009	1 48	1 50	1 62	1 64	-151.62210253678109
2010	1 48	1 50	1 64	1 66	357.1427616358193
2011	1 48	1 50	1 66	1 68	-77.57636395145732
2012	1 48	1 50	1 68	1 70	-87.91930587539082
2013	1 48	1 50	1 70	1 72	-59.049962460400295
2014	1 48	1 50	1 69	1 71	-84.44584907814911
2015	1 48	1 50	1 71	1 1	101.56227224008575
2016	1 48	1 50	1 72	1 2	104.37716313689154
2017	1 49	1 51	1 50	1 52	140.4693016480654
2018	1 49	1 51	1 52	1 54	-48.26082869246514
2019	1 49	1 51	1 54	1 56	-9.107860195029389
2020	1 49	1 51	1 56	1 58	-75.03558509981261
2021	1 49	1 51	1 58	1 60	92.58148624858123
2022	1 49	1 51	1 60	1 62	-15.040555402002326
2023	1 49	1 51	1 62	1 64	-4.212060319971728
2024	1 49	1 51	1 64	1 66	-58.708476275493055
2025	1 49	1 51	1 66	1 68	48.512106793366826
2026	1 49	1 51	1 68	1 70	5.432032679513721
2027	1 49	1 51	1 53	1 55	-18.629724604283933
2028	1 49	1 51	1 57	1 59	169.39930873668118
2029	1 49	1 51	1 61	1 63	-8.979095365766781
2030	1 49	1 51	1 63	1 65	-93.9892838895313
2031	1 49	1 51	1 65	1 67	67.14179024730959
2032	1 49	1 51	1 67	1 69	20.05060891259443
2033	1 49	1 51	1 69	1 71	1.924518416373484
2034	1 49	1 51	1 71	1 1	-41.87600989912495
2035	1 49	1 51	1 72	1 2	-33.553690455290266
2036	1 50	1 52	1 51	1 53	119.89647970326205
2037	1 50	1 52	1 53	1 55	-50.88543804074419
2038	1 50	1 52	1 57	1 59	85.25428221742368
2039	1 50	1 52	1 59	1 61	88.32937621142352
2040	1 50	1 52	1 61	1 63	-19.652599731306424
2041	1 50	1 52	1 63	1 65	-109.90803031583295
2042	1 50	1 52	1 65	1 67	48.470041961234415
2043	1 50	1 52	1 67	1 69	45.22313999969749
2044	1 50	1 52	1 69	1 71	5.52003421930188
2045	1 50	1 52	1 54	1 56	-20.791676150267463
2046	1 50	1 52	1 58	1 60	164.9466246924049
2047	1 50	1 52	1 60	1 62	-7.185223631452681
2048	1 50	1 52	1 62	1 64	-10.160964798755153
2049	1 50	1 52	1 64	1 66	-89.22074610002335
2050	1 50	1 52	1 66	1 68	62.69627836510408
2051	1 50	1 52	1 68	1 70	18.269063403573035
2052	1 50	1 52	1 72	1 2	-45.695534811909866
2053	1 50	1 52	1 71	1 1	-53.43483685403015
2054	1 51	1 53	1 52	1 54	139.7529060430807
2055	1 51	1 53	1 54	1 56	-61.7315099554955
2056	1 51	1 53	1 56	1 58	-158.9982887802371
2057	1 51	1 53	1 58	1 60	88.48058564646749
2058	1 51	1 53	1 60	1 62	88.82441423179453
2059	1 51	1 53	1 62	1 64	-24.40512096785558
2060	1 51	1 53	1 64	1 66	-114.99654994805906
2061	1 51	1 53	1 66	1 68	47.948425449782434
2062	1 51	1 53	1 68	1 70	45.62758821994264
2063	1 51	1 53	1 70	1 72	3.205736985435328
2064	1 51	1 53	1 59	1 61	163.73128074302016
2065	1 51	1 53	1 63	1 65	-127.35675669816351
2066	1 51	1 53	1 65	1 67	20.598035200551337
2067	1 51	1 53	1 67	1 69	60.91127432946983
2068	1 51	1 53	1 69	1 71	20.594474659783877
2069	1 51	1 53	1 71	1 1	-75.10068709816684
2070	1 51	1 53	1 72	1 2	-68.34385413420827
2071	1 52	1 54	1 53	1 55	133.438927189296
2072	1 52	1 54	1 57	1 59	-17.605631913868155
2073	1 52	1 54	1 59	1 61	84.27341412791779
2074	1 52	1 54	1 61	1 63	105.15622818130672
2075	1 52	1 54	1 65	1 67	6.265773101256029
2076	1 52	1 54	1 67	1 69	46.07564004077589
2077	1 52	1 54	1 69	1 71	49.78247961505565
2078	1 52	1 54	1 71	1 1	-80.71406347765057
2079	1 52	1 54	1 58	1 60	-4.238551753503874
2080	1 52	1 54	1 60	1 62	181.85107793033023
2081	1 52	1 54	1 64	1 66	-143.826195472148
2082	1 52	1 54	1 66	1 68	21.343831153930388
2083	1 52	1 54	1 68	1 70	64.46301454915667
2084	1 52	1 54	1 70	1 72	17.01193386876107
2085	1 52	1 54	1 72	1 2	-77.61739827306862
2086	1 53	1 55	1 54	1 56	195.38525961971197
2087	1 53	1 55	1 56	1 58	-269.130344629555
2088	1 53	1 55	1 58	1 60	-20.280452224429013
2089	1 53	1 55	1 60	1 62	94.51324464744611
2090	1 53	1 55	1 62	1 64	136.20079224340344
2091	1 53	1 55	1 64	1 66	-200.072616468808
2092	1 53	1 55	1 66	1 68	4.9763549594540635
2093	1 53	1 55	1 68	1 70	49.00390887338648
2094	1 53	1 55	1 70	1 72	47.12910470436356
2095	1 53	1 55	1 72	1 2	-78.91509793535533
2096	1 53	1 55	1 57	1 59	-9.402799116690986
2097	1 53	1 55	1 59	1 61	-18.205870673358078
2098	1 53	1 55	1 61	1 63	216.30314795964514
2099	1 53	1 55	1 63	1 65	-182.08044623059868
2100	1 53	1 55	1 65	1 67	1.2556697451495804
2101	1 53	1 55	1 67	1 69	18.432335972330574
2102	1 53	1 55	1 69	1 71	67.845406929582
2103	1 53	1 55	1 71	1 1	-68.92290200220125
2104	1 54	1 56	1 57	1 59	-4.435410753418408
2105	1 54	1 56	1 59	1 61	-23.391849823591706
2106	1 54	1 56	1 61	1 63	131.0526041083482
2107	1 54	1 56	1 65	1 67	0.8212289866980411
2108	1 54	1 56	1 67	1 69	6.287213637812492
2109	1 54	1 56	1 69	1 71	54.57705314502674
2110	1 54	1 56	1 71	1 1	-53.04450913231287
2111	1 54	1 56	1 58	1 60	-10.333294435778118
2112	1 54	1 56	1 62	1 64	271.0056636675759
2113	1 54	1 56	1 64	1 66	-239.46678841991343
2114	1 54	1 56	1 66	1 68	1.93069978799356
2115	1 54	1 56	1 68	1 70	23.65566604755911
2116	1 54	1 56	1 70	1 72	66.92603177603797
2117	1 54	1 56	1 72	1 2	-81.62368472519222
2118	1 55	1 57	1 56	1 58	536.9511798570102
2119	1 55	1 57	1 58	1 60	-184.76048684902253
2120	1 55	1 57	1 60	1 62	-170.56889825118992
2121	1 55	1 57	1 62	1 64	-108.87160095690726
2122	1 55	1 57	1 64	1 66	422.26370939748074
2123	1 55	1 57	1 66	1 68	-133.39630753561445
2124	1 55	1 57	1 68	1 70	-107.84146112623664
2125	1 55	1 57	1 70	1 72	-52.799006667645834
2126	1 55	1 57	1 72	1 2	110.99051966292134
2127	1 55	1 57	1 59	1 61	-149.33091470761744
2128	1 55	1 57	1 61	1 63	-200.4933739726808
2129	1 55	1 57	1 65	1 67	-135.0337967313397
2130	1 55	1 57	1 67	1 69	-114.15500748842307
2131	1 55	1 57	1 69	1 71	-95.47259946488585
2132	1 55	1 57	1 71	1 1	111.10463604285238
2133	1 56	1 58	1 57	1 59	-73.57464559874018
2134	1 56	1 58	1 59	1 61	-170.11868297191
2135	1 56	1 58	1 61	1 63	-218.47382782153812
2136	1 56	1 58	1 63	1 65	414.5743542304134
2137	1 56	1 58	1 65	1 67	-66.73973812890588
2138	1 56	1 58	1 67	1 69	-120.50354071394445
2139	1 56	1 58	1 69	1 71	-115.96040427700751
2140	1 56	1 58	1 71	1 1	119.82514204189025
2141	1 56	1 58	1 60	1 62	-164.7753346538736
2142	1 56	1 58	1 62	1 64	-246.99282751449246
2143	1 56	1 58	1 66	1 68	-123.24398011519119
2144	1 56	1 58	1 68	1 70	-116.90844968852178
2145	1 56	1 58	1 70	1 72	-86.76239676222562
2146	1 56	1 58	1 72	1 2	140.11816008255727
2147	1 57	1 59	1 58	1 60	112.88020582392718
2148	1 57	1 59	1 60	1 62	-33.0339822292724
2149	1 57	1 59	1 62	1 64	-4.623237064605074
2150	1 57	1 59	1 64	1 66	-61.469234546052355
2151	1 57	1 59	1 66	1 68	73.84126336387683
2152	1 57	1 59	1 68	1 70	-9.006402402137027
2153	1 57	1 59	1 70	1 72	-1.822462331526476
2154	1 57	1 59	1 72	1 2	-37.39640345222053
2155	1 57	1 59	1 61	1 63	-11.91578628548875
2156	1 57	1 59	1 65	1 67	146.16097900231628
2157	1 57	1 59	1 69	1 71	-4.052251340266626
2158	1 57	1 59	1 71	1 1	-42.027897350095465
2159	1 58	1 60	1 59	1 61	121.19280071809845
2160	1 58	1 60	1 61	1 63	-44.40675972326757
2161	1 58	1 60	1 65	1 67	82.3010132397542
2162	1 58	1 60	1 67	1 69	74.85258885151633
2163	1 58	1 60	1 69	1 71	-10.634719175076789
2164	1 58	1 60	1 71	1 1	-66.44732171788928
2165	1 58	1 60	1 62	1 64	-13.587416709165296
2166	1 58	1 60	1 66	1 68	137.95367854020213
2167	1 58	1 60	1 68	1 70	-2.2885098749127972
2168	1 58	1 60	1 70	1 72	-5.266265135449778
2169	1 58	1 60	1 72	1 2	-60.56625625793709
2170	1 59	1 61	1 60	1 62	95.36401884309436
2171	1 59	1 61	1 62	1 64	-42.96967878555938
2172	1 59	1 61	1 64	1 66	-141.0394175355761
2173	1 59	1 61	1 66	1 68	81.01165195665074
2174	1 59	1 61	1 68	1 70	68.514169439016
2175	1 59	1 61	1 70	1 72	-11.072362839840228
2176	1 59	1 61	1 72	1 2	-72.05078399596658
2177	1 59	1 61	1 67	1 69	130.17479254467125
2178	1 59	1 61	1 71	1 1	-79.4318347773907
2179	1 60	1 62	1 61	1 63	143.18478341281428
2180	1 60	1 62	1 65	1 67	-8.508380835552494
2181	1 60	1 62	1 67	1 69	67.20323095315106
2182	1 60	1 62	1 69	1 71	86.81345594895951
2183	1 60	1 62	1 71	1 1	-103.46647811436412
2184	1 60	1 62	1 68	1 70	140.4237218060947
2185	1 60	1 62	1 72	1 2	-91.28206788986272
2186	1 61	1 63	1 62	1 64	153.40122643509386
2187	1 61	1 63	1 64	1 66	-247.6109708705617
2188	1 61	1 63	1 66	1 68	-10.77981730063302
2189	1 61	1 63	1 68	1 70	82.64873072017002
2190	1 61	1 63	1 70	1 72	76.43549297288581
2191	1 61	1 63	1 72	1 2	-109.78627288046425
2192	1 61	1 63	1 65	1 67	-4.745701923009575
2193	1 61	1 63	1 69	1 71	146.9910571609783
2194	1 61	1 63	1 71	1 1	-108.48491138818606
2195	1 62	1 64	1 65	1 67	-2.266280883578493
2196	1 62	1 64	1 67	1 69	-10.014562286707326
2197	1 62	1 64	1 69	1 71	76.83689405649778
2198	1 62	1 64	1 71	1 1	-42.685572193467664
2199	1 62	1 64	1 66	1 68	-5.0267525657842365
2200	1 62	1 64	1 70	1 72	142.32197507665325
2201	1 62	1 64	1 72	1 2	-110.65384703372624
2202	1 63	1 65	1 64	1 66	483.8252411882828
2203	1 63	1 65	1 66	1 68	-165.84451707797456
2204	1 63	1 65	1 68	1 70	-146.594990508221
2205	1 63	1 65	1 70	1 72	-64.96961878672032
2206	1 63	1 65	1 72	1 2	174.26276598026743
2207	1 63	1 65	1 67	1 69	-137.1442283523272
2208	1 63	1 65	1 69	1 71	-146.39301403224638
2209	1 63	1 65	1 71	1 1	182.36451500505788
2210	1 64	1 66	1 65	1 67	-70.35295270900946
2211	1 64	1 66	1 67	1 69	-151.06998140100217
2212	1 64	1 66	1 69	1 71	-157.1167107590835
2213	1 64	1 66	1 71	1 1	161.5057416257793
2214	1 64	1 66	1 68	1 70	-143.30216695730604
2215	1 64	1 66	1 70	1 72	-140.09083285900147
2216	1 64	1 66	1 72	1 2	212.15613684774564
2217	1 65	1 67	1 66	1 68	97.34799661855462
2218	1 65	1 67	1 68	1 70	-17.85686602273282
2219	1 65	1 67	1 70	1 72	-2.3096814540844113
2220	1 65	1 67	1 72	1 2	-42.13071091636793
2221	1 65	1 67	1 69	1 71	-6.109340333459383
2222	1 65	1 67	1 71	1 1	-45.192550580657574
2223	1 66	1 68	1 67	1 69	97.6659071782415
2224	1 66	1 68	1 69	1 71	-20.200373434710478
2225	1 66	1 68	1 71	1 1	-65.39997382963794
2226	1 66	1 68	1 70	1 72	-5.7605275483901766
2227	1 66	1 68	1 72	1 2	-61.03136541610105
2228	1 67	1 69	1 68	1 70	85.79248641900377
2229	1 67	1 69	1 70	1 72	-19.64205502429457
2230	1 67	1 69	1 72	1 2	-80.4788453967432
2231	1 67	1 69	1 71	1 1	-86.42779486884429
2232	1 68	1 70	1 69	1 71	108.05366046209505
2233	1 68	1 70	1 71	1 1	-131.29343025874545
2234	1 68	1 70	1 72	1 2	-112.23194291852789
2235	1 69	1 71	1 70	1 72	121.57866292970957
2236	1 69	1 71	1 72	1 2	-172.89267349367233
2237	1 70	1 72	1 71	1 1	-82.25548455305614
2238	1 71	1 1	1 72	1 2	1411.2429982067185
