2301
1	1 1	1 3	1 2	1 4	457.38051972320693
2	1 1	1 3	1 4	1 6	-174.08644969081433
3	1 1	1 3	1 6	1 8	-27.875976318798926
4	1 1	1 3	1 8	1 10	-189.5773267215716
5	1 1	1 3	1 10	1 12	227.9510465230635
6	1 1	1 3	1 12	1 14	-28.73458411417615
7	1 1	1 3	1 14	1 16	-13.515467502959336
8	1 1	1 3	1 16	1 18	-155.63170391459363
9	1 1	1 3	1 18	1 20	142.3045821250235
10	1 1	1 3	1 20	1 22	12.977075752320228
11	1 1	1 3	1 5	1 7	-60.01517849090691
12	1 1	1 3	1 9	1 11	431.03505239643437
13	1 1	1 3	1 11	1 13	20.582481612558084
14	1 1	1 3	1 13	1 15	-19.956574920396577
15	1 1	1 3	1 15	1 17	-267.85686177422383
16	1 1	1 3	1 17	1 19	200.21611581706657
17	1 1	1 3	1 19	1 21	62.569239179135735
18	1 1	1 3	1 21	1 23	-4.540485506651232
19	1 1	1 3	1 23	1 25	-181.16090537708573
20	1 1	1 3	1 22	1 24	-6.551985024046482
21	1 1	1 3	1 24	1 26	-120.20013635877712
22	1 1	1 3	1 26	1 28	86.00944523416732
23	1 1	1 3	1 28	1 30	25.71321610955507
24	1 1	1 3	1 30	1 32	0.10906828092381564
25	1 1	1 3	1 32	1 34	-88.4052110830178
26	1 1	1 3	1 34	1 36	50.66285209693284
27	1 1	1 3	1 36	1 38	23.458624906130517
28	1 1	1 3	1 38	1 40	8.008094067888695
29	1 1	1 3	1 40	1 42	-68.2461151802384
30	1 1	1 3	1 25	1 27	112.5600171021909
31	1 1	1 3	1 27	1 29	52.530223058585904
32	1 1	1 3	1 29	1 31	7.538707609232386
33	1 1	1 3	1 31	1 33	-123.02965257261252
34	1 1	1 3	1 33	1 35	61.609652960390434
35	1 1	1 3	1 35	1 37	37.425910988317966
36	1 1	1 3	1 37	1 39	13.922633076384834
37	1 1	1 3	1 39	1 41	-81.26702147569364
38	1 1	1 3	1 41	1 43	32.52276758081219
39	1 1	1 3	1 43	1 45	25.97365551759276
40	1 1	1 3	1 42	1 44	31.538542976732955
41	1 1	1 3	1 44	1 46	19.538454212955102
42	1 1	1 3	1 46	1 48	8.379299948074781
43	1 1	1 3	1 48	1 50	-50.78888938898551
44	1 1	1 3	1 50	1 52	20.749364691120164
45	1 1	1 3	1 52	1 54	15.131000124560938
46	1 1	1 3	1 54	1 56	7.841069967445803
47	1 1	1 3	1 56	1 58	-38.04297019074207
48	1 1	1 3	1 58	1 60	14.556733291555854
49	1 1	1 3	1 60	1 62	11.975657818043139
50	1 1	1 3	1 45	1 47	13.21002285034227
51	1 1	1 3	1 47	1 49	-55.2675095952476
52	1 1	1 3	1 49	1 51	18.823584204795033
53	1 1	1 3	1 51	1 53	18.538810822389486
54	1 1	1 3	1 53	1 55	12.042151039636297
55	1 1	1 3	1 55	1 57	-40.06836177892218
56	1 1	1 3	1 57	1 59	11.365633255779262
57	1 1	1 3	1 59	1 61	13.657339536160535
58	1 1	1 3	1 61	1 63	9.753016997506588
59	1 1	1 3	1 63	1 65	-30.180966806466166
60	1 1	1 3	1 62	1 64	6.245536454198906
61	1 1	1 3	1 64	1 66	-29.23826442738101
62	1 1	1 3	1 66	1 68	10.608956059713861
63	1 1	1 3	1 68	1 70	9.92488350127638
64	1 1	1 3	1 70	1 72	5.4722524747894825
65	1 1	1 3	1 65	1 67	8.469801143223508
66	1 1	1 3	1 67	1 69	10.716286171984123
67	1 1	1 3	1 69	1 71	8.003657213914643
68	1 2	1 4	1 3	1 5	379.28853737553953
69	1 2	1 4	1 5	1 7	-172.84048950965933
70	1 2	1 4	1 7	1 9	-440.8804515571336
71	1 2	1 4	1 9	1 11	266.0762032639983
72	1 2	1 4	1 11	1 13	176.69103979797177
73	1 2	1 4	1 13	1 15	-19.118381202845846
74	1 2	1 4	1 15	1 17	-304.3125739452997
75	1 2	1 4	1 17	1 19	150.75423255058683
76	1 2	1 4	1 19	1 21	124.15399584881595
77	1 2	1 4	1 21	1 23	8.177884560884465
78	1 2	1 4	1 6	1 8	-64.92700907110739
79	1 2	1 4	1 10	1 12	349.38338979527487
80	1 2	1 4	1 12	1 14	18.78024942848736
81	1 2	1 4	1 14	1 16	-21.47185436661902
82	1 2	1 4	1 16	1 18	-236.32829578118384
83	1 2	1 4	1 18	1 20	175.43710039797043
84	1 2	1 4	1 20	1 22	51.92775728211238
85	1 2	1 4	1 24	1 26	-169.49309120802792
86	1 2	1 4	1 23	1 25	-215.491472056093
87	1 2	1 4	1 25	1 27	96.5744347105514
88	1 2	1 4	1 27	1 29	80.5793721634918
89	1 2	1 4	1 29	1 31	21.879194498013675
90	1 2	1 4	1 33	1 35	57.8169683926636
91	1 2	1 4	1 35	1 37	51.041447899522154
92	1 2	1 4	1 37	1 39	25.377395778616812
93	1 2	1 4	1 39	1 41	-101.20561907906352
94	1 2	1 4	1 41	1 43	32.821322663475456
95	1 2	1 4	1 26	1 28	97.74035258036724
96	1 2	1 4	1 28	1 30	51.704659166720845
97	1 2	1 4	1 30	1 32	5.3158239854445535
98	1 2	1 4	1 32	1 34	-121.07580281728025
99	1 2	1 4	1 34	1 36	56.630662079280384
100	1 2	1 4	1 36	1 38	37.991470203478826
101	1 2	1 4	1 38	1 40	15.041272769351714
102	1 2	1 4	1 40	1 42	-90.61495972767929
103	1 2	1 4	1 42	1 44	35.75271105808258
104	1 2	1 4	1 44	1 46	28.013660649015442
105	1 2	1 4	1 43	1 45	33.593136146208366
106	1 2	1 4	1 45	1 47	20.53389788324892
107	1 2	1 4	1 47	1 49	-68.86952104960561
108	1 2	1 4	1 49	1 51	20.177163106621958
109	1 2	1 4	1 51	1 53	23.40676652847518
110	1 2	1 4	1 53	1 55	17.23627333211408
111	1 2	1 4	1 55	1 57	-49.91562754193223
112	1 2	1 4	1 57	1 59	12.768456323119192
113	1 2	1 4	1 59	1 61	16.941454317419094
114	1 2	1 4	1 61	1 63	13.383479058647863
115	1 2	1 4	1 46	1 48	13.681832258930953
116	1 2	1 4	1 48	1 50	-66.28740351132501
117	1 2	1 4	1 50	1 52	23.969938729189344
118	1 2	1 4	1 52	1 54	20.439270233383862
119	1 2	1 4	1 54	1 56	11.776082800431558
120	1 2	1 4	1 56	1 58	-49.083497065352134
121	1 2	1 4	1 58	1 60	17.139508262393342
122	1 2	1 4	1 60	1 62	15.723132280057818
123	1 2	1 4	1 62	1 64	8.891797063961691
124	1 2	1 4	1 64	1 66	-37.3544674069448
125	1 2	1 4	1 63	1 65	-37.873395209728855
126	1 2	1 4	1 65	1 67	9.903684114327493
127	1 2	1 4	1 67	1 69	13.322571400603913
128	1 2	1 4	1 69	1 71	10.638761184788446
129	1 2	1 4	1 71	1 1	-548.1220251852928
130	1 2	1 4	1 66	1 68	12.750593863977977
131	1 2	1 4	1 68	1 70	12.820719345400784
132	1 2	1 4	1 70	1 72	7.497026839499626
133	1 3	1 5	1 4	1 6	337.7683582508779
134	1 3	1 5	1 6	1 8	-165.25969574226755
135	1 3	1 5	1 8	1 10	-368.34636233891484
136	1 3	1 5	1 10	1 12	206.57970411756253
137	1 3	1 5	1 12	1 14	168.70422872915242
138	1 3	1 5	1 14	1 16	-23.554674057334612
139	1 3	1 5	1 16	1 18	-265.32563741825953
140	1 3	1 5	1 18	1 20	122.00471365045809
141	1 3	1 5	1 20	1 22	107.26262069153941
142	1 3	1 5	1 22	1 24	11.16235157656465
143	1 3	1 5	1 9	1 11	44.22468266296981
144	1 3	1 5	1 11	1 13	274.48454699449076
145	1 3	1 5	1 13	1 15	30.76102688371337
146	1 3	1 5	1 15	1 17	-292.9491805635423
147	1 3	1 5	1 17	1 19	63.586891035221896
148	1 3	1 5	1 19	1 21	143.98285828054856
149	1 3	1 5	1 21	1 23	44.901945689523615
150	1 3	1 5	1 23	1 25	-207.6119004379874
151	1 3	1 5	1 25	1 27	54.23239435222707
152	1 3	1 5	1 24	1 26	-191.3554908721307
153	1 3	1 5	1 26	1 28	73.74671407454068
154	1 3	1 5	1 28	1 30	76.17782301744094
155	1 3	1 5	1 30	1 32	17.694340734686882
156	1 3	1 5	1 32	1 34	-133.50969552365325
157	1 3	1 5	1 34	1 36	45.878520256266825
158	1 3	1 5	1 36	1 38	48.55882049368405
159	1 3	1 5	1 38	1 40	24.387432698449942
160	1 3	1 5	1 40	1 42	-99.42673034462896
161	1 3	1 5	1 42	1 44	30.983193195873476
162	1 3	1 5	1 27	1 29	85.18459854678554
163	1 3	1 5	1 29	1 31	44.920109207877175
164	1 3	1 5	1 31	1 33	-145.36922483197029
165	1 3	1 5	1 33	1 35	38.42762227910677
166	1 3	1 5	1 35	1 37	51.548558644356255
167	1 3	1 5	1 37	1 39	37.934129845189766
168	1 3	1 5	1 39	1 41	-101.52037617554859
169	1 3	1 5	1 41	1 43	24.50175103319257
170	1 3	1 5	1 43	1 45	33.788596083940504
171	1 3	1 5	1 45	1 47	26.57849187315543
172	1 3	1 5	1 44	1 46	32.622662120945336
173	1 3	1 5	1 46	1 48	19.222677222078502
174	1 3	1 5	1 48	1 50	-71.5329418918476
175	1 3	1 5	1 50	1 52	21.701776205486137
176	1 3	1 5	1 52	1 54	22.552889006365625
177	1 3	1 5	1 54	1 56	14.973022795064349
178	1 3	1 5	1 56	1 58	-52.08298250241473
179	1 3	1 5	1 58	1 60	16.06705469881741
180	1 3	1 5	1 60	1 62	16.9114508010053
181	1 3	1 5	1 62	1 64	10.62838945933984
182	1 3	1 5	1 47	1 49	-69.89547519763374
183	1 3	1 5	1 49	1 51	16.66913544753058
184	1 3	1 5	1 51	1 53	23.58885090715373
185	1 3	1 5	1 53	1 55	20.56875973045616
186	1 3	1 5	1 55	1 57	-51.22685106812689
187	1 3	1 5	1 57	1 59	11.313488228018612
188	1 3	1 5	1 59	1 61	16.964445747318326
189	1 3	1 5	1 61	1 63	15.239799258986224
190	1 3	1 5	1 63	1 65	-38.52098251185742
191	1 3	1 5	1 65	1 67	9.198605739312452
192	1 3	1 5	1 64	1 66	-39.271258958702774
193	1 3	1 5	1 66	1 68	12.292747361454836
194	1 3	1 5	1 68	1 70	13.515854811848895
195	1 3	1 5	1 70	1 72	8.446534074915004
196	1 3	1 5	1 72	1 2	-412.36597069694005
197	1 3	1 5	1 67	1 69	13.415129699517767
198	1 3	1 5	1 69	1 71	11.662785084945174
199	1 3	1 5	1 71	1 1	-273.6431975887415
200	1 4	1 6	1 5	1 7	324.807980580509
201	1 4	1 6	1 7	1 9	-467.32831876690807
202	1 4	1 6	1 9	1 11	-20.86804347158252
203	1 4	1 6	1 11	1 13	163.28188905638189
204	1 4	1 6	1 13	1 15	176.93010615822544
205	1 4	1 6	1 15	1 17	-286.7486883688942
206	1 4	1 6	1 17	1 19	14.165733023695282
207	1 4	1 6	1 19	1 21	100.1900271312229
208	1 4	1 6	1 21	1 23	101.70287758581199
209	1 4	1 6	1 23	1 25	-191.28207021213518
210	1 4	1 6	1 12	1 14	266.2582545800037
211	1 4	1 6	1 14	1 16	29.714771640208905
212	1 4	1 6	1 16	1 18	-282.0979154260016
213	1 4	1 6	1 18	1 20	47.972096015890315
214	1 4	1 6	1 20	1 22	129.83744607156515
215	1 4	1 6	1 22	1 24	55.10079665712695
216	1 4	1 6	1 24	1 26	-201.69865569190057
217	1 4	1 6	1 26	1 28	39.39992595168304
218	1 4	1 6	1 25	1 27	22.300976539205053
219	1 4	1 6	1 27	1 29	65.69135737962102
220	1 4	1 6	1 29	1 31	71.28421628442439
221	1 4	1 6	1 31	1 33	-134.06277688121003
222	1 4	1 6	1 33	1 35	20.877193196881933
223	1 4	1 6	1 35	1 37	42.825791532002086
224	1 4	1 6	1 37	1 39	49.11882759216466
225	1 4	1 6	1 39	1 41	-93.81903527319167
226	1 4	1 6	1 41	1 43	15.713161778876662
227	1 4	1 6	1 43	1 45	29.58101747081605
228	1 4	1 6	1 28	1 30	84.17281642669178
229	1 4	1 6	1 30	1 32	40.028514825431905
230	1 4	1 6	1 34	1 36	29.689062602341693
231	1 4	1 6	1 36	1 38	51.131287174000384
232	1 4	1 6	1 38	1 40	35.92257360377356
233	1 4	1 6	1 40	1 42	-100.15505177369585
234	1 4	1 6	1 42	1 44	22.98713378079627
235	1 4	1 6	1 44	1 46	32.8763541867662
236	1 4	1 6	1 46	1 48	24.566098110472524
237	1 4	1 6	1 45	1 47	30.6920669671295
238	1 4	1 6	1 47	1 49	-64.26460770482589
239	1 4	1 6	1 49	1 51	12.075078187851574
240	1 4	1 6	1 51	1 53	21.083228649016043
241	1 4	1 6	1 53	1 55	22.104471342247106
242	1 4	1 6	1 55	1 57	-47.38414527675921
243	1 4	1 6	1 57	1 59	8.924944342587743
244	1 4	1 6	1 59	1 61	15.190601473975944
245	1 4	1 6	1 61	1 63	15.719102733225071
246	1 4	1 6	1 63	1 65	-35.73285007940902
247	1 4	1 6	1 48	1 50	-70.6596711865238
248	1 4	1 6	1 50	1 52	17.33780956883786
249	1 4	1 6	1 52	1 54	22.13215237085653
250	1 4	1 6	1 54	1 56	17.443041850448914
251	1 4	1 6	1 56	1 58	-50.53757113004285
252	1 4	1 6	1 58	1 60	13.465136949272026
253	1 4	1 6	1 60	1 62	16.389960217602155
254	1 4	1 6	1 62	1 64	11.623519562440363
255	1 4	1 6	1 64	1 66	-37.51114154707318
256	1 4	1 6	1 66	1 68	10.676644212584598
257	1 4	1 6	1 65	1 67	7.694385965825058
258	1 4	1 6	1 67	1 69	12.23330447112102
259	1 4	1 6	1 69	1 71	11.654717096276748
260	1 4	1 6	1 71	1 1	-163.11984799005523
261	1 4	1 6	1 68	1 70	12.936686790595974
262	1 4	1 6	1 70	1 72	8.755506575070672
263	1 4	1 6	1 72	1 2	-206.34612400380541
264	1 5	1 7	1 6	1 8	404.1710870528289
265	1 5	1 7	1 8	1 10	-534.6652332475364
266	1 5	1 7	1 10	1 12	-25.658415793402334
267	1 5	1 7	1 12	1 14	176.3974054307203
268	1 5	1 7	1 14	1 16	220.60079877645074
269	1 5	1 7	1 18	1 20	7.824946596092525
270	1 5	1 7	1 20	1 22	102.3518577775934
271	1 5	1 7	1 22	1 24	134.4335034057761
272	1 5	1 7	1 24	1 26	-225.08763779400562
273	1 5	1 7	1 9	1 11	-21.447965387156454
274	1 5	1 7	1 11	1 13	20.44090140320316
275	1 5	1 7	1 13	1 15	304.69946284056243
276	1 5	1 7	1 15	1 17	-290.2258139822983
277	1 5	1 7	1 17	1 19	-2.597754277756306
278	1 5	1 7	1 19	1 21	42.902838282744526
279	1 5	1 7	1 21	1 23	145.717594120159
280	1 5	1 7	1 23	1 25	-170.19720770113477
281	1 5	1 7	1 25	1 27	6.5864924737433554
282	1 5	1 7	1 27	1 29	40.434293863099924
283	1 5	1 7	1 26	1 28	16.31487178403323
284	1 5	1 7	1 28	1 30	75.4379629544506
285	1 5	1 7	1 30	1 32	71.58685881294545
286	1 5	1 7	1 32	1 34	-142.97940584398208
287	1 5	1 7	1 34	1 36	17.63072190172483
288	1 5	1 7	1 36	1 38	48.715342736112646
289	1 5	1 7	1 38	1 40	49.53301089365584
290	1 5	1 7	1 40	1 42	-101.96210500862523
291	1 5	1 7	1 42	1 44	16.71488365949209
292	1 5	1 7	1 44	1 46	31.777959914545946
293	1 5	1 7	1 29	1 31	91.14078774649616
294	1 5	1 7	1 33	1 35	10.524031524877147
295	1 5	1 7	1 35	1 37	31.935112359662636
296	1 5	1 7	1 37	1 39	57.55949176101413
297	1 5	1 7	1 39	1 41	-85.91353264744515
298	1 5	1 7	1 41	1 43	9.941984060058898
299	1 5	1 7	1 43	1 45	24.6467146097776
300	1 5	1 7	1 45	1 47	33.7962996636645
301	1 5	1 7	1 47	1 49	-59.22121151712295
302	1 5	1 7	1 46	1 48	30.460359773691756
303	1 5	1 7	1 48	1 50	-70.26314584438612
304	1 5	1 7	1 50	1 52	13.81064145280553
305	1 5	1 7	1 52	1 54	21.277348358420355
306	1 5	1 7	1 54	1 56	19.92818208183165
307	1 5	1 7	1 56	1 58	-49.19578662901924
308	1 5	1 7	1 58	1 60	11.357532935054394
309	1 5	1 7	1 60	1 62	15.771347459484657
310	1 5	1 7	1 62	1 64	12.594001649570961
311	1 5	1 7	1 64	1 66	-36.177328551598364
312	1 5	1 7	1 49	1 51	8.832323702690742
313	1 5	1 7	1 51	1 53	18.51504769140483
314	1 5	1 7	1 53	1 55	23.295644492890666
315	1 5	1 7	1 55	1 57	-44.197651328403175
316	1 5	1 7	1 57	1 59	7.154578048568224
317	1 5	1 7	1 59	1 61	13.613476736550817
318	1 5	1 7	1 61	1 63	16.1003785996895
319	1 5	1 7	1 63	1 65	-33.29194770205176
320	1 5	1 7	1 65	1 67	6.539525066712088
321	1 5	1 7	1 67	1 69	11.19077287588893
322	1 5	1 7	1 66	1 68	9.352542850580209
323	1 5	1 7	1 68	1 70	12.394711798341255
324	1 5	1 7	1 70	1 72	9.066459960028094
325	1 5	1 7	1 69	1 71	11.605765510783595
326	1 5	1 7	1 71	1 1	-109.03518780370482
327	1 6	1 8	1 7	1 9	-206.5678848221915
328	1 6	1 8	1 9	1 11	-14.42109379102719
329	1 6	1 8	1 11	1 13	-20.94545233225365
330	1 6	1 8	1 13	1 15	206.42639666667236
331	1 6	1 8	1 17	1 19	-5.228906033992684
332	1 6	1 8	1 19	1 21	9.937531563319084
333	1 6	1 8	1 21	1 23	123.69680412885066
334	1 6	1 8	1 23	1 25	-119.17894381897912
335	1 6	1 8	1 10	1 12	-22.557643940325637
336	1 6	1 8	1 12	1 14	30.72825867938105
337	1 6	1 8	1 14	1 16	388.9048512026161
338	1 6	1 8	1 16	1 18	-386.201836269184
339	1 6	1 8	1 18	1 20	-3.705112024025352
340	1 6	1 8	1 20	1 22	49.989198370517244
341	1 6	1 8	1 22	1 24	183.0643382388243
342	1 6	1 8	1 24	1 26	-216.984436035846
343	1 6	1 8	1 26	1 28	5.44182710928915
344	1 6	1 8	1 28	1 30	51.69634605317688
345	1 6	1 8	1 27	1 29	20.34617481011851
346	1 6	1 8	1 29	1 31	83.3837206818221
347	1 6	1 8	1 31	1 33	-92.8761917234154
348	1 6	1 8	1 33	1 35	5.305821852908046
349	1 6	1 8	1 35	1 37	21.0525784874153
350	1 6	1 8	1 37	1 39	52.518453045804975
351	1 6	1 8	1 39	1 41	-68.98763761211715
352	1 6	1 8	1 41	1 43	6.172721517296588
353	1 6	1 8	1 43	1 45	18.33300656375924
354	1 6	1 8	1 45	1 47	30.383703489526496
355	1 6	1 8	1 30	1 32	86.46975629701976
356	1 6	1 8	1 34	1 36	9.833498545094447
357	1 6	1 8	1 36	1 38	37.83582224834085
358	1 6	1 8	1 38	1 40	52.44360920956013
359	1 6	1 8	1 40	1 42	-89.57202999703
360	1 6	1 8	1 42	1 44	11.35428487493705
361	1 6	1 8	1 44	1 46	25.882300628602877
362	1 6	1 8	1 46	1 48	30.287742282842785
363	1 6	1 8	1 48	1 50	-60.710312287076995
364	1 6	1 8	1 47	1 49	-48.12786496789812
365	1 6	1 8	1 49	1 51	6.139234267212104
366	1 6	1 8	1 51	1 53	14.466211840864984
367	1 6	1 8	1 53	1 55	20.609550133647765
368	1 6	1 8	1 55	1 57	-36.24998961154019
369	1 6	1 8	1 57	1 59	5.3080554344716315
370	1 6	1 8	1 59	1 61	10.835168830845276
371	1 6	1 8	1 61	1 63	14.059899890781375
372	1 6	1 8	1 63	1 65	-27.478544881956438
373	1 6	1 8	1 65	1 67	5.0602408231992335
374	1 6	1 8	1 50	1 52	10.132503966879668
375	1 6	1 8	1 52	1 54	17.59374564040726
376	1 6	1 8	1 54	1 56	18.81156620616406
377	1 6	1 8	1 56	1 58	-42.05375670156588
378	1 6	1 8	1 58	1 60	8.702452278686266
379	1 6	1 8	1 60	1 62	13.17322193614071
380	1 6	1 8	1 62	1 64	11.489131549584272
381	1 6	1 8	1 64	1 66	-30.501281891465133
382	1 6	1 8	1 66	1 68	7.391657112838263
383	1 6	1 8	1 68	1 70	10.373579880339522
384	1 6	1 8	1 67	1 69	9.063162752453223
385	1 6	1 8	1 69	1 71	10.00624027162736
386	1 6	1 8	1 71	1 1	-76.36934927128313
387	1 6	1 8	1 70	1 72	7.971156762576413
388	1 6	1 8	1 72	1 2	-87.61113523646804
389	1 7	1 9	1 8	1 10	1055.594874426467
390	1 7	1 9	1 14	1 16	-176.03248745272538
391	1 7	1 9	1 16	1 18	754.9838435882863
392	1 7	1 9	1 18	1 20	-294.75902981359593
393	1 7	1 9	1 24	1 26	548.2960203441094
394	1 7	1 9	1 15	1 17	875.1365204211218
395	1 7	1 9	1 17	1 19	-313.27681296581096
396	1 7	1 9	1 28	1 30	-179.57128506108813
397	1 7	1 9	1 30	1 32	-88.28260163130165
398	1 7	1 9	1 32	1 34	381.37083216159056
399	1 7	1 9	1 34	1 36	-125.75783017968241
400	1 7	1 9	1 36	1 38	-124.16126955303301
401	1 7	1 9	1 38	1 40	-82.57281284886676
402	1 7	1 9	1 40	1 42	282.69119864724985
403	1 7	1 9	1 42	1 44	-86.31803101020995
404	1 7	1 9	1 44	1 46	-87.27734043804493
405	1 7	1 9	1 46	1 48	-59.10068845692564
406	1 7	1 9	1 31	1 33	412.4187357124714
407	1 7	1 9	1 33	1 35	-126.68972217838026
408	1 7	1 9	1 35	1 37	-128.20136840649934
409	1 7	1 9	1 37	1 39	-111.20899509437533
410	1 7	1 9	1 39	1 41	286.31109150149337
411	1 7	1 9	1 41	1 43	-75.18852774720646
412	1 7	1 9	1 43	1 45	-89.8526823830756
413	1 7	1 9	1 45	1 47	-75.84842068520085
414	1 7	1 9	1 47	1 49	196.183916904004
415	1 7	1 9	1 49	1 51	-48.854625664197414
416	1 7	1 9	1 48	1 50	203.62533770317552
417	1 7	1 9	1 50	1 52	-61.187939818768285
418	1 7	1 9	1 52	1 54	-62.161141804788215
419	1 7	1 9	1 54	1 56	-44.248039869861316
420	1 7	1 9	1 56	1 58	147.44709954065985
421	1 7	1 9	1 58	1 60	-45.42473172255315
422	1 7	1 9	1 60	1 62	-47.264876004868604
423	1 7	1 9	1 62	1 64	-30.746058041075408
424	1 7	1 9	1 64	1 66	111.15970856793875
425	1 7	1 9	1 66	1 68	-34.711734252724156
426	1 7	1 9	1 51	1 53	-64.81478965072148
427	1 7	1 9	1 53	1 55	-58.362980391953855
428	1 7	1 9	1 55	1 57	144.16135230464687
429	1 7	1 9	1 57	1 59	-32.62167638615219
430	1 7	1 9	1 59	1 61	-47.364739846136516
431	1 7	1 9	1 61	1 63	-43.161088319314146
432	1 7	1 9	1 63	1 65	108.88989707833571
433	1 7	1 9	1 65	1 67	-26.23569800769944
434	1 7	1 9	1 67	1 69	-37.79515107628515
435	1 7	1 9	1 69	1 71	-33.028297967824294
436	1 7	1 9	1 68	1 70	-38.10038018345641
437	1 7	1 9	1 70	1 72	-24.18772541978931
438	1 7	1 9	1 72	1 2	482.9041652850804
439	1 7	1 9	1 71	1 1	644.693375399856
440	1 8	1 10	1 9	1 11	-194.77974990505794
441	1 8	1 10	1 13	1 15	-350.37555059955616
442	1 8	1 10	1 15	1 17	749.9918663154347
443	1 8	1 10	1 17	1 19	-148.91537488461762
444	1 8	1 10	1 21	1 23	-227.88414915301502
445	1 8	1 10	1 23	1 25	535.0226004884726
446	1 8	1 10	1 25	1 27	-117.215932292433
447	1 8	1 10	1 14	1 16	-382.66615617483785
448	1 8	1 10	1 16	1 18	897.1771506894227
449	1 8	1 10	1 24	1 26	601.3907459091466
450	1 8	1 10	1 29	1 31	-177.63335448844379
451	1 8	1 10	1 31	1 33	387.99389883802587
452	1 8	1 10	1 33	1 35	-85.31411520929684
453	1 8	1 10	1 35	1 37	-122.10350273691162
454	1 8	1 10	1 37	1 39	-129.5080954170138
455	1 8	1 10	1 39	1 41	274.55935729432696
456	1 8	1 10	1 41	1 43	-56.31481811460164
457	1 8	1 10	1 43	1 45	-85.61975807228345
458	1 8	1 10	1 45	1 47	-83.89247548158477
459	1 8	1 10	1 47	1 49	188.0409827621022
460	1 8	1 10	1 32	1 34	395.7506620288859
461	1 8	1 10	1 34	1 36	-102.79045932645087
462	1 8	1 10	1 36	1 38	-132.68163416141084
463	1 8	1 10	1 38	1 40	-104.76861055170767
464	1 8	1 10	1 40	1 42	290.4987096237096
465	1 8	1 10	1 42	1 44	-73.76980032710917
466	1 8	1 10	1 44	1 46	-90.42849439062988
467	1 8	1 10	1 46	1 48	-70.08120202445275
468	1 8	1 10	1 48	1 50	204.83768578277707
469	1 8	1 10	1 50	1 52	-53.74254255963635
470	1 8	1 10	1 49	1 51	-40.28036449791324
471	1 8	1 10	1 51	1 53	-62.1930605592691
472	1 8	1 10	1 53	1 55	-62.529933784458606
473	1 8	1 10	1 55	1 57	140.2475592517619
474	1 8	1 10	1 57	1 59	-28.369803849155147
475	1 8	1 10	1 59	1 61	-45.20232311547056
476	1 8	1 10	1 61	1 63	-45.11715666036986
477	1 8	1 10	1 63	1 65	105.9189680379061
478	1 8	1 10	1 65	1 67	-23.76725491953576
479	1 8	1 10	1 67	1 69	-36.33918027127747
480	1 8	1 10	1 52	1 54	-62.90015760104861
481	1 8	1 10	1 54	1 56	-49.57808200659244
482	1 8	1 10	1 56	1 58	147.26143994696088
483	1 8	1 10	1 58	1 60	-41.18743934334978
484	1 8	1 10	1 60	1 62	-47.28825045481544
485	1 8	1 10	1 62	1 64	-33.17715711933148
486	1 8	1 10	1 64	1 66	109.88942221944083
487	1 8	1 10	1 66	1 68	-32.23010075566751
488	1 8	1 10	1 68	1 70	-37.69792336290476
489	1 8	1 10	1 70	1 72	-25.210831343229096
490	1 8	1 10	1 69	1 71	-33.57706104765265
491	1 8	1 10	1 71	1 1	507.45655284783834
492	1 9	1 11	1 10	1 12	255.9272509253285
493	1 9	1 11	1 12	1 14	-47.95831276516973
494	1 9	1 11	1 14	1 16	-11.59018781117522
495	1 9	1 11	1 18	1 20	182.7222960236531
496	1 9	1 11	1 20	1 22	-15.810449271343252
497	1 9	1 11	1 22	1 24	-9.341600783196249
498	1 9	1 11	1 24	1 26	-126.90148353848294
499	1 9	1 11	1 26	1 28	111.10712120415828
500	1 9	1 11	1 28	1 30	12.469974637455067
501	1 9	1 11	1 13	1 15	-20.985740337562486
502	1 9	1 11	1 17	1 19	334.56043530129676
503	1 9	1 11	1 19	1 21	21.56642360748829
504	1 9	1 11	1 21	1 23	-13.559450699988396
505	1 9	1 11	1 23	1 25	-221.02153579810843
506	1 9	1 11	1 25	1 27	167.94006624199233
507	1 9	1 11	1 27	1 29	47.15019729825235
508	1 9	1 11	1 30	1 32	-3.347220889978738
509	1 9	1 11	1 32	1 34	-95.16424219797025
510	1 9	1 11	1 34	1 36	64.6743869886131
511	1 9	1 11	1 36	1 38	19.630800682117247
512	1 9	1 11	1 38	1 40	5.407815784733742
513	1 9	1 11	1 40	1 42	-74.50219999166853
514	1 9	1 11	1 42	1 44	39.516043724749494
515	1 9	1 11	1 44	1 46	19.51664617849494
516	1 9	1 11	1 46	1 48	7.132710721664009
517	1 9	1 11	1 48	1 50	-56.38292661852451
518	1 9	1 11	1 33	1 35	86.86436389651564
519	1 9	1 11	1 35	1 37	39.8224635811751
520	1 9	1 11	1 37	1 39	9.706177193424883
521	1 9	1 11	1 39	1 41	-94.52616138665724
522	1 9	1 11	1 41	1 43	43.975670697385475
523	1 9	1 11	1 43	1 45	29.146676269092943
524	1 9	1 11	1 45	1 47	12.010214290082745
525	1 9	1 11	1 47	1 49	-64.12925227603749
526	1 9	1 11	1 49	1 51	24.496583059984772
527	1 9	1 11	1 51	1 53	21.23258461374492
528	1 9	1 11	1 50	1 52	25.616627093868466
529	1 9	1 11	1 52	1 54	16.198180187246493
530	1 9	1 11	1 54	1 56	7.485284654539189
531	1 9	1 11	1 56	1 58	-42.6438011122015
532	1 9	1 11	1 58	1 60	17.68405866513327
533	1 9	1 11	1 60	1 62	13.205276612408749
534	1 9	1 11	1 62	1 64	6.371598253866198
535	1 9	1 11	1 64	1 66	-33.16566464715319
536	1 9	1 11	1 66	1 68	12.696609154858304
537	1 9	1 11	1 68	1 70	11.164799712010115
538	1 9	1 11	1 53	1 55	12.150541740363785
539	1 9	1 11	1 55	1 57	-46.12625660795307
540	1 9	1 11	1 57	1 59	14.31227219451591
541	1 9	1 11	1 59	1 61	15.904625896591693
542	1 9	1 11	1 61	1 63	10.326196004191257
543	1 9	1 11	1 63	1 65	-34.92121024748617
544	1 9	1 11	1 65	1 67	10.374188989621365
545	1 9	1 11	1 67	1 69	12.4599370612799
546	1 9	1 11	1 69	1 71	8.74862052194116
547	1 9	1 11	1 71	1 1	-388.92023313430286
548	1 9	1 11	1 70	1 72	5.853006438920698
549	1 9	1 11	1 72	1 2	-177.2108141142567
550	1 10	1 12	1 11	1 13	197.60356586574733
551	1 10	1 12	1 13	1 15	-46.00484998070506
552	1 10	1 12	1 17	1 19	174.23729270439958
553	1 10	1 12	1 19	1 21	158.07524764722723
554	1 10	1 12	1 21	1 23	-18.484463548902582
555	1 10	1 12	1 23	1 25	-235.6785019658692
556	1 10	1 12	1 25	1 27	115.25916230185268
557	1 10	1 12	1 27	1 29	98.47133797377009
558	1 10	1 12	1 29	1 31	8.646048877128976
559	1 10	1 12	1 14	1 16	-20.210937437219243
560	1 10	1 12	1 18	1 20	278.4186211964998
561	1 10	1 12	1 20	1 22	14.805289030962982
562	1 10	1 12	1 22	1 24	-14.403398909172656
563	1 10	1 12	1 24	1 26	-186.5800921507759
564	1 10	1 12	1 26	1 28	132.88564713162378
565	1 10	1 12	1 28	1 30	45.12587546220639
566	1 10	1 12	1 30	1 32	-2.3783605433859636
567	1 10	1 12	1 31	1 33	-163.11009682430404
568	1 10	1 12	1 33	1 35	68.98967744130688
569	1 10	1 12	1 35	1 37	59.91624362505545
570	1 10	1 12	1 37	1 39	20.84243867332943
571	1 10	1 12	1 39	1 41	-111.91049590572364
572	1 10	1 12	1 41	1 43	38.945132839549785
573	1 10	1 12	1 43	1 45	38.47902826616979
574	1 10	1 12	1 45	1 47	19.805750806633228
575	1 10	1 12	1 47	1 49	-76.3694536958017
576	1 10	1 12	1 49	1 51	23.735813246506936
577	1 10	1 12	1 34	1 36	70.92277023398083
578	1 10	1 12	1 36	1 38	38.199085909128755
579	1 10	1 12	1 38	1 40	11.045511084785261
580	1 10	1 12	1 40	1 42	-97.12239307843433
581	1 10	1 12	1 42	1 44	42.64705663820723
582	1 10	1 12	1 44	1 46	29.6209662305721
583	1 10	1 12	1 46	1 48	12.186315539402191
584	1 10	1 12	1 48	1 50	-71.64831105461175
585	1 10	1 12	1 50	1 52	27.908070893395745
586	1 10	1 12	1 52	1 54	22.09771671715429
587	1 10	1 12	1 51	1 53	26.448174227209353
588	1 10	1 12	1 53	1 55	17.709514653042895
589	1 10	1 12	1 55	1 57	-55.564433514430505
590	1 10	1 12	1 57	1 59	14.826452969060865
591	1 10	1 12	1 59	1 61	19.06796600484841
592	1 10	1 12	1 61	1 63	14.124042314179896
593	1 10	1 12	1 63	1 65	-41.96388768703815
594	1 10	1 12	1 65	1 67	11.302671995896794
595	1 10	1 12	1 67	1 69	14.874100586898667
596	1 10	1 12	1 69	1 71	11.421311891699535
597	1 10	1 12	1 54	1 56	11.444285264543865
598	1 10	1 12	1 56	1 58	-53.296965947477275
599	1 10	1 12	1 58	1 60	19.663465198337033
600	1 10	1 12	1 60	1 62	17.135355654428928
601	1 10	1 12	1 62	1 64	9.077734297143323
602	1 10	1 12	1 64	1 66	-40.93097943468871
603	1 10	1 12	1 66	1 68	14.45187285204705
604	1 10	1 12	1 68	1 70	14.032940752443693
605	1 10	1 12	1 70	1 72	7.850343232391227
606	1 10	1 12	1 71	1 1	-319.8267786746761
607	1 11	1 13	1 12	1 14	165.74511442074245
608	1 11	1 13	1 14	1 16	-39.56743175958559
609	1 11	1 13	1 18	1 20	138.7459841230492
610	1 11	1 13	1 20	1 22	134.53438802540472
611	1 11	1 13	1 22	1 24	-19.43569179682889
612	1 11	1 13	1 24	1 26	-197.92491847714393
613	1 11	1 13	1 26	1 28	85.07135581775424
614	1 11	1 13	1 28	1 30	91.60581276528613
615	1 11	1 13	1 30	1 32	4.462090720953132
616	1 11	1 13	1 17	1 19	10.530648874751197
617	1 11	1 13	1 19	1 21	236.99386210565905
618	1 11	1 13	1 23	1 25	-212.9721201617739
619	1 11	1 13	1 25	1 27	41.78257440579152
620	1 11	1 13	1 27	1 29	115.72049521597532
621	1 11	1 13	1 29	1 31	35.33100195489388
622	1 11	1 13	1 33	1 35	36.28589949150691
623	1 11	1 13	1 32	1 34	-140.026517839742
624	1 11	1 13	1 34	1 36	51.71778253191589
625	1 11	1 13	1 36	1 38	55.502325844333924
626	1 11	1 13	1 38	1 40	20.01286361924895
627	1 11	1 13	1 40	1 42	-104.5080439796339
628	1 11	1 13	1 42	1 44	34.22386660783938
629	1 11	1 13	1 44	1 46	36.03563665904648
630	1 11	1 13	1 46	1 48	18.082898591599264
631	1 11	1 13	1 48	1 50	-75.59401577335811
632	1 11	1 13	1 50	1 52	23.594310035908734
633	1 11	1 13	1 35	1 37	62.43988192808263
634	1 11	1 13	1 37	1 39	36.89150239564676
635	1 11	1 13	1 39	1 41	-108.22969911319895
636	1 11	1 13	1 41	1 43	24.99482673704593
637	1 11	1 13	1 43	1 45	38.54218591326806
638	1 11	1 13	1 45	1 47	27.442934978851525
639	1 11	1 13	1 47	1 49	-74.97573910893647
640	1 11	1 13	1 49	1 51	17.551626918947278
641	1 11	1 13	1 51	1 53	26.01396330477799
642	1 11	1 13	1 53	1 55	21.581630443472907
643	1 11	1 13	1 52	1 54	24.57115911124597
644	1 11	1 13	1 54	1 56	15.064678767789202
645	1 11	1 13	1 56	1 58	-55.31150446448602
646	1 11	1 13	1 58	1 60	17.420828729880203
647	1 11	1 13	1 60	1 62	18.249565253771742
648	1 11	1 13	1 62	1 64	10.972420817009517
649	1 11	1 13	1 64	1 66	-41.88620995994282
650	1 11	1 13	1 66	1 68	13.249632596953905
651	1 11	1 13	1 68	1 70	14.503222524211958
652	1 11	1 13	1 70	1 72	8.907065650509761
653	1 11	1 13	1 55	1 57	-54.87502972636238
654	1 11	1 13	1 57	1 59	12.120523850610132
655	1 11	1 13	1 59	1 61	18.457396710283845
656	1 11	1 13	1 61	1 63	16.137329555435613
657	1 11	1 13	1 63	1 65	-41.33976564371894
658	1 11	1 13	1 65	1 67	9.881895312050618
659	1 11	1 13	1 67	1 69	14.504788563849738
660	1 11	1 13	1 69	1 71	12.406470050085941
661	1 11	1 13	1 71	1 1	-199.19710217135682
662	1 12	1 14	1 13	1 15	198.88302443199362
663	1 12	1 14	1 17	1 19	-15.361252945243905
664	1 12	1 14	1 19	1 21	122.78440428635247
665	1 12	1 14	1 21	1 23	132.98022238852565
666	1 12	1 14	1 23	1 25	-216.94421572474812
667	1 12	1 14	1 25	1 27	7.444967833219183
668	1 12	1 14	1 27	1 29	80.27473823337758
669	1 12	1 14	1 29	1 31	90.75026525634726
670	1 12	1 14	1 31	1 33	-154.88837351925372
671	1 12	1 14	1 20	1 22	224.15154276105488
672	1 12	1 14	1 24	1 26	-218.3631973935009
673	1 12	1 14	1 26	1 28	29.569525122038225
674	1 12	1 14	1 28	1 30	118.96381601557556
675	1 12	1 14	1 30	1 32	35.59463795443209
676	1 12	1 14	1 34	1 36	28.698428027926354
677	1 12	1 14	1 33	1 35	15.526121502646959
678	1 12	1 14	1 35	1 37	50.7308604371087
679	1 12	1 14	1 37	1 39	60.38455427328985
680	1 12	1 14	1 39	1 41	-108.28685720438823
681	1 12	1 14	1 41	1 43	14.478168446222826
682	1 12	1 14	1 43	1 45	34.40249721065834
683	1 12	1 14	1 45	1 47	36.82575503797756
684	1 12	1 14	1 47	1 49	-73.40118290536992
685	1 12	1 14	1 49	1 51	12.302633558431793
686	1 12	1 14	1 51	1 53	24.221744110980577
687	1 12	1 14	1 36	1 38	65.70149588330656
688	1 12	1 14	1 38	1 40	39.586265733898585
689	1 12	1 14	1 40	1 42	-115.05816361342433
690	1 12	1 14	1 42	1 44	24.306083935471356
691	1 12	1 14	1 44	1 46	39.91827760171695
692	1 12	1 14	1 46	1 48	28.15864919741488
693	1 12	1 14	1 48	1 50	-81.00065699618517
694	1 12	1 14	1 50	1 52	18.848322549089858
695	1 12	1 14	1 52	1 54	26.052918569980395
696	1 12	1 14	1 54	1 56	20.199155705943085
697	1 12	1 14	1 53	1 55	26.051037570147145
698	1 12	1 14	1 55	1 57	-54.0394377374728
699	1 12	1 14	1 57	1 59	9.564534692538231
700	1 12	1 14	1 59	1 61	17.293274963314076
701	1 12	1 14	1 61	1 63	18.35884016915643
702	1 12	1 14	1 63	1 65	-40.62893327693287
703	1 12	1 14	1 65	1 67	8.471865637208957
704	1 12	1 14	1 67	1 69	13.897020933038398
705	1 12	1 14	1 69	1 71	13.488638795484832
706	1 12	1 14	1 71	1 1	-136.56253586216178
707	1 12	1 14	1 56	1 58	-57.7686874234327
708	1 12	1 14	1 58	1 60	14.889999454507178
709	1 12	1 14	1 60	1 62	19.04609656109863
710	1 12	1 14	1 62	1 64	13.495554494423553
711	1 12	1 14	1 64	1 66	-42.927138074445594
712	1 12	1 14	1 66	1 68	11.94673319935961
713	1 12	1 14	1 68	1 70	14.890115833813208
714	1 12	1 14	1 70	1 72	10.14455731122347
715	1 12	1 14	1 72	1 2	-152.23807292727645
716	1 13	1 15	1 14	1 16	212.62111132124912
717	1 13	1 15	1 18	1 20	-18.579584791690017
718	1 13	1 15	1 20	1 22	126.81789305483946
719	1 13	1 15	1 22	1 24	171.66452687605502
720	1 13	1 15	1 26	1 28	3.807376937958511
721	1 13	1 15	1 28	1 30	93.68897270694836
722	1 13	1 15	1 30	1 32	93.00043723761638
723	1 13	1 15	1 32	1 34	-170.14408719723184
724	1 13	1 15	1 17	1 19	-12.339433662343914
725	1 13	1 15	1 21	1 23	241.7945453295107
726	1 13	1 15	1 23	1 25	-220.1684044384213
727	1 13	1 15	1 27	1 29	32.9282595360811
728	1 13	1 15	1 29	1 31	128.63765163933118
729	1 13	1 15	1 33	1 35	6.140478125624451
730	1 13	1 15	1 35	1 37	32.59338876324359
731	1 13	1 15	1 34	1 36	13.583198829297935
732	1 13	1 15	1 36	1 38	59.42725852427556
733	1 13	1 15	1 38	1 40	63.35548252615961
734	1 13	1 15	1 40	1 42	-121.06091169202757
735	1 13	1 15	1 42	1 44	16.409483594924275
736	1 13	1 15	1 44	1 46	38.050372140334574
737	1 13	1 15	1 46	1 48	38.21179938010221
738	1 13	1 15	1 48	1 50	-82.83863358669608
739	1 13	1 15	1 50	1 52	14.512132194364057
740	1 13	1 15	1 52	1 54	25.079437698400973
741	1 13	1 15	1 37	1 39	74.96672543157243
742	1 13	1 15	1 39	1 41	-99.44596549032377
743	1 13	1 15	1 41	1 43	8.382965617889306
744	1 13	1 15	1 43	1 45	27.11010350432384
745	1 13	1 15	1 45	1 47	42.24209431712677
746	1 13	1 15	1 47	1 49	-68.2780011105431
747	1 13	1 15	1 49	1 51	8.642346126572686
748	1 13	1 15	1 51	1 53	20.841716460850705
749	1 13	1 15	1 53	1 55	28.366487194757482
750	1 13	1 15	1 55	1 57	-50.77691062620366
751	1 13	1 15	1 54	1 56	24.599497018485643
752	1 13	1 15	1 56	1 58	-57.70427132598252
753	1 13	1 15	1 58	1 60	12.398830973920019
754	1 13	1 15	1 60	1 62	18.503175534768527
755	1 13	1 15	1 62	1 64	15.341560459302643
756	1 13	1 15	1 64	1 66	-42.10442717563926
757	1 13	1 15	1 66	1 68	10.440612609615297
758	1 13	1 15	1 68	1 70	14.457422626596603
759	1 13	1 15	1 70	1 72	10.874719176471224
760	1 13	1 15	1 57	1 59	7.517001610869574
761	1 13	1 15	1 59	1 61	15.38417570667762
762	1 13	1 15	1 61	1 63	19.288762509653147
763	1 13	1 15	1 63	1 65	-38.29269628449104
764	1 13	1 15	1 65	1 67	7.141690859580246
765	1 13	1 15	1 67	1 69	12.760507688378194
766	1 13	1 15	1 69	1 71	13.761895702663088
767	1 13	1 15	1 71	1 1	-99.70058368432765
768	1 14	1 16	1 15	1 17	-152.23079969209198
769	1 14	1 16	1 17	1 19	-7.641549818895106
770	1 14	1 16	1 19	1 21	-16.343332187749667
771	1 14	1 16	1 21	1 23	147.0493494814864
772	1 14	1 16	1 23	1 25	-113.89573503687643
773	1 14	1 16	1 25	1 27	-2.7401671377304844
774	1 14	1 16	1 27	1 29	7.464527336951374
775	1 14	1 16	1 29	1 31	100.7867573479852
776	1 14	1 16	1 31	1 33	-95.07407811953863
777	1 14	1 16	1 18	1 20	-11.93234137996318
778	1 14	1 16	1 22	1 24	292.3921751341476
779	1 14	1 16	1 24	1 26	-275.8307974119748
780	1 14	1 16	1 26	1 28	-1.841978143249163
781	1 14	1 16	1 28	1 30	43.02035807780818
782	1 14	1 16	1 30	1 32	123.87607634718523
783	1 14	1 16	1 34	1 36	5.8803362907950625
784	1 14	1 16	1 36	1 38	38.43044480773153
785	1 14	1 16	1 35	1 37	16.876477744785966
786	1 14	1 16	1 37	1 39	62.77027074163456
787	1 14	1 16	1 39	1 41	-73.35638543470965
788	1 14	1 16	1 41	1 43	4.68483602047402
789	1 14	1 16	1 43	1 45	17.6374549304752
790	1 14	1 16	1 45	1 47	35.67497862220085
791	1 14	1 16	1 47	1 49	-51.35219705131357
792	1 14	1 16	1 49	1 51	5.487192961302357
793	1 14	1 16	1 51	1 53	14.769219006775135
794	1 14	1 16	1 53	1 55	23.764695791289597
795	1 14	1 16	1 38	1 40	69.11006540173943
796	1 14	1 16	1 40	1 42	-102.82096055784967
797	1 14	1 16	1 42	1 44	9.798005164470776
798	1 14	1 16	1 44	1 46	27.65923418597288
799	1 14	1 16	1 46	1 48	38.128590889013196
800	1 14	1 16	1 48	1 50	-68.59830122768986
801	1 14	1 16	1 50	1 52	9.662536601657319
802	1 14	1 16	1 52	1 54	19.115781037598914
803	1 14	1 16	1 54	1 56	22.871759568209114
804	1 14	1 16	1 56	1 58	-46.88671998255799
805	1 14	1 16	1 55	1 57	-39.156094239488795
806	1 14	1 16	1 57	1 59	5.159931113008804
807	1 14	1 16	1 59	1 61	11.34183420410783
808	1 14	1 16	1 61	1 63	16.049894919241922
809	1 14	1 16	1 63	1 65	-29.73629167749422
810	1 14	1 16	1 65	1 67	5.1355547255634235
811	1 14	1 16	1 67	1 69	9.663246623057002
812	1 14	1 16	1 69	1 71	11.267158764666743
813	1 14	1 16	1 71	1 1	-69.52249319154265
814	1 14	1 16	1 58	1 60	8.749783548419622
815	1 14	1 16	1 60	1 62	14.462521514629948
816	1 14	1 16	1 62	1 64	13.584820862396956
817	1 14	1 16	1 64	1 66	-33.72372408890219
818	1 14	1 16	1 66	1 68	7.65908682462547
819	1 14	1 16	1 68	1 70	11.384763016936
820	1 14	1 16	1 70	1 72	9.223815736665024
821	1 14	1 16	1 72	1 2	-77.78674014238773
822	1 15	1 17	1 16	1 18	762.1610744778668
823	1 15	1 17	1 18	1 20	-322.39665394357894
824	1 15	1 17	1 20	1 22	-236.84399585921324
825	1 15	1 17	1 22	1 24	-136.63168586046334
826	1 15	1 17	1 24	1 26	612.8604206874119
827	1 15	1 17	1 26	1 28	-240.08579079575762
828	1 15	1 17	1 28	1 30	-198.0871003184539
829	1 15	1 17	1 30	1 32	-91.16058759811355
830	1 15	1 17	1 32	1 34	437.98844140213635
831	1 15	1 17	1 34	1 36	-155.8231970749702
832	1 15	1 17	1 21	1 23	-220.85457557668957
833	1 15	1 17	1 23	1 25	724.6331790689148
834	1 15	1 17	1 25	1 27	-293.82492320907954
835	1 15	1 17	1 27	1 29	-204.73686559842267
836	1 15	1 17	1 31	1 33	491.0649121543779
837	1 15	1 17	1 33	1 35	-167.77793354721248
838	1 15	1 17	1 35	1 37	-146.8991705984233
839	1 15	1 17	1 37	1 39	-122.17615089514067
840	1 15	1 17	1 36	1 38	-140.80947448209264
841	1 15	1 17	1 38	1 40	-90.25563121059412
842	1 15	1 17	1 40	1 42	329.52047780843384
843	1 15	1 17	1 42	1 44	-107.13996927158321
844	1 15	1 17	1 44	1 46	-100.75792162086616
845	1 15	1 17	1 46	1 48	-65.81944480748305
846	1 15	1 17	1 48	1 50	237.37160137299233
847	1 15	1 17	1 50	1 52	-74.59789393476248
848	1 15	1 17	1 52	1 54	-72.08348132070508
849	1 15	1 17	1 54	1 56	-49.77672837279319
850	1 15	1 17	1 39	1 41	341.74704302209466
851	1 15	1 17	1 41	1 43	-97.67711879982983
852	1 15	1 17	1 43	1 45	-107.09248219722535
853	1 15	1 17	1 45	1 47	-86.1438277094419
854	1 15	1 17	1 47	1 49	234.504646166589
855	1 15	1 17	1 49	1 51	-61.75203399469132
856	1 15	1 17	1 51	1 53	-76.92270819945846
857	1 15	1 17	1 53	1 55	-66.85396768461834
858	1 15	1 17	1 55	1 57	171.0824726210234
859	1 15	1 17	1 57	1 59	-40.23312667313051
860	1 15	1 17	1 56	1 58	173.57919878145648
861	1 15	1 17	1 58	1 60	-55.201185781505345
862	1 15	1 17	1 60	1 62	-55.4434811744087
863	1 15	1 17	1 62	1 64	-35.24233791374063
864	1 15	1 17	1 64	1 66	130.91033878660664
865	1 15	1 17	1 66	1 68	-41.895591544261066
866	1 15	1 17	1 68	1 70	-44.82295649662057
867	1 15	1 17	1 70	1 72	-28.024056374770083
868	1 15	1 17	1 72	1 2	333.6055451576205
869	1 15	1 17	1 59	1 61	-56.4524554250885
870	1 15	1 17	1 61	1 63	-49.91156505805951
871	1 15	1 17	1 63	1 65	128.92738603298034
872	1 15	1 17	1 65	1 67	-31.918202220977978
873	1 15	1 17	1 67	1 69	-44.98970398379101
874	1 15	1 17	1 69	1 71	-38.51492441609739
875	1 15	1 17	1 71	1 1	434.30454030352803
876	1 16	1 18	1 17	1 19	-143.3320428028312
877	1 16	1 18	1 19	1 21	-285.6443527370137
878	1 16	1 18	1 21	1 23	-253.28238525422404
879	1 16	1 18	1 23	1 25	597.7766552320687
880	1 16	1 18	1 25	1 27	-123.70973833605649
881	1 16	1 18	1 27	1 29	-216.62657168179433
882	1 16	1 18	1 29	1 31	-199.47166665960452
883	1 16	1 18	1 31	1 33	442.102519154009
884	1 16	1 18	1 33	1 35	-92.48503023845359
885	1 16	1 18	1 35	1 37	-144.6063292893433
886	1 16	1 18	1 22	1 24	-284.1107149116636
887	1 16	1 18	1 24	1 26	718.3579024581993
888	1 16	1 18	1 26	1 28	-215.9290684819024
889	1 16	1 18	1 28	1 30	-214.9977932648248
890	1 16	1 18	1 30	1 32	-153.24764327757026
891	1 16	1 18	1 32	1 34	459.0680934766935
892	1 16	1 18	1 34	1 36	-123.985098743876
893	1 16	1 18	1 36	1 38	-150.8306022565672
894	1 16	1 18	1 38	1 40	-120.38969126308287
895	1 16	1 18	1 37	1 39	-149.6554051880285
896	1 16	1 18	1 39	1 41	319.4066843971383
897	1 16	1 18	1 41	1 43	-63.72218985530468
898	1 16	1 18	1 43	1 45	-101.34141700343287
899	1 16	1 18	1 45	1 47	-97.88281569219951
900	1 16	1 18	1 47	1 49	219.25960098227267
901	1 16	1 18	1 49	1 51	-45.79244844411989
902	1 16	1 18	1 51	1 53	-72.22393656504639
903	1 16	1 18	1 53	1 55	-72.22663410725394
904	1 16	1 18	1 55	1 57	161.92789325221867
905	1 16	1 18	1 40	1 42	339.84917992423186
906	1 16	1 18	1 42	1 44	-87.04880004850223
907	1 16	1 18	1 44	1 46	-105.73372576947901
908	1 16	1 18	1 46	1 48	-81.66396608894814
909	1 16	1 18	1 48	1 50	238.97499056765565
910	1 16	1 18	1 50	1 52	-62.69452407422113
911	1 16	1 18	1 52	1 54	-73.13272175079913
912	1 16	1 18	1 54	1 56	-57.55828058868539
913	1 16	1 18	1 56	1 58	170.90573372206023
914	1 16	1 18	1 58	1 60	-47.66933713114655
915	1 16	1 18	1 57	1 59	-32.576448368727625
916	1 16	1 18	1 59	1 61	-52.43729521741784
917	1 16	1 18	1 61	1 63	-52.2928381356671
918	1 16	1 18	1 63	1 65	122.45285955965417
919	1 16	1 18	1 65	1 67	-27.38770916302672
920	1 16	1 18	1 67	1 69	-42.14394152057375
921	1 16	1 18	1 69	1 71	-39.13965562750997
922	1 16	1 18	1 71	1 1	365.5808414826591
923	1 16	1 18	1 60	1 62	-55.0573025764558
924	1 16	1 18	1 62	1 64	-38.555360346889955
925	1 16	1 18	1 64	1 66	127.24715759160476
926	1 16	1 18	1 66	1 68	-37.34759901965263
927	1 16	1 18	1 68	1 70	-43.798803677666854
928	1 16	1 18	1 70	1 72	-29.267023590700543
929	1 16	1 18	1 72	1 2	325.15869218500796
930	1 17	1 19	1 18	1 20	190.15711447977884
931	1 17	1 19	1 20	1 22	-38.49659969131159
932	1 17	1 19	1 22	1 24	-9.389616154910302
933	1 17	1 19	1 26	1 28	145.41035606572916
934	1 17	1 19	1 28	1 30	-16.941844219420226
935	1 17	1 19	1 30	1 32	-6.409408406816633
936	1 17	1 19	1 32	1 34	-100.17057541971037
937	1 17	1 19	1 34	1 36	87.09230920958063
938	1 17	1 19	1 36	1 38	7.723745497625792
939	1 17	1 19	1 21	1 23	-16.56488122450979
940	1 17	1 19	1 25	1 27	305.51239294582206
941	1 17	1 19	1 27	1 29	6.79029491316839
942	1 17	1 19	1 29	1 31	-11.0095913896908
943	1 17	1 19	1 33	1 35	140.91294768454546
944	1 17	1 19	1 35	1 37	35.4407404857599
945	1 17	1 19	1 37	1 39	1.6994116280205325
946	1 17	1 19	1 39	1 41	-114.84080155812538
947	1 17	1 19	1 40	1 42	-81.41661502424552
948	1 17	1 19	1 42	1 44	52.94945478822635
949	1 17	1 19	1 44	1 46	16.756187393516754
950	1 17	1 19	1 46	1 48	4.583705852714527
951	1 17	1 19	1 48	1 50	-63.2305435052245
952	1 17	1 19	1 50	1 52	33.722311338752924
953	1 17	1 19	1 52	1 54	16.596687556507078
954	1 17	1 19	1 54	1 56	6.281084774232053
955	1 17	1 19	1 56	1 58	-48.785778478569085
956	1 17	1 19	1 41	1 43	66.8851123086136
957	1 17	1 19	1 43	1 45	31.79060657530836
958	1 17	1 19	1 45	1 47	8.570382081942919
959	1 17	1 19	1 47	1 49	-77.27439829291583
960	1 17	1 19	1 49	1 51	35.16625097027583
961	1 17	1 19	1 51	1 53	24.60029680222285
962	1 17	1 19	1 53	1 55	11.22931260230121
963	1 17	1 19	1 55	1 57	-55.14123838110212
964	1 17	1 19	1 57	1 59	19.555480427687925
965	1 17	1 19	1 59	1 61	19.08575019962787
966	1 17	1 19	1 58	1 60	22.804205465432723
967	1 17	1 19	1 60	1 62	14.468705451237685
968	1 17	1 19	1 62	1 64	6.089305635905012
969	1 17	1 19	1 64	1 66	-38.35200264819515
970	1 17	1 19	1 66	1 68	16.039818633831306
971	1 17	1 19	1 68	1 70	12.700719111120998
972	1 17	1 19	1 70	1 72	6.109183724989014
973	1 17	1 19	1 72	1 2	-115.68198856856212
974	1 17	1 19	1 61	1 63	10.526360410154691
975	1 17	1 19	1 63	1 65	-41.70645544336644
976	1 17	1 19	1 65	1 67	13.61377226471178
977	1 17	1 19	1 67	1 69	15.004285426172606
978	1 17	1 19	1 69	1 71	9.52092789231483
979	1 17	1 19	1 71	1 1	-210.64166901959948
980	1 18	1 20	1 19	1 21	171.36167412742287
981	1 18	1 20	1 21	1 23	-36.43212253788539
982	1 18	1 20	1 23	1 25	-261.8727680031998
983	1 18	1 20	1 25	1 27	149.07519614758144
984	1 18	1 20	1 27	1 29	124.85157522646533
985	1 18	1 20	1 29	1 31	-15.946999556947201
986	1 18	1 20	1 31	1 33	-185.71659020469627
987	1 18	1 20	1 33	1 35	89.80616234182551
988	1 18	1 20	1 35	1 37	75.23017640129285
989	1 18	1 20	1 37	1 39	10.090245851435414
990	1 18	1 20	1 22	1 24	-17.10285435650171
991	1 18	1 20	1 30	1 32	-10.400506376575912
992	1 18	1 20	1 34	1 36	102.93906787585468
993	1 18	1 20	1 36	1 38	32.11345648006413
994	1 18	1 20	1 38	1 40	4.418034395786041
995	1 18	1 20	1 40	1 42	-106.9359118419452
996	1 18	1 20	1 39	1 41	-127.85975748116763
997	1 18	1 20	1 41	1 43	50.21663500965942
998	1 18	1 20	1 43	1 45	46.55439591574533
999	1 18	1 20	1 45	1 47	16.961053874803728
1000	1 18	1 20	1 47	1 49	-87.85763560905318
1001	1 18	1 20	1 49	1 51	30.072400913952507
1002	1 18	1 20	1 51	1 53	31.30329076642998
1003	1 18	1 20	1 53	1 55	17.541516701859685
1004	1 18	1 20	1 55	1 57	-63.76619727070691
1005	1 18	1 20	1 57	1 59	18.336207550733153
1006	1 18	1 20	1 42	1 44	56.03782254342264
1007	1 18	1 20	1 44	1 46	30.498193745032296
1008	1 18	1 20	1 46	1 48	9.0173886408246
1009	1 18	1 20	1 48	1 50	-79.32367850463339
1010	1 18	1 20	1 50	1 52	34.94337375123976
1011	1 18	1 20	1 52	1 54	24.139149155120545
1012	1 18	1 20	1 54	1 56	10.37045676149052
1013	1 18	1 20	1 56	1 58	-59.63787731656476
1014	1 18	1 20	1 58	1 60	23.93677711153517
1015	1 18	1 20	1 60	1 62	19.055371556712988
1016	1 18	1 20	1 59	1 61	22.476813052108678
1017	1 18	1 20	1 61	1 63	14.85366117529226
1018	1 18	1 20	1 63	1 65	-48.28612631870156
1019	1 18	1 20	1 65	1 67	13.716187767907506
1020	1 18	1 20	1 67	1 69	17.373137224814734
1021	1 18	1 20	1 69	1 71	12.431814387091059
1022	1 18	1 20	1 71	1 1	-203.47811727419867
1023	1 18	1 20	1 62	1 64	9.001336864096174
1024	1 18	1 20	1 64	1 66	-46.06281218301862
1025	1 18	1 20	1 66	1 68	17.309186056817676
1026	1 18	1 20	1 68	1 70	15.819494553727168
1027	1 18	1 20	1 70	1 72	8.298033649334133
1028	1 18	1 20	1 72	1 2	-156.16811602838146
1029	1 19	1 21	1 20	1 22	154.80502608834604
1030	1 19	1 21	1 22	1 24	-39.55145241327769
1031	1 19	1 21	1 26	1 28	118.2977577573744
1032	1 19	1 21	1 28	1 30	125.64237380594199
1033	1 19	1 21	1 30	1 32	-16.861151861185085
1034	1 19	1 21	1 32	1 34	-170.25988423399363
1035	1 19	1 21	1 34	1 36	70.6534586623878
1036	1 19	1 21	1 36	1 38	74.9935151196709
1037	1 19	1 21	1 38	1 40	13.409951258099323
1038	1 19	1 21	1 25	1 27	6.8001727817373965
1039	1 19	1 21	1 27	1 29	210.6864248879984
1040	1 19	1 21	1 29	1 31	4.2194845781626125
1041	1 19	1 21	1 33	1 35	33.28152390743061
1042	1 19	1 21	1 35	1 37	95.3787824114728
1043	1 19	1 21	1 37	1 39	35.37552659702745
1044	1 19	1 21	1 39	1 41	-133.00457705346037
1045	1 19	1 21	1 41	1 43	28.02261531558608
1046	1 19	1 21	1 40	1 42	-127.11902853274128
1047	1 19	1 21	1 42	1 44	44.95292987469679
1048	1 19	1 21	1 44	1 46	46.98877964145835
1049	1 19	1 21	1 46	1 48	17.725516405309953
1050	1 19	1 21	1 48	1 50	-92.37431753512553
1051	1 19	1 21	1 50	1 52	30.31023219974131
1052	1 19	1 21	1 52	1 54	31.399746978460314
1053	1 19	1 21	1 54	1 56	16.671554585665966
1054	1 19	1 21	1 56	1 58	-68.02884148321493
1055	1 19	1 21	1 58	1 60	22.071015088324128
1056	1 19	1 21	1 43	1 45	53.502015382600874
1057	1 19	1 21	1 45	1 47	31.43192171492214
1058	1 19	1 21	1 47	1 49	-93.05548268126688
1059	1 19	1 21	1 49	1 51	21.203115058372887
1060	1 19	1 21	1 51	1 53	34.16416646132553
1061	1 19	1 21	1 53	1 55	25.912090458213452
1062	1 19	1 21	1 55	1 57	-68.40158354591307
1063	1 19	1 21	1 57	1 59	14.971058386241639
1064	1 19	1 21	1 59	1 61	23.576840389689337
1065	1 19	1 21	1 61	1 63	19.6418643344589
1066	1 19	1 21	1 60	1 62	22.945652087292956
1067	1 19	1 21	1 62	1 64	12.809531296048242
1068	1 19	1 21	1 64	1 66	-51.581402831402826
1069	1 19	1 21	1 66	1 68	16.659882492799532
1070	1 19	1 21	1 68	1 70	18.072800243852875
1071	1 19	1 21	1 70	1 72	10.703838383392949
1072	1 19	1 21	1 63	1 65	-51.34430604047453
1073	1 19	1 21	1 65	1 67	12.33031151092717
1074	1 19	1 21	1 67	1 69	18.293218475988002
1075	1 19	1 21	1 69	1 71	15.228965695286865
1076	1 20	1 22	1 21	1 23	144.41441966209896
1077	1 20	1 22	1 23	1 25	-242.8455839249934
1078	1 20	1 22	1 25	1 27	-17.465348440494996
1079	1 20	1 22	1 27	1 29	113.95958202570563
1080	1 20	1 22	1 29	1 31	117.5583274332246
1081	1 20	1 22	1 31	1 33	-192.2931759833831
1082	1 20	1 22	1 33	1 35	6.049670096596269
1083	1 20	1 22	1 35	1 37	68.87312819237454
1084	1 20	1 22	1 37	1 39	78.71125916749338
1085	1 20	1 22	1 39	1 41	-135.02305966915935
1086	1 20	1 22	1 24	1 26	-216.2685170646359
1087	1 20	1 22	1 28	1 30	210.4901394425497
1088	1 20	1 22	1 34	1 36	25.92375659031174
1089	1 20	1 22	1 36	1 38	97.69614766684543
1090	1 20	1 22	1 38	1 40	38.17541566450225
1091	1 20	1 22	1 40	1 42	-138.92296569252315
1092	1 20	1 22	1 42	1 44	27.26737331111191
1093	1 20	1 22	1 41	1 43	12.563772327271842
1094	1 20	1 22	1 43	1 45	44.76769748331391
1095	1 20	1 22	1 45	1 47	47.361954128124395
1096	1 20	1 22	1 47	1 49	-91.01527849406911
1097	1 20	1 22	1 49	1 51	13.047348046881497
1098	1 20	1 22	1 51	1 53	30.63194315142571
1099	1 20	1 22	1 53	1 55	32.88455852616835
1100	1 20	1 22	1 55	1 57	-66.63243497455525
1101	1 20	1 22	1 57	1 59	10.936097467574905
1102	1 20	1 22	1 59	1 61	21.442474795029728
1103	1 20	1 22	1 44	1 46	54.18688591519788
1104	1 20	1 22	1 46	1 48	31.76048036104789
1105	1 20	1 22	1 48	1 50	-98.15015413550222
1106	1 20	1 22	1 50	1 52	22.13950751238373
1107	1 20	1 22	1 52	1 54	33.67901750898949
1108	1 20	1 22	1 54	1 56	24.161416495431478
1109	1 20	1 22	1 56	1 58	-70.87224728503142
1110	1 20	1 22	1 58	1 60	17.832295098821525
1111	1 20	1 22	1 60	1 62	24.007313256225736
1112	1 20	1 22	1 62	1 64	16.46536688858847
1113	1 20	1 22	1 61	1 63	22.947100985073753
1114	1 20	1 22	1 63	1 65	-49.91109392961852
1115	1 20	1 22	1 65	1 67	10.036592440097946
1116	1 20	1 22	1 67	1 69	17.14088275242966
1117	1 20	1 22	1 69	1 71	16.734695417502618
1118	1 20	1 22	1 71	1 1	-120.87440428644598
1119	1 20	1 22	1 64	1 66	-52.60933731660974
1120	1 20	1 22	1 66	1 68	14.450621294273883
1121	1 20	1 22	1 68	1 70	18.47273079702058
1122	1 20	1 22	1 70	1 72	12.48626862619453
1123	1 20	1 22	1 72	1 2	-123.55559996357619
1124	1 21	1 23	1 22	1 24	179.5487247799382
1125	1 21	1 23	1 26	1 28	-17.06142851601726
1126	1 21	1 23	1 28	1 30	131.9366729843114
1127	1 21	1 23	1 30	1 32	121.39274510300206
1128	1 21	1 23	1 32	1 34	-215.27675649060527
1129	1 21	1 23	1 34	1 36	6.149301672841161
1130	1 21	1 23	1 36	1 38	82.14182106742254
1131	1 21	1 23	1 38	1 40	86.24276007850447
1132	1 21	1 23	1 40	1 42	-156.96314095665366
1133	1 21	1 23	1 25	1 27	-11.056861243518469
1134	1 21	1 23	1 29	1 31	232.42541845056013
1135	1 21	1 23	1 35	1 37	31.95871080677439
1136	1 21	1 23	1 37	1 39	114.19059771285379
1137	1 21	1 23	1 39	1 41	-131.46434302808265
1138	1 21	1 23	1 41	1 43	6.470485470150145
1139	1 21	1 23	1 43	1 45	32.101107042625806
1140	1 21	1 23	1 42	1 44	16.155702873982875
1141	1 21	1 23	1 44	1 46	51.04405264623381
1142	1 21	1 23	1 46	1 48	51.53546335134047
1143	1 21	1 23	1 48	1 50	-106.72632942698931
1144	1 21	1 23	1 50	1 52	16.31784514741347
1145	1 21	1 23	1 52	1 54	32.84142869524507
1146	1 21	1 23	1 54	1 56	32.94656281987149
1147	1 21	1 23	1 56	1 58	-74.02005557967689
1148	1 21	1 23	1 58	1 60	14.647582665828567
1149	1 21	1 23	1 60	1 62	23.901479640478904
1150	1 21	1 23	1 45	1 47	59.35468946974565
1151	1 21	1 23	1 47	1 49	-86.79856744074092
1152	1 21	1 23	1 49	1 51	8.787220745700182
1153	1 21	1 23	1 51	1 53	25.62626446972481
1154	1 21	1 23	1 53	1 55	38.25203409654853
1155	1 21	1 23	1 55	1 57	-64.44236730966455
1156	1 21	1 23	1 57	1 59	8.491404039490561
1157	1 21	1 23	1 59	1 61	19.072022296225995
1158	1 21	1 23	1 61	1 63	25.498641592072595
1159	1 21	1 23	1 63	1 65	-48.28805602109133
1160	1 21	1 23	1 62	1 64	20.339946757156078
1161	1 21	1 23	1 64	1 66	-53.798455160493155
1162	1 21	1 23	1 66	1 68	12.701282092949707
1163	1 21	1 23	1 68	1 70	18.523336823252933
1164	1 21	1 23	1 70	1 72	14.2651591613753
1165	1 21	1 23	1 72	1 2	-111.31553165346415
1166	1 21	1 23	1 65	1 67	8.487313343758109
1167	1 21	1 23	1 67	1 69	16.01962561288658
1168	1 21	1 23	1 69	1 71	17.94564571610647
1169	1 21	1 23	1 71	1 1	-101.84166816243133
1170	1 22	1 24	1 23	1 25	-122.60912947041933
1171	1 22	1 24	1 25	1 27	-6.446942721760086
1172	1 22	1 24	1 27	1 29	-14.877651323542228
1173	1 22	1 24	1 29	1 31	146.7763906328263
1174	1 22	1 24	1 31	1 33	-114.5816740184844
1175	1 22	1 24	1 35	1 37	10.685831943384315
1176	1 22	1 24	1 37	1 39	91.36111905955015
1177	1 22	1 24	1 39	1 41	-92.37595938718968
1178	1 22	1 24	1 41	1 43	3.4411624474813127
1179	1 22	1 24	1 26	1 28	-10.080297687251678
1180	1 22	1 24	1 28	1 30	15.904824288520004
1181	1 22	1 24	1 30	1 32	237.80317111047344
1182	1 22	1 24	1 36	1 38	41.44672727617712
1183	1 22	1 24	1 38	1 40	115.50656551320174
1184	1 22	1 24	1 40	1 42	-145.8216195256593
1185	1 22	1 24	1 42	1 44	8.82112400491797
1186	1 22	1 24	1 44	1 46	34.57639429145536
1187	1 22	1 24	1 43	1 45	18.619170357181147
1188	1 22	1 24	1 45	1 47	51.162613393069904
1189	1 22	1 24	1 47	1 49	-65.80290155549474
1190	1 22	1 24	1 49	1 51	5.491120588281669
1191	1 22	1 24	1 51	1 53	17.5913601517443
1192	1 22	1 24	1 53	1 55	33.62632540271236
1193	1 22	1 24	1 55	1 57	-50.866896353647974
1194	1 22	1 24	1 57	1 59	5.819415572111492
1195	1 22	1 24	1 59	1 61	14.042497068013471
1196	1 22	1 24	1 61	1 63	22.34572938359227
1197	1 22	1 24	1 46	1 48	60.102200907476615
1198	1 22	1 24	1 48	1 50	-94.16723225573415
1199	1 22	1 24	1 50	1 52	10.504910758407739
1200	1 22	1 24	1 52	1 54	24.73413303944008
1201	1 22	1 24	1 54	1 56	34.40960285191531
1202	1 22	1 24	1 56	1 58	-63.73551937735242
1203	1 22	1 24	1 58	1 60	10.29455020920502
1204	1 22	1 24	1 60	1 62	19.0844387755102
1205	1 22	1 24	1 62	1 64	19.821226503759398
1206	1 22	1 24	1 64	1 66	-45.26056452663107
1207	1 22	1 24	1 63	1 65	-38.83036271217247
1208	1 22	1 24	1 65	1 67	6.17744474321101
1209	1 22	1 24	1 67	1 69	12.387815605722412
1210	1 22	1 24	1 69	1 71	15.494982021879672
1211	1 22	1 24	1 71	1 1	-76.5756930376828
1212	1 22	1 24	1 66	1 68	9.472540359047144
1213	1 22	1 24	1 68	1 70	15.13285313144785
1214	1 22	1 24	1 70	1 72	13.097664405448757
1215	1 22	1 24	1 72	1 2	-84.29029657513382
1216	1 23	1 25	1 24	1 26	649.4627411434982
1217	1 23	1 25	1 26	1 28	-277.34105226985133
1218	1 23	1 25	1 28	1 30	-235.21605651054404
1219	1 23	1 25	1 30	1 32	-93.69423652642692
1220	1 23	1 25	1 32	1 34	540.1504986201361
1221	1 23	1 25	1 34	1 36	-211.62170983038953
1222	1 23	1 25	1 36	1 38	-169.59634382126637
1223	1 23	1 25	1 38	1 40	-101.81737235021733
1224	1 23	1 25	1 40	1 42	413.716531031841
1225	1 23	1 25	1 42	1 44	-145.94096450943076
1226	1 23	1 25	1 27	1 29	-222.0887511312631
1227	1 23	1 25	1 29	1 31	-218.51731296136637
1228	1 23	1 25	1 31	1 33	687.8645870421319
1229	1 23	1 25	1 33	1 35	-266.38077249755804
1230	1 23	1 25	1 35	1 37	-180.25857515737755
1231	1 23	1 25	1 37	1 39	-152.269424975413
1232	1 23	1 25	1 39	1 41	448.82328406770273
1233	1 23	1 25	1 41	1 43	-144.05390447314562
1234	1 23	1 25	1 43	1 45	-135.230137288552
1235	1 23	1 25	1 45	1 47	-104.18673117514156
1236	1 23	1 25	1 44	1 46	-125.793896426233
1237	1 23	1 25	1 46	1 48	-77.42886232414409
1238	1 23	1 25	1 48	1 50	303.62085012285013
1239	1 23	1 25	1 50	1 52	-102.08903299776287
1240	1 23	1 25	1 52	1 54	-91.64606116447754
1241	1 23	1 25	1 54	1 56	-60.26165440356745
1242	1 23	1 25	1 56	1 58	222.63257630008525
1243	1 23	1 25	1 58	1 60	-74.25012556053811
1244	1 23	1 25	1 60	1 62	-70.70681681681683
1245	1 23	1 25	1 62	1 64	-43.32991390343223
1246	1 23	1 25	1 47	1 49	306.51940056594316
1247	1 23	1 25	1 49	1 51	-88.14164160880776
1248	1 23	1 25	1 51	1 53	-100.19532368245461
1249	1 23	1 25	1 53	1 55	-82.86021761859664
1250	1 23	1 25	1 55	1 57	223.6654563967337
1251	1 23	1 25	1 57	1 59	-55.70515664160401
1252	1 23	1 25	1 59	1 61	-73.97875141712147
1253	1 23	1 25	1 61	1 63	-62.58732196703314
1254	1 23	1 25	1 63	1 65	168.3322578525038
1255	1 23	1 25	1 65	1 67	-43.2265187709687
1256	1 23	1 25	1 64	1 66	169.19690616242676
1257	1 23	1 25	1 66	1 68	-55.943064377975205
1258	1 23	1 25	1 68	1 70	-57.711206062950254
1259	1 23	1 25	1 70	1 72	-35.221240177044926
1260	1 23	1 25	1 72	1 2	244.21262660065156
1261	1 23	1 25	1 67	1 69	-58.91223617246635
1262	1 23	1 25	1 69	1 71	-48.79027261541562
1263	1 23	1 25	1 71	1 1	303.5273347131016
1264	1 24	1 26	1 25	1 27	-117.4799922068035
1265	1 24	1 26	1 27	1 29	-259.04046966494957
1266	1 24	1 26	1 29	1 31	-243.806589037415
1267	1 24	1 26	1 31	1 33	546.1557397244553
1268	1 24	1 26	1 33	1 35	-98.14293795690347
1269	1 24	1 26	1 35	1 37	-195.05179033356023
1270	1 24	1 26	1 37	1 39	-185.31894049611486
1271	1 24	1 26	1 39	1 41	400.21817478425623
1272	1 24	1 26	1 41	1 43	-73.77238057574355
1273	1 24	1 26	1 43	1 45	-132.98740102744375
1274	1 24	1 26	1 28	1 30	-236.71901880627752
1275	1 24	1 26	1 30	1 32	-220.36943791871147
1276	1 24	1 26	1 32	1 34	631.1886934357408
1277	1 24	1 26	1 34	1 36	-194.58171392135978
1278	1 24	1 26	1 36	1 38	-184.89639300205084
1279	1 24	1 26	1 38	1 40	-158.81692211851993
1280	1 24	1 26	1 40	1 42	436.173131999335
1281	1 24	1 26	1 42	1 44	-115.51829933037831
1282	1 24	1 26	1 44	1 46	-132.9233602138337
1283	1 24	1 26	1 46	1 48	-104.24470876622306
1284	1 24	1 26	1 45	1 47	-124.69744366853283
1285	1 24	1 26	1 47	1 49	280.35575895929134
1286	1 24	1 26	1 49	1 51	-56.35929378235464
1287	1 24	1 26	1 51	1 53	-94.21259936342076
1288	1 24	1 26	1 53	1 55	-93.0097728765296
1289	1 24	1 26	1 55	1 57	206.74955541886862
1290	1 24	1 26	1 57	1 59	-40.80049053693378
1291	1 24	1 26	1 59	1 61	-67.58932392795768
1292	1 24	1 26	1 61	1 63	-67.24851489022723
1293	1 24	1 26	1 63	1 65	156.8597016139429
1294	1 24	1 26	1 48	1 50	306.4546288993092
1295	1 24	1 26	1 50	1 52	-81.25348667602839
1296	1 24	1 26	1 52	1 54	-94.37520602204349
1297	1 24	1 26	1 54	1 56	-74.3562070876306
1298	1 24	1 26	1 56	1 58	220.25713764422568
1299	1 24	1 26	1 58	1 60	-61.21394807713061
1300	1 24	1 26	1 60	1 62	-70.99201531660025
1301	1 24	1 26	1 62	1 64	-49.73195944378577
1302	1 24	1 26	1 64	1 66	163.67782671465318
1303	1 24	1 26	1 66	1 68	-47.87340460157776
1304	1 24	1 26	1 65	1 67	-34.7533427025362
1305	1 24	1 26	1 67	1 69	-54.198531238491626
1306	1 24	1 26	1 69	1 71	-50.3979980503875
1307	1 24	1 26	1 71	1 1	265.4666964321955
1308	1 24	1 26	1 68	1 70	-56.38899358933438
1309	1 24	1 26	1 70	1 72	-37.8172550654806
1310	1 24	1 26	1 72	1 2	236.70984781875393
1311	1 25	1 27	1 26	1 28	177.8089647803692
1312	1 25	1 27	1 28	1 30	-52.39307369891535
1313	1 25	1 27	1 30	1 32	-7.921661182132601
1314	1 25	1 27	1 34	1 36	129.23810507213238
1315	1 25	1 27	1 36	1 38	-22.128737430202712
1316	1 25	1 27	1 38	1 40	-4.051838891162532
1317	1 25	1 27	1 40	1 42	-93.44761218849325
1318	1 25	1 27	1 42	1 44	81.56064314200607
1319	1 25	1 27	1 44	1 46	6.8465240953189
1320	1 25	1 27	1 29	1 31	-18.4546818396863
1321	1 25	1 27	1 33	1 35	297.46208959045384
1322	1 25	1 27	1 35	1 37	-1.3106026800801471
1323	1 25	1 27	1 37	1 39	-11.110049866354915
1324	1 25	1 27	1 41	1 43	125.83462390816342
1325	1 25	1 27	1 43	1 45	30.3045347670826
1326	1 25	1 27	1 45	1 47	0.8592058711956508
1327	1 25	1 27	1 47	1 49	-104.63165319238742
1328	1 25	1 27	1 48	1 50	-76.36943393690058
1329	1 25	1 27	1 50	1 52	51.611923927269885
1330	1 25	1 27	1 52	1 54	15.474893486226213
1331	1 25	1 27	1 54	1 56	3.6472549783392747
1332	1 25	1 27	1 56	1 58	-60.58737629816193
1333	1 25	1 27	1 58	1 60	34.08307110813253
1334	1 25	1 27	1 60	1 62	16.247692750231142
1335	1 25	1 27	1 62	1 64	5.239057525722196
1336	1 25	1 27	1 64	1 66	-48.92407284185097
1337	1 25	1 27	1 49	1 51	61.21600471698017
1338	1 25	1 27	1 51	1 53	29.742244819238522
1339	1 25	1 27	1 53	1 55	8.359769210070949
1340	1 25	1 27	1 55	1 57	-73.7970987762016
1341	1 25	1 27	1 57	1 59	31.860559260476144
1342	1 25	1 27	1 59	1 61	25.255082358910737
1343	1 25	1 27	1 61	1 63	10.289697097205075
1344	1 25	1 27	1 63	1 65	-55.94395395310168
1345	1 25	1 27	1 65	1 67	20.946582508053865
1346	1 25	1 27	1 67	1 69	20.180794547164798
1347	1 25	1 27	1 66	1 68	23.343787474421994
1348	1 25	1 27	1 68	1 70	15.559767740594303
1349	1 25	1 27	1 70	1 72	6.405253308839319
1350	1 25	1 27	1 72	1 2	-87.60902250442855
1351	1 25	1 27	1 69	1 71	10.71411610648471
1352	1 25	1 27	1 71	1 1	-138.1427540440664
1353	1 26	1 28	1 27	1 29	146.13846613517399
1354	1 26	1 28	1 29	1 31	-43.97192628412215
1355	1 26	1 28	1 31	1 33	-221.5948523323542
1356	1 26	1 28	1 33	1 35	128.01198573324487
1357	1 26	1 28	1 35	1 37	109.13368573032807
1358	1 26	1 28	1 37	1 39	-18.851976458147433
1359	1 26	1 28	1 39	1 41	-157.463830772554
1360	1 26	1 28	1 41	1 43	74.3463178998289
1361	1 26	1 28	1 43	1 45	65.54951399639621
1362	1 26	1 28	1 45	1 47	6.7795401296009565
1363	1 26	1 28	1 30	1 32	-15.19606833498399
1364	1 26	1 28	1 34	1 36	216.9542465576983
1365	1 26	1 28	1 38	1 40	-7.40277649592209
1366	1 26	1 28	1 40	1 42	-128.76761268059906
1367	1 26	1 28	1 42	1 44	93.00241812843961
1368	1 26	1 28	1 44	1 46	26.641809783638756
1369	1 26	1 28	1 48	1 50	-93.51234701486663
1370	1 26	1 28	1 47	1 49	-110.77632103137276
1371	1 26	1 28	1 49	1 51	44.11623626930991
1372	1 26	1 28	1 51	1 53	42.23683342624775
1373	1 26	1 28	1 53	1 55	15.346208032871424
1374	1 26	1 28	1 55	1 57	-80.08520543963081
1375	1 26	1 28	1 57	1 59	26.129063378397365
1376	1 26	1 28	1 59	1 61	29.829480282887157
1377	1 26	1 28	1 61	1 63	15.396917124954946
1378	1 26	1 28	1 63	1 65	-61.13530416587069
1379	1 26	1 28	1 65	1 67	18.94198680877922
1380	1 26	1 28	1 50	1 52	52.05169725499945
1381	1 26	1 28	1 52	1 54	26.88121205583419
1382	1 26	1 28	1 54	1 56	6.9280225351980125
1383	1 26	1 28	1 56	1 58	-71.86320753421512
1384	1 26	1 28	1 58	1 60	33.732460668854905
1385	1 26	1 28	1 60	1 62	22.504936660773875
1386	1 26	1 28	1 62	1 64	8.143700374319419
1387	1 26	1 28	1 64	1 66	-56.323782730330365
1388	1 26	1 28	1 66	1 68	23.4556358896916
1389	1 26	1 28	1 68	1 70	19.147064959533907
1390	1 26	1 28	1 67	1 69	22.591095881249903
1391	1 26	1 28	1 69	1 71	14.072044521797174
1392	1 26	1 28	1 71	1 1	-131.4062115993475
1393	1 26	1 28	1 70	1 72	8.753664520064314
1394	1 26	1 28	1 72	1 2	-100.2323765043711
1395	1 27	1 29	1 28	1 30	161.62040352387868
1396	1 27	1 29	1 30	1 32	-46.22785636289444
1397	1 27	1 29	1 32	1 34	-213.58348598122652
1398	1 27	1 29	1 34	1 36	112.48997275258799
1399	1 27	1 29	1 36	1 38	113.57508278003917
1400	1 27	1 29	1 38	1 40	-16.043987942416074
1401	1 27	1 29	1 40	1 42	-158.85807153609966
1402	1 27	1 29	1 42	1 44	67.99431710092533
1403	1 27	1 29	1 44	1 46	68.57262292028017
1404	1 27	1 29	1 46	1 48	7.911159350799684
1405	1 27	1 29	1 33	1 35	-5.324033425074864
1406	1 27	1 29	1 35	1 37	207.48660977787597
1407	1 27	1 29	1 39	1 41	-166.89980129238592
1408	1 27	1 29	1 41	1 43	25.681499958673378
1409	1 27	1 29	1 43	1 45	91.71549540458952
1410	1 27	1 29	1 45	1 47	29.462824988040065
1411	1 27	1 29	1 47	1 49	-122.92391671820243
1412	1 27	1 29	1 49	1 51	25.772832935843162
1413	1 27	1 29	1 48	1 50	-117.51594364250614
1414	1 27	1 29	1 50	1 52	43.57851776998169
1415	1 27	1 29	1 52	1 54	44.40324624405197
1416	1 27	1 29	1 54	1 56	15.339672349915162
1417	1 27	1 29	1 56	1 58	-87.69050603903807
1418	1 27	1 29	1 58	1 60	30.85643275989282
1419	1 27	1 29	1 60	1 62	31.309497323192176
1420	1 27	1 29	1 62	1 64	14.16427192408377
1421	1 27	1 29	1 64	1 66	-67.55455812526675
1422	1 27	1 29	1 66	1 68	22.873685848050254
1423	1 27	1 29	1 51	1 53	51.9036945250359
1424	1 27	1 29	1 53	1 55	30.395193567916884
1425	1 27	1 29	1 55	1 57	-90.26502540089831
1426	1 27	1 29	1 57	1 59	19.607543112887676
1427	1 27	1 29	1 59	1 61	33.5513348529294
1428	1 27	1 29	1 61	1 63	24.527201462960313
1429	1 27	1 29	1 63	1 65	-68.56105790072058
1430	1 27	1 29	1 65	1 67	16.54469192563269
1431	1 27	1 29	1 67	1 69	25.145664108741364
1432	1 27	1 29	1 69	1 71	19.547568736505852
1433	1 27	1 29	1 68	1 70	24.23808592253303
1434	1 27	1 29	1 70	1 72	13.030191623138375
1435	1 27	1 29	1 72	1 2	-107.95413017248293
1436	1 27	1 29	1 71	1 1	-120.2434677470981
1437	1 28	1 30	1 29	1 31	160.25349624081124
1438	1 28	1 30	1 31	1 33	-253.56360691838142
1439	1 28	1 30	1 33	1 35	-22.454435728004036
1440	1 28	1 30	1 35	1 37	115.33332208489185
1441	1 28	1 30	1 37	1 39	125.20841854799417
1442	1 28	1 30	1 39	1 41	-198.40104430792553
1443	1 28	1 30	1 41	1 43	4.012873126769839
1444	1 28	1 30	1 43	1 45	72.3175950016128
1445	1 28	1 30	1 45	1 47	74.83487135270961
1446	1 28	1 30	1 47	1 49	-132.37898193760262
1447	1 28	1 30	1 36	1 38	216.37633688958937
1448	1 28	1 30	1 38	1 40	9.418484638359171
1449	1 28	1 30	1 40	1 42	-192.37546852985236
1450	1 28	1 30	1 42	1 44	29.847398311645712
1451	1 28	1 30	1 44	1 46	97.1726394472649
1452	1 28	1 30	1 46	1 48	35.06967716440346
1453	1 28	1 30	1 48	1 50	-140.6179545964631
1454	1 28	1 30	1 50	1 52	29.057950535023522
1455	1 28	1 30	1 49	1 51	13.181162746386146
1456	1 28	1 30	1 51	1 53	47.29920110278432
1457	1 28	1 30	1 53	1 55	50.51144779251162
1458	1 28	1 30	1 55	1 57	-97.68639676518228
1459	1 28	1 30	1 57	1 59	13.68448776794617
1460	1 28	1 30	1 59	1 61	31.928278101780776
1461	1 28	1 30	1 61	1 63	34.56356068410008
1462	1 28	1 30	1 63	1 65	-72.80486478042666
1463	1 28	1 30	1 65	1 67	13.59773056606666
1464	1 28	1 30	1 67	1 69	25.13423504975502
1465	1 28	1 30	1 52	1 54	54.673922979989385
1466	1 28	1 30	1 54	1 56	32.53516108802215
1467	1 28	1 30	1 56	1 58	-101.9762526597469
1468	1 28	1 30	1 58	1 60	24.653742190740914
1469	1 28	1 30	1 60	1 62	36.988539957236796
1470	1 28	1 30	1 62	1 64	23.403744845310452
1471	1 28	1 30	1 64	1 66	-76.71906248720052
1472	1 28	1 30	1 66	1 68	20.475986926870284
1473	1 28	1 30	1 68	1 70	27.62600555989823
1474	1 28	1 30	1 70	1 72	18.234377422622657
1475	1 28	1 30	1 69	1 71	24.888540439612825
1476	1 28	1 30	1 71	1 1	-115.61721632758207
1477	1 28	1 30	1 72	1 2	-115.54909791013554
1478	1 29	1 31	1 30	1 32	176.97170896667132
1479	1 29	1 31	1 34	1 36	-21.945951011144224
1480	1 29	1 31	1 36	1 38	119.01943403540508
1481	1 29	1 31	1 38	1 40	147.01632624324654
1482	1 29	1 31	1 42	1 44	6.871640006721351
1483	1 29	1 31	1 44	1 46	74.95479761269678
1484	1 29	1 31	1 46	1 48	84.53880017453392
1485	1 29	1 31	1 48	1 50	-152.6193680938399
1486	1 29	1 31	1 33	1 35	-11.399792393320439
1487	1 29	1 31	1 37	1 39	235.6211674382589
1488	1 29	1 31	1 39	1 41	-202.30665480954497
1489	1 29	1 31	1 41	1 43	-0.9109281537462154
1490	1 29	1 31	1 43	1 45	30.549499196860506
1491	1 29	1 31	1 45	1 47	102.35868924116231
1492	1 29	1 31	1 47	1 49	-120.85989239348615
1493	1 29	1 31	1 49	1 51	6.036646065974058
1494	1 29	1 31	1 51	1 53	30.730974414906033
1495	1 29	1 31	1 50	1 52	15.124472693273221
1496	1 29	1 31	1 52	1 54	46.865377496703985
1497	1 29	1 31	1 54	1 56	52.396211701320745
1498	1 29	1 31	1 56	1 58	-104.0470600273469
1499	1 29	1 31	1 58	1 60	16.39733652676647
1500	1 29	1 31	1 60	1 62	33.7492359401906
1501	1 29	1 31	1 62	1 64	31.37760800927221
1502	1 29	1 31	1 64	1 66	-75.0194925276852
1503	1 29	1 31	1 66	1 68	15.49891676702131
1504	1 29	1 31	1 68	1 70	25.804265167986543
1505	1 29	1 31	1 53	1 55	60.225997212920774
1506	1 29	1 31	1 55	1 57	-87.12859393931143
1507	1 29	1 31	1 57	1 59	8.464231831915043
1508	1 29	1 31	1 59	1 61	24.026270827520854
1509	1 29	1 31	1 61	1 63	38.294863617227094
1510	1 29	1 31	1 63	1 65	-65.23112866853158
1511	1 29	1 31	1 65	1 67	9.769152595996069
1512	1 29	1 31	1 67	1 69	20.923337840883477
1513	1 29	1 31	1 69	1 71	26.077939555154757
1514	1 29	1 31	1 71	1 1	-97.57362324511666
1515	1 29	1 31	1 70	1 72	21.249657617368307
1516	1 29	1 31	1 72	1 2	-104.89864094300736
1517	1 30	1 32	1 31	1 33	-115.26458708858704
1518	1 30	1 32	1 33	1 35	-4.857637939709182
1519	1 30	1 32	1 35	1 37	-18.225969262400596
1520	1 30	1 32	1 37	1 39	133.36663222597164
1521	1 30	1 32	1 39	1 41	-101.9794939536284
1522	1 30	1 32	1 41	1 43	-0.6442287899092755
1523	1 30	1 32	1 43	1 45	8.774758049696588
1524	1 30	1 32	1 45	1 47	74.32728457930071
1525	1 30	1 32	1 47	1 49	-76.00317721463367
1526	1 30	1 32	1 49	1 51	3.036380840861029
1527	1 30	1 32	1 34	1 36	-9.739202233957002
1528	1 30	1 32	1 38	1 40	240.15591606762388
1529	1 30	1 32	1 40	1 42	-222.45969859689433
1530	1 30	1 32	1 42	1 44	1.50117953500312
1531	1 30	1 32	1 44	1 46	32.434732903138624
1532	1 30	1 32	1 46	1 48	107.61083246213283
1533	1 30	1 32	1 48	1 50	-132.05815428427957
1534	1 30	1 32	1 50	1 52	7.405408628434726
1535	1 30	1 32	1 52	1 54	28.1621615171741
1536	1 30	1 32	1 51	1 53	15.887092253842777
1537	1 30	1 32	1 53	1 55	47.916527565504026
1538	1 30	1 32	1 55	1 57	-60.952144420257795
1539	1 30	1 32	1 57	1 59	4.922218234275463
1540	1 30	1 32	1 59	1 61	14.809716051458338
1541	1 30	1 32	1 61	1 63	31.13917406153439
1542	1 30	1 32	1 63	1 65	-47.414404995680954
1543	1 30	1 32	1 65	1 67	6.199492306213135
1544	1 30	1 32	1 67	1 69	14.291868774699365
1545	1 30	1 32	1 69	1 71	21.060298309743224
1546	1 30	1 32	1 54	1 56	56.259684728761755
1547	1 30	1 32	1 56	1 58	-84.69375719651072
1548	1 30	1 32	1 58	1 60	9.599799660793483
1549	1 30	1 32	1 60	1 62	23.440094736515093
1550	1 30	1 32	1 62	1 64	30.48156495492434
1551	1 30	1 32	1 64	1 66	-59.148108417079214
1552	1 30	1 32	1 66	1 68	10.06219101905755
1553	1 30	1 32	1 68	1 70	19.059350290151105
1554	1 30	1 32	1 70	1 72	18.937702473997376
1555	1 30	1 32	1 72	1 2	-79.56241139796289
1556	1 30	1 32	1 71	1 1	-69.7107092486331
1557	1 31	1 33	1 32	1 34	637.86997766415
1558	1 31	1 33	1 34	1 36	-260.9166064575374
1559	1 31	1 33	1 36	1 38	-209.05711009174308
1560	1 31	1 33	1 38	1 40	-126.03328487236683
1561	1 31	1 33	1 40	1 42	548.0640248369205
1562	1 31	1 33	1 42	1 44	-211.44180920132357
1563	1 31	1 33	1 44	1 46	-160.44615507441165
1564	1 31	1 33	1 46	1 48	-94.76971519593334
1565	1 31	1 33	1 48	1 50	407.8058134030611
1566	1 31	1 33	1 50	1 52	-148.33694623175913
1567	1 31	1 33	1 35	1 37	-207.49164890675843
1568	1 31	1 33	1 37	1 39	-216.87026209293077
1569	1 31	1 33	1 39	1 41	654.1299407790971
1570	1 31	1 33	1 41	1 43	-243.64612782588858
1571	1 31	1 33	1 43	1 45	-175.51909056264577
1572	1 31	1 33	1 45	1 47	-137.22717326183079
1573	1 31	1 33	1 47	1 49	430.2344250167659
1574	1 31	1 33	1 49	1 51	-138.94791022301638
1575	1 31	1 33	1 51	1 53	-135.27461504815648
1576	1 31	1 33	1 53	1 55	-107.50216670382576
1577	1 31	1 33	1 52	1 54	-121.83669549430996
1578	1 31	1 33	1 54	1 56	-76.8454889594078
1579	1 31	1 33	1 56	1 58	304.4607160387778
1580	1 31	1 33	1 58	1 60	-108.25719209133862
1581	1 31	1 33	1 60	1 62	-95.83706846971683
1582	1 31	1 33	1 62	1 64	-56.45933183797278
1583	1 31	1 33	1 64	1 66	233.17329744752035
1584	1 31	1 33	1 66	1 68	-80.40035754069945
1585	1 31	1 33	1 68	1 70	-79.00327233732406
1586	1 31	1 33	1 70	1 72	-46.829817524069384
1587	1 31	1 33	1 55	1 57	310.5587269888373
1588	1 31	1 33	1 57	1 59	-84.50568378542249
1589	1 31	1 33	1 59	1 61	-103.30827819937218
1590	1 31	1 33	1 61	1 63	-82.97400305781184
1591	1 31	1 33	1 63	1 65	235.58098498515406
1592	1 31	1 33	1 65	1 67	-63.659711242223594
1593	1 31	1 33	1 67	1 69	-82.71026135389889
1594	1 31	1 33	1 69	1 71	-65.88228536870218
1595	1 31	1 33	1 71	1 1	206.58432686274114
1596	1 31	1 33	1 72	1 2	174.11168817463667
1597	1 32	1 34	1 33	1 35	-98.11480279528865
1598	1 32	1 34	1 35	1 37	-251.41623688811188
1599	1 32	1 34	1 37	1 39	-240.6635198763408
1600	1 32	1 34	1 39	1 41	533.2031706370939
1601	1 32	1 34	1 41	1 43	-88.65338784453834
1602	1 32	1 34	1 43	1 45	-193.21879375807842
1603	1 32	1 34	1 45	1 47	-165.71669823232324
1604	1 32	1 34	1 47	1 49	383.0380478896104
1605	1 32	1 34	1 49	1 51	-73.51805948307964
1606	1 32	1 34	1 51	1 53	-134.1336414376574
1607	1 32	1 34	1 36	1 38	-218.18641509288176
1608	1 32	1 34	1 38	1 40	-240.610485413293
1609	1 32	1 34	1 40	1 42	628.0810907621374
1610	1 32	1 34	1 42	1 44	-194.85680186439632
1611	1 32	1 34	1 44	1 46	-176.95135889192593
1612	1 32	1 34	1 46	1 48	-147.67486447138776
1613	1 32	1 34	1 48	1 50	426.8192194657429
1614	1 32	1 34	1 50	1 52	-118.15474623243244
1615	1 32	1 34	1 52	1 54	-128.72357006943471
1616	1 32	1 34	1 54	1 56	-102.07079431018138
1617	1 32	1 34	1 53	1 55	-127.09826385942407
1618	1 32	1 34	1 55	1 57	286.11357956220775
1619	1 32	1 34	1 57	1 59	-55.218880256538945
1620	1 32	1 34	1 59	1 61	-95.4749696208848
1621	1 32	1 34	1 61	1 63	-92.85154350995887
1622	1 32	1 34	1 63	1 65	215.899539146152
1623	1 32	1 34	1 65	1 67	-47.63478935974994
1624	1 32	1 34	1 67	1 69	-75.67083894656899
1625	1 32	1 34	1 69	1 71	-69.81820679274
1626	1 32	1 34	1 71	1 1	186.33555664498124
1627	1 32	1 34	1 56	1 58	304.0367931292983
1628	1 32	1 34	1 58	1 60	-86.425264074603
1629	1 32	1 34	1 60	1 62	-98.60275258521112
1630	1 32	1 34	1 62	1 64	-68.79986457094996
1631	1 32	1 34	1 64	1 66	227.49720911427283
1632	1 32	1 34	1 66	1 68	-66.7251780006863
1633	1 32	1 34	1 68	1 70	-78.38052784003371
1634	1 32	1 34	1 70	1 72	-52.39187695882417
1635	1 32	1 34	1 72	1 2	173.8790187997475
1636	1 33	1 35	1 34	1 36	165.60065786534517
1637	1 33	1 35	1 36	1 38	-57.51185853281103
1638	1 33	1 35	1 38	1 40	-8.632103801133418
1639	1 33	1 35	1 42	1 44	131.46190980742236
1640	1 33	1 35	1 44	1 46	-24.399465837900916
1641	1 33	1 35	1 46	1 48	-6.932815049180451
1642	1 33	1 35	1 48	1 50	-91.22372976053552
1643	1 33	1 35	1 50	1 52	85.73691840121987
1644	1 33	1 35	1 52	1 54	4.943708851212367
1645	1 33	1 35	1 37	1 39	-21.151105134905887
1646	1 33	1 35	1 41	1 43	284.52588450496535
1647	1 33	1 35	1 43	1 45	-8.963710361026255
1648	1 33	1 35	1 45	1 47	-13.70094115910791
1649	1 33	1 35	1 47	1 49	-153.1802899606042
1650	1 33	1 35	1 49	1 51	122.63683218687893
1651	1 33	1 35	1 51	1 53	28.787753054535663
1652	1 33	1 35	1 55	1 57	-103.1546367787254
1653	1 33	1 35	1 54	1 56	-2.11982063422832
1654	1 33	1 35	1 56	1 58	-76.13345871636963
1655	1 33	1 35	1 58	1 60	55.23060955799737
1656	1 33	1 35	1 60	1 62	15.107838127286191
1657	1 33	1 35	1 62	1 64	2.2588363173939636
1658	1 33	1 35	1 64	1 66	-63.371906229962626
1659	1 33	1 35	1 66	1 68	36.67120972733635
1660	1 33	1 35	1 68	1 70	18.351317555566773
1661	1 33	1 35	1 70	1 72	5.597310329613086
1662	1 33	1 35	1 72	1 2	-70.52534207645215
1663	1 33	1 35	1 57	1 59	58.64576528389958
1664	1 33	1 35	1 59	1 61	33.2480705432927
1665	1 33	1 35	1 61	1 63	6.738232666626452
1666	1 33	1 35	1 63	1 65	-78.96462441491569
1667	1 33	1 35	1 65	1 67	35.87326265134489
1668	1 33	1 35	1 67	1 69	28.077813117956783
1669	1 33	1 35	1 69	1 71	10.860841555618029
1670	1 33	1 35	1 71	1 1	-96.55779992112164
1671	1 34	1 36	1 35	1 37	162.21077854542358
1672	1 34	1 36	1 37	1 39	-58.52771678082641
1673	1 34	1 36	1 39	1 41	-218.580598341331
1674	1 34	1 36	1 41	1 43	125.27416987510182
1675	1 34	1 36	1 43	1 45	114.62302131389677
1676	1 34	1 36	1 45	1 47	-22.276482088499186
1677	1 34	1 36	1 47	1 49	-162.74623563538591
1678	1 34	1 36	1 49	1 51	77.47090412402503
1679	1 34	1 36	1 51	1 53	70.68227851369436
1680	1 34	1 36	1 53	1 55	6.960489438081845
1681	1 34	1 36	1 38	1 40	-19.489917366379565
1682	1 34	1 36	1 46	1 48	-12.825061605472303
1683	1 34	1 36	1 48	1 50	-133.08202659509215
1684	1 34	1 36	1 50	1 52	100.81594691415579
1685	1 34	1 36	1 52	1 54	29.24552873898923
1686	1 34	1 36	1 56	1 58	-100.625380201746
1687	1 34	1 36	1 55	1 57	-119.03002205951375
1688	1 34	1 36	1 57	1 59	45.0760595708672
1689	1 34	1 36	1 59	1 61	48.622157539640114
1690	1 34	1 36	1 61	1 63	15.383383987444807
1691	1 34	1 36	1 63	1 65	-91.18885767790262
1692	1 34	1 36	1 65	1 67	31.6139688455807
1693	1 34	1 36	1 67	1 69	35.42224204906426
1694	1 34	1 36	1 69	1 71	17.497674670075646
1695	1 34	1 36	1 71	1 1	-95.28397333687661
1696	1 34	1 36	1 58	1 60	59.383275850855505
1697	1 34	1 36	1 60	1 62	29.564766171866008
1698	1 34	1 36	1 62	1 64	5.624550378640629
1699	1 34	1 36	1 64	1 66	-80.64201438951982
1700	1 34	1 36	1 66	1 68	38.9374064879087
1701	1 34	1 36	1 68	1 70	26.981803660238867
1702	1 34	1 36	1 70	1 72	9.542326163183523
1703	1 34	1 36	1 72	1 2	-77.51405176310854
1704	1 35	1 37	1 36	1 38	156.6579933317259
1705	1 35	1 37	1 38	1 40	-60.1587630951328
1706	1 35	1 37	1 42	1 44	120.1837259221908
1707	1 35	1 37	1 44	1 46	113.22627325624441
1708	1 35	1 37	1 46	1 48	-25.465410686903805
1709	1 35	1 37	1 48	1 50	-161.10151961526367
1710	1 35	1 37	1 50	1 52	73.39208790688463
1711	1 35	1 37	1 52	1 54	72.93453001206731
1712	1 35	1 37	1 54	1 56	4.367760714521946
1713	1 35	1 37	1 41	1 43	-9.925243268843264
1714	1 35	1 37	1 43	1 45	216.9450983618384
1715	1 35	1 37	1 45	1 47	-6.372078456076889
1716	1 35	1 37	1 47	1 49	-174.5746781566249
1717	1 35	1 37	1 49	1 51	28.080958098908116
1718	1 35	1 37	1 51	1 53	98.79348609701118
1719	1 35	1 37	1 53	1 55	31.116077742801338
1720	1 35	1 37	1 55	1 57	-133.09811205639886
1721	1 35	1 37	1 57	1 59	27.546803667532195
1722	1 35	1 37	1 56	1 58	-123.94103574755871
1723	1 35	1 37	1 58	1 60	50.00093612907705
1724	1 35	1 37	1 60	1 62	48.81925338923569
1725	1 35	1 37	1 62	1 64	13.159917661649734
1726	1 35	1 37	1 64	1 66	-96.99919297133576
1727	1 35	1 37	1 66	1 68	36.02772763673697
1728	1 35	1 37	1 68	1 70	36.57358147205596
1729	1 35	1 37	1 70	1 72	15.986039758571895
1730	1 35	1 37	1 72	1 2	-93.8560012213442
1731	1 35	1 37	1 59	1 61	56.62527552344961
1732	1 35	1 37	1 61	1 63	31.343601903977053
1733	1 35	1 37	1 63	1 65	-100.79705088639949
1734	1 35	1 37	1 65	1 67	24.663804985602233
1735	1 35	1 37	1 67	1 69	39.60782604121461
1736	1 35	1 37	1 69	1 71	26.895218470033857
1737	1 35	1 37	1 71	1 1	-101.5606117017063
1738	1 36	1 38	1 37	1 39	161.15669601035898
1739	1 36	1 38	1 39	1 41	-248.19452822570855
1740	1 36	1 38	1 41	1 43	-24.96758187573859
1741	1 36	1 38	1 43	1 45	120.7198367172193
1742	1 36	1 38	1 45	1 47	117.37419773445376
1743	1 36	1 38	1 47	1 49	-197.82867783320705
1744	1 36	1 38	1 49	1 51	4.562691571578332
1745	1 36	1 38	1 51	1 53	76.43517241179183
1746	1 36	1 38	1 53	1 55	77.11438199929113
1747	1 36	1 38	1 55	1 57	-142.89110758813098
1748	1 36	1 38	1 40	1 42	-205.77971397139714
1749	1 36	1 38	1 42	1 44	-0.44315118789815944
1750	1 36	1 38	1 44	1 46	218.93559476403277
1751	1 36	1 38	1 46	1 48	-11.57666866100067
1752	1 36	1 38	1 48	1 50	-181.95075513786296
1753	1 36	1 38	1 50	1 52	30.961082319247936
1754	1 36	1 38	1 52	1 54	98.64258157679211
1755	1 36	1 38	1 54	1 56	30.320385223814164
1756	1 36	1 38	1 56	1 58	-140.35490948445494
1757	1 36	1 38	1 58	1 60	31.84382311069316
1758	1 36	1 38	1 57	1 59	14.075537409002365
1759	1 36	1 38	1 59	1 61	48.29454357985176
1760	1 36	1 38	1 61	1 63	51.46971478976772
1761	1 36	1 38	1 63	1 65	-103.83443862465151
1762	1 36	1 38	1 65	1 67	16.972925586475633
1763	1 36	1 38	1 67	1 69	36.813289442511746
1764	1 36	1 38	1 69	1 71	36.15835525446889
1765	1 36	1 38	1 71	1 1	-107.47775463698369
1766	1 36	1 38	1 60	1 62	59.192941821936174
1767	1 36	1 38	1 62	1 64	28.49231693126994
1768	1 36	1 38	1 64	1 66	-106.41772043298123
1769	1 36	1 38	1 66	1 68	27.854605146320985
1770	1 36	1 38	1 68	1 70	41.25308548536451
1771	1 36	1 38	1 70	1 72	24.598668173594625
1772	1 36	1 38	1 72	1 2	-108.62708292820798
1773	1 37	1 39	1 38	1 40	184.81473773502722
1774	1 37	1 39	1 42	1 44	-24.910473882143773
1775	1 37	1 39	1 44	1 46	122.354642750891
1776	1 37	1 39	1 46	1 48	129.77357597282918
1777	1 37	1 39	1 50	1 52	4.19987231592828
1778	1 37	1 39	1 52	1 54	71.58069373190253
1779	1 37	1 39	1 54	1 56	83.28600824140796
1780	1 37	1 39	1 56	1 58	-144.062598695892
1781	1 37	1 39	1 41	1 43	-14.907354499211387
1782	1 37	1 39	1 43	1 45	-5.830428127979429
1783	1 37	1 39	1 45	1 47	223.25130835654036
1784	1 37	1 39	1 47	1 49	-194.13387255038407
1785	1 37	1 39	1 49	1 51	-2.7232809245639755
1786	1 37	1 39	1 51	1 53	30.176837046851333
1787	1 37	1 39	1 53	1 55	106.70372749367196
1788	1 37	1 39	1 55	1 57	-124.84583944550128
1789	1 37	1 39	1 57	1 59	5.357737946422814
1790	1 37	1 39	1 59	1 61	28.31586696476804
1791	1 37	1 39	1 58	1 60	14.428710849582444
1792	1 37	1 39	1 60	1 62	49.78051253838166
1793	1 37	1 39	1 62	1 64	49.233397673820036
1794	1 37	1 39	1 64	1 66	-105.20992082945023
1795	1 37	1 39	1 66	1 68	17.36509964013544
1796	1 37	1 39	1 68	1 70	36.823512871474236
1797	1 37	1 39	1 70	1 72	32.45227636227594
1798	1 37	1 39	1 72	1 2	-92.21008974156945
1799	1 37	1 39	1 61	1 63	61.29112757301722
1800	1 37	1 39	1 63	1 65	-88.26020123668806
1801	1 37	1 39	1 65	1 67	9.630115316867442
1802	1 37	1 39	1 67	1 69	26.812589233032746
1803	1 37	1 39	1 69	1 71	39.319067066115956
1804	1 37	1 39	1 71	1 1	-83.04066588973939
1805	1 38	1 40	1 39	1 41	-113.92961847389559
1806	1 38	1 40	1 41	1 43	-7.867277866901553
1807	1 38	1 40	1 43	1 45	-28.119882890308403
1808	1 38	1 40	1 45	1 47	118.58320145062541
1809	1 38	1 40	1 47	1 49	-79.51368174924166
1810	1 38	1 40	1 49	1 51	-3.525464864533939
1811	1 38	1 40	1 53	1 55	75.22764139858683
1812	1 38	1 40	1 55	1 57	-69.89063243564784
1813	1 38	1 40	1 57	1 59	1.030978591371764
1814	1 38	1 40	1 42	1 44	-15.471729971081874
1815	1 38	1 40	1 44	1 46	-12.036288132754901
1816	1 38	1 40	1 46	1 48	249.37599326663764
1817	1 38	1 40	1 48	1 50	-215.27900305552197
1818	1 38	1 40	1 50	1 52	-3.8257848429567294
1819	1 38	1 40	1 52	1 54	22.735481433029523
1820	1 38	1 40	1 54	1 56	110.54710837363679
1821	1 38	1 40	1 56	1 58	-123.28650610684659
1822	1 38	1 40	1 58	1 60	3.988810185925772
1823	1 38	1 40	1 60	1 62	26.736129595058898
1824	1 38	1 40	1 59	1 61	10.564862670157254
1825	1 38	1 40	1 61	1 63	47.30068477629
1826	1 38	1 40	1 63	1 65	-55.94951449576918
1827	1 38	1 40	1 65	1 67	4.157211780154366
1828	1 38	1 40	1 67	1 69	14.537664850351417
1829	1 38	1 40	1 69	1 71	30.82046503612319
1830	1 38	1 40	1 71	1 1	-47.73777603894975
1831	1 38	1 40	1 62	1 64	54.676715082700326
1832	1 38	1 40	1 64	1 66	-80.43905912575009
1833	1 38	1 40	1 66	1 68	8.134279621188384
1834	1 38	1 40	1 68	1 70	23.874577171370717
1835	1 38	1 40	1 70	1 72	30.96406468625552
1836	1 38	1 40	1 72	1 2	-59.631902253411496
1837	1 39	1 41	1 40	1 42	638.1983196790927
1838	1 39	1 41	1 42	1 44	-268.13554370331826
1839	1 39	1 41	1 44	1 46	-214.37894335232974
1840	1 39	1 41	1 46	1 48	-98.36520527184996
1841	1 39	1 41	1 48	1 50	539.3727875310932
1842	1 39	1 41	1 50	1 52	-222.21287809703398
1843	1 39	1 41	1 52	1 54	-162.15728723092502
1844	1 39	1 41	1 54	1 56	-89.39439227458487
1845	1 39	1 41	1 56	1 58	417.05553007790047
1846	1 39	1 41	1 58	1 60	-162.10869532508065
1847	1 39	1 41	1 43	1 45	-210.70332499311306
1848	1 39	1 41	1 45	1 47	-203.02070305110968
1849	1 39	1 41	1 47	1 49	644.878986833136
1850	1 39	1 41	1 49	1 51	-240.868882459565
1851	1 39	1 41	1 51	1 53	-182.05479123804116
1852	1 39	1 41	1 53	1 55	-144.36814665778832
1853	1 39	1 41	1 55	1 57	448.25918701362866
1854	1 39	1 41	1 57	1 59	-136.48619577339682
1855	1 39	1 41	1 59	1 61	-145.3931922253843
1856	1 39	1 41	1 61	1 63	-109.27310280968544
1857	1 39	1 41	1 60	1 62	-130.50642017418875
1858	1 39	1 41	1 62	1 64	-70.30211225028526
1859	1 39	1 41	1 64	1 66	323.457606254741
1860	1 39	1 41	1 66	1 68	-119.84443641901251
1861	1 39	1 41	1 68	1 70	-109.17603468856757
1862	1 39	1 41	1 70	1 72	-61.0831438935913
1863	1 39	1 41	1 72	1 2	150.8235278826432
1864	1 39	1 41	1 63	1 65	334.33280733711763
1865	1 39	1 41	1 65	1 67	-98.06066474037445
1866	1 39	1 41	1 67	1 69	-118.49066724589147
1867	1 39	1 41	1 69	1 71	-88.80547519352913
1868	1 39	1 41	1 71	1 1	158.93031660619226
1869	1 40	1 42	1 41	1 43	-104.68223348045198
1870	1 40	1 42	1 43	1 45	-244.5809545597334
1871	1 40	1 42	1 45	1 47	-216.17612035559304
1872	1 40	1 42	1 47	1 49	522.1675870696781
1873	1 40	1 42	1 49	1 51	-98.52312846120134
1874	1 40	1 42	1 51	1 53	-193.90622576551183
1875	1 40	1 42	1 53	1 55	-170.37043282687085
1876	1 40	1 42	1 55	1 57	397.3784463847908
1877	1 40	1 42	1 57	1 59	-75.42929203605112
1878	1 40	1 42	1 59	1 61	-137.69930448047526
1879	1 40	1 42	1 44	1 46	-210.2224855447771
1880	1 40	1 42	1 46	1 48	-223.82873096745263
1881	1 40	1 42	1 48	1 50	617.9384485519354
1882	1 40	1 42	1 50	1 52	-200.03472104516123
1883	1 40	1 42	1 52	1 54	-170.73473975228362
1884	1 40	1 42	1 56	1 58	427.4857142857143
1885	1 40	1 42	1 58	1 60	-128.15781711040586
1886	1 40	1 42	1 60	1 62	-135.08886745555674
1887	1 40	1 42	1 62	1 64	-94.77291122890739
1888	1 40	1 42	1 61	1 63	-127.16419220134304
1889	1 40	1 42	1 63	1 65	302.4942188741346
1890	1 40	1 42	1 65	1 67	-65.98101889087167
1891	1 40	1 42	1 67	1 69	-108.07151113121262
1892	1 40	1 42	1 69	1 71	-96.98681628023851
1893	1 40	1 42	1 71	1 1	144.98174478777926
1894	1 40	1 42	1 64	1 66	315.8028236120694
1895	1 40	1 42	1 66	1 68	-95.46979474808553
1896	1 40	1 42	1 68	1 70	-109.56469603358016
1897	1 40	1 42	1 70	1 72	-72.66408449007133
1898	1 40	1 42	1 72	1 2	149.4000367271127
1899	1 41	1 43	1 42	1 44	171.92528714306383
1900	1 41	1 43	1 44	1 46	-54.42675871281199
1901	1 41	1 43	1 46	1 48	-10.364024363843212
1902	1 41	1 43	1 50	1 52	143.73482427645487
1903	1 41	1 43	1 52	1 54	-21.504292960654077
1904	1 41	1 43	1 54	1 56	-7.63082725503957
1905	1 41	1 43	1 56	1 58	-103.01081146978595
1906	1 41	1 43	1 58	1 60	94.39382194821741
1907	1 41	1 43	1 60	1 62	8.442898654756544
1908	1 41	1 43	1 45	1 47	-21.912806841155685
1909	1 41	1 43	1 49	1 51	279.05543859145797
1910	1 41	1 43	1 53	1 55	-12.706540282064156
1911	1 41	1 43	1 55	1 57	-160.12251087760808
1912	1 41	1 43	1 57	1 59	117.32647956576757
1913	1 41	1 43	1 59	1 61	40.52960741585872
1914	1 41	1 43	1 63	1 65	-116.74810288229406
1915	1 41	1 43	1 62	1 64	-1.5160595677059354
1916	1 41	1 43	1 64	1 66	-88.95031004470795
1917	1 41	1 43	1 66	1 68	61.768088171372526
1918	1 41	1 43	1 68	1 70	21.210899833168277
1919	1 41	1 43	1 70	1 72	4.249114791200905
1920	1 41	1 43	1 72	1 2	-56.353534069088425
1921	1 41	1 43	1 65	1 67	66.19388137962608
1922	1 41	1 43	1 67	1 69	40.26577664084749
1923	1 41	1 43	1 69	1 71	10.190403230671595
1924	1 41	1 43	1 71	1 1	-69.08294915819985
1925	1 42	1 44	1 43	1 45	167.25985736191637
1926	1 42	1 44	1 45	1 47	-59.138577109309026
1927	1 42	1 44	1 47	1 49	-235.8044494570314
1928	1 42	1 44	1 49	1 51	137.85400618910904
1929	1 42	1 44	1 51	1 53	120.47235394928654
1930	1 42	1 44	1 53	1 55	-21.86206615143623
1931	1 42	1 44	1 55	1 57	-176.80470678105533
1932	1 42	1 44	1 57	1 59	80.4357402400559
1933	1 42	1 44	1 59	1 61	82.77908107131412
1934	1 42	1 44	1 61	1 63	6.082372819827182
1935	1 42	1 44	1 46	1 48	-23.244399620420474
1936	1 42	1 44	1 50	1 52	233.30000663997356
1937	1 42	1 44	1 54	1 56	-15.578363052933955
1938	1 42	1 44	1 56	1 58	-146.8897760938036
1939	1 42	1 44	1 58	1 60	115.15072542580177
1940	1 42	1 44	1 60	1 62	31.443207998450987
1941	1 42	1 44	1 64	1 66	-115.71765744027786
1942	1 42	1 44	1 63	1 65	-138.31275445122557
1943	1 42	1 44	1 65	1 67	54.907917978155496
1944	1 42	1 44	1 67	1 69	57.66325578091865
1945	1 42	1 44	1 69	1 71	18.699151472011863
1946	1 42	1 44	1 71	1 1	-90.57225028716097
1947	1 42	1 44	1 66	1 68	68.42390626438957
1948	1 42	1 44	1 68	1 70	36.36187338963872
1949	1 42	1 44	1 70	1 72	7.813718037507021
1950	1 42	1 44	1 72	1 2	-80.16822705192078
1951	1 43	1 45	1 44	1 46	149.77176186355115
1952	1 43	1 45	1 46	1 48	-59.962011488427855
1953	1 43	1 45	1 50	1 52	119.18850564981464
1954	1 43	1 45	1 52	1 54	118.93352209172662
1955	1 43	1 45	1 54	1 56	-26.22763632270277
1956	1 43	1 45	1 56	1 58	-168.18701701542932
1957	1 43	1 45	1 58	1 60	79.80705438359084
1958	1 43	1 45	1 60	1 62	75.98731436741195
1959	1 43	1 45	1 51	1 53	214.0263038903168
1960	1 43	1 45	1 55	1 57	-182.4611342698737
1961	1 43	1 45	1 57	1 59	30.918931836109692
1962	1 43	1 45	1 59	1 61	100.68711612227003
1963	1 43	1 45	1 61	1 63	32.92821381517034
1964	1 43	1 45	1 63	1 65	-144.74499328521068
1965	1 43	1 45	1 65	1 67	34.001892404100204
1966	1 43	1 45	1 64	1 66	-134.97170852371133
1967	1 43	1 45	1 66	1 68	55.53242668594792
1968	1 43	1 45	1 68	1 70	54.569487706084544
1969	1 43	1 45	1 70	1 72	16.59763247000785
1970	1 43	1 45	1 72	1 2	-98.96246412517856
1971	1 43	1 45	1 67	1 69	63.24548187496783
1972	1 43	1 45	1 69	1 71	34.62663905059159
1973	1 43	1 45	1 71	1 1	-102.81934550928806
1974	1 44	1 46	1 45	1 47	169.4281885893437
1975	1 44	1 46	1 47	1 49	-257.723827045048
1976	1 44	1 46	1 49	1 51	-24.84949118981377
1977	1 44	1 46	1 51	1 53	118.04339442998202
1978	1 44	1 46	1 53	1 55	125.59539953289953
1979	1 44	1 46	1 55	1 57	-204.9024490466798
1980	1 44	1 46	1 57	1 59	4.9400918603829655
1981	1 44	1 46	1 59	1 61	71.47629695823582
1982	1 44	1 46	1 61	1 63	82.39785516314846
1983	1 44	1 46	1 63	1 65	-148.48069611412308
1984	1 44	1 46	1 52	1 54	212.23441952957853
1985	1 44	1 46	1 54	1 56	1.2393474963268085
1986	1 44	1 46	1 56	1 58	-187.28653722251508
1987	1 44	1 46	1 58	1 60	29.89043124187505
1988	1 44	1 46	1 60	1 62	104.31510424263945
1989	1 44	1 46	1 62	1 64	30.854558184790612
1990	1 44	1 46	1 64	1 66	-148.35959965265812
1991	1 44	1 46	1 66	1 68	33.8744740025654
1992	1 44	1 46	1 65	1 67	16.879266338223296
1993	1 44	1 46	1 67	1 69	53.07339036823894
1994	1 44	1 46	1 69	1 71	55.08016757006772
1995	1 44	1 46	1 71	1 1	-99.79264312018748
1996	1 44	1 46	1 68	1 70	64.48033728985114
1997	1 44	1 46	1 70	1 72	33.43427921391717
1998	1 44	1 46	1 72	1 2	-104.02236515935593
1999	1 45	1 47	1 46	1 48	164.95424789058518
2000	1 45	1 47	1 50	1 52	-23.627169792412502
2001	1 45	1 47	1 52	1 54	116.22242846938812
2002	1 45	1 47	1 54	1 56	138.09082682098978
2003	1 45	1 47	1 58	1 60	5.318983340452798
2004	1 45	1 47	1 60	1 62	80.16981427251633
2005	1 45	1 47	1 62	1 64	81.95326231587555
2006	1 45	1 47	1 64	1 66	-158.08915878660747
2007	1 45	1 47	1 49	1 51	-14.807634222266653
2008	1 45	1 47	1 53	1 55	237.6556032502641
2009	1 45	1 47	1 55	1 57	-217.17354035764598
2010	1 45	1 47	1 57	1 59	-1.2605318414717526
2011	1 45	1 47	1 59	1 61	28.621150807162536
2012	1 45	1 47	1 61	1 63	112.1394431046825
2013	1 45	1 47	1 63	1 65	-132.74699020782742
2014	1 45	1 47	1 65	1 67	7.964242865025883
2015	1 45	1 47	1 67	1 69	34.706145102794466
2016	1 45	1 47	1 66	1 68	17.800420907971706
2017	1 45	1 47	1 68	1 70	56.7943516990662
2018	1 45	1 47	1 70	1 72	52.794432294799314
2019	1 45	1 47	1 72	1 2	-106.40056100521636
2020	1 45	1 47	1 69	1 71	64.95470202668497
2021	1 45	1 47	1 71	1 1	-89.09187800572582
2022	1 46	1 48	1 47	1 49	-93.35804480250971
2023	1 46	1 48	1 49	1 51	-8.124794448829494
2024	1 46	1 48	1 51	1 53	-23.973415910755918
2025	1 46	1 48	1 53	1 55	138.06892249954018
2026	1 46	1 48	1 55	1 57	-102.18495469328113
2027	1 46	1 48	1 57	1 59	-1.9898679661767762
2028	1 46	1 48	1 59	1 61	4.500546318718017
2029	1 46	1 48	1 61	1 63	87.70829457788355
2030	1 46	1 48	1 63	1 65	-87.12405157158048
2031	1 46	1 48	1 65	1 67	3.400267502657866
2032	1 46	1 48	1 50	1 52	-14.94716051367298
2033	1 46	1 48	1 54	1 56	268.611433790965
2034	1 46	1 48	1 56	1 58	-240.6447863596223
2035	1 46	1 48	1 58	1 60	-1.6423584140982213
2036	1 46	1 48	1 60	1 62	33.31053136764583
2037	1 46	1 48	1 62	1 64	119.65717366932154
2038	1 46	1 48	1 64	1 66	-144.87806362794535
2039	1 46	1 48	1 66	1 68	8.084858909758688
2040	1 46	1 48	1 68	1 70	37.40064681219549
2041	1 46	1 48	1 67	1 69	18.36893973423976
2042	1 46	1 48	1 69	1 71	56.3844202149301
2043	1 46	1 48	1 71	1 1	-64.57186001187131
2044	1 46	1 48	1 70	1 72	62.5834763253535
2045	1 46	1 48	1 72	1 2	-91.90320728439605
2046	1 47	1 49	1 48	1 50	645.4139201267741
2047	1 47	1 49	1 50	1 52	-288.5978775562385
2048	1 47	1 49	1 52	1 54	-218.29825850031722
2049	1 47	1 49	1 54	1 56	-105.37571618867894
2050	1 47	1 49	1 56	1 58	562.6766824449476
2051	1 47	1 49	1 58	1 60	-236.08605609022027
2052	1 47	1 49	1 60	1 62	-178.0991760087292
2053	1 47	1 49	1 62	1 64	-87.85417969875557
2054	1 47	1 49	1 64	1 66	447.0759713996822
2055	1 47	1 49	1 66	1 68	-173.57544780800595
2056	1 47	1 49	1 51	1 53	-223.30355904829145
2057	1 47	1 49	1 53	1 55	-226.99103971927542
2058	1 47	1 49	1 55	1 57	662.3383838715395
2059	1 47	1 49	1 59	1 61	-197.81415726210884
2060	1 47	1 49	1 61	1 63	-152.2323801166006
2061	1 47	1 49	1 63	1 65	476.15306133617423
2062	1 47	1 49	1 65	1 67	-146.92216908361615
2063	1 47	1 49	1 69	1 71	-120.43510313019138
2064	1 47	1 49	1 68	1 70	-151.72928574990388
2065	1 47	1 49	1 70	1 72	-80.62342324082735
2066	1 47	1 49	1 72	1 2	185.25168563896347
2067	1 47	1 49	1 71	1 1	175.51233748818677
2068	1 48	1 50	1 49	1 51	-126.86233310566323
2069	1 48	1 50	1 51	1 53	-249.10841105110347
2070	1 48	1 50	1 53	1 55	-244.8483852921463
2071	1 48	1 50	1 55	1 57	566.567199800335
2072	1 48	1 50	1 57	1 59	-102.75913280535653
2073	1 48	1 50	1 59	1 61	-206.75111951340318
2074	1 48	1 50	1 61	1 63	-186.34747446978648
2075	1 48	1 50	1 63	1 65	443.14568630161335
2076	1 48	1 50	1 65	1 67	-92.91814997168063
2077	1 48	1 50	1 54	1 56	-251.8476937807419
2078	1 48	1 50	1 56	1 58	660.9681053035175
2079	1 48	1 50	1 58	1 60	-216.81688683598674
2080	1 48	1 50	1 60	1 62	-189.66647483869116
2081	1 48	1 50	1 62	1 64	-151.6624539877821
2082	1 48	1 50	1 64	1 66	474.64384382891876
2083	1 48	1 50	1 70	1 72	-110.73206230510732
2084	1 48	1 50	1 69	1 71	-145.38539900183594
2085	1 48	1 50	1 71	1 1	173.95318796197492
2086	1 48	1 50	1 72	1 2	201.48367241872438
2087	1 49	1 51	1 50	1 52	193.99871295318283
2088	1 49	1 51	1 52	1 54	-52.665871829339395
2089	1 49	1 51	1 54	1 56	-10.052162619078597
2090	1 49	1 51	1 58	1 60	146.38561497439076
2091	1 49	1 51	1 60	1 62	-16.533782998388368
2092	1 49	1 51	1 62	1 64	-5.899759176660753
2093	1 49	1 51	1 64	1 66	-109.05812684149615
2094	1 49	1 51	1 66	1 68	94.76166754319723
2095	1 49	1 51	1 68	1 70	14.532252634488698
2096	1 49	1 51	1 53	1 55	-20.81758910526731
2097	1 49	1 51	1 57	1 59	242.13313351393055
2098	1 49	1 51	1 59	1 61	12.991761105121073
2099	1 49	1 51	1 61	1 63	-11.482054196927173
2100	1 49	1 51	1 63	1 65	-166.08588645048877
2101	1 49	1 51	1 65	1 67	117.7768364400331
2102	1 49	1 51	1 67	1 69	44.96185814945415
2103	1 49	1 51	1 69	1 71	3.913210408448924
2104	1 49	1 51	1 71	1 1	-63.36867460445133
2105	1 49	1 51	1 70	1 72	0.3318827531012405
2106	1 49	1 51	1 72	1 2	-55.433468842082284
2107	1 50	1 52	1 51	1 53	161.3097975174234
2108	1 50	1 52	1 53	1 55	-54.8266698659919
2109	1 50	1 52	1 55	1 57	-245.37816267174807
2110	1 50	1 52	1 57	1 59	137.34494931871052
2111	1 50	1 52	1 59	1 61	135.53221550177517
2112	1 50	1 52	1 61	1 63	-23.760999282283443
2113	1 50	1 52	1 63	1 65	-199.5822865485939
2114	1 50	1 52	1 65	1 67	93.14718749658314
2115	1 50	1 52	1 67	1 69	91.87290281174167
2116	1 50	1 52	1 69	1 71	11.074562393798733
2117	1 50	1 52	1 54	1 56	-22.465660796465528
2118	1 50	1 52	1 58	1 60	248.10368831736557
2119	1 50	1 52	1 60	1 62	-3.0940074786042873
2120	1 50	1 52	1 62	1 64	-13.147192265150284
2121	1 50	1 52	1 64	1 66	-163.19788405487952
2122	1 50	1 52	1 66	1 68	123.74076543524453
2123	1 50	1 52	1 68	1 70	39.68441103182175
2124	1 50	1 52	1 70	1 72	1.2068751662267319
2125	1 50	1 52	1 72	1 2	-84.21427274982975
2126	1 50	1 52	1 71	1 1	-92.99137965405878
2127	1 51	1 53	1 52	1 54	164.24422558433437
2128	1 51	1 53	1 54	1 56	-60.80902570304467
2129	1 51	1 53	1 58	1 60	131.6409887385513
2130	1 51	1 53	1 60	1 62	120.93668599610305
2131	1 51	1 53	1 62	1 64	-25.704461544897995
2132	1 51	1 53	1 64	1 66	-186.24606375297543
2133	1 51	1 53	1 66	1 68	89.61542399617278
2134	1 51	1 53	1 68	1 70	84.52858446723747
2135	1 51	1 53	1 70	1 72	8.76309137250393
2136	1 51	1 53	1 57	1 59	3.7514486175128434
2137	1 51	1 53	1 59	1 61	222.82582309472832
2138	1 51	1 53	1 63	1 65	-202.92672590235068
2139	1 51	1 53	1 65	1 67	41.11062104316245
2140	1 51	1 53	1 67	1 69	112.41467116173354
2141	1 51	1 53	1 69	1 71	37.45228953942193
2142	1 51	1 53	1 71	1 1	-116.88032405426154
2143	1 51	1 53	1 72	1 2	-111.56341172441773
2144	1 52	1 54	1 53	1 55	152.26047737052676
2145	1 52	1 54	1 57	1 59	-20.335797264289113
2146	1 52	1 54	1 59	1 61	115.16478394648215
2147	1 52	1 54	1 61	1 63	132.8494169052367
2148	1 52	1 54	1 65	1 67	10.619613504073676
2149	1 52	1 54	1 67	1 69	82.99212533116159
2150	1 52	1 54	1 69	1 71	86.4571188651295
2151	1 52	1 54	1 71	1 1	-122.03597476546244
2152	1 52	1 54	1 62	1 64	-10.781738699817573
2153	1 52	1 54	1 64	1 66	-201.22911154454954
2154	1 52	1 54	1 66	1 68	37.04656764554623
2155	1 52	1 54	1 68	1 70	113.54296982423307
2156	1 52	1 54	1 70	1 72	36.21509194435453
2157	1 52	1 54	1 72	1 2	-124.4098947414701
2158	1 53	1 55	1 54	1 56	204.12498643957474
2159	1 53	1 55	1 58	1 60	-24.509256202826002
2160	1 53	1 55	1 60	1 62	126.4975253940193
2161	1 53	1 55	1 62	1 64	143.6934949941213
2162	1 53	1 55	1 66	1 68	8.18428751481077
2163	1 53	1 55	1 68	1 70	88.38049801203749
2164	1 53	1 55	1 70	1 72	90.82461386157195
2165	1 53	1 55	1 72	1 2	-136.49504870129869
2166	1 53	1 55	1 57	1 59	-12.428487394392647
2167	1 53	1 55	1 59	1 61	-11.11369063822342
2168	1 53	1 55	1 61	1 63	244.72457192488844
2169	1 53	1 55	1 63	1 65	-216.26665494086902
2170	1 53	1 55	1 67	1 69	35.791144089859756
2171	1 53	1 55	1 69	1 71	116.6236193408559
2172	1 53	1 55	1 71	1 1	-106.9708390166776
2173	1 54	1 56	1 55	1 57	-131.3916939363603
2174	1 54	1 56	1 57	1 59	-6.102125228580748
2175	1 54	1 56	1 59	1 61	-21.737062980159486
2176	1 54	1 56	1 61	1 63	148.66019575262487
2177	1 54	1 56	1 63	1 65	-117.67089349420382
2178	1 54	1 56	1 67	1 69	13.700961642853013
2179	1 54	1 56	1 69	1 71	97.48788077191234
2180	1 54	1 56	1 71	1 1	-84.69152379348682
2181	1 54	1 56	1 58	1 60	-12.889905193638377
2182	1 54	1 56	1 62	1 64	283.4144769550347
2183	1 54	1 56	1 64	1 66	-263.3645906460688
2184	1 54	1 56	1 68	1 70	46.7805778035613
2185	1 54	1 56	1 70	1 72	127.81819076815228
2186	1 54	1 56	1 72	1 2	-146.29604666959614
2187	1 55	1 57	1 56	1 58	710.2953899195904
2188	1 55	1 57	1 58	1 60	-308.9654321653328
2189	1 55	1 57	1 60	1 62	-241.2053734494678
2190	1 55	1 57	1 62	1 64	-115.12828546020299
2191	1 55	1 57	1 64	1 66	628.4005470077774
2192	1 55	1 57	1 66	1 68	-265.1424890942978
2193	1 55	1 57	1 68	1 70	-209.641798991869
2194	1 55	1 57	1 70	1 72	-106.99975409262548
2195	1 55	1 57	1 72	1 2	241.29301536027424
2196	1 55	1 57	1 59	1 61	-246.9535294089648
2197	1 55	1 57	1 61	1 63	-238.02770586999614
2198	1 55	1 57	1 67	1 69	-233.26693849805486
2199	1 55	1 57	1 69	1 71	-171.82372096907574
2200	1 55	1 57	1 71	1 1	219.92609747267846
2201	1 56	1 58	1 57	1 59	-131.3796908472995
2202	1 56	1 58	1 59	1 61	-275.4091789367326
2203	1 56	1 58	1 61	1 63	-265.3896369156555
2204	1 56	1 58	1 63	1 65	632.7991720113902
2205	1 56	1 58	1 65	1 67	-128.6442534895573
2206	1 56	1 58	1 67	1 69	-243.22374201470478
2207	1 56	1 58	1 69	1 71	-211.35720383620315
2208	1 56	1 58	1 71	1 1	236.18036365838796
2209	1 56	1 58	1 60	1 62	-236.746690964246
2210	1 56	1 58	1 62	1 64	-262.45567403193127
2211	1 56	1 58	1 64	1 66	744.9414507815167
2212	1 56	1 58	1 66	1 68	-237.1600621542069
2213	1 56	1 58	1 68	1 70	-229.75228931164906
2214	1 56	1 58	1 70	1 72	-173.7498231686768
2215	1 56	1 58	1 72	1 2	296.90547566142584
2216	1 57	1 59	1 58	1 60	190.558952915499
2217	1 57	1 59	1 60	1 62	-47.06612596681103
2218	1 57	1 59	1 62	1 64	-7.29058641268599
2219	1 57	1 59	1 66	1 68	153.73560393258427
2220	1 57	1 59	1 68	1 70	-14.648252355014584
2221	1 57	1 59	1 70	1 72	-5.382737183249928
2222	1 57	1 59	1 72	1 2	-57.42816395451938
2223	1 57	1 59	1 61	1 63	-17.761606453050614
2224	1 57	1 59	1 65	1 67	273.06353384228754
2225	1 57	1 59	1 69	1 71	-9.094077582183367
2226	1 57	1 59	1 71	1 1	-63.91161050316279
2227	1 58	1 60	1 59	1 61	189.08439654660992
2228	1 58	1 60	1 61	1 63	-56.572260117463685
2229	1 58	1 60	1 65	1 67	159.28633126233822
2230	1 58	1 60	1 67	1 69	148.86406762370245
2231	1 58	1 60	1 69	1 71	-16.552514140027252
2232	1 58	1 60	1 71	1 1	-104.0624222349547
2233	1 58	1 60	1 62	1 64	-18.233903467277464
2234	1 58	1 60	1 64	1 66	-251.8869780059219
2235	1 58	1 60	1 66	1 68	264.8681907054374
2236	1 58	1 60	1 70	1 72	-10.906425683207129
2237	1 58	1 60	1 72	1 2	-94.0203874141115
2238	1 59	1 61	1 60	1 62	148.32551859742847
2239	1 59	1 61	1 62	1 64	-48.1488810640006
2240	1 59	1 61	1 66	1 68	151.74507451335828
2241	1 59	1 61	1 68	1 70	134.4929966663804
2242	1 59	1 61	1 70	1 72	-16.874838411435626
2243	1 59	1 61	1 72	1 2	-121.89853508073847
2244	1 59	1 61	1 67	1 69	245.24252550514427
2245	1 59	1 61	1 69	1 71	7.259543518433681
2246	1 59	1 61	1 71	1 1	-133.03866755651183
2247	1 60	1 62	1 61	1 63	199.8316422998518
2248	1 60	1 62	1 65	1 67	-15.97336172652497
2249	1 60	1 62	1 67	1 69	132.78104002579886
2250	1 60	1 62	1 69	1 71	151.46412175079126
2251	1 60	1 62	1 64	1 66	-259.9074117116025
2252	1 60	1 62	1 68	1 70	249.25375277291351
2253	1 60	1 62	1 70	1 72	12.118276456486102
2254	1 60	1 62	1 72	1 2	-165.5546207702853
2255	1 61	1 63	1 62	1 64	178.81023315468613
2256	1 61	1 63	1 66	1 68	-17.557222984343035
2257	1 61	1 63	1 68	1 70	157.79988028003532
2258	1 61	1 63	1 70	1 72	147.31883340106967
2259	1 61	1 63	1 72	1 2	-218.46715601766584
2260	1 61	1 63	1 65	1 67	-10.294740705167083
2261	1 61	1 63	1 67	1 69	12.911347000906854
2262	1 61	1 63	1 69	1 71	257.47000134533175
2263	1 61	1 63	1 71	1 1	-198.0706478860491
2264	1 62	1 64	1 65	1 67	-5.100448707543485
2265	1 62	1 64	1 67	1 69	-11.470177581198838
2266	1 62	1 64	1 69	1 71	153.52466072434652
2267	1 62	1 64	1 66	1 68	-8.961236852442381
2268	1 62	1 64	1 68	1 70	16.99325466861893
2269	1 62	1 64	1 70	1 72	281.6733900741968
2270	1 62	1 64	1 72	1 2	-250.00291636458553
2271	1 63	1 65	1 66	1 68	-348.8345069863866
2272	1 63	1 65	1 68	1 70	-293.4354718079475
2273	1 63	1 65	1 70	1 72	-130.1113148338537
2274	1 63	1 65	1 72	1 2	361.3174808320698
2275	1 63	1 65	1 67	1 69	-295.34003464352463
2276	1 63	1 65	1 69	1 71	-264.40452631801645
2277	1 63	1 65	1 71	1 1	355.4073463732243
2278	1 64	1 66	1 65	1 67	-150.4178856495092
2279	1 64	1 66	1 67	1 69	-323.9319880571574
2280	1 64	1 66	1 69	1 71	-301.5844295403857
2281	1 64	1 66	1 71	1 1	337.05353347359335
2282	1 64	1 66	1 68	1 70	-297.9705158517155
2283	1 64	1 66	1 70	1 72	-289.17513216584786
2284	1 64	1 66	1 72	1 2	463.8587040456606
2285	1 65	1 67	1 66	1 68	218.00327094640144
2286	1 65	1 67	1 68	1 70	-49.98269320804694
2287	1 65	1 67	1 70	1 72	-10.582344875494012
2288	1 65	1 67	1 72	1 2	-66.33855638185113
2289	1 65	1 67	1 69	1 71	-21.207902046783627
2290	1 65	1 67	1 71	1 1	-73.49135726544623
2291	1 66	1 68	1 67	1 69	199.2448508936426
2292	1 66	1 68	1 69	1 71	-51.76039667284053
2293	1 66	1 68	1 70	1 72	-20.392101381905036
2294	1 67	1 69	1 68	1 70	192.72341131583272
2295	1 67	1 69	1 70	1 72	-47.16382797919758
2296	1 67	1 69	1 72	1 2	-144.8192505159007
2297	1 67	1 69	1 71	1 1	-162.011652333518
2298	1 68	1 70	1 69	1 71	215.02756190156714
2299	1 69	1 71	1 70	1 72	208.20215010196853
2300	1 69	1 71	1 72	1 2	-284.48696324318996
2301	1 71	1 1	1 72	1 2	1431.722913277058
