1372
1	1 1	1 3	1 2	1 4	621.4899945707227
2	1 1	1 3	1 4	1 6	-259.74068300526375
3	1 1	1 3	1 6	1 8	-32.62654799079245
4	1 1	1 3	1 8	1 10	-241.7086661121104
5	1 1	1 3	1 10	1 12	305.0379176607728
6	1 1	1 3	1 14	1 16	-17.33433622926207
7	1 1	1 3	1 16	1 18	-190.6768287180091
8	1 1	1 3	1 18	1 20	179.58282663566865
9	1 1	1 3	1 20	1 22	11.702009456264776
10	1 1	1 3	1 5	1 7	-71.47085078121151
11	1 1	1 3	1 9	1 11	584.1687749979735
12	1 1	1 3	1 11	1 13	13.895602499050774
13	1 1	1 3	1 13	1 15	-30.08264081249575
14	1 1	1 3	1 15	1 17	-332.10245739073923
15	1 1	1 3	1 17	1 19	256.54116602294863
16	1 1	1 3	1 19	1 21	72.44739211217072
17	1 1	1 3	1 21	1 23	-6.4338943127949495
18	1 1	1 3	1 23	1 25	-216.79828106412498
19	1 1	1 3	1 22	1 24	-8.03469692050999
20	1 1	1 3	1 24	1 26	-141.19475583620584
21	1 1	1 3	1 26	1 28	102.5598347375909
22	1 1	1 3	1 28	1 30	28.730133659235307
23	1 1	1 3	1 34	1 36	61.88489789196311
24	1 1	1 3	1 25	1 27	136.94872676200077
25	1 1	1 3	1 27	1 29	61.121643140161794
26	1 1	1 3	1 31	1 33	-145.25292032698215
27	1 1	1 3	1 33	1 35	76.312725978846
28	1 1	1 3	1 41	1 43	42.49929833536628
29	1 1	1 3	1 46	1 48	6.573300706687255
30	1 1	1 3	1 54	1 56	7.220596308301092
31	1 1	1 3	1 62	1 64	6.6070349221661075
32	1 2	1 4	1 3	1 5	393.8831090547312
33	1 2	1 4	1 5	1 7	-162.63706298564898
34	1 2	1 4	1 7	1 9	-539.740601678775
35	1 2	1 4	1 9	1 11	347.7823143011636
36	1 2	1 4	1 11	1 13	207.14843490103127
37	1 2	1 4	1 13	1 15	-31.759094097142572
38	1 2	1 4	1 15	1 17	-353.07455437060025
39	1 2	1 4	1 17	1 19	181.7999556965425
40	1 2	1 4	1 19	1 21	143.321574958256
41	1 2	1 4	1 21	1 23	6.910906535692435
42	1 2	1 4	1 6	1 8	-66.32861880523073
43	1 2	1 4	1 10	1 12	445.24261956525754
44	1 2	1 4	1 14	1 16	-26.202176938492784
45	1 2	1 4	1 16	1 18	-275.853580433262
46	1 2	1 4	1 18	1 20	210.21430735442476
47	1 2	1 4	1 20	1 22	57.66948186039916
48	1 2	1 4	1 22	1 24	-6.390791656065353
49	1 2	1 4	1 23	1 25	-241.8571530302898
50	1 2	1 4	1 25	1 27	111.20286809526223
51	1 2	1 4	1 27	1 29	90.43696087016318
52	1 2	1 4	1 29	1 31	21.490750211456124
53	1 2	1 4	1 31	1 33	-164.7978546829143
54	1 2	1 4	1 33	1 35	67.78142419272805
55	1 2	1 4	1 37	1 39	22.76982892924837
56	1 2	1 4	1 41	1 43	40.94173326850009
57	1 2	1 4	1 26	1 28	111.8489017096386
58	1 2	1 4	1 28	1 30	55.33475091610586
59	1 2	1 4	1 30	1 32	5.90020889900014
60	1 2	1 4	1 32	1 34	-132.44353074108616
61	1 2	1 4	1 34	1 36	66.56992574201209
62	1 2	1 4	1 38	1 40	11.871737653180006
63	1 2	1 4	1 46	1 48	10.383331747537156
64	1 2	1 4	1 54	1 56	10.21442370417175
65	1 2	1 4	1 62	1 64	8.795748792270532
66	1 2	1 4	1 71	1 1	-739.4149469776146
67	1 3	1 5	1 4	1 6	521.7647170088107
68	1 3	1 5	1 6	1 8	-183.28597167668056
69	1 3	1 5	1 8	1 10	-472.99659580490174
70	1 3	1 5	1 10	1 12	254.43562261350075
71	1 3	1 5	1 14	1 16	-32.32225687076385
72	1 3	1 5	1 16	1 18	-326.1687952600732
73	1 3	1 5	1 18	1 20	149.25130978472828
74	1 3	1 5	1 20	1 22	141.148103376152
75	1 3	1 5	1 22	1 24	9.039809357489062
76	1 3	1 5	1 11	1 13	366.28517464912534
77	1 3	1 5	1 15	1 17	-354.35864890177413
78	1 3	1 5	1 17	1 19	71.74480663435156
79	1 3	1 5	1 19	1 21	186.87246681241004
80	1 3	1 5	1 21	1 23	53.141071985391186
81	1 3	1 5	1 23	1 25	-247.4607512727988
82	1 3	1 5	1 25	1 27	63.67172726882775
83	1 3	1 5	1 24	1 26	-225.8319367760468
84	1 3	1 5	1 26	1 28	89.9784214564398
85	1 3	1 5	1 30	1 32	20.036576948186053
86	1 3	1 5	1 38	1 40	21.871633756729125
87	1 3	1 5	1 29	1 31	48.525254549365
88	1 3	1 5	1 33	1 35	48.17018710191999
89	1 3	1 5	1 37	1 39	37.516400772642726
90	1 3	1 5	1 46	1 48	16.212180212599385
91	1 3	1 5	1 54	1 56	13.937874667728504
92	1 3	1 5	1 62	1 64	11.106465584277572
93	1 4	1 6	1 5	1 7	274.3133207556159
94	1 4	1 6	1 7	1 9	-503.5383576014467
95	1 4	1 6	1 9	1 11	-38.95890898787765
96	1 4	1 6	1 11	1 13	222.68529494367067
97	1 4	1 6	1 13	1 15	187.73816734247288
98	1 4	1 6	1 15	1 17	-318.67428308125983
99	1 4	1 6	1 19	1 21	131.7405281089574
100	1 4	1 6	1 21	1 23	107.92983767830555
101	1 4	1 6	1 23	1 25	-215.26923076923075
102	1 4	1 6	1 12	1 14	325.2187083632665
103	1 4	1 6	1 14	1 16	27.702612001656775
104	1 4	1 6	1 16	1 18	-317.30881560207865
105	1 4	1 6	1 18	1 20	59.4666490926948
106	1 4	1 6	1 20	1 22	158.7476753199717
107	1 4	1 6	1 24	1 26	-220.91214355492556
108	1 4	1 6	1 26	1 28	50.79374748980401
109	1 4	1 6	1 25	1 27	27.238001677045894
110	1 4	1 6	1 29	1 31	69.95181686046512
111	1 4	1 6	1 31	1 33	-147.77106369611442
112	1 4	1 6	1 37	1 39	44.943915211032746
113	1 4	1 6	1 28	1 30	91.95513246672579
114	1 4	1 6	1 46	1 48	19.7810052233923
115	1 4	1 6	1 54	1 56	15.235803275992506
116	1 4	1 6	1 62	1 64	11.314848188975354
117	1 5	1 7	1 6	1 8	326.0363475063972
118	1 5	1 7	1 8	1 10	-412.466281243509
119	1 5	1 7	1 10	1 12	-40.09456441035809
120	1 5	1 7	1 18	1 20	4.021704148755085
121	1 5	1 7	1 20	1 22	96.30423782809595
122	1 5	1 7	1 24	1 26	-184.8919403828072
123	1 5	1 7	1 9	1 11	-30.094013582899755
124	1 5	1 7	1 11	1 13	9.918095246436497
125	1 5	1 7	1 15	1 17	-241.40307763413838
126	1 5	1 7	1 17	1 19	-6.62544710790672
127	1 5	1 7	1 19	1 21	42.295002795732415
128	1 5	1 7	1 23	1 25	-145.38010691956683
129	1 5	1 7	1 25	1 27	5.721169338597733
130	1 5	1 7	1 27	1 29	39.24040996265187
131	1 5	1 7	1 26	1 28	16.719411333410633
132	1 5	1 7	1 28	1 30	63.00574999147584
133	1 5	1 7	1 32	1 34	-118.4496086420239
134	1 5	1 7	1 34	1 36	17.942265510460565
135	1 5	1 7	1 36	1 38	41.685746115657665
136	1 5	1 7	1 40	1 42	-81.28651653497437
137	1 5	1 7	1 42	1 44	16.933549027038914
138	1 5	1 7	1 44	1 46	29.35118380746653
139	1 5	1 7	1 31	1 33	-101.07067147034253
140	1 5	1 7	1 35	1 37	30.755413810518473
141	1 5	1 7	1 39	1 41	-70.84083583539386
142	1 5	1 7	1 41	1 43	10.699565714039398
143	1 5	1 7	1 43	1 45	24.500632591093122
144	1 5	1 7	1 45	1 47	26.588191153238547
145	1 5	1 7	1 47	1 49	-52.504888838475495
146	1 5	1 7	1 48	1 50	-58.420982249942554
147	1 5	1 7	1 52	1 54	21.515431256806295
148	1 5	1 7	1 56	1 58	-45.09078185809799
149	1 5	1 7	1 53	1 55	19.799687389753473
150	1 5	1 7	1 55	1 57	-42.40734198079804
151	1 5	1 7	1 61	1 63	15.256934025499795
152	1 5	1 7	1 70	1 72	6.136616892710592
153	1 6	1 8	1 7	1 9	-108.4735449546641
154	1 6	1 8	1 9	1 11	-17.766041913136267
155	1 6	1 8	1 11	1 13	-26.57092608884129
156	1 6	1 8	1 19	1 21	7.349504381663303
157	1 6	1 8	1 10	1 12	-28.565439523709813
158	1 6	1 8	1 20	1 22	39.21379309118335
159	1 6	1 8	1 26	1 28	5.413031396233264
160	1 6	1 8	1 28	1 30	37.79494226532897
161	1 6	1 8	1 27	1 29	17.810812086638272
162	1 6	1 8	1 33	1 35	5.137317182976085
163	1 6	1 8	1 35	1 37	18.27285588060866
164	1 6	1 8	1 41	1 43	6.070659551462377
165	1 6	1 8	1 43	1 45	16.467895443181554
166	1 6	1 8	1 34	1 36	9.222912048357976
167	1 6	1 8	1 36	1 38	28.99918932854633
168	1 6	1 8	1 42	1 44	10.389126586842966
169	1 6	1 8	1 44	1 46	21.66482368524808
170	1 6	1 8	1 47	1 49	-38.54441606851766
171	1 6	1 8	1 49	1 51	5.592628539654009
172	1 6	1 8	1 51	1 53	14.198762270949231
173	1 6	1 8	1 55	1 57	-31.624088679317182
174	1 6	1 8	1 57	1 59	4.92253524385869
175	1 6	1 8	1 59	1 61	11.577832617484258
176	1 6	1 8	1 61	1 63	12.201460902107893
177	1 6	1 8	1 63	1 65	-26.013519578309822
178	1 6	1 8	1 65	1 67	5.030359149155377
179	1 6	1 8	1 50	1 52	9.825528366989676
180	1 6	1 8	1 52	1 54	16.26130713834645
181	1 6	1 8	1 58	1 60	9.375363250499268
182	1 6	1 8	1 60	1 62	12.798236901705806
183	1 6	1 8	1 64	1 66	-27.631327693481833
184	1 6	1 8	1 66	1 68	8.662803612552475
185	1 6	1 8	1 68	1 70	10.199402800359648
186	1 6	1 8	1 69	1 71	8.716534118821102
187	1 6	1 8	1 71	1 1	-77.19488287084835
188	1 6	1 8	1 72	1 2	-89.33054465903874
189	1 7	1 9	1 8	1 10	1097.1002998764425
190	1 7	1 9	1 10	1 12	-513.5515592449972
191	1 7	1 9	1 12	1 14	-328.63659531295116
192	1 7	1 9	1 16	1 18	805.9175636007828
193	1 7	1 9	1 18	1 20	-363.02863114423855
194	1 7	1 9	1 20	1 22	-242.13883129079863
195	1 7	1 9	1 24	1 26	574.003062148159
196	1 7	1 9	1 26	1 28	-231.76996351183448
197	1 7	1 9	1 11	1 13	-362.4450662466413
198	1 7	1 9	1 15	1 17	974.2316371172001
199	1 7	1 9	1 19	1 21	-301.19579703729465
200	1 7	1 9	1 23	1 25	650.9855366444135
201	1 7	1 9	1 27	1 29	-211.44630157539385
202	1 7	1 9	1 28	1 30	-183.50770257638663
203	1 7	1 9	1 32	1 34	393.58474230447916
204	1 7	1 9	1 34	1 36	-151.56890343255532
205	1 7	1 9	1 36	1 38	-129.3166355489171
206	1 7	1 9	1 40	1 42	289.259199821081
207	1 7	1 9	1 42	1 44	-107.84352071446575
208	1 7	1 9	1 44	1 46	-99.66763791763793
209	1 7	1 9	1 31	1 33	445.0132724011148
210	1 7	1 9	1 33	1 35	-154.51015814422934
211	1 7	1 9	1 37	1 39	-94.31757844824685
212	1 7	1 9	1 39	1 41	307.976678061297
213	1 7	1 9	1 41	1 43	-96.802075269541
214	1 7	1 9	1 45	1 47	-71.65790623028448
215	1 7	1 9	1 54	1 56	-36.67359643166431
216	1 7	1 9	1 62	1 64	-28.710203060501186
217	1 7	1 9	1 53	1 55	-59.86660559861136
218	1 7	1 9	1 71	1 1	850.4612231302478
219	1 8	1 10	1 9	1 11	-249.84204165399817
220	1 8	1 10	1 11	1 13	-406.1883996212121
221	1 8	1 10	1 15	1 17	798.6766705516706
222	1 8	1 10	1 17	1 19	-176.4708810753472
223	1 8	1 10	1 19	1 21	-311.623920552677
224	1 8	1 10	1 25	1 27	-137.92784383772465
225	1 8	1 10	1 27	1 29	-206.91762529116056
226	1 8	1 10	1 12	1 14	-334.3261263489969
227	1 8	1 10	1 16	1 18	925.9811787714893
228	1 8	1 10	1 18	1 20	-337.3260424290217
229	1 8	1 10	1 20	1 22	-258.83209064685684
230	1 8	1 10	1 24	1 26	600.126086920319
231	1 8	1 10	1 26	1 28	-188.8380514036195
232	1 8	1 10	1 28	1 30	-192.4539446418974
233	1 8	1 10	1 31	1 33	398.83441549826966
234	1 8	1 10	1 33	1 35	-102.62077975730392
235	1 8	1 10	1 35	1 37	-137.84643943784408
236	1 8	1 10	1 39	1 41	277.79178804306684
237	1 8	1 10	1 41	1 43	-71.23030729180107
238	1 8	1 10	1 43	1 45	-100.86675574444337
239	1 8	1 10	1 45	1 47	-75.95508577340368
240	1 8	1 10	1 47	1 49	202.77006476002822
241	1 8	1 10	1 32	1 34	393.95657010793326
242	1 8	1 10	1 34	1 36	-122.09417809778517
243	1 8	1 10	1 36	1 38	-133.24400573480864
244	1 8	1 10	1 40	1 42	282.4535818771807
245	1 8	1 10	1 42	1 44	-89.77172392200214
246	1 8	1 10	1 44	1 46	-99.03338900762368
247	1 8	1 10	1 48	1 50	208.00269158644272
248	1 8	1 10	1 53	1 55	-61.333869644772534
249	1 8	1 10	1 61	1 63	-49.74388723070088
250	1 8	1 10	1 62	1 64	-29.766987263943786
251	1 8	1 10	1 71	1 1	659.8719939660739
252	1 8	1 10	1 72	1 2	603.2380952380952
253	1 9	1 11	1 10	1 12	344.46926082031257
254	1 9	1 11	1 18	1 20	232.63695773133162
255	1 9	1 11	1 22	1 24	-11.03545451817944
256	1 9	1 11	1 24	1 26	-148.32485593883064
257	1 9	1 11	1 26	1 28	133.0573447480836
258	1 9	1 11	1 28	1 30	11.423271142218784
259	1 9	1 11	1 13	1 15	-29.817222210363838
260	1 9	1 11	1 17	1 19	437.57199137234466
261	1 9	1 11	1 21	1 23	-17.97628925444976
262	1 9	1 11	1 23	1 25	-266.55773834894916
263	1 9	1 11	1 25	1 27	207.90802020218888
264	1 9	1 11	1 27	1 29	52.0386964559827
265	1 9	1 11	1 34	1 36	78.68182841143052
266	1 9	1 11	1 38	1 40	3.6279544149797314
267	1 9	1 11	1 42	1 44	50.88022939541163
268	1 9	1 11	1 46	1 48	5.166482348074917
269	1 9	1 11	1 33	1 35	107.89988987353335
270	1 9	1 11	1 41	1 43	57.68573135550748
271	1 9	1 11	1 54	1 56	6.693422140422506
272	1 9	1 11	1 62	1 64	6.647090442997258
273	1 10	1 12	1 11	1 13	237.34182754669666
274	1 10	1 12	1 13	1 15	-63.97814460401182
275	1 10	1 12	1 17	1 19	216.85474587635494
276	1 10	1 12	1 19	1 21	187.72161839339947
277	1 10	1 12	1 21	1 23	-24.342945932504797
278	1 10	1 12	1 23	1 25	-275.908457549358
279	1 10	1 12	1 25	1 27	137.28386833500673
280	1 10	1 12	1 27	1 29	113.97161940205994
281	1 10	1 12	1 29	1 31	8.383842800028958
282	1 10	1 12	1 14	1 16	-25.918495164301532
283	1 10	1 12	1 18	1 20	355.5508582250993
284	1 10	1 12	1 22	1 24	-16.90141019796615
285	1 10	1 12	1 24	1 26	-217.35291344490972
286	1 10	1 12	1 26	1 28	157.6361632534768
287	1 10	1 12	1 28	1 30	49.05958740637603
288	1 10	1 12	1 31	1 33	-188.20824449651803
289	1 10	1 12	1 33	1 35	83.1789319502759
290	1 10	1 12	1 35	1 37	69.98760120241407
291	1 10	1 12	1 37	1 39	18.82896070360042
292	1 10	1 12	1 43	1 45	48.09034286275666
293	1 10	1 12	1 45	1 47	20.5096429971682
294	1 10	1 12	1 34	1 36	84.19557411491468
295	1 10	1 12	1 42	1 44	53.551135699356266
296	1 10	1 12	1 46	1 48	9.232102554278576
297	1 10	1 12	1 54	1 56	10.147614508439126
298	1 10	1 12	1 62	1 64	9.22310112808815
299	1 10	1 12	1 71	1 1	-425.57756818428084
300	1 11	1 13	1 12	1 14	217.74192826131127
301	1 11	1 13	1 14	1 16	-50.85680795845158
302	1 11	1 13	1 18	1 20	161.6542474866659
303	1 11	1 13	1 20	1 22	168.21843637505737
304	1 11	1 13	1 22	1 24	-24.011791596081583
305	1 11	1 13	1 24	1 26	-230.2500415240624
306	1 11	1 13	1 26	1 28	100.13832813486371
307	1 11	1 13	1 28	1 30	104.60336530749734
308	1 11	1 13	1 30	1 32	6.120372443210243
309	1 11	1 13	1 19	1 21	297.7404091340012
310	1 11	1 13	1 23	1 25	-245.69307383946312
311	1 11	1 13	1 25	1 27	44.32928590064843
312	1 11	1 13	1 27	1 29	137.14407643912438
313	1 11	1 13	1 29	1 31	37.71944351969765
314	1 11	1 13	1 38	1 40	17.36052521869967
315	1 11	1 13	1 46	1 48	14.723150584676056
316	1 11	1 13	1 37	1 39	35.3963101313707
317	1 11	1 13	1 41	1 43	32.097205503245775
318	1 11	1 13	1 45	1 47	28.79639865113338
319	1 11	1 13	1 54	1 56	13.635341361525047
320	1 11	1 13	1 62	1 64	11.13311733234902
321	1 12	1 14	1 13	1 15	199.4540699364188
322	1 12	1 14	1 15	1 17	-310.08458553955245
323	1 12	1 14	1 17	1 19	-27.638983766081694
324	1 12	1 14	1 19	1 21	151.45865358453628
325	1 12	1 14	1 21	1 23	134.12723032862215
326	1 12	1 14	1 23	1 25	-227.6438513726593
327	1 12	1 14	1 25	1 27	7.267726189980344
328	1 12	1 14	1 27	1 29	94.56951252505996
329	1 12	1 14	1 29	1 31	84.42809912506509
330	1 12	1 14	1 31	1 33	-159.16747747936128
331	1 12	1 14	1 20	1 22	259.99838892543
332	1 12	1 14	1 24	1 26	-227.20984504582043
333	1 12	1 14	1 26	1 28	37.01048035637818
334	1 12	1 14	1 28	1 30	122.80104315682436
335	1 12	1 14	1 32	1 34	-155.55862373161614
336	1 12	1 14	1 37	1 39	52.42283803297789
337	1 12	1 14	1 45	1 47	34.623785151940126
338	1 12	1 14	1 46	1 48	21.371768167513487
339	1 12	1 14	1 54	1 56	16.758383722256433
340	1 12	1 14	1 53	1 55	26.273868431098304
341	1 12	1 14	1 62	1 64	12.420462015656945
342	1 13	1 15	1 16	1 18	-301.51134646588656
343	1 13	1 15	1 18	1 20	-25.61425171872508
344	1 13	1 15	1 20	1 22	124.06285074541597
345	1 13	1 15	1 24	1 26	-225.5607283626007
346	1 13	1 15	1 28	1 30	79.98897866483776
347	1 13	1 15	1 32	1 34	-144.83841598282228
348	1 13	1 15	1 17	1 19	-17.27014270142154
349	1 13	1 15	1 23	1 25	-193.64845444370565
350	1 13	1 15	1 27	1 29	32.639051762659875
351	1 13	1 15	1 31	1 33	-122.10389441562224
352	1 13	1 15	1 35	1 37	31.694261194468858
353	1 13	1 15	1 36	1 38	51.73574246436118
354	1 13	1 15	1 40	1 42	-99.85520276454903
355	1 13	1 15	1 44	1 46	35.823972874789305
356	1 13	1 15	1 48	1 50	-69.71653888851989
357	1 13	1 15	1 52	1 54	25.591029689273206
358	1 13	1 15	1 39	1 41	-83.29654953676122
359	1 13	1 15	1 43	1 45	27.211098292142744
360	1 13	1 15	1 45	1 47	34.20052275765866
361	1 13	1 15	1 47	1 49	-60.86544407546289
362	1 13	1 15	1 53	1 55	24.5921519644768
363	1 13	1 15	1 55	1 57	-48.89731856029968
364	1 13	1 15	1 56	1 58	-53.17598929690336
365	1 13	1 15	1 60	1 62	19.724448001826048
366	1 13	1 15	1 64	1 66	-42.24964323260424
367	1 13	1 15	1 70	1 72	7.44773167412632
368	1 13	1 15	1 61	1 63	18.53950257241356
369	1 13	1 15	1 69	1 71	13.136657010616656
370	1 14	1 16	1 19	1 21	-21.382196748387408
371	1 14	1 16	1 27	1 29	5.630464726165895
372	1 14	1 16	1 31	1 33	-73.01357651360169
373	1 14	1 16	1 18	1 20	-14.833513156337439
374	1 14	1 16	1 20	1 22	-3.581609478612557
375	1 14	1 16	1 24	1 26	-218.3849051504639
376	1 14	1 16	1 28	1 30	31.05177252212936
377	1 14	1 16	1 34	1 36	5.339410676851026
378	1 14	1 16	1 36	1 38	30.867586116018597
379	1 14	1 16	1 35	1 37	14.588843728188369
380	1 14	1 16	1 41	1 43	4.5417696277275965
381	1 14	1 16	1 43	1 45	16.254022942518148
382	1 14	1 16	1 47	1 49	-42.35629397324968
383	1 14	1 16	1 49	1 51	5.011314329942316
384	1 14	1 16	1 51	1 53	14.908384632426829
385	1 14	1 16	1 42	1 44	8.914940982189119
386	1 14	1 16	1 44	1 46	24.109546406752713
387	1 14	1 16	1 48	1 50	-53.673402187495185
388	1 14	1 16	1 50	1 52	9.524488294740886
389	1 14	1 16	1 52	1 54	18.327972006497944
390	1 14	1 16	1 56	1 58	-40.18354163542135
391	1 14	1 16	1 55	1 57	-35.19695352145214
392	1 14	1 16	1 57	1 59	4.876879851358583
393	1 14	1 16	1 59	1 61	12.43456971682141
394	1 14	1 16	1 61	1 63	14.659988130765605
395	1 14	1 16	1 63	1 65	-29.125474405893378
396	1 14	1 16	1 65	1 67	5.274155442848139
397	1 14	1 16	1 67	1 69	10.746839271566168
398	1 14	1 16	1 69	1 71	10.14754385926919
399	1 14	1 16	1 71	1 1	-70.88960597451569
400	1 14	1 16	1 58	1 60	9.670229506249814
401	1 14	1 16	1 60	1 62	14.573502180346281
402	1 14	1 16	1 64	1 66	-31.509775383556526
403	1 14	1 16	1 66	1 68	9.239545168369698
404	1 14	1 16	1 68	1 70	11.475444814023195
405	1 14	1 16	1 70	1 72	6.030514688054278
406	1 14	1 16	1 72	1 2	-79.01623662698259
407	1 15	1 17	1 16	1 18	813.074392891526
408	1 15	1 17	1 18	1 20	-391.9978880356984
409	1 15	1 17	1 20	1 22	-251.78623157953714
410	1 15	1 17	1 24	1 26	640.1030834461342
411	1 15	1 17	1 26	1 28	-282.7771764719504
412	1 15	1 17	1 28	1 30	-197.07742506793937
413	1 15	1 17	1 32	1 34	451.59687276057
414	1 15	1 17	1 34	1 36	-186.7624560839294
415	1 15	1 17	1 19	1 21	-294.1681393010242
416	1 15	1 17	1 23	1 25	796.9043568835189
417	1 15	1 17	1 25	1 27	-356.1701253827441
418	1 15	1 17	1 27	1 29	-232.6432623250152
419	1 15	1 17	1 31	1 33	532.0758535489667
420	1 15	1 17	1 33	1 35	-204.6152214816349
421	1 15	1 17	1 35	1 37	-168.20931905407582
422	1 15	1 17	1 36	1 38	-143.7670118877242
423	1 15	1 17	1 40	1 42	335.87264105696
424	1 15	1 17	1 44	1 46	-112.39389306636605
425	1 15	1 17	1 48	1 50	253.11117093051448
426	1 15	1 17	1 50	1 52	-97.39113370573088
427	1 15	1 17	1 54	1 56	-41.04012716258255
428	1 15	1 17	1 41	1 43	-122.90739923157169
429	1 15	1 17	1 45	1 47	-80.05799240056486
430	1 15	1 17	1 47	1 49	262.17621799553143
431	1 15	1 17	1 53	1 55	-67.44877866983082
432	1 15	1 17	1 62	1 64	-32.77344969909213
433	1 15	1 17	1 70	1 72	-22.918063692556117
434	1 15	1 17	1 61	1 63	-56.28870434747643
435	1 16	1 18	1 17	1 19	-169.00796619603847
436	1 16	1 18	1 19	1 21	-337.9605400067952
437	1 16	1 18	1 23	1 25	628.321171434901
438	1 16	1 18	1 25	1 27	-142.40021371586488
439	1 16	1 18	1 27	1 29	-244.68082640435458
440	1 16	1 18	1 31	1 33	452.09195384768964
441	1 16	1 18	1 33	1 35	-110.55082199335942
442	1 16	1 18	1 35	1 37	-161.73745760316564
443	1 16	1 18	1 20	1 22	-257.4904546511439
444	1 16	1 18	1 24	1 26	728.1674568372296
445	1 16	1 18	1 26	1 28	-261.57464946822216
446	1 16	1 18	1 28	1 30	-212.67135520385702
447	1 16	1 18	1 32	1 34	458.7812672389598
448	1 16	1 18	1 34	1 36	-146.52000014972975
449	1 16	1 18	1 36	1 38	-150.56271769387195
450	1 16	1 18	1 37	1 39	-123.1392872931961
451	1 16	1 18	1 39	1 41	321.1106795509663
452	1 16	1 18	1 41	1 43	-78.76712351549124
453	1 16	1 18	1 43	1 45	-116.6353090457158
454	1 16	1 18	1 45	1 47	-88.35891065467149
455	1 16	1 18	1 47	1 49	231.8697213982373
456	1 16	1 18	1 49	1 51	-54.65096375378518
457	1 16	1 18	1 51	1 53	-91.01245800671893
458	1 16	1 18	1 53	1 55	-70.43669850302658
459	1 16	1 18	1 55	1 57	183.00341748991133
460	1 16	1 18	1 40	1 42	325.19966527712177
461	1 16	1 18	1 42	1 44	-102.60425022488555
462	1 16	1 18	1 44	1 46	-112.87734052915482
463	1 16	1 18	1 48	1 50	239.90647202240626
464	1 16	1 18	1 50	1 52	-78.37333910839416
465	1 16	1 18	1 52	1 54	-85.55173928180074
466	1 16	1 18	1 56	1 58	185.1011628942354
467	1 16	1 18	1 61	1 63	-56.74814656077031
468	1 16	1 18	1 69	1 71	-42.864475284173665
469	1 16	1 18	1 62	1 64	-34.77268424558872
470	1 16	1 18	1 70	1 72	-23.004313601842078
471	1 17	1 19	1 18	1 20	236.72897934468898
472	1 17	1 19	1 20	1 22	-57.217300605833486
473	1 17	1 19	1 26	1 28	170.09501869887922
474	1 17	1 19	1 30	1 32	-7.173383490045966
475	1 17	1 19	1 34	1 36	104.62466127245953
476	1 17	1 19	1 21	1 23	-21.345587406730623
477	1 17	1 19	1 29	1 31	-13.354632356049585
478	1 17	1 19	1 33	1 35	170.96659608757105
479	1 17	1 19	1 35	1 37	40.72100491529963
480	1 17	1 19	1 39	1 41	-134.77548393522756
481	1 17	1 19	1 42	1 44	66.77968293857282
482	1 17	1 19	1 46	1 48	2.6411594112268366
483	1 17	1 19	1 50	1 52	45.69298471575863
484	1 17	1 19	1 54	1 56	5.447047164044769
485	1 17	1 19	1 41	1 43	85.43724042929847
486	1 17	1 19	1 62	1 64	6.364229542145205
487	1 18	1 20	1 19	1 21	203.25405091026653
488	1 18	1 20	1 21	1 23	-47.25534920090095
489	1 18	1 20	1 25	1 27	175.90247445783973
490	1 18	1 20	1 27	1 29	142.48198198303396
491	1 18	1 20	1 29	1 31	-19.528645758005844
492	1 18	1 20	1 31	1 33	-215.37925816835002
493	1 18	1 20	1 33	1 35	107.93825981106926
494	1 18	1 20	1 35	1 37	86.85836503279516
495	1 18	1 20	1 22	1 24	-19.963281670218855
496	1 18	1 20	1 30	1 32	-11.595106595246948
497	1 18	1 20	1 34	1 36	120.91265584535904
498	1 18	1 20	1 36	1 38	35.18703837719807
499	1 18	1 20	1 38	1 40	1.4722315945214248
500	1 18	1 20	1 41	1 43	62.968092178063124
501	1 18	1 20	1 53	1 55	19.164472728558486
502	1 18	1 20	1 46	1 48	5.911285456639197
503	1 18	1 20	1 54	1 56	8.900341325633885
504	1 18	1 20	1 62	1 64	9.056111429185744
505	1 19	1 21	1 20	1 22	182.2815546426408
506	1 19	1 21	1 22	1 24	-46.094620431108254
507	1 19	1 21	1 26	1 28	138.43281681193554
508	1 19	1 21	1 28	1 30	136.63462177480199
509	1 19	1 21	1 34	1 36	83.85007244430801
510	1 19	1 21	1 36	1 38	81.50460270440124
511	1 19	1 21	1 38	1 40	8.675870315357415
512	1 19	1 21	1 23	1 25	-244.68919251095906
513	1 19	1 21	1 27	1 29	244.17721980374685
514	1 19	1 21	1 33	1 35	39.22572885657547
515	1 19	1 21	1 35	1 37	110.93383378901086
516	1 19	1 21	1 37	1 39	31.236679538657107
517	1 19	1 21	1 46	1 48	12.83138838895248
518	1 19	1 21	1 54	1 56	14.305782534570962
519	1 19	1 21	1 62	1 64	12.578992503182876
520	1 20	1 22	1 21	1 23	143.39151005506739
521	1 20	1 22	1 23	1 25	-247.8458716396039
522	1 20	1 22	1 25	1 27	-23.74850012347077
523	1 20	1 22	1 27	1 29	127.38876423407359
524	1 20	1 22	1 29	1 31	109.98101608044755
525	1 20	1 22	1 31	1 33	-190.21546750654258
526	1 20	1 22	1 35	1 37	76.85566078117003
527	1 20	1 22	1 37	1 39	67.68290235425522
528	1 20	1 22	1 39	1 41	-131.6984684709421
529	1 20	1 22	1 24	1 26	-222.1817733232508
530	1 20	1 22	1 28	1 30	210.32884062667804
531	1 20	1 22	1 32	1 34	-177.6518130788661
532	1 20	1 22	1 36	1 38	98.10340958291033
533	1 20	1 22	1 45	1 47	43.56563102315529
534	1 20	1 22	1 53	1 55	32.31753323790879
535	1 20	1 22	1 46	1 48	23.32604319889726
536	1 20	1 22	1 54	1 56	19.46523551841309
537	1 20	1 22	1 62	1 64	14.799091655922656
538	1 21	1 23	1 24	1 26	-244.35628929044626
539	1 21	1 23	1 26	1 28	-20.435162475541905
540	1 21	1 23	1 28	1 30	113.80345576737015
541	1 21	1 23	1 32	1 34	-187.86774475048338
542	1 21	1 23	1 36	1 38	71.70678970294833
543	1 21	1 23	1 40	1 42	-129.55027610582033
544	1 21	1 23	1 25	1 27	-13.68755094395635
545	1 21	1 23	1 35	1 37	29.41594890018249
546	1 21	1 23	1 37	1 39	92.03317432067452
547	1 21	1 23	1 39	1 41	-107.90970632867763
548	1 21	1 23	1 43	1 45	31.221625795057754
549	1 21	1 23	1 42	1 44	15.177977123240534
550	1 21	1 23	1 44	1 46	47.93899953742701
551	1 21	1 23	1 48	1 50	-89.65982240887132
552	1 21	1 23	1 50	1 52	16.689651494820495
553	1 21	1 23	1 52	1 54	33.3283047168768
554	1 21	1 23	1 56	1 58	-67.41719696969696
555	1 21	1 23	1 60	1 62	25.184786222621554
556	1 21	1 23	1 45	1 47	49.51057894382541
557	1 21	1 23	1 47	1 49	-76.26945473204083
558	1 21	1 23	1 51	1 53	27.21787081691419
559	1 21	1 23	1 53	1 55	33.48747508780286
560	1 21	1 23	1 55	1 57	-60.90428275632921
561	1 21	1 23	1 59	1 61	21.80477494569774
562	1 21	1 23	1 61	1 63	24.4687398246094
563	1 21	1 23	1 63	1 65	-49.3220990207886
564	1 21	1 23	1 64	1 66	-53.12793494215189
565	1 21	1 23	1 68	1 70	19.474525353718953
566	1 21	1 23	1 70	1 72	9.79763815886616
567	1 21	1 23	1 69	1 71	16.9248404266225
568	1 22	1 24	1 27	1 29	-17.500982156622626
569	1 22	1 24	1 35	1 37	7.546387371457926
570	1 22	1 24	1 32	1 34	-189.88166921308002
571	1 22	1 24	1 36	1 38	32.46110316078364
572	1 22	1 24	1 40	1 42	-114.61684163400179
573	1 22	1 24	1 42	1 44	7.216323352382288
574	1 22	1 24	1 44	1 46	30.311127531217334
575	1 22	1 24	1 43	1 45	16.528613202181177
576	1 22	1 24	1 47	1 49	-53.974464917889314
577	1 22	1 24	1 49	1 51	4.596447044411704
578	1 22	1 24	1 51	1 53	17.52432870742056
579	1 22	1 24	1 55	1 57	-45.30831332965528
580	1 22	1 24	1 57	1 59	5.319316398630603
581	1 22	1 24	1 59	1 61	15.17671770865771
582	1 22	1 24	1 61	1 63	20.675596878834718
583	1 22	1 24	1 50	1 52	9.899127121815152
584	1 22	1 24	1 52	1 54	23.74145779283404
585	1 22	1 24	1 56	1 58	-54.4544761441791
586	1 22	1 24	1 58	1 60	11.161577919045243
587	1 22	1 24	1 60	1 62	19.214641817234856
588	1 22	1 24	1 64	1 66	-42.27363898914047
589	1 22	1 24	1 63	1 65	-37.74351195030569
590	1 22	1 24	1 65	1 67	6.2875892170973104
591	1 22	1 24	1 67	1 69	13.519773418102892
592	1 22	1 24	1 69	1 71	14.057668208858487
593	1 22	1 24	1 71	1 1	-74.95667704450088
594	1 22	1 24	1 66	1 68	11.203573694563913
595	1 22	1 24	1 68	1 70	15.230920459286345
596	1 22	1 24	1 72	1 2	-80.51590369873645
597	1 23	1 25	1 24	1 26	664.1223874904654
598	1 23	1 25	1 26	1 28	-312.1240868086365
599	1 23	1 25	1 28	1 30	-220.06786038692536
600	1 23	1 25	1 32	1 34	541.1260992385164
601	1 23	1 25	1 34	1 36	-240.2301558218613
602	1 23	1 25	1 36	1 38	-165.20152666385258
603	1 23	1 25	1 40	1 42	408.46244794938
604	1 23	1 25	1 42	1 44	-170.215006525935
605	1 23	1 25	1 27	1 29	-240.32966077379214
606	1 23	1 25	1 31	1 33	712.4558650409922
607	1 23	1 25	1 33	1 35	-306.47209292339403
608	1 23	1 25	1 35	1 37	-197.86337727951144
609	1 23	1 25	1 39	1 41	464.16320535572993
610	1 23	1 25	1 41	1 43	-172.08438753773714
611	1 23	1 25	1 43	1 45	-153.66838617914385
612	1 23	1 25	1 45	1 47	-93.18203364190953
613	1 23	1 25	1 44	1 46	-134.1708910350896
614	1 23	1 25	1 48	1 50	310.25019264622847
615	1 23	1 25	1 52	1 54	-106.31856524129228
616	1 23	1 25	1 54	1 56	-48.14774462844246
617	1 23	1 25	1 56	1 58	246.91327731092434
618	1 23	1 25	1 60	1 62	-85.81850392501127
619	1 23	1 25	1 62	1 64	-39.13250706798483
620	1 23	1 25	1 47	1 49	327.4351963631301
621	1 23	1 25	1 49	1 51	-101.30101996977399
622	1 23	1 25	1 51	1 53	-122.6340136141585
623	1 23	1 25	1 53	1 55	-80.28859448053122
624	1 23	1 25	1 55	1 57	252.40825911074467
625	1 23	1 25	1 57	1 59	-64.56810922390243
626	1 23	1 25	1 61	1 63	-67.6395231784131
627	1 23	1 25	1 70	1 72	-27.51864236071333
628	1 23	1 25	1 69	1 71	-52.90737731198678
629	1 24	1 26	1 25	1 27	-127.204574924599
630	1 24	1 26	1 27	1 29	-286.2672215704682
631	1 24	1 26	1 31	1 33	540.3982285170632
632	1 24	1 26	1 33	1 35	-111.81843606597653
633	1 24	1 26	1 35	1 37	-210.73064188699308
634	1 24	1 26	1 39	1 41	389.52289897088303
635	1 24	1 26	1 41	1 43	-87.52992609592454
636	1 24	1 26	1 43	1 45	-147.46901340434277
637	1 24	1 26	1 28	1 30	-226.9289668190833
638	1 24	1 26	1 32	1 34	617.6600504236782
639	1 24	1 26	1 36	1 38	-180.36492104590036
640	1 24	1 26	1 40	1 42	410.69351408825094
641	1 24	1 26	1 42	1 44	-131.38457261506215
642	1 24	1 26	1 44	1 46	-139.0485769546774
643	1 24	1 26	1 45	1 47	-109.9600226110152
644	1 24	1 26	1 47	1 49	286.4956226584701
645	1 24	1 26	1 51	1 53	-112.63795290821207
646	1 24	1 26	1 53	1 55	-88.18390493733068
647	1 24	1 26	1 57	1 59	-46.41612356264926
648	1 24	1 26	1 59	1 61	-87.37580747969507
649	1 24	1 26	1 61	1 63	-70.46291191822544
650	1 24	1 26	1 63	1 65	181.42966575225842
651	1 24	1 26	1 48	1 50	298.18925845290244
652	1 24	1 26	1 52	1 54	-106.50188035616753
653	1 24	1 26	1 56	1 58	230.71552406857776
654	1 24	1 26	1 60	1 62	-83.28542045653091
655	1 24	1 26	1 62	1 64	-43.67894021179043
656	1 24	1 26	1 64	1 66	184.53940771890422
657	1 24	1 26	1 69	1 71	-52.568789752313734
658	1 24	1 26	1 70	1 72	-28.581623940586223
659	1 25	1 27	1 26	1 28	195.22355980329877
660	1 25	1 27	1 28	1 30	-59.25256826895675
661	1 25	1 27	1 34	1 36	144.75473109623562
662	1 25	1 27	1 36	1 38	-22.77526743937353
663	1 25	1 27	1 38	1 40	-5.255063058615615
664	1 25	1 27	1 42	1 44	96.65416278458783
665	1 25	1 27	1 29	1 31	-20.112730780094495
666	1 25	1 27	1 33	1 35	335.44450673596225
667	1 25	1 27	1 37	1 39	-12.28290119167935
668	1 25	1 27	1 41	1 43	148.6242052512494
669	1 25	1 27	1 43	1 45	36.721781401938976
670	1 25	1 27	1 47	1 49	-120.58086069809258
671	1 25	1 27	1 50	1 52	64.65830514411732
672	1 25	1 27	1 54	1 56	2.9115015444932375
673	1 25	1 27	1 62	1 64	5.480249098237122
674	1 26	1 28	1 27	1 29	165.67841857431833
675	1 26	1 28	1 29	1 31	-45.965095842969404
676	1 26	1 28	1 33	1 35	143.23562371453403
677	1 26	1 28	1 35	1 37	119.4063708588744
678	1 26	1 28	1 37	1 39	-19.596110023334397
679	1 26	1 28	1 41	1 43	87.31019729638359
680	1 26	1 28	1 43	1 45	74.95589561049795
681	1 26	1 28	1 30	1 32	-16.737134774165334
682	1 26	1 28	1 34	1 36	236.6336740123896
683	1 26	1 28	1 38	1 40	-8.952808171201134
684	1 26	1 28	1 42	1 44	105.50225252108626
685	1 26	1 28	1 44	1 46	31.04387201423519
686	1 26	1 28	1 53	1 55	16.387021615840077
687	1 26	1 28	1 54	1 56	5.668484872468857
688	1 26	1 28	1 62	1 64	8.183238264953587
689	1 27	1 29	1 28	1 30	169.21442054757557
690	1 27	1 29	1 30	1 32	-46.048101404143104
691	1 27	1 29	1 34	1 36	124.386343401665
692	1 27	1 29	1 36	1 38	115.77889861234434
693	1 27	1 29	1 38	1 40	-16.72515732248833
694	1 27	1 29	1 42	1 44	76.69348035165751
695	1 27	1 29	1 44	1 46	75.95988651947278
696	1 27	1 29	1 35	1 37	218.2568918853022
697	1 27	1 29	1 43	1 45	102.25108397905467
698	1 27	1 29	1 45	1 47	29.81668470345269
699	1 27	1 29	1 54	1 56	12.794151347147448
700	1 27	1 29	1 62	1 64	13.745496483286683
701	1 27	1 29	1 53	1 55	31.67668319502272
702	1 27	1 29	1 61	1 63	27.983704098086534
703	1 28	1 30	1 29	1 31	135.45572761664314
704	1 28	1 30	1 31	1 33	-230.00735598021177
705	1 28	1 30	1 33	1 35	-22.813166068985737
706	1 28	1 30	1 35	1 37	119.80933230566205
707	1 28	1 30	1 37	1 39	101.55889459218754
708	1 28	1 30	1 39	1 41	-179.50292794605735
709	1 28	1 30	1 43	1 45	77.04243603281589
710	1 28	1 30	1 45	1 47	64.66401915658892
711	1 28	1 30	1 47	1 49	-130.07031238559244
712	1 28	1 30	1 36	1 38	202.60429531687888
713	1 28	1 30	1 40	1 42	-170.07606099670244
714	1 28	1 30	1 42	1 44	32.44363762224164
715	1 28	1 30	1 44	1 46	96.75732375732375
716	1 28	1 30	1 46	1 48	21.444178965149362
717	1 28	1 30	1 48	1 50	-129.75070719039934
718	1 28	1 30	1 51	1 53	54.08419957517065
719	1 28	1 30	1 53	1 55	46.22819010044493
720	1 28	1 30	1 61	1 63	34.717678031609935
721	1 28	1 30	1 52	1 54	59.067509618478816
722	1 28	1 30	1 54	1 56	23.909048691502676
723	1 28	1 30	1 60	1 62	41.33634030323289
724	1 28	1 30	1 62	1 64	19.552943460671738
725	1 28	1 30	1 70	1 72	13.105122566429845
726	1 29	1 31	1 32	1 34	-231.62271220047722
727	1 29	1 31	1 34	1 36	-21.261849694447665
728	1 29	1 31	1 36	1 38	104.05723402641587
729	1 29	1 31	1 40	1 42	-180.18870885455718
730	1 29	1 31	1 42	1 44	6.252098852367404
731	1 29	1 31	1 44	1 46	69.84015380600252
732	1 29	1 31	1 48	1 50	-123.14708181269577
733	1 29	1 31	1 33	1 35	-11.795290872629126
734	1 29	1 31	1 37	1 39	190.84859009860804
735	1 29	1 31	1 39	1 41	-161.4125934373451
736	1 29	1 31	1 43	1 45	30.43372190580782
737	1 29	1 31	1 45	1 47	83.88020260979826
738	1 29	1 31	1 47	1 49	-102.636212219627
739	1 29	1 31	1 51	1 53	32.12879971118098
740	1 29	1 31	1 50	1 52	15.39452502279277
741	1 29	1 31	1 52	1 54	46.70559130337232
742	1 29	1 31	1 56	1 58	-91.00738847867073
743	1 29	1 31	1 58	1 60	18.69098160654139
744	1 29	1 31	1 60	1 62	34.68075223632754
745	1 29	1 31	1 62	1 64	24.786957411579444
746	1 29	1 31	1 64	1 66	-71.26003890659742
747	1 29	1 31	1 68	1 70	26.364551221411137
748	1 29	1 31	1 53	1 55	51.85097223276647
749	1 29	1 31	1 55	1 57	-80.12960369022869
750	1 29	1 31	1 59	1 61	26.998511959574564
751	1 29	1 31	1 61	1 63	35.744518347333376
752	1 29	1 31	1 63	1 65	-64.74657231195692
753	1 29	1 31	1 65	1 67	10.440372472335385
754	1 29	1 31	1 67	1 69	23.32854697615867
755	1 29	1 31	1 69	1 71	23.81801687887309
756	1 29	1 31	1 71	1 1	-98.06549479699063
757	1 29	1 31	1 70	1 72	14.119590588841792
758	1 29	1 31	1 72	1 2	-100.80262061366713
759	1 30	1 32	1 43	1 45	7.828311280102921
760	1 30	1 32	1 47	1 49	-62.7338241223845
761	1 30	1 32	1 34	1 36	-11.020751182401156
762	1 30	1 32	1 40	1 42	-178.75389057626217
763	1 30	1 32	1 44	1 46	29.652330978925306
764	1 30	1 32	1 48	1 50	-106.42415024222188
765	1 30	1 32	1 50	1 52	6.957302209917047
766	1 30	1 32	1 52	1 54	28.33238682982915
767	1 30	1 32	1 51	1 53	16.406765853524377
768	1 30	1 32	1 55	1 57	-55.43517889242668
769	1 30	1 32	1 57	1 59	4.551727679067108
770	1 30	1 32	1 59	1 61	16.546350539752865
771	1 30	1 32	1 61	1 63	29.997721691077842
772	1 30	1 32	1 63	1 65	-47.05866627277449
773	1 30	1 32	1 65	1 67	6.6090137127385615
774	1 30	1 32	1 67	1 69	15.936207014299548
775	1 30	1 32	1 69	1 71	19.534274484056894
776	1 30	1 32	1 56	1 58	-73.78615592593417
777	1 30	1 32	1 58	1 60	10.804726113383223
778	1 30	1 32	1 60	1 62	24.370418598309243
779	1 30	1 32	1 64	1 66	-55.83806527598029
780	1 30	1 32	1 66	1 68	12.311383958125536
781	1 30	1 32	1 68	1 70	19.730857585347444
782	1 30	1 32	1 70	1 72	13.054035360288495
783	1 30	1 32	1 72	1 2	-74.35470161401255
784	1 30	1 32	1 71	1 1	-69.47756233611139
785	1 31	1 33	1 32	1 34	613.3637514475208
786	1 31	1 33	1 34	1 36	-283.74370888099713
787	1 31	1 33	1 36	1 38	-196.1412079158107
788	1 31	1 33	1 40	1 42	516.8682432859799
789	1 31	1 33	1 42	1 44	-229.82145240145132
790	1 31	1 33	1 44	1 46	-164.1096527848488
791	1 31	1 33	1 48	1 50	397.5124223602485
792	1 31	1 33	1 50	1 52	-169.28955333648318
793	1 31	1 33	1 35	1 37	-219.0414423858344
794	1 31	1 33	1 39	1 41	635.6352543906507
795	1 31	1 33	1 41	1 43	-269.2265776136012
796	1 31	1 33	1 43	1 45	-189.7469948907649
797	1 31	1 33	1 45	1 47	-117.28471908652864
798	1 31	1 33	1 47	1 49	433.5474142972655
799	1 31	1 33	1 49	1 51	-146.23680666377632
800	1 31	1 33	1 51	1 53	-156.34330592215287
801	1 31	1 33	1 53	1 55	-99.25728222505326
802	1 31	1 33	1 52	1 54	-133.42488017701442
803	1 31	1 33	1 54	1 56	-57.893249256887614
804	1 31	1 33	1 56	1 58	315.73929044438535
805	1 31	1 33	1 58	1 60	-132.00085720281834
806	1 31	1 33	1 60	1 62	-108.59916735646217
807	1 31	1 33	1 62	1 64	-48.51741552424614
808	1 31	1 33	1 64	1 66	258.7675653510598
809	1 31	1 33	1 68	1 70	-88.52654899486895
810	1 31	1 33	1 70	1 72	-34.45371464762899
811	1 31	1 33	1 55	1 57	328.029797049797
812	1 31	1 33	1 57	1 59	-89.27525953813328
813	1 31	1 33	1 59	1 61	-127.35507485346054
814	1 31	1 33	1 61	1 63	-84.75658843476623
815	1 31	1 33	1 63	1 65	262.0282911821373
816	1 31	1 33	1 65	1 67	-70.56064007106593
817	1 31	1 33	1 67	1 69	-101.6648020051062
818	1 31	1 33	1 69	1 71	-66.8767268507153
819	1 32	1 34	1 33	1 35	-108.68098776758409
820	1 32	1 34	1 35	1 37	-260.3239410341266
821	1 32	1 34	1 39	1 41	501.54902970659
822	1 32	1 34	1 41	1 43	-100.61665202352768
823	1 32	1 34	1 43	1 45	-203.49805553191146
824	1 32	1 34	1 47	1 49	375.70601253301186
825	1 32	1 34	1 49	1 51	-78.80332381627417
826	1 32	1 34	1 51	1 53	-152.5214913498874
827	1 32	1 34	1 36	1 38	-203.83040132355453
828	1 32	1 34	1 40	1 42	573.609542504113
829	1 32	1 34	1 44	1 46	-177.17048566095806
830	1 32	1 34	1 48	1 50	400.88781963544716
831	1 32	1 34	1 50	1 52	-132.57184202384758
832	1 32	1 34	1 52	1 54	-139.58744795595715
833	1 32	1 34	1 53	1 55	-116.34600547924441
834	1 32	1 34	1 55	1 57	296.63832498131455
835	1 32	1 34	1 57	1 59	-59.24242303724486
836	1 32	1 34	1 59	1 61	-116.62391942422903
837	1 32	1 34	1 61	1 63	-93.527327897539
838	1 32	1 34	1 63	1 65	238.16646023276948
839	1 32	1 34	1 65	1 67	-54.232597706179035
840	1 32	1 34	1 67	1 69	-92.63865311174817
841	1 32	1 34	1 69	1 71	-69.8021894531981
842	1 32	1 34	1 56	1 58	306.61686439617705
843	1 32	1 34	1 58	1 60	-106.06067860838041
844	1 32	1 34	1 60	1 62	-110.5490201340632
845	1 32	1 34	1 62	1 64	-58.772880765129045
846	1 32	1 34	1 64	1 66	246.22241802274655
847	1 32	1 34	1 68	1 70	-87.13139785068645
848	1 32	1 34	1 70	1 72	-38.160005054841314
849	1 33	1 35	1 34	1 36	173.46742828055764
850	1 33	1 35	1 36	1 38	-53.384408813975654
851	1 33	1 35	1 38	1 40	-8.017886271283851
852	1 33	1 35	1 42	1 44	140.08674071521074
853	1 33	1 35	1 44	1 46	-22.039215243345573
854	1 33	1 35	1 46	1 48	-6.171814800504068
855	1 33	1 35	1 50	1 52	96.17547859877041
856	1 33	1 35	1 52	1 54	7.811749665103256
857	1 33	1 35	1 37	1 39	-19.260640798958555
858	1 33	1 35	1 41	1 43	294.456460490518
859	1 33	1 35	1 45	1 47	-12.411949686423693
860	1 33	1 35	1 49	1 51	126.14966578343011
861	1 33	1 35	1 51	1 53	35.742397041866965
862	1 33	1 35	1 55	1 57	-112.46210065297021
863	1 33	1 35	1 54	1 56	-1.7631422545293238
864	1 33	1 35	1 62	1 64	2.732639404732486
865	1 33	1 35	1 68	1 70	21.15751182494002
866	1 33	1 35	1 69	1 71	12.27841371328139
867	1 34	1 36	1 35	1 37	164.7914644896421
868	1 34	1 36	1 37	1 39	-50.10947767376012
869	1 34	1 36	1 41	1 43	133.2666350824797
870	1 34	1 36	1 43	1 45	118.73532787333528
871	1 34	1 36	1 45	1 47	-17.735066642181263
872	1 34	1 36	1 49	1 51	80.91637050597981
873	1 34	1 36	1 51	1 53	80.46124737501637
874	1 34	1 36	1 53	1 55	8.769583090079394
875	1 34	1 36	1 38	1 40	-16.816022408834485
876	1 34	1 36	1 42	1 44	222.56765674580967
877	1 34	1 36	1 46	1 48	-10.59319229610987
878	1 34	1 36	1 50	1 52	109.88229417681335
879	1 34	1 36	1 52	1 54	34.733675909219826
880	1 34	1 36	1 56	1 58	-113.4452804727041
881	1 34	1 36	1 57	1 59	47.08895890407186
882	1 34	1 36	1 59	1 61	59.733377657283015
883	1 34	1 36	1 61	1 63	17.83909144580428
884	1 34	1 36	1 69	1 71	19.490931279506825
885	1 34	1 36	1 62	1 64	6.317335899204529
886	1 35	1 37	1 36	1 38	146.73297111502188
887	1 35	1 37	1 38	1 40	-45.265075930018895
888	1 35	1 37	1 42	1 44	119.39811033417226
889	1 35	1 37	1 44	1 46	112.96623938706534
890	1 35	1 37	1 46	1 48	-18.588956989767325
891	1 35	1 37	1 50	1 52	77.46489483510973
892	1 35	1 37	1 52	1 54	78.49130381437041
893	1 35	1 37	1 41	1 43	-6.056052064598746
894	1 35	1 37	1 43	1 45	209.60501998395864
895	1 35	1 37	1 51	1 53	105.81234047705391
896	1 35	1 37	1 53	1 55	32.850184200020124
897	1 35	1 37	1 60	1 62	54.82200651582814
898	1 35	1 37	1 62	1 64	13.473625730329658
899	1 35	1 37	1 68	1 70	41.074601855217516
900	1 35	1 37	1 59	1 61	66.75083554507432
901	1 35	1 37	1 61	1 63	34.058533064604696
902	1 35	1 37	1 69	1 71	28.594640726189052
903	1 36	1 38	1 37	1 39	137.6869311695882
904	1 36	1 38	1 39	1 41	-220.04487444953793
905	1 36	1 38	1 41	1 43	-22.76915406646939
906	1 36	1 38	1 43	1 45	115.4959762622417
907	1 36	1 38	1 45	1 47	102.33551643391388
908	1 36	1 38	1 47	1 49	-180.2772949666687
909	1 36	1 38	1 51	1 53	79.83899457411871
910	1 36	1 38	1 53	1 55	69.49100931796077
911	1 36	1 38	1 55	1 57	-138.2504878360812
912	1 36	1 38	1 44	1 46	198.1552511118094
913	1 36	1 38	1 48	1 50	-167.9661207580773
914	1 36	1 38	1 50	1 52	32.223285446224466
915	1 36	1 38	1 52	1 54	98.3314108149527
916	1 36	1 38	1 54	1 56	23.46409424709453
917	1 36	1 38	1 56	1 58	-135.23406426538156
918	1 36	1 38	1 58	1 60	36.70450171537344
919	1 36	1 38	1 59	1 61	54.66906870909979
920	1 36	1 38	1 61	1 63	50.11651266343048
921	1 36	1 38	1 69	1 71	34.8712660689944
922	1 36	1 38	1 60	1 62	61.95207576103549
923	1 36	1 38	1 62	1 64	24.47638125354539
924	1 36	1 38	1 68	1 70	43.43388730521541
925	1 36	1 38	1 70	1 72	17.515728590743805
926	1 37	1 39	1 40	1 42	-213.50789032935165
927	1 37	1 39	1 42	1 44	-19.355656754975755
928	1 37	1 39	1 44	1 46	110.9083393238509
929	1 37	1 39	1 48	1 50	-166.90651270981465
930	1 37	1 39	1 50	1 52	6.9951309117883955
931	1 37	1 39	1 52	1 54	69.84422949274972
932	1 37	1 39	1 54	1 56	58.84716298101051
933	1 37	1 39	1 56	1 58	-124.29606336123653
934	1 37	1 39	1 41	1 43	-12.697747886541176
935	1 37	1 39	1 43	1 45	3.7357870452085336
936	1 37	1 39	1 45	1 47	174.15076842917273
937	1 37	1 39	1 47	1 49	-155.6024086494613
938	1 37	1 39	1 51	1 53	33.95139323212074
939	1 37	1 39	1 53	1 55	87.83032829636855
940	1 37	1 39	1 55	1 57	-110.63490179723189
941	1 37	1 39	1 59	1 61	32.34903611894444
942	1 37	1 39	1 58	1 60	18.16477969635389
943	1 37	1 39	1 60	1 62	49.85050074121712
944	1 37	1 39	1 62	1 64	37.55017248138688
945	1 37	1 39	1 64	1 66	-96.12804243776037
946	1 37	1 39	1 66	1 68	21.828182921611077
947	1 37	1 39	1 68	1 70	36.776967823603876
948	1 37	1 39	1 70	1 72	20.672966047933883
949	1 37	1 39	1 72	1 2	-94.06947681947682
950	1 37	1 39	1 61	1 63	55.08739094412573
951	1 37	1 39	1 65	1 67	11.111812800357333
952	1 37	1 39	1 67	1 69	29.65017453028795
953	1 37	1 39	1 69	1 71	34.64455648093778
954	1 37	1 39	1 71	1 1	-91.97477909857272
955	1 38	1 40	1 41	1 43	-6.520518230048115
956	1 38	1 40	1 43	1 45	-18.40476967611748
957	1 38	1 40	1 47	1 49	-64.60976017231364
958	1 38	1 40	1 51	1 53	6.027362246062463
959	1 38	1 40	1 53	1 55	62.677874286025386
960	1 38	1 40	1 55	1 57	-61.82199327528766
961	1 38	1 40	1 42	1 44	-11.791136103568828
962	1 38	1 40	1 48	1 50	-157.60887753845674
963	1 38	1 40	1 52	1 54	25.097233651862147
964	1 38	1 40	1 56	1 58	-98.52819625035335
965	1 38	1 40	1 58	1 60	6.740946033989788
966	1 38	1 40	1 60	1 62	28.03821545473376
967	1 38	1 40	1 59	1 61	13.574961852716616
968	1 38	1 40	1 61	1 63	42.96034387193633
969	1 38	1 40	1 63	1 65	-54.78898247355549
970	1 38	1 40	1 65	1 67	5.5251549346561
971	1 38	1 40	1 67	1 69	16.65550748544821
972	1 38	1 40	1 69	1 71	26.98458449087466
973	1 38	1 40	1 71	1 1	-56.3663901696176
974	1 38	1 40	1 64	1 66	-71.60126536265821
975	1 38	1 40	1 66	1 68	11.215351539078497
976	1 38	1 40	1 68	1 70	24.21827815740025
977	1 38	1 40	1 70	1 72	19.76924684758326
978	1 38	1 40	1 72	1 2	-61.45768894739589
979	1 39	1 41	1 40	1 42	585.7863202267498
980	1 39	1 41	1 42	1 44	-279.36534618119094
981	1 39	1 41	1 44	1 46	-204.4813107853305
982	1 39	1 41	1 48	1 50	510.6887832211112
983	1 39	1 41	1 50	1 52	-237.08120624474378
984	1 39	1 41	1 52	1 54	-168.4779761798402
985	1 39	1 41	1 54	1 56	-64.67417039370909
986	1 39	1 41	1 56	1 58	415.63461185891117
987	1 39	1 41	1 58	1 60	-185.59754235547155
988	1 39	1 41	1 43	1 45	-216.53052261296193
989	1 39	1 41	1 49	1 51	-242.5054309379535
990	1 39	1 41	1 51	1 53	-198.76143111934795
991	1 39	1 41	1 53	1 55	-125.66494013937621
992	1 39	1 41	1 55	1 57	445.7647107930829
993	1 39	1 41	1 57	1 59	-134.14432051890523
994	1 39	1 41	1 59	1 61	-168.5964037788138
995	1 39	1 41	1 61	1 63	-105.56216969651143
996	1 39	1 41	1 60	1 62	-140.52177081213108
997	1 39	1 41	1 62	1 64	-58.41776078148179
998	1 39	1 41	1 66	1 68	-147.07127574520428
999	1 39	1 41	1 68	1 70	-115.6309882915775
1000	1 39	1 41	1 70	1 72	-43.13774828984474
1001	1 39	1 41	1 65	1 67	-100.60951462997414
1002	1 39	1 41	1 67	1 69	-136.30707909493486
1003	1 39	1 41	1 69	1 71	-85.70719423646403
1004	1 40	1 42	1 41	1 43	-112.9467397718332
1005	1 40	1 42	1 43	1 45	-249.84533895699485
1006	1 40	1 42	1 47	1 49	498.38274500440787
1007	1 40	1 42	1 49	1 51	-101.5878171474055
1008	1 40	1 42	1 51	1 53	-211.33981085652465
1009	1 40	1 42	1 53	1 55	-149.43230383353009
1010	1 40	1 42	1 55	1 57	397.64461305570467
1011	1 40	1 42	1 57	1 59	-78.10187911127838
1012	1 40	1 42	1 59	1 61	-161.37205011395386
1013	1 40	1 42	1 44	1 46	-205.10297303119978
1014	1 40	1 42	1 48	1 50	563.2513195367383
1015	1 40	1 42	1 50	1 52	-214.4789432703725
1016	1 40	1 42	1 52	1 54	-178.83583688141562
1017	1 40	1 42	1 56	1 58	416.067101473721
1018	1 40	1 42	1 58	1 60	-150.63976049858127
1019	1 40	1 42	1 60	1 62	-145.8413707225945
1020	1 40	1 42	1 61	1 63	-122.95861788680824
1021	1 40	1 42	1 63	1 65	321.45485726418497
1022	1 40	1 42	1 65	1 67	-72.32124589371315
1023	1 40	1 42	1 67	1 69	-126.00810543266917
1024	1 40	1 42	1 69	1 71	-92.81268254719423
1025	1 40	1 42	1 71	1 1	187.79613927343883
1026	1 40	1 42	1 64	1 66	329.93236863711
1027	1 40	1 42	1 66	1 68	-121.13279203756518
1028	1 40	1 42	1 68	1 70	-116.81958947349104
1029	1 40	1 42	1 70	1 72	-50.79265658331287
1030	1 41	1 43	1 42	1 44	175.07143985675162
1031	1 41	1 43	1 44	1 46	-51.90133521409982
1032	1 41	1 43	1 46	1 48	-8.350421568043625
1033	1 41	1 43	1 50	1 52	150.34328721224682
1034	1 41	1 43	1 52	1 54	-19.865151566464316
1035	1 41	1 43	1 54	1 56	-6.281941731739483
1036	1 41	1 43	1 58	1 60	103.14664347276931
1037	1 41	1 43	1 60	1 62	10.493181059142348
1038	1 41	1 43	1 45	1 47	-19.88167787124766
1039	1 41	1 43	1 49	1 51	266.5710006224712
1040	1 41	1 43	1 53	1 55	-11.554539665307042
1041	1 41	1 43	1 57	1 59	112.63191187732411
1042	1 41	1 43	1 61	1 63	0.8601879981440785
1043	1 41	1 43	1 68	1 70	21.80081343028025
1044	1 41	1 43	1 70	1 72	3.475428123195971
1045	1 41	1 43	1 69	1 71	10.685550489452224
1046	1 42	1 44	1 43	1 45	162.44342609063676
1047	1 42	1 44	1 45	1 47	-52.0199930346526
1048	1 42	1 44	1 49	1 51	135.90099086912412
1049	1 42	1 44	1 51	1 53	126.81750885875375
1050	1 42	1 44	1 53	1 55	-18.839770686600964
1051	1 42	1 44	1 57	1 59	79.48600206200265
1052	1 42	1 44	1 59	1 61	94.95434753821523
1053	1 42	1 44	1 61	1 63	7.963251387482536
1054	1 42	1 44	1 46	1 48	-17.595270385064612
1055	1 42	1 44	1 50	1 52	236.63402066548534
1056	1 42	1 44	1 52	1 54	3.4160498687511414
1057	1 42	1 44	1 54	1 56	-12.063125960872863
1058	1 42	1 44	1 58	1 60	126.98505488409768
1059	1 42	1 44	1 60	1 62	35.66267764806649
1060	1 42	1 44	1 62	1 64	-0.36718906859043854
1061	1 42	1 44	1 64	1 66	-129.6397383887242
1062	1 42	1 44	1 69	1 71	19.94416086691881
1063	1 42	1 44	1 68	1 70	38.75945936557671
1064	1 42	1 44	1 70	1 72	6.627509629187802
1065	1 43	1 45	1 44	1 46	139.54432627037332
1066	1 43	1 45	1 46	1 48	-43.13552287833872
1067	1 43	1 45	1 50	1 52	118.58595672855755
1068	1 43	1 45	1 52	1 54	116.77870328126116
1069	1 43	1 45	1 54	1 56	-19.574993961320367
1070	1 43	1 45	1 58	1 60	87.44590052319231
1071	1 43	1 45	1 60	1 62	78.25147683165073
1072	1 43	1 45	1 62	1 64	4.921446673840711
1073	1 43	1 45	1 49	1 51	-3.9980110813690497
1074	1 43	1 45	1 51	1 53	214.84194834770628
1075	1 43	1 45	1 57	1 59	29.860441884210196
1076	1 43	1 45	1 59	1 61	110.12069000838117
1077	1 43	1 45	1 61	1 63	32.82331587250449
1078	1 43	1 45	1 65	1 67	35.4196391016192
1079	1 43	1 45	1 68	1 70	56.24397061824118
1080	1 43	1 45	1 70	1 72	12.532274514503829
1081	1 43	1 45	1 67	1 69	70.36009872223073
1082	1 43	1 45	1 69	1 71	34.185078553431154
1083	1 44	1 46	1 45	1 47	149.07539009054952
1084	1 44	1 46	1 47	1 49	-230.38001864013432
1085	1 44	1 46	1 49	1 51	-24.014143086424546
1086	1 44	1 46	1 51	1 53	116.98120652020556
1087	1 44	1 46	1 53	1 55	111.20496909108618
1088	1 44	1 46	1 55	1 57	-191.1431877601624
1089	1 44	1 46	1 59	1 61	76.85575898686402
1090	1 44	1 46	1 61	1 63	77.84818241389918
1091	1 44	1 46	1 63	1 65	-148.23978115864264
1092	1 44	1 46	1 52	1 54	198.94157162308693
1093	1 44	1 46	1 56	1 58	-179.4208316758274
1094	1 44	1 46	1 58	1 60	34.5983353124849
1095	1 44	1 46	1 60	1 62	103.61902837485681
1096	1 44	1 46	1 62	1 64	27.77510455379022
1097	1 44	1 46	1 66	1 68	40.919089153197106
1098	1 44	1 46	1 65	1 67	18.599550387797954
1099	1 44	1 46	1 67	1 69	57.46606387602429
1100	1 44	1 46	1 69	1 71	51.48673440906451
1101	1 44	1 46	1 71	1 1	-106.33902597115033
1102	1 44	1 46	1 68	1 70	65.04946601497304
1103	1 44	1 46	1 70	1 72	23.597430491245714
1104	1 44	1 46	1 72	1 2	-103.14341673168516
1105	1 45	1 47	1 46	1 48	118.97419535863327
1106	1 45	1 47	1 48	1 50	-206.16542011623014
1107	1 45	1 47	1 50	1 52	-20.78332831765136
1108	1 45	1 47	1 52	1 54	107.56380496834124
1109	1 45	1 47	1 54	1 56	99.48937980245344
1110	1 45	1 47	1 56	1 58	-173.7611243048779
1111	1 45	1 47	1 58	1 60	8.136198531019375
1112	1 45	1 47	1 60	1 62	76.35973353674079
1113	1 45	1 47	1 62	1 64	62.722842658417186
1114	1 45	1 47	1 64	1 66	-136.49483020948014
1115	1 45	1 47	1 49	1 51	-13.176444108466388
1116	1 45	1 47	1 53	1 55	188.53693503213097
1117	1 45	1 47	1 55	1 57	-172.16960840121698
1118	1 45	1 47	1 59	1 61	30.77548163475498
1119	1 45	1 47	1 61	1 63	97.60718426146595
1120	1 45	1 47	1 63	1 65	-119.5626022220969
1121	1 45	1 47	1 65	1 67	9.352477382475579
1122	1 45	1 47	1 67	1 69	36.03446959090236
1123	1 45	1 47	1 66	1 68	21.428127991032717
1124	1 45	1 47	1 68	1 70	54.24882790087098
1125	1 45	1 47	1 70	1 72	33.143978509418474
1126	1 45	1 47	1 72	1 2	-97.14667358668036
1127	1 45	1 47	1 69	1 71	55.16903034202391
1128	1 45	1 47	1 71	1 1	-91.385918241886
1129	1 46	1 48	1 47	1 49	-65.11825386652995
1130	1 46	1 48	1 49	1 51	-5.930700661410876
1131	1 46	1 48	1 51	1 53	-16.134556215240362
1132	1 46	1 48	1 53	1 55	104.41736504500328
1133	1 46	1 48	1 55	1 57	-78.26170861216715
1134	1 46	1 48	1 59	1 61	7.086472339677025
1135	1 46	1 48	1 61	1 63	71.29166398325015
1136	1 46	1 48	1 63	1 65	-74.0004624411778
1137	1 46	1 48	1 65	1 67	4.772715864268308
1138	1 46	1 48	1 50	1 52	-10.693157335656267
1139	1 46	1 48	1 52	1 54	1.0406459915428683
1140	1 46	1 48	1 56	1 58	-162.84595434031394
1141	1 46	1 48	1 60	1 62	32.030345685559496
1142	1 46	1 48	1 64	1 66	-110.17436276946717
1143	1 46	1 48	1 66	1 68	10.535751611444514
1144	1 46	1 48	1 68	1 70	33.72853999279475
1145	1 46	1 48	1 67	1 69	18.60891807678165
1146	1 46	1 48	1 69	1 71	43.42088331193892
1147	1 46	1 48	1 71	1 1	-65.83221403355418
1148	1 46	1 48	1 70	1 72	35.62955038434589
1149	1 46	1 48	1 72	1 2	-77.24938309890035
1150	1 47	1 49	1 48	1 50	607.5755115855673
1151	1 47	1 49	1 50	1 52	-301.8274694720291
1152	1 47	1 49	1 52	1 54	-210.7649477854215
1153	1 47	1 49	1 58	1 60	-260.12568376806587
1154	1 47	1 49	1 60	1 62	-180.54155067214268
1155	1 47	1 49	1 62	1 64	-70.48464587643784
1156	1 47	1 49	1 64	1 66	453.80086365629893
1157	1 47	1 49	1 66	1 68	-204.788413436583
1158	1 47	1 49	1 51	1 53	-234.7616039189621
1159	1 47	1 49	1 55	1 57	625.8748224151539
1160	1 47	1 49	1 59	1 61	-220.18358152238835
1161	1 47	1 49	1 61	1 63	-138.19658640800196
1162	1 47	1 49	1 63	1 65	474.53248173829206
1163	1 47	1 49	1 65	1 67	-145.78211460775947
1164	1 47	1 49	1 67	1 69	-182.10504551982856
1165	1 47	1 49	1 69	1 71	-110.40651879656767
1166	1 47	1 49	1 68	1 70	-151.6420504011529
1167	1 47	1 49	1 70	1 72	-54.222141721836124
1168	1 47	1 49	1 72	1 2	184.83342545346937
1169	1 47	1 49	1 71	1 1	194.63074857249012
1170	1 48	1 50	1 49	1 51	-132.779993412393
1171	1 48	1 50	1 51	1 53	-260.7304629674066
1172	1 48	1 50	1 55	1 57	541.6842042395497
1173	1 48	1 50	1 57	1 59	-103.57213876483843
1174	1 48	1 50	1 59	1 61	-228.72243392212238
1175	1 48	1 50	1 63	1 65	444.5434747035672
1176	1 48	1 50	1 65	1 67	-98.82357489721082
1177	1 48	1 50	1 67	1 69	-177.79360918480444
1178	1 48	1 50	1 52	1 54	-213.07776673040308
1179	1 48	1 50	1 58	1 60	-242.17114980952658
1180	1 48	1 50	1 60	1 62	-194.16280389561496
1181	1 48	1 50	1 64	1 66	467.58761502158137
1182	1 48	1 50	1 66	1 68	-175.81879509640675
1183	1 48	1 50	1 68	1 70	-161.12671088472973
1184	1 48	1 50	1 70	1 72	-71.57714810936103
1185	1 48	1 50	1 69	1 71	-128.82451539910605
1186	1 48	1 50	1 71	1 1	196.1157095649691
1187	1 48	1 50	1 72	1 2	195.83948044808938
1188	1 49	1 51	1 50	1 52	198.60107100862328
1189	1 49	1 51	1 52	1 54	-53.58602116907046
1190	1 49	1 51	1 54	1 56	-8.199136257893095
1191	1 49	1 51	1 60	1 62	-17.59864119461924
1192	1 49	1 51	1 62	1 64	-4.9222439788510055
1193	1 49	1 51	1 66	1 68	106.65486186750665
1194	1 49	1 51	1 68	1 70	12.359914580984775
1195	1 49	1 51	1 53	1 55	-19.427932361892907
1196	1 49	1 51	1 61	1 63	-11.65368179970741
1197	1 49	1 51	1 65	1 67	111.1837731171984
1198	1 49	1 51	1 69	1 71	3.596232083790559
1199	1 49	1 51	1 71	1 1	-60.717132149219914
1200	1 50	1 52	1 51	1 53	164.88896411984794
1201	1 50	1 52	1 53	1 55	-54.68321618330026
1202	1 50	1 52	1 57	1 59	137.7748662289037
1203	1 50	1 52	1 59	1 61	149.21349171692327
1204	1 50	1 52	1 61	1 63	-26.46839887234045
1205	1 50	1 52	1 65	1 67	95.77902731622521
1206	1 50	1 52	1 67	1 69	102.42704255428282
1207	1 50	1 52	1 69	1 71	9.341394324976484
1208	1 50	1 52	1 54	1 56	-19.321936873378988
1209	1 50	1 52	1 58	1 60	267.91009208847095
1210	1 50	1 52	1 60	1 62	-6.921924057367258
1211	1 50	1 52	1 62	1 64	-12.214722896745188
1212	1 50	1 52	1 66	1 68	145.87864658701278
1213	1 50	1 52	1 68	1 70	36.58170890553896
1214	1 50	1 52	1 72	1 2	-80.76319542115957
1215	1 51	1 53	1 52	1 54	160.56001315118723
1216	1 51	1 53	1 54	1 56	-52.29627434346784
1217	1 51	1 53	1 60	1 62	120.25687965916282
1218	1 51	1 53	1 62	1 64	-24.191241685144128
1219	1 51	1 53	1 66	1 68	105.5324169517217
1220	1 51	1 53	1 68	1 70	83.60332889000779
1221	1 51	1 53	1 70	1 72	5.156869758030714
1222	1 51	1 53	1 59	1 61	240.77822488568103
1223	1 51	1 53	1 65	1 67	43.13723486835763
1224	1 51	1 53	1 67	1 69	122.85208465154926
1225	1 51	1 53	1 69	1 71	34.46588546961169
1226	1 51	1 53	1 71	1 1	-118.70749568933641
1227	1 51	1 53	1 72	1 2	-109.59866309260039
1228	1 52	1 54	1 53	1 55	136.21658825063648
1229	1 52	1 54	1 55	1 57	-238.5709825930973
1230	1 52	1 54	1 57	1 59	-23.112293509132968
1231	1 52	1 54	1 59	1 61	118.69504312726191
1232	1 52	1 54	1 61	1 63	121.98834832466304
1233	1 52	1 54	1 65	1 67	10.85886203819545
1234	1 52	1 54	1 67	1 69	85.41535322269092
1235	1 52	1 54	1 69	1 71	79.94574950715987
1236	1 52	1 54	1 71	1 1	-118.65623398542652
1237	1 52	1 54	1 58	1 60	-3.57617770428638
1238	1 52	1 54	1 60	1 62	226.30379088352825
1239	1 52	1 54	1 64	1 66	-196.23151902230603
1240	1 52	1 54	1 66	1 68	41.082376106072935
1241	1 52	1 54	1 68	1 70	112.41485131468085
1242	1 52	1 54	1 70	1 72	25.24423140283582
1243	1 52	1 54	1 72	1 2	-114.16270021631209
1244	1 53	1 55	1 54	1 56	152.82067719763637
1245	1 53	1 55	1 56	1 58	-226.6924201777311
1246	1 53	1 55	1 58	1 60	-26.261868954448843
1247	1 53	1 55	1 60	1 62	116.8658917767082
1248	1 53	1 55	1 62	1 64	113.18233187094718
1249	1 53	1 55	1 64	1 66	-193.04222501834107
1250	1 53	1 55	1 68	1 70	82.2723261258889
1251	1 53	1 55	1 70	1 72	57.75299089377171
1252	1 53	1 55	1 72	1 2	-106.98576253142994
1253	1 53	1 55	1 57	1 59	-12.390393325955188
1254	1 53	1 55	1 61	1 63	212.41769148618653
1255	1 53	1 55	1 63	1 65	-178.96912467012285
1256	1 53	1 55	1 67	1 69	32.75007767028179
1257	1 53	1 55	1 69	1 71	98.20509580168925
1258	1 53	1 55	1 71	1 1	-95.89909936463724
1259	1 54	1 56	1 55	1 57	-90.5619727533312
1260	1 54	1 56	1 57	1 59	-5.026469591194068
1261	1 54	1 56	1 59	1 61	-20.605846789986508
1262	1 54	1 56	1 61	1 63	118.73633453789705
1263	1 54	1 56	1 63	1 65	-90.15701757331183
1264	1 54	1 56	1 65	1 67	1.002960546206163
1265	1 54	1 56	1 67	1 69	11.252318152826973
1266	1 54	1 56	1 69	1 71	70.45265719364065
1267	1 54	1 56	1 71	1 1	-67.6509248043353
1268	1 54	1 56	1 58	1 60	-11.62305113436463
1269	1 54	1 56	1 62	1 64	197.98631809029928
1270	1 54	1 56	1 64	1 66	-181.37553858032678
1271	1 54	1 56	1 66	1 68	3.118398106077927
1272	1 54	1 56	1 68	1 70	38.82774677481342
1273	1 54	1 56	1 70	1 72	70.7687634772254
1274	1 54	1 56	1 72	1 2	-94.53836709760563
1275	1 55	1 57	1 58	1 60	-332.3245858375713
1276	1 55	1 57	1 60	1 62	-229.78845274455273
1277	1 55	1 57	1 62	1 64	-86.59045221591103
1278	1 55	1 57	1 66	1 68	-299.7895090296293
1279	1 55	1 57	1 68	1 70	-199.36819411730914
1280	1 55	1 57	1 70	1 72	-68.30275095255837
1281	1 55	1 57	1 72	1 2	210.93904142295855
1282	1 55	1 57	1 59	1 61	-265.01357975454255
1283	1 55	1 57	1 61	1 63	-198.73342550331247
1284	1 55	1 57	1 65	1 67	-253.6729835014719
1285	1 55	1 57	1 67	1 69	-246.99365935017545
1286	1 55	1 57	1 69	1 71	-148.89153809004597
1287	1 55	1 57	1 71	1 1	213.70156201405058
1288	1 56	1 58	1 57	1 59	-138.24942878486505
1289	1 56	1 58	1 59	1 61	-295.1894220139367
1290	1 56	1 58	1 61	1 63	-220.296586535645
1291	1 56	1 58	1 63	1 65	617.2353871070982
1292	1 56	1 58	1 65	1 67	-140.2990767367943
1293	1 56	1 58	1 67	1 69	-255.53451626902796
1294	1 56	1 58	1 69	1 71	-174.03397715752266
1295	1 56	1 58	1 71	1 1	224.7716320024956
1296	1 56	1 58	1 60	1 62	-235.18482504500014
1297	1 56	1 58	1 62	1 64	-180.28196717258268
1298	1 56	1 58	1 68	1 70	-215.1552436347523
1299	1 56	1 58	1 70	1 72	-102.15554063454445
1300	1 56	1 58	1 72	1 2	240.27687722967715
1301	1 57	1 59	1 58	1 60	202.5868068304339
1302	1 57	1 59	1 60	1 62	-54.47217142169721
1303	1 57	1 59	1 62	1 64	-6.921911880409127
1304	1 57	1 59	1 68	1 70	-21.78518168749963
1305	1 57	1 59	1 61	1 63	-19.914338707121573
1306	1 58	1 60	1 59	1 61	210.80173287792456
1307	1 58	1 60	1 61	1 63	-69.4813570013878
1308	1 58	1 60	1 65	1 67	174.36199273062763
1309	1 58	1 60	1 67	1 69	165.12719860337648
1310	1 58	1 60	1 62	1 64	-19.77324000143994
1311	1 58	1 60	1 66	1 68	314.3179689511452
1312	1 58	1 60	1 68	1 70	-13.656573212336625
1313	1 59	1 61	1 60	1 62	145.14344952091852
1314	1 59	1 61	1 62	1 64	-50.86649847136334
1315	1 59	1 61	1 68	1 70	126.61797206723764
1316	1 59	1 61	1 70	1 72	-19.103615738342917
1317	1 59	1 61	1 72	1 2	-120.4708368522522
1318	1 59	1 61	1 67	1 69	273.8814940294194
1319	1 59	1 61	1 71	1 1	-133.1948221437239
1320	1 60	1 62	1 61	1 63	185.90526530530065
1321	1 60	1 62	1 63	1 65	-274.516533009356
1322	1 60	1 62	1 65	1 67	-21.902003909641216
1323	1 60	1 62	1 67	1 69	126.99585870193741
1324	1 60	1 62	1 69	1 71	144.11123461546077
1325	1 60	1 62	1 71	1 1	-160.2351611390693
1326	1 60	1 62	1 66	1 68	-12.236178546877017
1327	1 60	1 62	1 68	1 70	254.22818786305987
1328	1 60	1 62	1 72	1 2	-144.13561157217487
1329	1 61	1 63	1 62	1 64	140.49286896703856
1330	1 61	1 63	1 64	1 66	-252.0063754143406
1331	1 61	1 63	1 66	1 68	-27.07128974313859
1332	1 61	1 63	1 68	1 70	145.234556032758
1333	1 61	1 63	1 70	1 72	99.574689801505
1334	1 61	1 63	1 72	1 2	-153.33282638362493
1335	1 61	1 63	1 65	1 67	-11.973550878308592
1336	1 61	1 63	1 69	1 71	220.4094380995806
1337	1 61	1 63	1 71	1 1	-150.11008364755173
1338	1 62	1 64	1 63	1 65	-82.80400736317665
1339	1 62	1 64	1 65	1 67	-4.952840022137606
1340	1 62	1 64	1 67	1 69	-17.36985277017034
1341	1 62	1 64	1 69	1 71	101.85087338814236
1342	1 62	1 64	1 71	1 1	-52.34787173091411
1343	1 62	1 64	1 66	1 68	-11.358543146727289
1344	1 62	1 64	1 68	1 70	4.9697160788657
1345	1 62	1 64	1 70	1 72	159.63084073859704
1346	1 62	1 64	1 72	1 2	-120.84700804133797
1347	1 63	1 65	1 68	1 70	-265.04998493063084
1348	1 63	1 65	1 70	1 72	-79.8864524964116
1349	1 63	1 65	1 72	1 2	287.0220638331149
1350	1 63	1 65	1 67	1 69	-306.0917493176592
1351	1 63	1 65	1 69	1 71	-214.47145480677102
1352	1 63	1 65	1 71	1 1	300.4560910794657
1353	1 64	1 66	1 65	1 67	-172.03393787372255
1354	1 64	1 66	1 67	1 69	-333.5251924529266
1355	1 64	1 66	1 69	1 71	-230.9024820596967
1356	1 64	1 66	1 71	1 1	277.0162690791279
1357	1 64	1 66	1 68	1 70	-266.94871880021515
1358	1 64	1 66	1 70	1 72	-157.6777477311599
1359	1 64	1 66	1 72	1 2	317.80793629427495
1360	1 66	1 68	1 67	1 69	229.00951143586826
1361	1 66	1 68	1 71	1 1	-122.55363003275407
1362	1 67	1 69	1 68	1 70	175.60208923543428
1363	1 67	1 69	1 70	1 72	-48.01205077831996
1364	1 67	1 69	1 72	1 2	-137.36034957794806
1365	1 67	1 69	1 71	1 1	-152.1059783947394
1366	1 68	1 70	1 69	1 71	204.34780581316357
1367	1 68	1 70	1 71	1 1	-207.54525464300883
1368	1 68	1 70	1 72	1 2	-174.4561659467944
1369	1 69	1 71	1 70	1 72	165.10495971610945
1370	1 69	1 71	1 72	1 2	-218.51155000419405
1371	1 70	1 72	1 71	1 1	-77.27977835802858
1372	1 71	1 1	1 72	1 2	1541.830019630897
