-293.87425
-269.84358
-352.98540
-328.19048
-229.50711
-255.69841
-164.03691
-192.38735
-224.75000
-254.92105
-273.39548
-267.28177
-258.80749
-64.30334
-95.47409
-129.21466
-166.28814
-182.83521
-196.58468
-208.00855
-214.18502
70.93182
25.14090
-26.66722
-68.26939
-100.45657
-129.37435
-144.36070
-155.50000
193.33992
149.26748
78.95253
22.15638
-26.17860
-63.01380
-93.49438
-104.24738
181.18081
95.84363
40.09061
-9.44235
-38.60753
-55.07213
240.84390
147.72754
86.38995
32.98924
53.68225
188.73196
103.03093
-168.89796
-43.56093
-97.54710
44.06594
-30.14858
-57.17014
2.68891
92.30108
71.06255
-40.35363
-23.39412
39.53956
-53.62121
50.06150
46.87363
-58.54507
13.94608
-15.34480
17.82047
-125.20134
-177.22064
-42.48947
-29.09941
35.69941
-78.41730
37.44041
37.60440
-82.60693
-14.04903
1.43787
23.48098
-104.14539
-32.97887
-75.38292
-53.72872
33.44312
-111.81579
40.98129
36.68707
-114.88435
-43.00765
14.31383
24.70399
-111.89567
-53.83630
-83.10348
30.68363
45.71274
-136.08220
42.62362
51.93203
-123.88275
-78.02464
29.66469
35.50764
-106.35229
-74.17402
-91.00509
-11.97114
-146.00679
78.74214
52.98637
-140.11216
48.01708
-56.97950
-86.00342
-52.21008
-10.71990
-42.49018
-15.30914
-26.80615
-66.58497
108.88147
107.63362
-200.05819
58.30139
-68.23969
10.57904
31.87371
37.88230
-78.95189
-96.28351
-111.27405
-98.89777
105.91725
152.45423
-114.64965
-145.02465
-129.87500
-88.27641
-70.35294
-39.00775
47.27382
-37.01459
35.22825
58.16021
-11.42808
-80.16427
70.92328
15.35431
-77.85776
-71.48362
-93.23362
-68.47845
-88.19655
-8.58405
-62.46741
-15.31082
49.98452
17.33792
-57.04729
-38.84781
-17.66982
46.46055
-61.57248
-62.95321
-60.92569
-68.83028
-58.05076
-91.06679
-65.82814
-115.41852
-45.06768
-129.54586
-270.86465
54.77115
-96.06359
-76.53223
-48.52787
-109.00958
-78.26568
-129.21777
-176.08798
16.80836
-49.28683
-28.36135
-25.60659
-70.64298
-80.21750
-97.65511
-96.44887
-110.09272
-214.15078
-70.71589
106.46731
114.53531
74.65214
38.68003
-96.21709
-186.07759
61.39199
34.34756
-35.50610
-87.09321
65.56522
48.47043
10.30174
-18.45130
-54.25391
-160.32348
-152.66435
54.13613
42.69721
6.70593
56.02220
-103.38846
-272.22198
70.89888
-147.00702
17.48951
-103.27972
-40.80507
-71.19318
-135.09266
42.95171
16.72871
86.51048
65.52416
-94.78031
-82.10574
-46.09845
39.82049
80.87313
96.76990
62.88557
88.96642
115.53241
107.49296
-53.25440
10.18750
105.11345
121.03151
165.06513
175.94737
125.10877
-20.96754
-135.40702
108.23160
126.72727
143.78355
218.94805
70.20950
70.85513
85.07032
96.53727
84.03853
107.44891
123.26298
167.37521
224.16583
-6.49117
81.55519
172.49306
242.71528
115.29861
31.39594
128.14550
141.67019
151.95767
170.27954
202.04049
141.38746
114.04348
94.91635
83.25083
-315.41349
-294.18232
-382.35577
-362.44286
-244.47011
-281.08060
-168.53672
-206.26000
-242.83370
-276.96742
-301.92500
-293.77597
-282.20690
-63.38292
-96.51397
-131.01524
-172.10063
-193.50557
-208.55366
-223.53030
-224.53160
71.21165
26.73326
-26.42388
-68.53226
-102.78558
-131.92553
-149.72374
-160.00290
201.15315
154.13717
79.95532
22.79935
-26.20321
-63.60404
-94.02852
-104.21595
188.55136
97.32389
40.38142
-9.51981
-38.49847
-55.66298
262.68077
157.09905
87.32480
33.41741
