-404.92502
-470.50512
-602.48041
-835.17513
-873.14786
-613.62669
-489.41990
-437.21798
-368.12222
-417.06102
-495.65622
-594.35284
-582.52787
-509.71563
-447.04344
-411.25490
-304.10204
-350.14723
-397.22835
-439.61331
-444.02106
-420.42760
-377.94924
-365.65954
-220.53459
-259.40017
-295.98980
-331.48801
-344.52735
-336.97947
-328.60832
-314.73608
-86.20447
-127.25322
-167.57814
-213.00945
-237.84517
-254.77461
-265.51935
-271.77969
90.83549
28.32644
-39.74656
-94.17414
-136.23302
-173.03800
-197.02775
-212.94214
283.94709
211.07934
97.26476
17.48920
-46.14261
-92.16710
-134.00436
-149.82681
605.09091
438.53571
265.76399
124.53934
42.49347
-22.65405
-62.67930
-91.12478
657.95786
399.70299
226.89816
122.50044
42.93339
