980
1	1 1	1 3	1 2	1 4	712.9850907731948
2	1 1	1 3	1 4	1 6	-257.0416049364366
3	1 1	1 3	1 6	1 8	-36.39910311348268
4	1 1	1 3	1 8	1 10	-298.31022308389424
5	1 1	1 3	1 10	1 12	364.1733016254829
6	1 1	1 3	1 16	1 18	-232.19686074809334
7	1 1	1 3	1 18	1 20	218.1185410469202
8	1 1	1 3	1 20	1 22	14.562791027838403
9	1 1	1 3	1 5	1 7	-79.19391167035664
10	1 1	1 3	1 11	1 13	22.76656711670319
11	1 1	1 3	1 13	1 15	-33.022436351055966
12	1 1	1 3	1 15	1 17	-404.4898983128011
13	1 1	1 3	1 17	1 19	313.64209453685976
14	1 1	1 3	1 19	1 21	84.34525829271168
15	1 1	1 3	1 23	1 25	-261.1271095077024
16	1 1	1 3	1 24	1 26	-168.98194015985115
17	1 1	1 3	1 26	1 28	123.9423664294741
18	1 1	1 3	1 30	1 32	1.0678644628599752
19	1 1	1 3	1 34	1 36	72.77510028902964
20	1 1	1 3	1 40	1 42	-87.34369331749261
21	1 1	1 3	1 25	1 27	167.69260602365443
22	1 1	1 3	1 27	1 29	70.99601736188617
23	1 1	1 3	1 31	1 33	-172.12731633057456
24	1 1	1 3	1 33	1 35	93.4394982778253
25	1 1	1 3	1 41	1 43	52.81195190260303
26	1 1	1 3	1 42	1 44	46.0547652842368
27	1 1	1 3	1 46	1 48	6.939637375307973
28	1 1	1 3	1 54	1 56	7.228212260723434
29	1 1	1 3	1 62	1 64	6.624636670766785
30	1 2	1 4	1 3	1 5	394.2434959652064
31	1 2	1 4	1 5	1 7	-157.6773351615917
32	1 2	1 4	1 7	1 9	-604.5148738469854
33	1 2	1 4	1 15	1 17	-391.7425782201848
34	1 2	1 4	1 17	1 19	208.42348726441986
35	1 2	1 4	1 19	1 21	152.3338724136948
36	1 2	1 4	1 6	1 8	-65.2529485359118
37	1 2	1 4	1 10	1 12	484.67723429191847
38	1 2	1 4	1 16	1 18	-302.4393935168724
39	1 2	1 4	1 18	1 20	231.40903977916162
40	1 2	1 4	1 20	1 22	62.57184323495623
41	1 2	1 4	1 22	1 24	-6.453227458596384
42	1 2	1 4	1 24	1 26	-204.91729689039482
43	1 2	1 4	1 23	1 25	-264.23297086293655
44	1 2	1 4	1 25	1 27	125.96110047487912
45	1 2	1 4	1 27	1 29	95.73755113125884
46	1 2	1 4	1 29	1 31	22.869561708601758
47	1 2	1 4	1 33	1 35	76.85030982916146
48	1 2	1 4	1 41	1 43	46.51034686629314
49	1 2	1 4	1 26	1 28	123.14707204917643
50	1 2	1 4	1 32	1 34	-139.84551436612492
51	1 2	1 4	1 34	1 36	71.04359314810027
52	1 2	1 4	1 46	1 48	10.109532899247984
53	1 2	1 4	1 54	1 56	9.395862661666131
54	1 2	1 4	1 62	1 64	7.9981349821746885
55	1 2	1 4	1 71	1 1	-828.3567084949141
56	1 3	1 5	1 4	1 6	524.9073657566312
57	1 3	1 5	1 6	1 8	-165.0998923149712
58	1 3	1 5	1 8	1 10	-498.08970582920745
59	1 3	1 5	1 10	1 12	258.0670058688404
60	1 3	1 5	1 16	1 18	-341.98928773044184
61	1 3	1 5	1 18	1 20	152.58219186465158
62	1 3	1 5	1 20	1 22	152.8265028306963
63	1 3	1 5	1 13	1 15	37.398864430717786
64	1 3	1 5	1 15	1 17	-369.86632563159634
65	1 3	1 5	1 17	1 19	72.51042002087316
66	1 3	1 5	1 19	1 21	195.82388196348734
67	1 3	1 5	1 21	1 23	57.02755570066498
68	1 3	1 5	1 23	1 25	-256.5597989959575
69	1 3	1 5	1 25	1 27	65.61545429002865
70	1 3	1 5	1 24	1 26	-234.90708377796778
71	1 3	1 5	1 26	1 28	93.09365890461467
72	1 3	1 5	1 27	1 29	110.2304670139356
73	1 3	1 5	1 29	1 31	51.012081555188274
74	1 3	1 5	1 33	1 35	50.31014749886327
75	1 3	1 5	1 41	1 43	34.79202266409645
76	1 3	1 5	1 46	1 48	15.60755005282564
77	1 3	1 5	1 54	1 56	12.632411790402841
78	1 3	1 5	1 62	1 64	9.803881052649922
79	1 4	1 6	1 5	1 7	276.75368583592876
80	1 4	1 6	1 7	1 9	-505.3793273729709
81	1 4	1 6	1 13	1 15	186.7123085031402
82	1 4	1 6	1 19	1 21	145.5678673408878
83	1 4	1 6	1 21	1 23	108.74440558545055
84	1 4	1 6	1 23	1 25	-224.33226130410324
85	1 4	1 6	1 14	1 16	19.606497254398974
86	1 4	1 6	1 16	1 18	-329.3293798099136
87	1 4	1 6	1 18	1 20	63.89363001428903
88	1 4	1 6	1 20	1 22	173.04151482879325
89	1 4	1 6	1 24	1 26	-229.14281350631097
90	1 4	1 6	1 26	1 28	54.958861673082936
91	1 4	1 6	1 25	1 27	28.934458517749277
92	1 4	1 6	1 29	1 31	70.78278615687752
93	1 4	1 6	1 37	1 39	44.33638518102353
94	1 4	1 6	1 54	1 56	13.81728273297444
95	1 4	1 6	1 62	1 64	9.983553999313422
96	1 5	1 7	1 6	1 8	349.3502653930509
97	1 5	1 7	1 8	1 10	-439.09260541580545
98	1 5	1 7	1 12	1 14	183.525279353053
99	1 5	1 7	1 16	1 18	-296.37082732594325
100	1 5	1 7	1 20	1 22	105.41649051387411
101	1 5	1 7	1 24	1 26	-191.69977474073985
102	1 5	1 7	1 15	1 17	-248.3031876692238
103	1 5	1 7	1 17	1 19	-7.736026982025905
104	1 5	1 7	1 21	1 23	129.24893674387104
105	1 5	1 7	1 23	1 25	-150.99636684944795
106	1 5	1 7	1 26	1 28	19.154142638301543
107	1 5	1 7	1 28	1 30	67.8211805506204
108	1 5	1 7	1 32	1 34	-121.1726163685386
109	1 5	1 7	1 36	1 38	42.69600348997058
110	1 5	1 7	1 40	1 42	-81.6918789669375
111	1 5	1 7	1 31	1 33	-104.18044857500468
112	1 5	1 7	1 39	1 41	-71.70175509012626
113	1 5	1 7	1 45	1 47	25.76594268538217
114	1 5	1 7	1 48	1 50	-55.78531415353056
115	1 5	1 7	1 53	1 55	18.256959152058435
116	1 5	1 7	1 70	1 72	5.062058562360912
117	1 6	1 8	1 7	1 9	-139.04271023146245
118	1 6	1 8	1 19	1 21	10.406594833025881
119	1 6	1 8	1 20	1 22	44.01710238345089
120	1 6	1 8	1 26	1 28	6.444121431203546
121	1 6	1 8	1 27	1 29	20.518481919957356
122	1 6	1 8	1 33	1 35	5.673326406937175
123	1 6	1 8	1 35	1 37	19.398567699687085
124	1 6	1 8	1 41	1 43	6.681622999277021
125	1 6	1 8	1 43	1 45	16.531029920679167
126	1 6	1 8	1 34	1 36	9.880672003486325
127	1 6	1 8	1 36	1 38	30.27953076688297
128	1 6	1 8	1 42	1 44	10.442576826814722
129	1 6	1 8	1 44	1 46	21.686198523335534
130	1 6	1 8	1 47	1 49	-37.6655841611247
131	1 6	1 8	1 49	1 51	5.699802648458975
132	1 6	1 8	1 51	1 53	13.463403024080641
133	1 6	1 8	1 55	1 57	-28.699445111608732
134	1 6	1 8	1 50	1 52	8.924166164793856
135	1 6	1 8	1 52	1 54	15.541785606655077
136	1 6	1 8	1 56	1 58	-31.62027807267814
137	1 6	1 8	1 64	1 66	-23.534064474786618
138	1 6	1 8	1 69	1 71	6.204339053944214
139	1 6	1 8	1 71	1 1	-85.11801337209292
140	1 6	1 8	1 72	1 2	-99.65949057864356
141	1 7	1 9	1 8	1 10	1201.8857623557492
142	1 7	1 9	1 10	1 12	-582.1822475393319
143	1 7	1 9	1 12	1 14	-352.0466098589808
144	1 7	1 9	1 16	1 18	871.0404650368419
145	1 7	1 9	1 18	1 20	-418.6867715617716
146	1 7	1 9	1 20	1 22	-264.09913181972615
147	1 7	1 9	1 24	1 26	623.4998114617772
148	1 7	1 9	1 26	1 28	-264.731773686712
149	1 7	1 9	1 15	1 17	1071.2722345566149
150	1 7	1 9	1 27	1 29	-232.68806184533958
151	1 7	1 9	1 28	1 30	-198.08872092763716
152	1 7	1 9	1 32	1 34	417.92122345121254
153	1 7	1 9	1 34	1 36	-167.4640544617896
154	1 7	1 9	1 40	1 42	301.3125024574648
155	1 7	1 9	1 42	1 44	-114.092180871721
156	1 7	1 9	1 31	1 33	481.8679517432139
157	1 7	1 9	1 33	1 35	-180.58401107629894
158	1 7	1 9	1 37	1 39	-94.86707400916593
159	1 7	1 9	1 39	1 41	327.9294005419156
160	1 7	1 9	1 41	1 43	-113.00000320096797
161	1 7	1 9	1 45	1 47	-69.81471971542672
162	1 7	1 9	1 70	1 72	-17.341944808896027
163	1 7	1 9	1 71	1 1	970.1092463437902
164	1 8	1 10	1 15	1 17	858.8369920402179
165	1 8	1 10	1 19	1 21	-341.88988387096776
166	1 8	1 10	1 27	1 29	-224.38908075740525
167	1 8	1 10	1 12	1 14	-362.58503806001056
168	1 8	1 10	1 16	1 18	976.2905031319458
169	1 8	1 10	1 18	1 20	-382.7341011307453
170	1 8	1 10	1 20	1 22	-283.87621620551795
171	1 8	1 10	1 26	1 28	-211.75001143161984
172	1 8	1 10	1 28	1 30	-207.30994257862267
173	1 8	1 10	1 31	1 33	424.1078475160462
174	1 8	1 10	1 33	1 35	-116.94451178018906
175	1 8	1 10	1 39	1 41	288.6328110182227
176	1 8	1 10	1 41	1 43	-80.99633050453923
177	1 8	1 10	1 45	1 47	-74.07198986419155
178	1 8	1 10	1 47	1 49	201.64017931096237
179	1 8	1 10	1 32	1 34	411.96417780748664
180	1 8	1 10	1 34	1 36	-132.05786875577286
181	1 8	1 10	1 40	1 42	289.17247757604645
182	1 8	1 10	1 42	1 44	-92.60069210828352
183	1 8	1 10	1 48	1 50	201.8546516774365
184	1 8	1 10	1 49	1 51	-52.104050901361134
185	1 8	1 10	1 53	1 55	-56.92417412189559
186	1 8	1 10	1 70	1 72	-17.070226137425948
187	1 8	1 10	1 72	1 2	646.9519426676143
188	1 9	1 11	1 10	1 12	404.41574266589186
189	1 9	1 11	1 18	1 20	279.7052264603308
190	1 9	1 11	1 22	1 24	-12.525638561690084
191	1 9	1 11	1 24	1 26	-174.486222901243
192	1 9	1 11	1 26	1 28	158.91476940406952
193	1 9	1 11	1 28	1 30	11.061813657015755
194	1 9	1 11	1 13	1 15	-33.79122885403121
195	1 9	1 11	1 17	1 19	534.0736548270268
196	1 9	1 11	1 21	1 23	-20.941799366090024
197	1 9	1 11	1 23	1 25	-318.8223506684934
198	1 9	1 11	1 25	1 27	253.44916817239124
199	1 9	1 11	1 27	1 29	57.86404500084206
200	1 9	1 11	1 31	1 33	-194.112074906367
201	1 9	1 11	1 32	1 34	-116.27337345194488
202	1 9	1 11	1 36	1 38	21.38066657872752
203	1 9	1 11	1 40	1 42	-87.98962893475087
204	1 9	1 11	1 44	1 46	23.60827811389609
205	1 9	1 11	1 48	1 50	-67.15501365759098
206	1 9	1 11	1 51	1 53	28.428711778639105
207	1 9	1 11	1 50	1 52	35.6485478545491
208	1 9	1 11	1 56	1 58	-50.319116169921514
209	1 9	1 11	1 58	1 60	23.370255620572834
210	1 9	1 11	1 60	1 62	15.666310319921521
211	1 9	1 11	1 64	1 66	-39.19411075065044
212	1 9	1 11	1 57	1 59	18.54179433754136
213	1 9	1 11	1 61	1 63	11.450727754936299
214	1 9	1 11	1 69	1 71	8.344439422723372
215	1 9	1 11	1 72	1 2	-262.4639458610495
216	1 10	1 12	1 13	1 15	-69.24470862317372
217	1 10	1 12	1 17	1 19	254.3252953674018
218	1 10	1 12	1 19	1 21	205.18021286909027
219	1 10	1 12	1 21	1 23	-27.267247097213563
220	1 10	1 12	1 23	1 25	-307.6301212689377
221	1 10	1 12	1 25	1 27	158.88171835403182
222	1 10	1 12	1 27	1 29	123.04569957593564
223	1 10	1 12	1 29	1 31	8.269635217826728
224	1 10	1 12	1 18	1 20	409.26298086336953
225	1 10	1 12	1 22	1 24	-18.138361614190444
226	1 10	1 12	1 24	1 26	-241.98416996769424
227	1 10	1 12	1 26	1 28	178.5652866321202
228	1 10	1 12	1 28	1 30	51.3541092721415
229	1 10	1 12	1 30	1 32	-2.075970239920087
230	1 10	1 12	1 31	1 33	-204.63334713037437
231	1 10	1 12	1 33	1 35	96.17142580298444
232	1 10	1 12	1 37	1 39	18.525752385071378
233	1 10	1 12	1 41	1 43	57.40242728702551
234	1 10	1 12	1 49	1 51	32.96352297390409
235	1 10	1 12	1 34	1 36	92.14978262523466
236	1 10	1 12	1 40	1 42	-113.36883312540806
237	1 10	1 12	1 42	1 44	56.286170133838766
238	1 10	1 12	1 46	1 48	8.849078221064865
239	1 10	1 12	1 54	1 56	9.341957661772124
240	1 10	1 12	1 62	1 64	8.46617094017094
241	1 10	1 12	1 70	1 72	6.102947523491002
242	1 10	1 12	1 71	1 1	-481.22406004369907
243	1 11	1 13	1 20	1 22	176.47388605038023
244	1 11	1 13	1 28	1 30	108.5922814849624
245	1 11	1 13	1 31	1 33	-173.3038734476641
246	1 11	1 13	1 33	1 35	45.06128334534967
247	1 11	1 13	1 32	1 34	-153.85064707282544
248	1 11	1 13	1 34	1 36	63.28882558596413
249	1 11	1 13	1 36	1 38	59.822460702497736
250	1 11	1 13	1 40	1 42	-107.18409814144891
251	1 11	1 13	1 42	1 44	39.804458876223116
252	1 11	1 13	1 44	1 46	40.58827777432906
253	1 11	1 13	1 48	1 50	-77.69471499180447
254	1 11	1 13	1 50	1 52	27.92903311138152
255	1 11	1 13	1 39	1 41	-117.19028439914516
256	1 11	1 13	1 43	1 45	46.14583032230091
257	1 11	1 13	1 45	1 47	26.474483371659957
258	1 11	1 13	1 47	1 49	-83.01305609284333
259	1 11	1 13	1 49	1 51	21.39827470957035
260	1 11	1 13	1 51	1 53	31.217114825581397
261	1 11	1 13	1 53	1 55	21.341937600071162
262	1 11	1 13	1 56	1 58	-56.713497453310694
263	1 11	1 13	1 64	1 66	-43.27334920891185
264	1 11	1 13	1 68	1 70	12.456609861019192
265	1 11	1 13	1 70	1 72	6.442827837402295
266	1 11	1 13	1 61	1 63	16.082393704486726
267	1 11	1 13	1 69	1 71	10.292741420873512
268	1 11	1 13	1 71	1 1	-274.78403462427474
269	1 11	1 13	1 72	1 2	-293.41485998193315
270	1 12	1 14	1 13	1 15	215.95181511489773
271	1 12	1 14	1 21	1 23	143.74190758736148
272	1 12	1 14	1 25	1 27	6.133768936621712
273	1 12	1 14	1 27	1 29	105.94937805748165
274	1 12	1 14	1 29	1 31	89.97140307176795
275	1 12	1 14	1 20	1 22	288.8876202170591
276	1 12	1 14	1 24	1 26	-246.6367077915503
277	1 12	1 14	1 26	1 28	40.77067254407709
278	1 12	1 14	1 28	1 30	135.46625740100643
279	1 12	1 14	1 37	1 39	54.21177948730553
280	1 12	1 14	1 45	1 47	34.264521969377185
281	1 12	1 14	1 62	1 64	11.434494038623008
282	1 12	1 14	1 70	1 72	6.992208277462776
283	1 13	1 15	1 16	1 18	-314.8843970928982
284	1 13	1 15	1 18	1 20	-28.482091442232516
285	1 13	1 15	1 20	1 22	136.5103079337215
286	1 13	1 15	1 24	1 26	-235.55066302911504
287	1 13	1 15	1 28	1 30	86.73951872188806
288	1 13	1 15	1 32	1 34	-149.6990591836954
289	1 13	1 15	1 17	1 19	-20.902743530795107
290	1 13	1 15	1 23	1 25	-202.10341289531948
291	1 13	1 15	1 25	1 27	-4.2717552301360655
292	1 13	1 15	1 27	1 29	37.33012064531616
293	1 13	1 15	1 31	1 33	-126.93039129141519
294	1 13	1 15	1 34	1 36	14.94662248506412
295	1 13	1 15	1 36	1 38	53.322248337661534
296	1 13	1 15	1 40	1 42	-100.722950426594
297	1 13	1 15	1 44	1 46	35.27363162068201
298	1 13	1 15	1 48	1 50	-66.96071352602257
299	1 13	1 15	1 39	1 41	-84.06473159053685
300	1 13	1 15	1 45	1 47	33.58092216479977
301	1 13	1 15	1 47	1 49	-58.78627804512426
302	1 13	1 15	1 53	1 55	22.79952964636187
303	1 13	1 15	1 56	1 58	-47.63565665111223
304	1 13	1 15	1 61	1 63	15.729625269542293
305	1 13	1 15	1 69	1 71	9.170387234716504
306	1 14	1 16	1 19	1 21	-22.691370481108997
307	1 14	1 16	1 27	1 29	6.048912280521543
308	1 14	1 16	1 31	1 33	-73.4058573209309
309	1 14	1 16	1 24	1 26	-222.30094439306532
310	1 14	1 16	1 28	1 30	32.648770283939456
311	1 14	1 16	1 34	1 36	5.099015167248293
312	1 14	1 16	1 35	1 37	14.457094445234082
313	1 14	1 16	1 41	1 43	4.606159364066192
314	1 14	1 16	1 43	1 45	15.397662538915817
315	1 14	1 16	1 47	1 49	-39.567663899269846
316	1 14	1 16	1 49	1 51	4.691840931551829
317	1 14	1 16	1 51	1 53	13.417583944325257
318	1 14	1 16	1 42	1 44	8.316362085055216
319	1 14	1 16	1 44	1 46	23.124423650997215
320	1 14	1 16	1 50	1 52	8.05099856923077
321	1 14	1 16	1 52	1 54	16.726315133559567
322	1 14	1 16	1 55	1 57	-30.502866129442552
323	1 14	1 16	1 63	1 65	-23.235960683562787
324	1 14	1 16	1 69	1 71	6.904549328368926
325	1 14	1 16	1 71	1 1	-73.09437089112156
326	1 14	1 16	1 60	1 62	11.603356142871448
327	1 14	1 16	1 64	1 66	-25.65921924308413
328	1 14	1 16	1 72	1 2	-82.4752645430939
329	1 15	1 17	1 18	1 20	-458.2133975374863
330	1 15	1 17	1 20	1 22	-271.4888667273264
331	1 15	1 17	1 24	1 26	703.2704195566715
332	1 15	1 17	1 26	1 28	-331.679759212425
333	1 15	1 17	1 28	1 30	-211.80830586519784
334	1 15	1 17	1 32	1 34	485.935958112775
335	1 15	1 17	1 34	1 36	-210.53695995942581
336	1 15	1 17	1 19	1 21	-326.16019629297693
337	1 15	1 17	1 23	1 25	899.4951391332283
338	1 15	1 17	1 25	1 27	-414.6079233093052
339	1 15	1 17	1 27	1 29	-259.23710868934256
340	1 15	1 17	1 31	1 33	591.7603431582265
341	1 15	1 17	1 33	1 35	-246.74610442102508
342	1 15	1 17	1 35	1 37	-181.0605945003681
343	1 15	1 17	1 41	1 43	-148.68410711239633
344	1 15	1 17	1 45	1 47	-78.53229511231741
345	1 15	1 17	1 47	1 49	272.1200688702146
346	1 15	1 17	1 53	1 55	-63.38087084148728
347	1 15	1 17	1 70	1 72	-20.2846479388988
348	1 16	1 18	1 19	1 21	-379.10310210970465
349	1 16	1 18	1 23	1 25	694.4278481012658
350	1 16	1 18	1 27	1 29	-272.2753766643812
351	1 16	1 18	1 31	1 33	488.5672729324581
352	1 16	1 18	1 33	1 35	-129.36187034680347
353	1 16	1 18	1 35	1 37	-173.1154895198816
354	1 16	1 18	1 20	1 22	-282.7015169766238
355	1 16	1 18	1 24	1 26	793.8915998335125
356	1 16	1 18	1 26	1 28	-308.22908187655094
357	1 16	1 18	1 28	1 30	-231.70245006801164
358	1 16	1 18	1 32	1 34	488.6880177421058
359	1 16	1 18	1 34	1 36	-163.6007038973206
360	1 16	1 18	1 36	1 38	-156.74269713973234
361	1 16	1 18	1 39	1 41	337.9858226981037
362	1 16	1 18	1 41	1 43	-92.06005170337514
363	1 16	1 18	1 45	1 47	-86.99784061429907
364	1 16	1 18	1 53	1 55	-65.62795588988891
365	1 16	1 18	1 40	1 42	339.0121929965972
366	1 16	1 18	1 48	1 50	236.61764871902784
367	1 16	1 18	1 61	1 63	-49.3234509515821
368	1 16	1 18	1 69	1 71	-30.873874799979014
369	1 16	1 18	1 70	1 72	-20.028032370675973
370	1 17	1 19	1 18	1 20	288.1490798956395
371	1 17	1 19	1 20	1 22	-70.59518801016848
372	1 17	1 19	1 26	1 28	207.49175129604063
373	1 17	1 19	1 30	1 32	-8.515954939210689
374	1 17	1 19	1 34	1 36	123.5745622561617
375	1 17	1 19	1 21	1 23	-25.94138728559355
376	1 17	1 19	1 25	1 27	463.22799477554554
377	1 17	1 19	1 29	1 31	-16.78476920203934
378	1 17	1 19	1 33	1 35	214.12315056077733
379	1 17	1 19	1 35	1 37	44.54732804984159
380	1 17	1 19	1 39	1 41	-156.59143424942448
381	1 17	1 19	1 38	1 40	-1.0365555677145224
382	1 17	1 19	1 42	1 44	76.9116017344538
383	1 17	1 19	1 46	1 48	2.1601164981108485
384	1 17	1 19	1 54	1 56	5.084217945885414
385	1 17	1 19	1 41	1 43	108.25905654757125
386	1 17	1 19	1 70	1 72	5.428465437375858
387	1 18	1 20	1 19	1 21	228.03384034334766
388	1 18	1 20	1 21	1 23	-55.42360795782214
389	1 18	1 20	1 25	1 27	214.80981697760842
390	1 18	1 20	1 27	1 29	159.41737411837727
391	1 18	1 20	1 29	1 31	-23.701714640588463
392	1 18	1 20	1 31	1 33	-243.52263363163377
393	1 18	1 20	1 33	1 35	129.59010961544936
394	1 18	1 20	1 35	1 37	94.51865231897764
395	1 18	1 20	1 22	1 24	-22.477271206780188
396	1 18	1 20	1 26	1 28	327.87551569423067
397	1 18	1 20	1 30	1 32	-13.16276256725034
398	1 18	1 20	1 34	1 36	138.96851799200425
399	1 18	1 20	1 40	1 42	-122.52650300267435
400	1 18	1 20	1 41	1 43	76.52548537290181
401	1 18	1 20	1 46	1 48	5.36484844417623
402	1 18	1 20	1 54	1 56	8.200228936683459
403	1 18	1 20	1 71	1 1	-298.25671263998254
404	1 18	1 20	1 62	1 64	8.683911417498711
405	1 18	1 20	1 70	1 72	6.671842430859604
406	1 19	1 21	1 20	1 22	206.1769284527985
407	1 19	1 21	1 22	1 24	-52.03736503188242
408	1 19	1 21	1 26	1 28	157.0083610486672
409	1 19	1 21	1 30	1 32	-20.606821476562722
410	1 19	1 21	1 34	1 36	91.96891915615024
411	1 19	1 21	1 38	1 40	8.872712470647066
412	1 19	1 21	1 27	1 29	277.2731600299469
413	1 19	1 21	1 31	1 33	-206.50504805575434
414	1 19	1 21	1 33	1 35	42.29799908742163
415	1 19	1 21	1 37	1 39	31.572565400802812
416	1 19	1 21	1 41	1 43	39.2542431776219
417	1 19	1 21	1 46	1 48	12.674331708688367
418	1 19	1 21	1 54	1 56	13.453158452615932
419	1 19	1 21	1 62	1 64	11.817854197519218
420	1 19	1 21	1 70	1 72	8.028272573585028
421	1 20	1 22	1 21	1 23	157.1218399961632
422	1 20	1 22	1 23	1 25	-269.6454660183363
423	1 20	1 22	1 25	1 27	-31.212985699362555
424	1 20	1 22	1 29	1 31	119.2353222215313
425	1 20	1 22	1 37	1 39	71.34005866492718
426	1 20	1 22	1 28	1 30	239.29481903841352
427	1 20	1 22	1 36	1 38	104.10424214478624
428	1 20	1 22	1 45	1 47	43.91373402323403
429	1 20	1 22	1 53	1 55	30.61259758633101
430	1 20	1 22	1 54	1 56	18.878577137699153
431	1 20	1 22	1 62	1 64	14.027499774810526
432	1 20	1 22	1 70	1 72	8.498671334087142
433	1 21	1 23	1 24	1 26	-257.4192308953981
434	1 21	1 23	1 26	1 28	-24.36933144128176
435	1 21	1 23	1 28	1 30	124.34497175705135
436	1 21	1 23	1 32	1 34	-196.1825188954734
437	1 21	1 23	1 36	1 38	74.30373415817716
438	1 21	1 23	1 40	1 42	-131.69696770271202
439	1 21	1 23	1 25	1 27	-17.410659186535767
440	1 21	1 23	1 31	1 33	-185.40043100052003
441	1 21	1 23	1 35	1 37	29.585339288850484
442	1 21	1 23	1 39	1 41	-108.29725547196634
443	1 21	1 23	1 44	1 46	47.1917292393895
444	1 21	1 23	1 48	1 50	-86.59003205283861
445	1 21	1 23	1 52	1 54	31.06527739939974
446	1 21	1 23	1 56	1 58	-60.313742500874305
447	1 21	1 23	1 60	1 62	20.42039565933061
448	1 21	1 23	1 47	1 49	-72.91903487731642
449	1 21	1 23	1 53	1 55	31.43657854058952
450	1 21	1 23	1 55	1 57	-53.890790402576975
451	1 21	1 23	1 61	1 63	20.862807974648
452	1 21	1 23	1 64	1 66	-44.019980873701755
453	1 21	1 23	1 69	1 71	11.910073424464482
454	1 22	1 24	1 27	1 29	-19.859459421035837
455	1 22	1 24	1 35	1 37	6.455289202558419
456	1 22	1 24	1 26	1 28	-13.007032692812714
457	1 22	1 24	1 32	1 34	-195.51243987712292
458	1 22	1 24	1 36	1 38	32.75741494218764
459	1 22	1 24	1 42	1 44	6.121880340278663
460	1 22	1 24	1 44	1 46	29.310101205715267
461	1 22	1 24	1 43	1 45	15.228870135632766
462	1 22	1 24	1 47	1 49	-50.50162572805757
463	1 22	1 24	1 51	1 53	15.515498669131262
464	1 22	1 24	1 55	1 57	-39.322314033104796
465	1 22	1 24	1 57	1 59	4.371179116728131
466	1 22	1 24	1 52	1 54	21.675777072372746
467	1 22	1 24	1 60	1 62	15.17257062332212
468	1 22	1 24	1 64	1 66	-34.78577432537809
469	1 22	1 24	1 63	1 65	-30.023562751880547
470	1 22	1 24	1 71	1 1	-74.80913397625463
471	1 22	1 24	1 68	1 70	9.961338256191821
472	1 22	1 24	1 72	1 2	-80.62463485608404
473	1 23	1 25	1 24	1 26	738.7032579489476
474	1 23	1 25	1 26	1 28	-369.9206095986069
475	1 23	1 25	1 28	1 30	-235.7358292903238
476	1 23	1 25	1 32	1 34	590.8558730442329
477	1 23	1 25	1 34	1 36	-274.90619534184975
478	1 23	1 25	1 36	1 38	-171.3486597619275
479	1 23	1 25	1 40	1 42	433.8367267719665
480	1 23	1 25	1 42	1 44	-187.33458155519332
481	1 23	1 25	1 27	1 29	-264.23767669616393
482	1 23	1 25	1 31	1 33	794.7075658104404
483	1 23	1 25	1 33	1 35	-382.13284678635273
484	1 23	1 25	1 35	1 37	-213.2498060215538
485	1 23	1 25	1 39	1 41	510.88328826464954
486	1 23	1 25	1 41	1 43	-211.381922892669
487	1 23	1 25	1 43	1 45	-158.42297889920533
488	1 23	1 25	1 44	1 46	-135.25584515436256
489	1 23	1 25	1 53	1 55	-76.15320638265842
490	1 23	1 25	1 61	1 63	-60.023557770980446
491	1 23	1 25	1 70	1 72	-25.065137670112293
492	1 23	1 25	1 69	1 71	-39.67595350942939
493	1 24	1 26	1 27	1 29	-323.0339393695113
494	1 24	1 26	1 31	1 33	586.3696598389776
495	1 24	1 26	1 33	1 35	-130.33063215421572
496	1 24	1 26	1 35	1 37	-229.08634772393333
497	1 24	1 26	1 39	1 41	412.41916631744084
498	1 24	1 26	1 41	1 43	-101.9873953490843
499	1 24	1 26	1 43	1 45	-151.77318898531965
500	1 24	1 26	1 28	1 30	-247.94572668916652
501	1 24	1 26	1 32	1 34	665.2535752914313
502	1 24	1 26	1 34	1 36	-255.37255072255053
503	1 24	1 26	1 36	1 38	-189.9191706906513
504	1 24	1 26	1 40	1 42	432.81155937021884
505	1 24	1 26	1 42	1 44	-141.25931519284583
506	1 24	1 26	1 44	1 46	-141.28943545209796
507	1 24	1 26	1 45	1 47	-109.80281880794766
508	1 24	1 26	1 53	1 55	-83.73531100265419
509	1 24	1 26	1 61	1 63	-61.721475068635016
510	1 24	1 26	1 48	1 50	296.2875985322389
511	1 24	1 26	1 56	1 58	213.04045993274278
512	1 24	1 26	1 69	1 71	-38.49622943425713
513	1 24	1 26	1 70	1 72	-25.484229077825006
514	1 25	1 27	1 26	1 28	238.00186725541445
515	1 25	1 27	1 28	1 30	-75.41299562876154
516	1 25	1 27	1 30	1 32	-11.084256590027659
517	1 25	1 27	1 34	1 36	170.23418265299264
518	1 25	1 27	1 38	1 40	-7.035300162574391
519	1 25	1 27	1 42	1 44	111.68783001314276
520	1 25	1 27	1 29	1 31	-25.357024087024087
521	1 25	1 27	1 33	1 35	416.80130042706685
522	1 25	1 27	1 37	1 39	-16.333094205008063
523	1 25	1 27	1 41	1 43	189.14806785997973
524	1 25	1 27	1 46	1 48	-2.748260261745627
525	1 25	1 27	1 62	1 64	5.533491363561685
526	1 25	1 27	1 53	1 55	8.047951311476936
527	1 25	1 27	1 61	1 63	11.644145149492717
528	1 25	1 27	1 70	1 72	5.692088697250627
529	1 26	1 28	1 27	1 29	190.72672663324212
530	1 26	1 28	1 29	1 31	-54.58742668809046
531	1 26	1 28	1 33	1 35	172.72248020261378
532	1 26	1 28	1 35	1 37	132.7850165957274
533	1 26	1 28	1 37	1 39	-24.822943388553817
534	1 26	1 28	1 41	1 43	106.11652220598624
535	1 26	1 28	1 43	1 45	79.38110137402816
536	1 26	1 28	1 30	1 32	-19.53373095400184
537	1 26	1 28	1 34	1 36	278.48172640215745
538	1 26	1 28	1 38	1 40	-11.352239639564338
539	1 26	1 28	1 42	1 44	117.79318479726972
540	1 26	1 28	1 46	1 48	-2.32738765278049
541	1 26	1 28	1 53	1 55	14.886384014554087
542	1 26	1 28	1 61	1 63	16.161815643869648
543	1 26	1 28	1 54	1 56	4.717299904019018
544	1 26	1 28	1 62	1 64	7.881867975767385
545	1 26	1 28	1 70	1 72	6.990161231635884
546	1 27	1 29	1 28	1 30	188.8434769418226
547	1 27	1 29	1 30	1 32	-51.649774491330284
548	1 27	1 29	1 34	1 36	139.69424524430968
549	1 27	1 29	1 38	1 40	-19.810872384758216
550	1 27	1 29	1 42	1 44	81.77021917689586
551	1 27	1 29	1 35	1 37	245.91578336038734
552	1 27	1 29	1 37	1 39	-8.056206177368352
553	1 27	1 29	1 41	1 43	34.05112200411451
554	1 27	1 29	1 45	1 47	28.40175982782379
555	1 27	1 29	1 54	1 56	11.651705890789774
556	1 27	1 29	1 62	1 64	12.998977680421397
557	1 27	1 29	1 53	1 55	29.858060010610206
558	1 27	1 29	1 61	1 63	24.63757977417771
559	1 27	1 29	1 70	1 72	9.68149096178912
560	1 28	1 30	1 29	1 31	150.03639161989798
561	1 28	1 30	1 31	1 33	-245.60150485506932
562	1 28	1 30	1 33	1 35	-30.719928206254487
563	1 28	1 30	1 37	1 39	109.20760279193863
564	1 28	1 30	1 45	1 47	66.49356219080434
565	1 28	1 30	1 34	1 36	-6.270981839782756
566	1 28	1 30	1 36	1 38	221.41945641487706
567	1 28	1 30	1 44	1 46	100.86545841043264
568	1 28	1 30	1 53	1 55	44.739189309770495
569	1 28	1 30	1 61	1 63	30.677971914647593
570	1 28	1 30	1 54	1 56	23.60521237527922
571	1 28	1 30	1 62	1 64	18.843620943977847
572	1 28	1 30	1 70	1 72	11.710649860735199
573	1 28	1 30	1 69	1 71	18.14383225665344
574	1 29	1 31	1 32	1 34	-246.53650304651057
575	1 29	1 31	1 34	1 36	-26.932832982618834
576	1 29	1 31	1 36	1 38	109.88427419354839
577	1 29	1 31	1 40	1 42	-187.76798443491992
578	1 29	1 31	1 44	1 46	70.13427086110372
579	1 29	1 31	1 33	1 35	-15.922635805927719
580	1 29	1 31	1 35	1 37	-9.713456898970904
581	1 29	1 31	1 37	1 39	205.88087974747418
582	1 29	1 31	1 39	1 41	-164.67578471865522
583	1 29	1 31	1 43	1 45	28.415477473688796
584	1 29	1 31	1 45	1 47	87.27296500353022
585	1 29	1 31	1 47	1 49	-99.21161407529804
586	1 29	1 31	1 52	1 54	44.305671654105325
587	1 29	1 31	1 56	1 58	-83.23718456093152
588	1 29	1 31	1 60	1 62	28.427482849862134
589	1 29	1 31	1 64	1 66	-60.12758555206798
590	1 29	1 31	1 68	1 70	17.715668161522856
591	1 29	1 31	1 53	1 55	50.39238055362689
592	1 29	1 31	1 55	1 57	-71.72308521885401
593	1 29	1 31	1 61	1 63	31.19584648686967
594	1 29	1 31	1 63	1 65	-52.959764855242724
595	1 29	1 31	1 69	1 71	17.08982505352707
596	1 30	1 32	1 35	1 37	-22.74683011712232
597	1 30	1 32	1 43	1 45	5.037934467625075
598	1 30	1 32	1 47	1 49	-57.77009494252195
599	1 30	1 32	1 34	1 36	-13.900324334355922
600	1 30	1 32	1 40	1 42	-183.61557596566706
601	1 30	1 32	1 44	1 46	27.552471612997095
602	1 30	1 32	1 52	1 54	25.224970552142707
603	1 30	1 32	1 51	1 53	13.457873896652696
604	1 30	1 32	1 55	1 57	-47.63798153079463
605	1 30	1 32	1 59	1 61	12.84795954981763
606	1 30	1 32	1 63	1 65	-37.01213471426912
607	1 30	1 32	1 67	1 69	11.293161011455123
608	1 30	1 32	1 60	1 62	18.791219094075
609	1 30	1 32	1 64	1 66	-46.26681822886218
610	1 30	1 32	1 68	1 70	12.690391389699606
611	1 30	1 32	1 72	1 2	-67.4276683321022
612	1 30	1 32	1 71	1 1	-62.69621007957615
613	1 31	1 33	1 32	1 34	670.4449862846693
614	1 31	1 33	1 34	1 36	-325.2719482893832
615	1 31	1 33	1 36	1 38	-201.35623215072928
616	1 31	1 33	1 40	1 42	553.3156301419169
617	1 31	1 33	1 42	1 44	-254.35568434744903
618	1 31	1 33	1 44	1 46	-164.78235019681028
619	1 31	1 33	1 48	1 50	404.4449333816732
620	1 31	1 33	1 50	1 52	-173.15201543739278
621	1 31	1 33	1 35	1 37	-233.53416785305046
622	1 31	1 33	1 43	1 45	-195.62109965334676
623	1 31	1 33	1 47	1 49	460.3165616813819
624	1 31	1 33	1 49	1 51	-170.36166207939578
625	1 31	1 33	1 51	1 53	-153.90418026565465
626	1 31	1 33	1 53	1 55	-94.76285405269229
627	1 31	1 33	1 52	1 54	-128.44264700144743
628	1 31	1 33	1 64	1 66	226.71471735765863
629	1 31	1 33	1 70	1 72	-31.981308715688712
630	1 31	1 33	1 61	1 63	-75.82143010875014
631	1 31	1 33	1 69	1 71	-50.73800174309667
632	1 32	1 34	1 33	1 35	-125.50960860354907
633	1 32	1 34	1 35	1 37	-288.428895542286
634	1 32	1 34	1 39	1 41	535.3517188847031
635	1 32	1 34	1 41	1 43	-114.7787519465156
636	1 32	1 34	1 43	1 45	-214.47934664982503
637	1 32	1 34	1 47	1 49	379.4549004398533
638	1 32	1 34	1 49	1 51	-82.82319143494634
639	1 32	1 34	1 51	1 53	-149.50489612063356
640	1 32	1 34	1 36	1 38	-214.92660596049598
641	1 32	1 34	1 40	1 42	614.8416079043379
642	1 32	1 34	1 44	1 46	-181.83369340937122
643	1 32	1 34	1 48	1 50	403.4765446348322
644	1 32	1 34	1 50	1 52	-130.0406074833084
645	1 32	1 34	1 52	1 54	-134.88054843091044
646	1 32	1 34	1 53	1 55	-111.61900980823921
647	1 32	1 34	1 55	1 57	276.0562195277107
648	1 32	1 34	1 61	1 63	-83.05900490543894
649	1 32	1 34	1 69	1 71	-51.687737248329015
650	1 32	1 34	1 60	1 62	-94.19250117394917
651	1 32	1 34	1 64	1 66	211.30488430765575
652	1 32	1 34	1 68	1 70	-61.294129847400875
653	1 32	1 34	1 70	1 72	-34.513181288043654
654	1 33	1 35	1 34	1 36	203.99496916661246
655	1 33	1 35	1 36	1 38	-67.0622261184852
656	1 33	1 35	1 38	1 40	-10.5273984804712
657	1 33	1 35	1 42	1 44	161.82362710476056
658	1 33	1 35	1 46	1 48	-8.497707427702474
659	1 33	1 35	1 37	1 39	-24.47208284271418
660	1 33	1 35	1 41	1 43	370.6795938560146
661	1 33	1 35	1 43	1 45	-12.419626403990526
662	1 33	1 35	1 45	1 47	-16.723167130435534
663	1 33	1 35	1 70	1 72	5.077541670744532
664	1 33	1 35	1 61	1 63	7.521977446162387
665	1 33	1 35	1 69	1 71	10.201195134227916
666	1 34	1 36	1 35	1 37	185.4663451774972
667	1 34	1 36	1 37	1 39	-58.56098089590002
668	1 34	1 36	1 41	1 43	157.67588257115236
669	1 34	1 36	1 45	1 47	-22.056906687019662
670	1 34	1 36	1 53	1 55	6.87636990636814
671	1 34	1 36	1 38	1 40	-20.302084321870126
672	1 34	1 36	1 42	1 44	252.5404829723115
673	1 34	1 36	1 46	1 48	-13.386181631839644
674	1 34	1 36	1 61	1 63	16.16981557371575
675	1 34	1 36	1 69	1 71	15.234077838535313
676	1 34	1 36	1 70	1 72	7.871557501362425
677	1 35	1 37	1 36	1 38	160.02558020229029
678	1 35	1 37	1 38	1 40	-51.39733504303278
679	1 35	1 37	1 46	1 48	-22.053790139822375
680	1 35	1 37	1 54	1 56	3.8688815058929915
681	1 35	1 37	1 41	1 43	-13.451589832640408
682	1 35	1 37	1 53	1 55	31.147624458477345
683	1 35	1 37	1 62	1 64	13.132400736814898
684	1 35	1 37	1 70	1 72	11.955248788281851
685	1 35	1 37	1 61	1 63	30.842924261321233
686	1 35	1 37	1 69	1 71	21.713358843934234
687	1 36	1 38	1 37	1 39	144.10818832298781
688	1 36	1 38	1 39	1 41	-224.67632006295827
689	1 36	1 38	1 41	1 43	-30.16876869992712
690	1 36	1 38	1 43	1 45	120.84381285627327
691	1 36	1 38	1 45	1 47	103.97485925159458
692	1 36	1 38	1 47	1 49	-176.62159672432298
693	1 36	1 38	1 53	1 55	66.31736567772441
694	1 36	1 38	1 55	1 57	-124.13324478734864
695	1 36	1 38	1 44	1 46	207.86945136851708
696	1 36	1 38	1 46	1 48	-10.000070249425265
697	1 36	1 38	1 52	1 54	97.50918722792991
698	1 36	1 38	1 54	1 56	22.53957956797706
699	1 36	1 38	1 61	1 63	44.542482531393276
700	1 36	1 38	1 69	1 71	25.56167417643205
701	1 36	1 38	1 60	1 62	53.10199359743274
702	1 36	1 38	1 62	1 64	23.49110302430961
703	1 36	1 38	1 70	1 72	15.667578540059147
704	1 37	1 39	1 40	1 42	-221.66812035288314
705	1 37	1 39	1 42	1 44	-24.33496628346993
706	1 37	1 39	1 44	1 46	112.17783374036856
707	1 37	1 39	1 48	1 50	-165.39819836489545
708	1 37	1 39	1 52	1 54	65.82681248460764
709	1 37	1 39	1 56	1 58	-113.15337276769343
710	1 37	1 39	1 45	1 47	182.00781703641013
711	1 37	1 39	1 47	1 49	-152.94511975166805
712	1 37	1 39	1 49	1 51	-4.257688341438209
713	1 37	1 39	1 51	1 53	30.29726039105249
714	1 37	1 39	1 53	1 55	86.18106928689137
715	1 37	1 39	1 55	1 57	-100.13630546825397
716	1 37	1 39	1 59	1 61	26.673739765190263
717	1 37	1 39	1 60	1 62	40.94164032477154
718	1 37	1 39	1 64	1 66	-82.18806958901789
719	1 37	1 39	1 68	1 70	24.74288152387024
720	1 37	1 39	1 70	1 72	18.286655338799434
721	1 37	1 39	1 61	1 63	48.67013269674847
722	1 37	1 39	1 63	1 65	-70.65816093138426
723	1 37	1 39	1 69	1 71	24.917215646399146
724	1 38	1 40	1 41	1 43	-8.888593821871039
725	1 38	1 40	1 43	1 45	-22.403731963705155
726	1 38	1 40	1 51	1 53	3.099319533967871
727	1 38	1 40	1 55	1 57	-55.117715585495645
728	1 38	1 40	1 42	1 44	-14.85219539997313
729	1 38	1 40	1 44	1 46	-4.23955537744711
730	1 38	1 40	1 48	1 50	-162.20801133689267
731	1 38	1 40	1 50	1 52	-3.9306570298515284
732	1 38	1 40	1 52	1 54	22.21477838949444
733	1 38	1 40	1 56	1 58	-93.41795696470649
734	1 38	1 40	1 60	1 62	21.674966755970495
735	1 38	1 40	1 59	1 61	10.200866148540332
736	1 38	1 40	1 63	1 65	-44.66203437475147
737	1 38	1 40	1 67	1 69	12.00442427506448
738	1 38	1 40	1 71	1 1	-45.97576204167999
739	1 38	1 40	1 64	1 66	-62.582791425309715
740	1 38	1 40	1 68	1 70	15.847117475801552
741	1 38	1 40	1 72	1 2	-50.75491553876823
742	1 39	1 41	1 40	1 42	618.133070270924
743	1 39	1 41	1 42	1 44	-304.3370576236614
744	1 39	1 41	1 44	1 46	-202.37270310575113
745	1 39	1 41	1 50	1 52	-238.385143546127
746	1 39	1 41	1 52	1 54	-159.28628041359786
747	1 39	1 41	1 56	1 58	385.64981112452045
748	1 39	1 41	1 51	1 53	-192.77268445221955
749	1 39	1 41	1 55	1 57	426.5967583411865
750	1 39	1 41	1 57	1 59	-136.26403667389317
751	1 39	1 41	1 59	1 61	-147.2084740885639
752	1 39	1 41	1 61	1 63	-94.42967625498409
753	1 39	1 41	1 60	1 62	-120.12557001893083
754	1 39	1 41	1 68	1 70	-82.33774045582255
755	1 39	1 41	1 70	1 72	-40.081565652939474
756	1 39	1 41	1 69	1 71	-64.56304634270009
757	1 40	1 42	1 41	1 43	-123.86515156049688
758	1 40	1 42	1 43	1 45	-262.73551601596336
759	1 40	1 42	1 47	1 49	504.6770857195706
760	1 40	1 42	1 49	1 51	-102.06919980251415
761	1 40	1 42	1 51	1 53	-208.39159166002048
762	1 40	1 42	1 55	1 57	369.41686585961395
763	1 40	1 42	1 59	1 61	-141.33903208430087
764	1 40	1 42	1 44	1 46	-207.4944195393312
765	1 40	1 42	1 50	1 52	-216.95120002372508
766	1 40	1 42	1 52	1 54	-171.8213862120089
767	1 40	1 42	1 56	1 58	386.7959513304219
768	1 40	1 42	1 60	1 62	-124.34102683457225
769	1 40	1 42	1 61	1 63	-109.83412975554118
770	1 40	1 42	1 63	1 65	271.60620593890195
771	1 40	1 42	1 69	1 71	-69.41046920414158
772	1 40	1 42	1 64	1 66	282.9350968099101
773	1 40	1 42	1 68	1 70	-82.34780001589505
774	1 40	1 42	1 70	1 72	-46.365099866192466
775	1 41	1 43	1 42	1 44	198.74875700102945
776	1 41	1 43	1 44	1 46	-63.527101566469
777	1 41	1 43	1 46	1 48	-10.817586633134297
778	1 41	1 43	1 54	1 56	-7.893673650178338
779	1 41	1 43	1 60	1 62	8.071816760772464
780	1 41	1 43	1 45	1 47	-24.818747253495744
781	1 41	1 43	1 53	1 55	-14.756889482073223
782	1 41	1 43	1 70	1 72	3.903967372260003
783	1 41	1 43	1 69	1 71	8.807331489645085
784	1 42	1 44	1 43	1 45	170.16890935267799
785	1 42	1 44	1 45	1 47	-58.923463358197615
786	1 42	1 44	1 46	1 48	-20.80416595214005
787	1 42	1 44	1 54	1 56	-13.815589939872746
788	1 42	1 44	1 60	1 62	30.763802565394002
789	1 42	1 44	1 64	1 66	-106.86001696065128
790	1 42	1 44	1 69	1 71	15.691041869543202
791	1 42	1 44	1 70	1 72	6.8945535293842575
792	1 43	1 45	1 44	1 46	147.12945015949555
793	1 43	1 45	1 46	1 48	-48.47986161430985
794	1 43	1 45	1 54	1 56	-21.892733873047735
795	1 43	1 45	1 49	1 51	-15.121339162960059
796	1 43	1 45	1 61	1 63	29.920510531868715
797	1 43	1 45	1 70	1 72	12.218697963934483
798	1 43	1 45	1 69	1 71	26.423110675349392
799	1 44	1 46	1 45	1 47	150.05899402768642
800	1 44	1 46	1 47	1 49	-225.0990151381577
801	1 44	1 46	1 51	1 53	115.33386279405192
802	1 44	1 46	1 53	1 55	107.24268594667505
803	1 44	1 46	1 59	1 61	68.47576197425062
804	1 44	1 46	1 61	1 63	69.56323613393324
805	1 44	1 46	1 52	1 54	199.73480217774008
806	1 44	1 46	1 54	1 56	0.8612861444489759
807	1 44	1 46	1 60	1 62	89.89379198506569
808	1 44	1 46	1 64	1 66	-126.08993586251466
809	1 44	1 46	1 69	1 71	38.12972644787729
810	1 44	1 46	1 68	1 70	45.81234163266183
811	1 44	1 46	1 70	1 72	21.379991285021397
812	1 45	1 47	1 46	1 48	124.55169441890845
813	1 45	1 47	1 48	1 50	-203.57787946380785
814	1 45	1 47	1 50	1 52	-25.425026850488564
815	1 45	1 47	1 52	1 54	103.01601294845798
816	1 45	1 47	1 54	1 56	101.0524544470477
817	1 45	1 47	1 56	1 58	-163.10420758617948
818	1 45	1 47	1 60	1 62	62.96302518574612
819	1 45	1 47	1 62	1 64	61.262360992575275
820	1 45	1 47	1 64	1 66	-118.98526658867448
821	1 45	1 47	1 53	1 55	187.9086942889078
822	1 45	1 47	1 55	1 57	-161.61666880603138
823	1 45	1 47	1 59	1 61	24.985091563301502
824	1 45	1 47	1 61	1 63	87.33318064517687
825	1 45	1 47	1 63	1 65	-101.36593958978501
826	1 45	1 47	1 67	1 69	26.76158410329004
827	1 45	1 47	1 68	1 70	36.46256546576416
828	1 45	1 47	1 70	1 72	29.45451505273594
829	1 45	1 47	1 72	1 2	-77.74289084337386
830	1 45	1 47	1 69	1 71	40.19984028420872
831	1 45	1 47	1 71	1 1	-72.88484983274645
832	1 46	1 48	1 49	1 51	-7.554400834401151
833	1 46	1 48	1 51	1 53	-20.107615865653592
834	1 46	1 48	1 53	1 55	104.7530631505542
835	1 46	1 48	1 55	1 57	-71.43756063495502
836	1 46	1 48	1 57	1 59	-1.4951654541262802
837	1 46	1 48	1 61	1 63	64.41556405699691
838	1 46	1 48	1 63	1 65	-62.262374327144364
839	1 46	1 48	1 50	1 52	-13.468228089402594
840	1 46	1 48	1 52	1 54	-3.2038218377177925
841	1 46	1 48	1 56	1 58	-162.64512675121924
842	1 46	1 48	1 60	1 62	23.456483191452413
843	1 46	1 48	1 64	1 66	-101.1569892953465
844	1 46	1 48	1 68	1 70	22.130745097671095
845	1 46	1 48	1 67	1 69	13.497155197752797
846	1 46	1 48	1 69	1 71	31.971172814115477
847	1 46	1 48	1 71	1 1	-52.030997785872444
848	1 46	1 48	1 72	1 2	-63.64981212902076
849	1 47	1 49	1 48	1 50	594.3704888861139
850	1 47	1 49	1 50	1 52	-297.27046819041635
851	1 47	1 49	1 52	1 54	-195.16469155844158
852	1 47	1 49	1 60	1 62	-153.04644230557935
853	1 47	1 49	1 64	1 66	387.82736077481843
854	1 47	1 49	1 66	1 68	-166.5991168247389
855	1 47	1 49	1 59	1 61	-189.88953012753615
856	1 47	1 49	1 61	1 63	-123.8884542119475
857	1 47	1 49	1 63	1 65	412.60682624740195
858	1 47	1 49	1 67	1 69	-141.52772796160644
859	1 47	1 49	1 69	1 71	-84.01555050396469
860	1 47	1 49	1 68	1 70	-107.81132373194549
861	1 47	1 49	1 70	1 72	-50.71668099211982
862	1 48	1 50	1 49	1 51	-127.72165483769962
863	1 48	1 50	1 51	1 53	-254.86080140228515
864	1 48	1 50	1 55	1 57	499.34441429217554
865	1 48	1 50	1 57	1 59	-91.56568642123118
866	1 48	1 50	1 59	1 61	-200.68658600627205
867	1 48	1 50	1 63	1 65	377.8867584028875
868	1 48	1 50	1 67	1 69	-137.9048158308168
869	1 48	1 50	1 52	1 54	-199.9860183789403
870	1 48	1 50	1 60	1 62	-165.2199132153291
871	1 48	1 50	1 64	1 66	403.7849988027775
872	1 48	1 50	1 68	1 70	-114.12327474510113
873	1 48	1 50	1 69	1 71	-97.09305587226149
874	1 49	1 51	1 54	1 56	-8.883326811886095
875	1 49	1 51	1 68	1 70	8.741320788447904
876	1 50	1 52	1 69	1 71	9.231652755978836
877	1 50	1 52	1 54	1 56	-20.34966370706279
878	1 50	1 52	1 68	1 70	28.192325598635925
879	1 51	1 53	1 52	1 54	155.67847873694058
880	1 51	1 53	1 54	1 56	-55.70470195608016
881	1 51	1 53	1 60	1 62	106.59476464647909
882	1 51	1 53	1 68	1 70	62.3919951793165
883	1 51	1 53	1 70	1 72	6.830251518199708
884	1 51	1 53	1 69	1 71	27.805083158972664
885	1 52	1 54	1 53	1 55	129.00114004765663
886	1 52	1 54	1 55	1 57	-217.13892852753617
887	1 52	1 54	1 61	1 63	107.78693558315064
888	1 52	1 54	1 67	1 69	66.2050590012824
889	1 52	1 54	1 69	1 71	58.927950905345014
890	1 52	1 54	1 60	1 62	199.17903332242935
891	1 52	1 54	1 68	1 70	79.83010157519337
892	1 52	1 54	1 70	1 72	23.021093455735187
893	1 52	1 54	1 72	1 2	-86.35860991502496
894	1 53	1 55	1 54	1 56	152.64351328267577
895	1 53	1 55	1 56	1 58	-215.27186952006403
896	1 53	1 55	1 60	1 62	97.18092511022857
897	1 53	1 55	1 62	1 64	110.85382183428672
898	1 53	1 55	1 64	1 66	-173.27308735341825
899	1 53	1 55	1 68	1 70	54.86979272248371
900	1 53	1 55	1 70	1 72	50.94641665998667
901	1 53	1 55	1 72	1 2	-77.69461586257158
902	1 53	1 55	1 61	1 63	195.67552632502404
903	1 53	1 55	1 63	1 65	-159.0930040234307
904	1 53	1 55	1 67	1 69	24.51154065687964
905	1 53	1 55	1 69	1 71	71.98711869781332
906	1 53	1 55	1 71	1 1	-67.15196129554958
907	1 54	1 56	1 55	1 57	-84.87070560636957
908	1 54	1 56	1 57	1 59	-4.912256069445422
909	1 54	1 56	1 61	1 63	108.00178248948764
910	1 54	1 56	1 63	1 65	-78.27430727789367
911	1 54	1 56	1 67	1 69	7.823434784139684
912	1 54	1 56	1 69	1 71	52.26042188964409
913	1 54	1 56	1 71	1 1	-48.22927122748317
914	1 54	1 56	1 58	1 60	-10.523572374968275
915	1 54	1 56	1 62	1 64	201.49956155175977
916	1 54	1 56	1 64	1 66	-175.48612395312148
917	1 54	1 56	1 68	1 70	24.235197880578117
918	1 54	1 56	1 72	1 2	-75.3621779382575
919	1 55	1 57	1 60	1 62	-193.36993999164838
920	1 55	1 57	1 68	1 70	-140.21854087656797
921	1 55	1 57	1 70	1 72	-63.80787269378461
922	1 55	1 57	1 59	1 61	-219.83130630098185
923	1 55	1 57	1 61	1 63	-180.96147969966455
924	1 55	1 57	1 67	1 69	-188.79868738164916
925	1 55	1 57	1 69	1 71	-112.74456454754662
926	1 56	1 58	1 61	1 63	-197.45716533710205
927	1 56	1 58	1 67	1 69	-194.12017916756668
928	1 56	1 58	1 69	1 71	-130.98901477424124
929	1 56	1 58	1 71	1 1	142.55763790384964
930	1 56	1 58	1 60	1 62	-195.0442764714178
931	1 56	1 58	1 68	1 70	-150.793119212589
932	1 56	1 58	1 72	1 2	159.65130378763962
933	1 59	1 61	1 60	1 62	118.52089285704221
934	1 59	1 61	1 62	1 64	-44.52830882338864
935	1 59	1 61	1 68	1 70	92.09670233165694
936	1 59	1 61	1 70	1 72	-12.240536138843794
937	1 59	1 61	1 69	1 71	-0.5308597100730127
938	1 60	1 62	1 61	1 63	156.55541377558586
939	1 60	1 62	1 63	1 65	-226.58137224142203
940	1 60	1 62	1 67	1 69	93.36681483521988
941	1 60	1 62	1 69	1 71	104.30849690533272
942	1 60	1 62	1 71	1 1	-109.95581941407134
943	1 60	1 62	1 70	1 72	8.661776827181628
944	1 60	1 62	1 72	1 2	-96.92276454239736
945	1 61	1 63	1 62	1 64	129.68431471371827
946	1 61	1 63	1 64	1 66	-222.71815130723368
947	1 61	1 63	1 68	1 70	95.14195397163843
948	1 61	1 63	1 70	1 72	85.71960932531536
949	1 61	1 63	1 72	1 2	-106.45025409871884
950	1 61	1 63	1 65	1 67	-6.9478262812317215
951	1 61	1 63	1 67	1 69	-1.3940356532563054
952	1 61	1 63	1 69	1 71	161.39391015055185
953	1 61	1 63	1 71	1 1	-102.48792753792753
954	1 62	1 64	1 63	1 65	-78.80189303425749
955	1 62	1 64	1 65	1 67	-3.306507145777096
956	1 62	1 64	1 67	1 69	-12.594080348992756
957	1 62	1 64	1 69	1 71	78.1258883785691
958	1 62	1 64	1 71	1 1	-33.65666004713125
959	1 62	1 64	1 66	1 68	-7.3042766588877726
960	1 62	1 64	1 70	1 72	143.0211035445008
961	1 62	1 64	1 72	1 2	-101.1773137014315
962	1 63	1 65	1 68	1 70	-182.33224026194623
963	1 63	1 65	1 72	1 2	194.76491299102793
964	1 63	1 65	1 69	1 71	-161.50050158691283
965	1 63	1 65	1 71	1 1	204.68927076448557
966	1 64	1 66	1 69	1 71	-173.28355384476916
967	1 64	1 66	1 71	1 1	182.80969187288895
968	1 64	1 66	1 68	1 70	-178.9973263538069
969	1 64	1 66	1 70	1 72	-147.63868467399055
970	1 64	1 66	1 72	1 2	229.034235723516
971	1 67	1 69	1 68	1 70	120.2115453094058
972	1 67	1 69	1 70	1 72	-29.94841785714597
973	1 67	1 69	1 72	1 2	-100.53467297095625
974	1 67	1 69	1 71	1 1	-111.6399615219228
975	1 68	1 70	1 69	1 71	128.6205299655139
976	1 68	1 70	1 71	1 1	-139.50472076495214
977	1 68	1 70	1 72	1 2	-115.94016846300997
978	1 69	1 71	1 70	1 72	134.32693378819314
979	1 69	1 71	1 72	1 2	-164.45953223754412
980	1 71	1 1	1 72	1 2	1652.4782799297418
