2287
1	1 1	1 3	1 2	1 4	508.47933953566337
2	1 1	1 3	1 4	1 6	-183.08076661999917
3	1 1	1 3	1 6	1 8	-29.475554124215748
4	1 1	1 3	1 10	1 12	246.9730590738739
5	1 1	1 3	1 12	1 14	-30.06995801469486
6	1 1	1 3	1 14	1 16	-13.745530341764201
7	1 1	1 3	1 16	1 18	-167.78934216766046
8	1 1	1 3	1 18	1 20	148.76081406036747
9	1 1	1 3	1 20	1 22	18.350764483793874
10	1 1	1 3	1 5	1 7	-63.83670011996372
11	1 1	1 3	1 9	1 11	456.8689409866523
12	1 1	1 3	1 11	1 13	21.687351956604267
13	1 1	1 3	1 13	1 15	-20.085597652166836
14	1 1	1 3	1 15	1 17	-286.32141565902066
15	1 1	1 3	1 17	1 19	205.79455333123713
16	1 1	1 3	1 19	1 21	69.10343613314552
17	1 1	1 3	1 22	1 24	-6.5786613708489625
18	1 1	1 3	1 24	1 26	-131.69870980600584
19	1 1	1 3	1 26	1 28	89.10599513539717
20	1 1	1 3	1 28	1 30	30.632367695836564
21	1 1	1 3	1 30	1 32	1.6086909617973042
22	1 1	1 3	1 32	1 34	-100.64485692874845
23	1 1	1 3	1 34	1 36	54.174836601307184
24	1 1	1 3	1 36	1 38	26.485027233115467
25	1 1	1 3	1 38	1 40	10.970201175955607
26	1 1	1 3	1 40	1 42	-78.29822418496195
27	1 1	1 3	1 25	1 27	114.42788746146024
28	1 1	1 3	1 27	1 29	56.910451798331934
29	1 1	1 3	1 29	1 31	11.763767760760253
30	1 1	1 3	1 31	1 33	-138.11996601262643
31	1 1	1 3	1 33	1 35	65.27488411173574
32	1 1	1 3	1 35	1 37	41.008175466042644
33	1 1	1 3	1 37	1 39	17.191258741258743
34	1 1	1 3	1 39	1 41	-92.83492451754255
35	1 1	1 3	1 41	1 43	35.73501502542764
36	1 1	1 3	1 43	1 45	28.962487274743978
37	1 1	1 3	1 42	1 44	34.913895872192036
38	1 1	1 3	1 44	1 46	21.819157200587817
39	1 1	1 3	1 46	1 48	11.00720100838276
40	1 1	1 3	1 48	1 50	-59.11688027776587
41	1 1	1 3	1 50	1 52	23.520377812233015
42	1 1	1 3	1 52	1 54	17.196754061470465
43	1 1	1 3	1 54	1 56	10.08972190143361
44	1 1	1 3	1 56	1 58	-45.109413419708716
45	1 1	1 3	1 58	1 60	16.719456028158127
46	1 1	1 3	1 60	1 62	13.783627980665411
47	1 1	1 3	1 45	1 47	15.627090318995334
48	1 1	1 3	1 47	1 49	-63.548575887473525
49	1 1	1 3	1 49	1 51	21.276740568411682
50	1 1	1 3	1 51	1 53	21.07489575226043
51	1 1	1 3	1 53	1 55	14.28181379572024
52	1 1	1 3	1 55	1 57	-46.883900394477315
53	1 1	1 3	1 57	1 59	13.055903644435563
54	1 1	1 3	1 59	1 61	15.636056612396787
55	1 1	1 3	1 61	1 63	11.65647323327363
56	1 1	1 3	1 63	1 65	-35.06904442704912
57	1 1	1 3	1 62	1 64	8.221715851737383
58	1 1	1 3	1 64	1 66	-34.75135635899824
59	1 1	1 3	1 66	1 68	12.004987338085208
60	1 1	1 3	1 68	1 70	11.13622729339355
61	1 1	1 3	1 70	1 72	6.039390869407869
62	1 1	1 3	1 72	1 2	-211.19538139999383
63	1 1	1 3	1 65	1 67	9.32634637011121
64	1 1	1 3	1 67	1 69	12.153954904151686
65	1 1	1 3	1 69	1 71	8.939202639092532
66	1 2	1 4	1 3	1 5	480.8657645312321
67	1 2	1 4	1 5	1 7	-204.8792576058201
68	1 2	1 4	1 7	1 9	-523.7952684258416
69	1 2	1 4	1 11	1 13	209.9713322469239
70	1 2	1 4	1 13	1 15	-18.820397721682625
71	1 2	1 4	1 15	1 17	-347.48587193790934
72	1 2	1 4	1 17	1 19	154.5498034996728
73	1 2	1 4	1 21	1 23	13.75267938583156
74	1 2	1 4	1 6	1 8	-73.95123478553725
75	1 2	1 4	1 10	1 12	375.1239814180184
76	1 2	1 4	1 12	1 14	32.47039156394332
77	1 2	1 4	1 14	1 16	-23.277073477437153
78	1 2	1 4	1 18	1 20	186.33221996166392
79	1 2	1 4	1 20	1 22	70.03699175804279
80	1 2	1 4	1 23	1 25	-250.3671201814059
81	1 2	1 4	1 25	1 27	100.1473054539735
82	1 2	1 4	1 27	1 29	92.16036093336417
83	1 2	1 4	1 29	1 31	31.415186542487426
84	1 2	1 4	1 31	1 33	-180.89763866337924
85	1 2	1 4	1 33	1 35	63.299878458849946
86	1 2	1 4	1 35	1 37	58.82882911063506
87	1 2	1 4	1 37	1 39	32.91350474172408
88	1 2	1 4	1 39	1 41	-122.80073816214401
89	1 2	1 4	1 41	1 43	37.35761977261007
90	1 2	1 4	1 26	1 28	105.03293939733393
91	1 2	1 4	1 28	1 30	64.9951583784671
92	1 2	1 4	1 30	1 32	8.289013630630313
93	1 2	1 4	1 32	1 34	-144.91520017268527
94	1 2	1 4	1 34	1 36	63.54563433839946
95	1 2	1 4	1 36	1 38	45.795073502671144
96	1 2	1 4	1 38	1 40	21.253525180938908
97	1 2	1 4	1 40	1 42	-111.79275681364231
98	1 2	1 4	1 42	1 44	41.46317142512794
99	1 2	1 4	1 44	1 46	33.478657326580176
100	1 2	1 4	1 43	1 45	39.56595672020124
101	1 2	1 4	1 45	1 47	25.96481110059652
102	1 2	1 4	1 47	1 49	-84.30744343433119
103	1 2	1 4	1 49	1 51	23.77216723392091
104	1 2	1 4	1 51	1 53	28.158426787912543
105	1 2	1 4	1 53	1 55	21.960577555792383
106	1 2	1 4	1 55	1 57	-62.282174809881205
107	1 2	1 4	1 57	1 59	15.334462532330875
108	1 2	1 4	1 59	1 61	20.543033507786426
109	1 2	1 4	1 61	1 63	17.12965902469991
110	1 2	1 4	1 46	1 48	19.07827756029948
111	1 2	1 4	1 48	1 50	-82.6795278257516
112	1 2	1 4	1 50	1 52	28.54244432496845
113	1 2	1 4	1 52	1 54	24.780693511510524
114	1 2	1 4	1 54	1 56	16.246046406395866
115	1 2	1 4	1 56	1 58	-62.20344788265696
116	1 2	1 4	1 58	1 60	20.712655524830332
117	1 2	1 4	1 60	1 62	19.314686222244283
118	1 2	1 4	1 62	1 64	12.576390942311395
119	1 2	1 4	1 64	1 66	-47.427467603652154
120	1 2	1 4	1 63	1 65	-46.62893576053219
121	1 2	1 4	1 65	1 67	11.405815594030145
122	1 2	1 4	1 67	1 69	15.991368385763886
123	1 2	1 4	1 69	1 71	12.692068732706105
124	1 2	1 4	1 71	1 1	-649.2819660014782
125	1 2	1 4	1 66	1 68	15.176241521390203
126	1 2	1 4	1 68	1 70	15.274597341500293
127	1 2	1 4	1 70	1 72	9.046262742373829
128	1 3	1 5	1 4	1 6	314.9912985274431
129	1 3	1 5	1 6	1 8	-165.37251386498374
130	1 3	1 5	1 8	1 10	-419.33411838593184
131	1 3	1 5	1 10	1 12	230.4669223592827
132	1 3	1 5	1 12	1 14	177.12128051589127
133	1 3	1 5	1 14	1 16	-24.005023392705038
134	1 3	1 5	1 16	1 18	-294.2452004517222
135	1 3	1 5	1 18	1 20	131.13213868189376
136	1 3	1 5	1 20	1 22	120.18543630692224
137	1 3	1 5	1 22	1 24	7.433581172923089
138	1 3	1 5	1 9	1 11	43.68854162495495
139	1 3	1 5	1 11	1 13	302.2152854939464
140	1 3	1 5	1 13	1 15	25.93674374548189
141	1 3	1 5	1 17	1 19	64.80161332919954
142	1 3	1 5	1 19	1 21	161.9318776643204
143	1 3	1 5	1 21	1 23	46.758648035429886
144	1 3	1 5	1 23	1 25	-233.15921177451347
145	1 3	1 5	1 25	1 27	57.21305502840053
146	1 3	1 5	1 24	1 26	-214.3311565836299
147	1 3	1 5	1 26	1 28	79.6158564303712
148	1 3	1 5	1 28	1 30	85.96796202252153
149	1 3	1 5	1 30	1 32	19.063996734513932
150	1 3	1 5	1 32	1 34	-155.63704967632987
151	1 3	1 5	1 34	1 36	51.40392557768628
152	1 3	1 5	1 36	1 38	54.61292079207921
153	1 3	1 5	1 38	1 40	29.99522070698287
154	1 3	1 5	1 40	1 42	-117.27674318049367
155	1 3	1 5	1 42	1 44	35.621743635410795
156	1 3	1 5	1 27	1 29	94.26158216783216
157	1 3	1 5	1 29	1 31	52.78621638141809
158	1 3	1 5	1 33	1 35	42.493578837192224
159	1 3	1 5	1 35	1 37	58.06618180212341
160	1 3	1 5	1 37	1 39	44.35231205467501
161	1 3	1 5	1 39	1 41	-118.91715610415132
162	1 3	1 5	1 41	1 43	28.08415259603208
163	1 3	1 5	1 43	1 45	38.781549969220606
164	1 3	1 5	1 45	1 47	31.188877135394232
165	1 3	1 5	1 44	1 46	36.799706148620984
166	1 3	1 5	1 46	1 48	24.28295998810055
167	1 3	1 5	1 48	1 50	-85.3619759614177
168	1 3	1 5	1 50	1 52	25.305032559513723
169	1 3	1 5	1 52	1 54	26.051802842477144
170	1 3	1 5	1 54	1 56	19.257581614365535
171	1 3	1 5	1 56	1 58	-63.305257854658166
172	1 3	1 5	1 58	1 60	18.874298289338984
173	1 3	1 5	1 60	1 62	19.870352738174773
174	1 3	1 5	1 62	1 64	14.198880264574022
175	1 3	1 5	1 47	1 49	-82.30677590270042
176	1 3	1 5	1 49	1 51	19.444431085495587
177	1 3	1 5	1 51	1 53	27.387217637105405
178	1 3	1 5	1 53	1 55	24.67074022237883
179	1 3	1 5	1 55	1 57	-61.308667415146274
180	1 3	1 5	1 57	1 59	13.308351046795455
181	1 3	1 5	1 59	1 61	19.82191985282872
182	1 3	1 5	1 61	1 63	18.582788218525643
183	1 3	1 5	1 63	1 65	-45.82714869000162
184	1 3	1 5	1 65	1 67	10.346035433796136
185	1 3	1 5	1 64	1 66	-47.93913053631617
186	1 3	1 5	1 66	1 68	14.169946359031844
187	1 3	1 5	1 68	1 70	15.517915254920188
188	1 3	1 5	1 70	1 72	9.781952090304717
189	1 3	1 5	1 72	1 2	-488.51299655927426
190	1 3	1 5	1 67	1 69	15.559580551588224
191	1 3	1 5	1 69	1 71	13.34230047999101
192	1 4	1 6	1 5	1 7	364.75135559360734
193	1 4	1 6	1 7	1 9	-477.60996038950316
194	1 4	1 6	1 9	1 11	-22.049955970888988
195	1 4	1 6	1 11	1 13	166.71492203778826
196	1 4	1 6	1 15	1 17	-292.6301508071368
197	1 4	1 6	1 17	1 19	13.170096492829948
198	1 4	1 6	1 19	1 21	102.84910275700315
199	1 4	1 6	1 21	1 23	96.24574802186149
200	1 4	1 6	1 23	1 25	-195.91174272226593
201	1 4	1 6	1 12	1 14	260.94318280286933
202	1 4	1 6	1 14	1 16	26.965517114688566
203	1 4	1 6	1 18	1 20	48.73894220942722
204	1 4	1 6	1 20	1 22	133.11110350611074
205	1 4	1 6	1 22	1 24	45.52095480908277
206	1 4	1 6	1 26	1 28	40.27200426623621
207	1 4	1 6	1 25	1 27	22.434884575903293
208	1 4	1 6	1 27	1 29	66.21883381369685
209	1 4	1 6	1 29	1 31	72.50137285889885
210	1 4	1 6	1 31	1 33	-143.09770247900917
211	1 4	1 6	1 33	1 35	21.82156794328194
212	1 4	1 6	1 35	1 37	43.84214104578621
213	1 4	1 6	1 37	1 39	50.8207791603314
214	1 4	1 6	1 39	1 41	-100.27565629514783
215	1 4	1 6	1 41	1 43	16.79339072940109
216	1 4	1 6	1 43	1 45	30.73739939669308
217	1 4	1 6	1 28	1 30	85.97726104830421
218	1 4	1 6	1 30	1 32	37.311562286257114
219	1 4	1 6	1 32	1 34	-143.60560500898157
220	1 4	1 6	1 34	1 36	31.24545296187376
221	1 4	1 6	1 36	1 38	52.069084765680415
222	1 4	1 6	1 38	1 40	38.309429221251705
223	1 4	1 6	1 40	1 42	-107.38572932021087
224	1 4	1 6	1 42	1 44	24.472855269058986
225	1 4	1 6	1 44	1 46	33.80314629486834
226	1 4	1 6	1 46	1 48	27.432040748229372
227	1 4	1 6	1 45	1 47	32.28938415752105
228	1 4	1 6	1 47	1 49	-69.0046859957697
229	1 4	1 6	1 49	1 51	12.976944220479366
230	1 4	1 6	1 51	1 53	22.19818097330997
231	1 4	1 6	1 53	1 55	24.03084725639298
232	1 4	1 6	1 55	1 57	-51.88668998158822
233	1 4	1 6	1 57	1 59	9.576880429882173
234	1 4	1 6	1 59	1 61	16.130576846725514
235	1 4	1 6	1 61	1 63	17.418515243139367
236	1 4	1 6	1 63	1 65	-38.701911848572905
237	1 4	1 6	1 48	1 50	-76.65183790302207
238	1 4	1 6	1 50	1 52	18.54575119974242
239	1 4	1 6	1 52	1 54	23.15475724680902
240	1 4	1 6	1 54	1 56	20.110130961447084
241	1 4	1 6	1 56	1 58	-55.841618167125304
242	1 4	1 6	1 58	1 60	14.391168528876117
243	1 4	1 6	1 60	1 62	17.482176112287718
244	1 4	1 6	1 62	1 64	14.048475986724927
245	1 4	1 6	1 64	1 66	-41.87651977866469
246	1 4	1 6	1 66	1 68	11.211875980957815
247	1 4	1 6	1 65	1 67	7.8811537531572995
248	1 4	1 6	1 67	1 69	12.831208434266358
249	1 4	1 6	1 69	1 71	12.092935809326452
250	1 4	1 6	1 71	1 1	-164.2319151748962
251	1 4	1 6	1 68	1 70	13.481779271832972
252	1 4	1 6	1 70	1 72	9.063992506916412
253	1 4	1 6	1 72	1 2	-218.18752543752544
254	1 5	1 7	1 6	1 8	429.66928997549803
255	1 5	1 7	1 8	1 10	-579.7760067114095
256	1 5	1 7	1 10	1 12	-27.710033013545704
257	1 5	1 7	1 12	1 14	183.48521194120016
258	1 5	1 7	1 16	1 18	-371.71081817754595
259	1 5	1 7	1 20	1 22	106.06336186229382
260	1 5	1 7	1 22	1 24	125.11896354257888
261	1 5	1 7	1 24	1 26	-228.60016217138957
262	1 5	1 7	1 9	1 11	-22.23782695333403
263	1 5	1 7	1 13	1 15	310.36885865457293
264	1 5	1 7	1 15	1 17	-300.23820675811305
265	1 5	1 7	1 19	1 21	46.01152982786945
266	1 5	1 7	1 21	1 23	144.73995037893684
267	1 5	1 7	1 23	1 25	-175.9276557815412
268	1 5	1 7	1 25	1 27	7.596536676790346
269	1 5	1 7	1 27	1 29	41.79790409559557
270	1 5	1 7	1 26	1 28	17.835161493008208
271	1 5	1 7	1 28	1 30	77.41805266805267
272	1 5	1 7	1 30	1 32	69.13732784249484
273	1 5	1 7	1 32	1 34	-151.09795278675676
274	1 5	1 7	1 34	1 36	19.24184234608846
275	1 5	1 7	1 36	1 38	49.785315955766194
276	1 5	1 7	1 38	1 40	52.57488205203904
277	1 5	1 7	1 40	1 42	-110.82090326256514
278	1 5	1 7	1 42	1 44	18.13034748798326
279	1 5	1 7	1 44	1 46	32.76364041514436
280	1 5	1 7	1 29	1 31	93.81994582043345
281	1 5	1 7	1 31	1 33	-132.76531155474893
282	1 5	1 7	1 33	1 35	11.611939877256063
283	1 5	1 7	1 35	1 37	33.35647194434226
284	1 5	1 7	1 37	1 39	60.004305888286474
285	1 5	1 7	1 39	1 41	-93.02625742901166
286	1 5	1 7	1 41	1 43	10.965645806334152
287	1 5	1 7	1 43	1 45	26.034666015088117
288	1 5	1 7	1 45	1 47	35.804396619736046
289	1 5	1 7	1 47	1 49	-64.39967504829576
290	1 5	1 7	1 46	1 48	33.93218753498627
291	1 5	1 7	1 48	1 50	-77.18043680467733
292	1 5	1 7	1 50	1 52	14.921701057981824
293	1 5	1 7	1 52	1 54	22.41818346052248
294	1 5	1 7	1 54	1 56	23.11264535187204
295	1 5	1 7	1 56	1 58	-55.42910023587861
296	1 5	1 7	1 58	1 60	12.23302808615744
297	1 5	1 7	1 60	1 62	16.982701804819158
298	1 5	1 7	1 62	1 64	15.381916738545648
299	1 5	1 7	1 64	1 66	-40.91522341764684
300	1 5	1 7	1 49	1 51	9.62949912855682
301	1 5	1 7	1 51	1 53	19.68624386087655
302	1 5	1 7	1 53	1 55	25.54018304018304
303	1 5	1 7	1 55	1 57	-48.744863091197104
304	1 5	1 7	1 57	1 59	7.719700246323962
305	1 5	1 7	1 59	1 61	14.518362583468914
306	1 5	1 7	1 61	1 63	18.057514035004957
307	1 5	1 7	1 63	1 65	-36.51911369019344
308	1 5	1 7	1 65	1 67	6.731034071837173
309	1 5	1 7	1 67	1 69	11.836043631617308
310	1 5	1 7	1 66	1 68	9.887681954358088
311	1 5	1 7	1 68	1 70	13.07321714690719
312	1 5	1 7	1 70	1 72	9.492040371005054
313	1 5	1 7	1 72	1 2	-136.59717486845213
314	1 5	1 7	1 69	1 71	12.231510395453682
315	1 5	1 7	1 71	1 1	-113.55972626146037
316	1 6	1 8	1 9	1 11	-14.826219429423057
317	1 6	1 8	1 11	1 13	-20.9499609777125
318	1 6	1 8	1 17	1 19	-4.824663809001115
319	1 6	1 8	1 19	1 21	10.403815804301203
320	1 6	1 8	1 21	1 23	124.82132443024281
321	1 6	1 8	1 10	1 12	-24.282272599525893
322	1 6	1 8	1 12	1 14	34.9857847189419
323	1 6	1 8	1 14	1 16	422.656906350383
324	1 6	1 8	1 16	1 18	-420.9288208082395
325	1 6	1 8	1 20	1 22	51.03072242655577
326	1 6	1 8	1 22	1 24	190.20506895891197
327	1 6	1 8	1 24	1 26	-228.56251777756708
328	1 6	1 8	1 26	1 28	6.376233755828004
329	1 6	1 8	1 28	1 30	53.27620836528901
330	1 6	1 8	1 27	1 29	21.16611974248116
331	1 6	1 8	1 29	1 31	87.4192803368636
332	1 6	1 8	1 31	1 33	-101.37398716086967
333	1 6	1 8	1 33	1 35	6.032097993428339
334	1 6	1 8	1 35	1 37	22.212269108097566
335	1 6	1 8	1 37	1 39	55.88307903626981
336	1 6	1 8	1 39	1 41	-75.40811207725878
337	1 6	1 8	1 41	1 43	6.890919615154777
338	1 6	1 8	1 43	1 45	19.54916438151129
339	1 6	1 8	1 45	1 47	32.89163137174829
340	1 6	1 8	1 30	1 32	87.82845112756704
341	1 6	1 8	1 32	1 34	-138.28392296865377
342	1 6	1 8	1 34	1 36	10.923993410811919
343	1 6	1 8	1 36	1 38	39.1602479432622
344	1 6	1 8	1 38	1 40	57.296329966329964
345	1 6	1 8	1 40	1 42	-99.28398677057389
346	1 6	1 8	1 42	1 44	12.431284209448846
347	1 6	1 8	1 44	1 46	27.17082554375086
348	1 6	1 8	1 46	1 48	34.43293340314658
349	1 6	1 8	1 48	1 50	-68.19927847263888
350	1 6	1 8	1 47	1 49	-53.0084098612275
351	1 6	1 8	1 49	1 51	6.749273910851926
352	1 6	1 8	1 51	1 53	15.554453523074717
353	1 6	1 8	1 53	1 55	23.138949700451843
354	1 6	1 8	1 55	1 57	-40.729877929140045
355	1 6	1 8	1 57	1 59	5.7668320072082055
356	1 6	1 8	1 59	1 61	11.734546267942662
357	1 6	1 8	1 61	1 63	16.143007074190585
358	1 6	1 8	1 63	1 65	-30.62461501795994
359	1 6	1 8	1 65	1 67	5.251874026589115
360	1 6	1 8	1 50	1 52	11.029412526909976
361	1 6	1 8	1 52	1 54	18.866292957293975
362	1 6	1 8	1 54	1 56	22.37531521544579
363	1 6	1 8	1 56	1 58	-48.116299671253046
364	1 6	1 8	1 58	1 60	9.451126083445583
365	1 6	1 8	1 60	1 62	14.448986937839642
366	1 6	1 8	1 62	1 64	14.375920405252934
367	1 6	1 8	1 64	1 66	-35.32301403197083
368	1 6	1 8	1 66	1 68	7.88188336940976
369	1 6	1 8	1 68	1 70	11.145655091334127
370	1 6	1 8	1 67	1 69	9.743426356350627
371	1 6	1 8	1 69	1 71	10.773390291294724
372	1 6	1 8	1 71	1 1	-78.96729179270014
373	1 6	1 8	1 70	1 72	8.719352295496737
374	1 6	1 8	1 72	1 2	-91.9191615260776
375	1 7	1 9	1 8	1 10	1224.0440203206563
376	1 7	1 9	1 10	1 12	-469.32363190500774
377	1 7	1 9	1 12	1 14	-334.0349312523226
378	1 7	1 9	1 16	1 18	898.736983793679
379	1 7	1 9	1 18	1 20	-341.8095948760999
380	1 7	1 9	1 20	1 22	-253.4919976635514
381	1 7	1 9	1 22	1 24	-124.93058265264881
382	1 7	1 9	1 24	1 26	619.8862249597053
383	1 7	1 9	1 26	1 28	-218.33307737311685
384	1 7	1 9	1 13	1 15	-307.88395174063965
385	1 7	1 9	1 15	1 17	1015.3750750187548
386	1 7	1 9	1 21	1 23	-191.51669509880966
387	1 7	1 9	1 23	1 25	683.6782757148954
388	1 7	1 9	1 27	1 29	-208.44517770960744
389	1 7	1 9	1 29	1 31	-163.4761129861781
390	1 7	1 9	1 28	1 30	-202.760880838822
391	1 7	1 9	1 30	1 32	-90.01648307190827
392	1 7	1 9	1 32	1 34	437.47051180500546
393	1 7	1 9	1 34	1 36	-142.1650155770912
394	1 7	1 9	1 36	1 38	-138.40297827239004
395	1 7	1 9	1 38	1 40	-96.25846767760646
396	1 7	1 9	1 40	1 42	330.5577811454261
397	1 7	1 9	1 42	1 44	-99.22055110157187
398	1 7	1 9	1 44	1 46	-97.13212597330367
399	1 7	1 9	1 46	1 48	-71.81291579692095
400	1 7	1 9	1 31	1 33	487.79365727730215
401	1 7	1 9	1 35	1 37	-144.28616904397472
402	1 7	1 9	1 37	1 39	-127.08476377101121
403	1 7	1 9	1 39	1 41	333.9245887184138
404	1 7	1 9	1 41	1 43	-85.72704803654693
405	1 7	1 9	1 43	1 45	-101.71902659894786
406	1 7	1 9	1 45	1 47	-87.00196731234865
407	1 7	1 9	1 47	1 49	227.56230234029093
408	1 7	1 9	1 49	1 51	-56.33387673841537
409	1 7	1 9	1 48	1 50	238.45820694815177
410	1 7	1 9	1 50	1 52	-70.65182211661217
411	1 7	1 9	1 52	1 54	-69.95805652903914
412	1 7	1 9	1 54	1 56	-54.737635119300265
413	1 7	1 9	1 56	1 58	176.05240387997924
414	1 7	1 9	1 58	1 60	-52.53028048481294
415	1 7	1 9	1 60	1 62	-54.16392825882036
416	1 7	1 9	1 62	1 64	-39.791654803380396
417	1 7	1 9	1 64	1 66	132.47704842845917
418	1 7	1 9	1 66	1 68	-39.25624547897684
419	1 7	1 9	1 51	1 53	-74.21687147461725
420	1 7	1 9	1 53	1 55	-68.40884720336776
421	1 7	1 9	1 55	1 57	169.15385703300927
422	1 7	1 9	1 57	1 59	-37.59962485675366
423	1 7	1 9	1 59	1 61	-54.229574759557664
424	1 7	1 9	1 61	1 63	-51.369991036467425
425	1 7	1 9	1 63	1 65	126.32035804239007
426	1 7	1 9	1 65	1 67	-28.89603815572652
427	1 7	1 9	1 67	1 69	-42.73258524924418
428	1 7	1 9	1 69	1 71	-36.77615114267383
429	1 7	1 9	1 68	1 70	-42.52746906491426
430	1 7	1 9	1 70	1 72	-26.844604286611165
431	1 7	1 9	1 72	1 2	541.253468283745
432	1 7	1 9	1 71	1 1	768.4803846153845
433	1 8	1 10	1 11	1 13	-382.1661111111111
434	1 8	1 10	1 13	1 15	-366.4557845744681
435	1 8	1 10	1 15	1 17	868.3705359016325
436	1 8	1 10	1 19	1 21	-305.50188036415767
437	1 8	1 10	1 21	1 23	-244.4540663630449
438	1 8	1 10	1 23	1 25	610.6201228054488
439	1 8	1 10	1 27	1 29	-204.77749025621364
440	1 8	1 10	1 12	1 14	-341.79676573426576
441	1 8	1 10	1 14	1 16	-428.6512114645917
442	1 8	1 10	1 16	1 18	1083.2765734265733
443	1 8	1 10	1 22	1 24	-234.78312929232607
444	1 8	1 10	1 24	1 26	677.6448659607047
445	1 8	1 10	1 28	1 30	-218.7218616678935
446	1 8	1 10	1 30	1 32	-136.52046298571855
447	1 8	1 10	1 29	1 31	-202.7539037433155
448	1 8	1 10	1 31	1 33	460.03672438672436
449	1 8	1 10	1 35	1 37	-137.40903418257085
450	1 8	1 10	1 37	1 39	-147.7652922957801
451	1 8	1 10	1 39	1 41	322.92646987159185
452	1 8	1 10	1 41	1 43	-64.2948455899904
453	1 8	1 10	1 43	1 45	-97.00113523154772
454	1 8	1 10	1 45	1 47	-96.08940263863212
455	1 8	1 10	1 47	1 49	220.22521473109742
456	1 8	1 10	1 32	1 34	456.16321294857494
457	1 8	1 10	1 34	1 36	-115.29031327285247
458	1 8	1 10	1 36	1 38	-146.6330823293173
459	1 8	1 10	1 38	1 40	-121.57227272727275
460	1 8	1 10	1 40	1 42	339.39684858902734
461	1 8	1 10	1 42	1 44	-84.31063453183634
462	1 8	1 10	1 44	1 46	-100.76569910634083
463	1 8	1 10	1 46	1 48	-84.72736788030565
464	1 8	1 10	1 48	1 50	240.58484228902688
465	1 8	1 10	1 50	1 52	-61.76026792883677
466	1 8	1 10	1 49	1 51	-45.99804381786361
467	1 8	1 10	1 51	1 53	-70.26982691740332
468	1 8	1 10	1 53	1 55	-73.0490721142155
469	1 8	1 10	1 55	1 57	165.00735772164342
470	1 8	1 10	1 57	1 59	-32.45210377517265
471	1 8	1 10	1 59	1 61	-51.33543817534978
472	1 8	1 10	1 61	1 63	-53.485210592547546
473	1 8	1 10	1 63	1 65	123.09149546106067
474	1 8	1 10	1 65	1 67	-25.96502076507406
475	1 8	1 10	1 67	1 69	-40.83909639430067
476	1 8	1 10	1 52	1 54	-70.98794754183452
477	1 8	1 10	1 54	1 56	-61.54668871419412
478	1 8	1 10	1 56	1 58	175.58773145680067
479	1 8	1 10	1 58	1 60	-47.566822571021646
480	1 8	1 10	1 60	1 62	-54.19955250750661
481	1 8	1 10	1 62	1 64	-42.97178699452354
482	1 8	1 10	1 64	1 66	131.59497625969328
483	1 8	1 10	1 66	1 68	-36.249613824679685
484	1 8	1 10	1 68	1 70	-42.18667177479682
485	1 8	1 10	1 70	1 72	-28.236598643629847
486	1 8	1 10	1 69	1 71	-37.531769964886045
487	1 8	1 10	1 72	1 2	558.1184649610678
488	1 9	1 11	1 10	1 12	275.7922256604087
489	1 9	1 11	1 12	1 14	-53.98585475679045
490	1 9	1 11	1 14	1 16	-11.348917581865859
491	1 9	1 11	1 16	1 18	-171.5952427422033
492	1 9	1 11	1 20	1 22	-14.796024706049712
493	1 9	1 11	1 22	1 24	-9.029040982204982
494	1 9	1 11	1 24	1 26	-136.38076369933376
495	1 9	1 11	1 26	1 28	115.57083305355984
496	1 9	1 11	1 28	1 30	15.28258691828741
497	1 9	1 11	1 13	1 15	-20.900515861550197
498	1 9	1 11	1 15	1 17	-369.8388760645772
499	1 9	1 11	1 17	1 19	341.4512099247253
500	1 9	1 11	1 19	1 21	21.852714609180044
501	1 9	1 11	1 21	1 23	-12.29456639345278
502	1 9	1 11	1 25	1 27	172.6367637904071
503	1 9	1 11	1 27	1 29	50.40479025434776
504	1 9	1 11	1 29	1 31	2.2066572026170594
505	1 9	1 11	1 31	1 33	-162.10146947295848
506	1 9	1 11	1 30	1 32	-2.0948848334700183
507	1 9	1 11	1 32	1 34	-106.84252982118957
508	1 9	1 11	1 34	1 36	69.2031457746735
509	1 9	1 11	1 36	1 38	21.637741941162645
510	1 9	1 11	1 38	1 40	7.7063594016250185
511	1 9	1 11	1 40	1 42	-84.25360590829561
512	1 9	1 11	1 42	1 44	43.51720014662323
513	1 9	1 11	1 44	1 46	21.39501565193419
514	1 9	1 11	1 46	1 48	9.286605849552792
515	1 9	1 11	1 48	1 50	-64.62229217291522
516	1 9	1 11	1 33	1 35	93.17026542644476
517	1 9	1 11	1 35	1 37	43.226406820191784
518	1 9	1 11	1 37	1 39	12.089344004515858
519	1 9	1 11	1 39	1 41	-107.04981928475064
520	1 9	1 11	1 41	1 43	48.64191890020144
521	1 9	1 11	1 43	1 45	32.14364813987293
522	1 9	1 11	1 45	1 47	13.92271742877822
523	1 9	1 11	1 47	1 49	-73.0454364687726
524	1 9	1 11	1 49	1 51	27.626812122556068
525	1 9	1 11	1 51	1 53	23.912995570010654
526	1 9	1 11	1 50	1 52	28.830513101203742
527	1 9	1 11	1 52	1 54	18.100952905474784
528	1 9	1 11	1 54	1 56	9.38173708012365
529	1 9	1 11	1 56	1 58	-49.841793157558726
530	1 9	1 11	1 58	1 60	20.199266369991093
531	1 9	1 11	1 60	1 62	14.937052697041294
532	1 9	1 11	1 62	1 64	8.15816412801001
533	1 9	1 11	1 64	1 66	-38.77787777360338
534	1 9	1 11	1 66	1 68	14.26798301865885
535	1 9	1 11	1 68	1 70	12.310768011690126
536	1 9	1 11	1 53	1 55	14.063725616163655
537	1 9	1 11	1 55	1 57	-53.487009491715156
538	1 9	1 11	1 57	1 59	16.397382082574467
539	1 9	1 11	1 59	1 61	18.039290533682035
540	1 9	1 11	1 61	1 63	12.043822510864123
541	1 9	1 11	1 63	1 65	-39.97476289179531
542	1 9	1 11	1 65	1 67	11.384446508441162
543	1 9	1 11	1 67	1 69	13.989835629096547
544	1 9	1 11	1 69	1 71	9.576062764030798
545	1 9	1 11	1 70	1 72	6.318874367701772
546	1 9	1 11	1 72	1 2	-187.29732468623723
547	1 10	1 12	1 11	1 13	219.4757530120482
548	1 10	1 12	1 13	1 15	-49.351195402754584
549	1 10	1 12	1 15	1 17	-360.94323224852076
550	1 10	1 12	1 17	1 19	177.16166134874095
551	1 10	1 12	1 21	1 23	-16.678088789587598
552	1 10	1 12	1 23	1 25	-264.8354342522224
553	1 10	1 12	1 25	1 27	118.51043659840147
554	1 10	1 12	1 27	1 29	108.49627557042146
555	1 10	1 12	1 29	1 31	14.990920995797463
556	1 10	1 12	1 14	1 16	-21.03446193113843
557	1 10	1 12	1 18	1 20	287.68156420837937
558	1 10	1 12	1 20	1 22	21.797943510368192
559	1 10	1 12	1 22	1 24	-14.716616489480481
560	1 10	1 12	1 26	1 28	139.05561776782383
561	1 10	1 12	1 28	1 30	53.766692767302246
562	1 10	1 12	1 32	1 34	-149.63063678000867
563	1 10	1 12	1 31	1 33	-191.09050558495005
564	1 10	1 12	1 33	1 35	74.53210225291204
565	1 10	1 12	1 35	1 37	66.67000713416425
566	1 10	1 12	1 37	1 39	26.316912620897796
567	1 10	1 12	1 39	1 41	-131.42909549466927
568	1 10	1 12	1 41	1 43	43.54188980613176
569	1 10	1 12	1 43	1 45	43.548309061183815
570	1 10	1 12	1 45	1 47	23.856475087931294
571	1 10	1 12	1 47	1 49	-89.89184388548469
572	1 10	1 12	1 49	1 51	27.194821464049348
573	1 10	1 12	1 34	1 36	77.28879331534642
574	1 10	1 12	1 36	1 38	43.7440272110486
575	1 10	1 12	1 38	1 40	15.612446005099233
576	1 10	1 12	1 40	1 42	-114.80859114159307
577	1 10	1 12	1 42	1 44	47.91713895760847
578	1 10	1 12	1 44	1 46	33.75573307825098
579	1 10	1 12	1 46	1 48	16.366774207833476
580	1 10	1 12	1 48	1 50	-85.21775701557912
581	1 10	1 12	1 50	1 52	32.08399165946976
582	1 10	1 12	1 52	1 54	25.62171802664973
583	1 10	1 12	1 51	1 53	30.475472766791984
584	1 10	1 12	1 53	1 55	21.374833365073318
585	1 10	1 12	1 55	1 57	-66.24727785817211
586	1 10	1 12	1 57	1 59	17.214807132524747
587	1 10	1 12	1 59	1 61	22.170620476668645
588	1 10	1 12	1 61	1 63	17.158316244390743
589	1 10	1 12	1 63	1 65	-49.55070247550226
590	1 10	1 12	1 65	1 67	12.614823938776144
591	1 10	1 12	1 67	1 69	17.149176301159585
592	1 10	1 12	1 69	1 71	12.991659809084924
593	1 10	1 12	1 54	1 56	15.009297788646956
594	1 10	1 12	1 56	1 58	-64.4905586090586
595	1 10	1 12	1 58	1 60	22.933605725704375
596	1 10	1 12	1 60	1 62	20.10004195943808
597	1 10	1 12	1 62	1 64	12.143941255984007
598	1 10	1 12	1 64	1 66	-49.52912798928813
599	1 10	1 12	1 66	1 68	16.552862583018157
600	1 10	1 12	1 68	1 70	15.98243512048317
601	1 10	1 12	1 70	1 72	8.882742183392445
602	1 10	1 12	1 71	1 1	-359.8533491311216
603	1 11	1 13	1 12	1 14	187.29588825119572
604	1 11	1 13	1 14	1 16	-41.735053950089636
605	1 11	1 13	1 16	1 18	-308.1183435911159
606	1 11	1 13	1 20	1 22	154.3267764300445
607	1 11	1 13	1 22	1 24	-21.129248595505615
608	1 11	1 13	1 24	1 26	-229.7004587800197
609	1 11	1 13	1 26	1 28	91.96576229766563
610	1 11	1 13	1 28	1 30	105.37186936858708
611	1 11	1 13	1 30	1 32	7.5073526345423875
612	1 11	1 13	1 19	1 21	259.70119415478734
613	1 11	1 13	1 23	1 25	-248.727577124363
614	1 11	1 13	1 25	1 27	44.3372662236264
615	1 11	1 13	1 27	1 29	127.99478320428491
616	1 11	1 13	1 29	1 31	46.12272682719748
617	1 11	1 13	1 31	1 33	-189.94734027653993
618	1 11	1 13	1 33	1 35	40.893330316217174
619	1 11	1 13	1 32	1 34	-169.49673631881012
620	1 11	1 13	1 34	1 36	58.65869224719326
621	1 11	1 13	1 36	1 38	64.01405058224712
622	1 11	1 13	1 38	1 40	27.23926399101775
623	1 11	1 13	1 40	1 42	-127.95395169020478
624	1 11	1 13	1 42	1 44	40.08022791418439
625	1 11	1 13	1 44	1 46	42.051911321939286
626	1 11	1 13	1 46	1 48	24.537888922508568
627	1 11	1 13	1 48	1 50	-93.67999019681773
628	1 11	1 13	1 50	1 52	28.25980766495629
629	1 11	1 13	1 35	1 37	71.47136099072767
630	1 11	1 13	1 37	1 39	45.697003740505295
631	1 11	1 13	1 39	1 41	-132.3525141211132
632	1 11	1 13	1 41	1 43	29.259960585628875
633	1 11	1 13	1 43	1 45	45.194200956101334
634	1 11	1 13	1 45	1 47	33.63370731122333
635	1 11	1 13	1 47	1 49	-91.0133314295756
636	1 11	1 13	1 49	1 51	20.94801790735648
637	1 11	1 13	1 51	1 53	31.09856989247312
638	1 11	1 13	1 53	1 55	27.00157291388963
639	1 11	1 13	1 52	1 54	29.275287674482975
640	1 11	1 13	1 54	1 56	20.316709544093456
641	1 11	1 13	1 56	1 58	-69.68222442856799
642	1 11	1 13	1 58	1 60	20.999502670680357
643	1 11	1 13	1 60	1 62	22.10288816449861
644	1 11	1 13	1 62	1 64	15.24475136948861
645	1 11	1 13	1 64	1 66	-52.9284555089507
646	1 11	1 13	1 66	1 68	15.745050933571925
647	1 11	1 13	1 68	1 70	17.1505275399924
648	1 11	1 13	1 70	1 72	10.633959254683955
649	1 11	1 13	1 55	1 57	-67.95188962010334
650	1 11	1 13	1 57	1 59	14.559148265252638
651	1 11	1 13	1 59	1 61	22.181835167726348
652	1 11	1 13	1 61	1 63	20.410755532624272
653	1 11	1 13	1 63	1 65	-50.64187937655298
654	1 11	1 13	1 65	1 67	11.426629392144557
655	1 11	1 13	1 67	1 69	17.272666935788344
656	1 11	1 13	1 69	1 71	14.674154544649543
657	1 11	1 13	1 71	1 1	-222.3506929157973
658	1 11	1 13	1 72	1 2	-245.79145103593544
659	1 12	1 14	1 13	1 15	199.60803949371314
660	1 12	1 14	1 15	1 17	-325.9913524506054
661	1 12	1 14	1 17	1 19	-16.200951828866668
662	1 12	1 14	1 19	1 21	134.29810059086094
663	1 12	1 14	1 23	1 25	-247.10151000544016
664	1 12	1 14	1 25	1 27	9.008005773049257
665	1 12	1 14	1 27	1 29	85.4512166204907
666	1 12	1 14	1 29	1 31	100.18181784727594
667	1 12	1 14	1 31	1 33	-180.2976684285793
668	1 12	1 14	1 18	1 20	5.9024102338757825
669	1 12	1 14	1 20	1 22	237.2796136368752
670	1 12	1 14	1 24	1 26	-236.5944762488925
671	1 12	1 14	1 26	1 28	33.19289484763108
672	1 12	1 14	1 28	1 30	129.1405295626932
673	1 12	1 14	1 30	1 32	36.19217745562703
674	1 12	1 14	1 32	1 34	-176.59525691699605
675	1 12	1 14	1 34	1 36	32.56704545454546
676	1 12	1 14	1 33	1 35	17.830385768748727
677	1 12	1 14	1 35	1 37	55.42997793526219
678	1 12	1 14	1 37	1 39	67.58079017368175
679	1 12	1 14	1 39	1 41	-124.24878616675227
680	1 12	1 14	1 41	1 43	16.799646600574206
681	1 12	1 14	1 43	1 45	38.32307534684739
682	1 12	1 14	1 45	1 47	41.81457100414181
683	1 12	1 14	1 47	1 49	-85.12248056647218
684	1 12	1 14	1 49	1 51	14.251096580224939
685	1 12	1 14	1 51	1 53	27.43738048062317
686	1 12	1 14	1 36	1 38	71.5089441853687
687	1 12	1 14	1 38	1 40	45.81451614618109
688	1 12	1 14	1 40	1 42	-133.2039539115566
689	1 12	1 14	1 42	1 44	27.8685862797144
690	1 12	1 14	1 44	1 46	44.011029590104286
691	1 12	1 14	1 46	1 48	34.06684472565087
692	1 12	1 14	1 48	1 50	-95.00936599423632
693	1 12	1 14	1 50	1 52	21.669375078983393
694	1 12	1 14	1 52	1 54	29.359764739229025
695	1 12	1 14	1 54	1 56	25.18136458563525
696	1 12	1 14	1 53	1 55	30.525931602356053
697	1 12	1 14	1 55	1 57	-63.52157990178047
698	1 12	1 14	1 57	1 59	11.00143240427372
699	1 12	1 14	1 59	1 61	19.695986873541898
700	1 12	1 14	1 61	1 63	21.896332151122884
701	1 12	1 14	1 63	1 65	-47.38697334876732
702	1 12	1 14	1 65	1 67	9.309070396758164
703	1 12	1 14	1 67	1 69	15.676862348813106
704	1 12	1 14	1 69	1 71	15.11097756666007
705	1 12	1 14	1 71	1 1	-146.76891412839177
706	1 12	1 14	1 56	1 58	-69.04842702517837
707	1 12	1 14	1 58	1 60	17.150962873984156
708	1 12	1 14	1 60	1 62	21.82717940956467
709	1 12	1 14	1 62	1 64	17.596837946263932
710	1 12	1 14	1 64	1 66	-51.55318632348541
711	1 12	1 14	1 66	1 68	13.464133886564031
712	1 12	1 14	1 68	1 70	16.699697267246
713	1 12	1 14	1 70	1 72	11.39131860934711
714	1 12	1 14	1 72	1 2	-166.67495778453224
715	1 13	1 15	1 14	1 16	211.92654030710173
716	1 13	1 15	1 16	1 18	-361.6013461538462
717	1 13	1 15	1 18	1 20	-17.87551557554556
718	1 13	1 15	1 20	1 22	129.95959739603086
719	1 13	1 15	1 24	1 26	-269.8904659498208
720	1 13	1 15	1 26	1 28	4.787322374069287
721	1 13	1 15	1 28	1 30	95.14541238509258
722	1 13	1 15	1 30	1 32	90.05730642730846
723	1 13	1 15	1 32	1 34	-178.93678145695364
724	1 13	1 15	1 17	1 19	-11.478721484600058
725	1 13	1 15	1 21	1 23	248.98611632270172
726	1 13	1 15	1 23	1 25	-228.94985043718364
727	1 13	1 15	1 27	1 29	32.94985758409705
728	1 13	1 15	1 29	1 31	136.26574337121212
729	1 13	1 15	1 31	1 33	-158.74892449063876
730	1 13	1 15	1 33	1 35	6.88844894055225
731	1 13	1 15	1 35	1 37	33.49319631877954
732	1 13	1 15	1 34	1 36	14.653521845456956
733	1 13	1 15	1 36	1 38	59.995114942528744
734	1 13	1 15	1 38	1 40	67.09814490856014
735	1 13	1 15	1 40	1 42	-131.30420718916858
736	1 13	1 15	1 42	1 44	17.441824263608325
737	1 13	1 15	1 44	1 46	38.8920447486547
738	1 13	1 15	1 46	1 48	42.40346629296991
739	1 13	1 15	1 48	1 50	-90.55547377643796
740	1 13	1 15	1 50	1 52	15.411828516919563
741	1 13	1 15	1 52	1 54	26.22459649950635
742	1 13	1 15	1 37	1 39	78.33513327205881
743	1 13	1 15	1 39	1 41	-108.51073168682797
744	1 13	1 15	1 41	1 43	9.115937769253176
745	1 13	1 15	1 43	1 45	28.166815972647775
746	1 13	1 15	1 45	1 47	44.63680549661387
747	1 13	1 15	1 47	1 49	-73.46544539957361
748	1 13	1 15	1 49	1 51	9.235156514727265
749	1 13	1 15	1 51	1 53	21.83103375604975
750	1 13	1 15	1 53	1 55	30.932046492574273
751	1 13	1 15	1 55	1 57	-55.71572463105316
752	1 13	1 15	1 54	1 56	28.431355783565728
753	1 13	1 15	1 56	1 58	-64.56829653820057
754	1 13	1 15	1 58	1 60	13.100515575410444
755	1 13	1 15	1 60	1 62	19.73317397533814
756	1 13	1 15	1 62	1 64	18.63035398954243
757	1 13	1 15	1 64	1 66	-47.538887450755155
758	1 13	1 15	1 66	1 68	10.849601505373947
759	1 13	1 15	1 68	1 70	15.0875139875615
760	1 13	1 15	1 70	1 72	11.384444793304267
761	1 13	1 15	1 72	1 2	-113.88803451750734
762	1 13	1 15	1 57	1 59	7.92723684228063
763	1 13	1 15	1 59	1 61	16.170367986267568
764	1 13	1 15	1 61	1 63	21.509071716430718
765	1 13	1 15	1 63	1 65	-41.63172333368382
766	1 13	1 15	1 65	1 67	7.209381824705829
767	1 13	1 15	1 67	1 69	13.323871134678786
768	1 13	1 15	1 69	1 71	14.392299301028022
769	1 13	1 15	1 71	1 1	-101.21477184264472
770	1 14	1 16	1 17	1 19	-7.055256799456196
771	1 14	1 16	1 19	1 21	-17.182573292645337
772	1 14	1 16	1 23	1 25	-115.43156418285152
773	1 14	1 16	1 25	1 27	-2.0253509650399346
774	1 14	1 16	1 27	1 29	7.808135219899926
775	1 14	1 16	1 29	1 31	104.80303322408585
776	1 14	1 16	1 31	1 33	-103.23285999828323
777	1 14	1 16	1 33	1 35	3.0411479722705312
778	1 14	1 16	1 18	1 20	-11.375019954984824
779	1 14	1 16	1 22	1 24	306.2108893245411
780	1 14	1 16	1 24	1 26	-289.3164018616594
781	1 14	1 16	1 26	1 28	-1.0943110429409408
782	1 14	1 16	1 28	1 30	43.45333094917959
783	1 14	1 16	1 30	1 32	128.34381355434078
784	1 14	1 16	1 32	1 34	-163.34183011410246
785	1 14	1 16	1 34	1 36	6.7022254270928014
786	1 14	1 16	1 36	1 38	39.263250136388436
787	1 14	1 16	1 35	1 37	17.716316704420933
788	1 14	1 16	1 37	1 39	66.18111832146872
789	1 14	1 16	1 39	1 41	-79.15738373770944
790	1 14	1 16	1 41	1 43	5.20459941022513
791	1 14	1 16	1 43	1 45	18.6092355407813
792	1 14	1 16	1 45	1 47	38.412145602779155
793	1 14	1 16	1 47	1 49	-56.0060060924563
794	1 14	1 16	1 49	1 51	5.915459083451134
795	1 14	1 16	1 51	1 53	15.6884385528484
796	1 14	1 16	1 53	1 55	26.484165465601784
797	1 14	1 16	1 38	1 40	74.8295873607391
798	1 14	1 16	1 40	1 42	-113.5299416142978
799	1 14	1 16	1 42	1 44	10.597257710686849
800	1 14	1 16	1 44	1 46	28.694429463157153
801	1 14	1 16	1 46	1 48	43.118641072965836
802	1 14	1 16	1 48	1 50	-76.85399546591862
803	1 14	1 16	1 50	1 52	10.357503577649545
804	1 14	1 16	1 52	1 54	20.289303221288517
805	1 14	1 16	1 54	1 56	27.090629958510487
806	1 14	1 16	1 56	1 58	-53.7254394137089
807	1 14	1 16	1 55	1 57	-43.44464047458527
808	1 14	1 16	1 57	1 59	5.494739642392503
809	1 14	1 16	1 59	1 61	12.104029021131236
810	1 14	1 16	1 61	1 63	18.290862210312348
811	1 14	1 16	1 63	1 65	-32.832782949155344
812	1 14	1 16	1 65	1 67	5.23979460244643
813	1 14	1 16	1 67	1 69	10.24421305084506
814	1 14	1 16	1 69	1 71	12.015749990653246
815	1 14	1 16	1 71	1 1	-70.48342810023138
816	1 14	1 16	1 58	1 60	9.347762538006151
817	1 14	1 16	1 60	1 62	15.648827297850143
818	1 14	1 16	1 62	1 64	16.93271346119005
819	1 14	1 16	1 64	1 66	-38.78621939361796
820	1 14	1 16	1 66	1 68	8.045793593555276
821	1 14	1 16	1 68	1 70	12.114982629636337
822	1 14	1 16	1 70	1 72	10.004198552639252
823	1 14	1 16	1 72	1 2	-79.99900526623756
824	1 15	1 17	1 16	1 18	880.8987762237762
825	1 15	1 17	1 18	1 20	-358.67095959595963
826	1 15	1 17	1 20	1 22	-275.4062593193943
827	1 15	1 17	1 24	1 26	699.6767103863879
828	1 15	1 17	1 26	1 28	-267.7344283376199
829	1 15	1 17	1 28	1 30	-226.18591509830475
830	1 15	1 17	1 30	1 32	-94.85593197767614
831	1 15	1 17	1 32	1 34	511.38217511520736
832	1 15	1 17	1 34	1 36	-179.3767887460587
833	1 15	1 17	1 19	1 21	-305.14172388680817
834	1 15	1 17	1 21	1 23	-239.91886979510906
835	1 15	1 17	1 23	1 25	848.6450549450549
836	1 15	1 17	1 25	1 27	-324.96266087997606
837	1 15	1 17	1 29	1 31	-187.73366820377692
838	1 15	1 17	1 31	1 33	598.0933760683761
839	1 15	1 17	1 35	1 37	-168.91628402494632
840	1 15	1 17	1 37	1 39	-144.19252184569478
841	1 15	1 17	1 36	1 38	-156.7595474686321
842	1 15	1 17	1 38	1 40	-105.884540740667
843	1 15	1 17	1 40	1 42	387.2088121118012
844	1 15	1 17	1 42	1 44	-122.70815538764782
845	1 15	1 17	1 44	1 46	-112.52068038653078
846	1 15	1 17	1 46	1 48	-80.39112413954031
847	1 15	1 17	1 48	1 50	279.0321924706866
848	1 15	1 17	1 50	1 52	-86.15859743179558
849	1 15	1 17	1 52	1 54	-82.02124994795932
850	1 15	1 17	1 54	1 56	-62.251948880709925
851	1 15	1 17	1 39	1 41	400.57062872406
852	1 15	1 17	1 43	1 45	-120.39053947637913
853	1 15	1 17	1 45	1 47	-98.97231035615702
854	1 15	1 17	1 47	1 49	271.8330478973372
855	1 15	1 17	1 49	1 51	-71.00077703022005
856	1 15	1 17	1 51	1 53	-88.23573335940816
857	1 15	1 17	1 53	1 55	-78.76250250263391
858	1 15	1 17	1 55	1 57	201.20829440829442
859	1 15	1 17	1 57	1 59	-46.452183078844534
860	1 15	1 17	1 56	1 58	207.3217050938951
861	1 15	1 17	1 58	1 60	-63.72960590704949
862	1 15	1 17	1 60	1 62	-63.661534102158086
863	1 15	1 17	1 62	1 64	-45.64730024520068
864	1 15	1 17	1 64	1 66	157.01942488013918
865	1 15	1 17	1 66	1 68	-47.437337072233476
866	1 15	1 17	1 68	1 70	-49.98894783488538
867	1 15	1 17	1 70	1 72	-31.074734624134926
868	1 15	1 17	1 72	1 2	360.87211894089694
869	1 15	1 17	1 59	1 61	-64.69254197275322
870	1 15	1 17	1 61	1 63	-59.351556161917976
871	1 15	1 17	1 63	1 65	150.70879163186856
872	1 15	1 17	1 65	1 67	-35.169095615827416
873	1 15	1 17	1 67	1 69	-50.99067213194437
874	1 15	1 17	1 69	1 71	-42.99507414765908
875	1 15	1 17	1 71	1 1	480.27748580403534
876	1 16	1 18	1 19	1 21	-331.77349787648825
877	1 16	1 18	1 21	1 23	-279.28722711485983
878	1 16	1 18	1 23	1 25	704.8727286212267
879	1 16	1 18	1 27	1 29	-245.1691117631368
880	1 16	1 18	1 29	1 31	-231.31551378446116
881	1 16	1 18	1 31	1 33	530.9110144927536
882	1 16	1 18	1 33	1 35	-102.55644335864588
883	1 16	1 18	1 35	1 37	-163.48281759169947
884	1 16	1 18	1 22	1 24	-302.4345056485528
885	1 16	1 18	1 24	1 26	839.6886829395639
886	1 16	1 18	1 28	1 30	-243.68224857051177
887	1 16	1 18	1 30	1 32	-165.6093059479823
888	1 16	1 18	1 32	1 34	538.5183863709418
889	1 16	1 18	1 34	1 36	-140.2574006384536
890	1 16	1 18	1 36	1 38	-169.52012909844393
891	1 16	1 18	1 38	1 40	-142.79514959156063
892	1 16	1 18	1 37	1 39	-172.17464462809917
893	1 16	1 18	1 39	1 41	377.0213053451906
894	1 16	1 18	1 41	1 43	-72.1178745541138
895	1 16	1 18	1 43	1 45	-113.89104834664506
896	1 16	1 18	1 45	1 47	-112.34901967458642
897	1 16	1 18	1 47	1 49	257.1166739936315
898	1 16	1 18	1 49	1 51	-52.50509275395996
899	1 16	1 18	1 51	1 53	-82.08714891689317
900	1 16	1 18	1 53	1 55	-85.146256808386
901	1 16	1 18	1 55	1 57	192.3277981329657
902	1 16	1 18	1 40	1 42	396.1805401776249
903	1 16	1 18	1 42	1 44	-98.81169181741494
904	1 16	1 18	1 44	1 46	-117.33289146373396
905	1 16	1 18	1 46	1 48	-99.04105202452499
906	1 16	1 18	1 48	1 50	280.5885634840387
907	1 16	1 18	1 50	1 52	-71.9725508756083
908	1 16	1 18	1 52	1 54	-82.93219551282051
909	1 16	1 18	1 54	1 56	-71.86233930453108
910	1 16	1 18	1 56	1 58	205.609693125815
911	1 16	1 18	1 58	1 60	-55.00807211646596
912	1 16	1 18	1 57	1 59	-37.40176258223315
913	1 16	1 18	1 59	1 61	-59.87071027726256
914	1 16	1 18	1 61	1 63	-62.39495347070823
915	1 16	1 18	1 63	1 65	143.23780388445653
916	1 16	1 18	1 65	1 67	-30.064330094462548
917	1 16	1 18	1 67	1 69	-47.5566082607325
918	1 16	1 18	1 69	1 71	-43.776164800807706
919	1 16	1 18	1 71	1 1	394.89706232395764
920	1 16	1 18	1 60	1 62	-63.369335223412826
921	1 16	1 18	1 62	1 64	-50.36231587939071
922	1 16	1 18	1 64	1 66	153.66570221598903
923	1 16	1 18	1 66	1 68	-42.10935847991158
924	1 16	1 18	1 68	1 70	-49.116578523933626
925	1 16	1 18	1 70	1 72	-32.8819568985161
926	1 16	1 18	1 72	1 2	359.9567923270979
927	1 17	1 19	1 18	1 20	197.5015823605707
928	1 17	1 19	1 20	1 22	-40.86144966576873
929	1 17	1 19	1 22	1 24	-8.707453948336273
930	1 17	1 19	1 26	1 28	152.76397024397858
931	1 17	1 19	1 28	1 30	-16.3583453869865
932	1 17	1 19	1 30	1 32	-5.5356880556948
933	1 17	1 19	1 32	1 34	-110.1255234718752
934	1 17	1 19	1 34	1 36	93.41028270421602
935	1 17	1 19	1 36	1 38	8.603772150730572
936	1 17	1 19	1 21	1 23	-15.942857868619559
937	1 17	1 19	1 25	1 27	308.630906538085
938	1 17	1 19	1 27	1 29	8.773306521003759
939	1 17	1 19	1 29	1 31	-9.883400626991152
940	1 17	1 19	1 31	1 33	-203.8875801924619
941	1 17	1 19	1 33	1 35	150.41389588694142
942	1 17	1 19	1 35	1 37	38.21234645933242
943	1 17	1 19	1 37	1 39	2.8176497243614493
944	1 17	1 19	1 39	1 41	-128.41063335742174
945	1 17	1 19	1 38	1 40	2.7572208718362226
946	1 17	1 19	1 40	1 42	-90.17932734152149
947	1 17	1 19	1 42	1 44	57.86209610506131
948	1 17	1 19	1 44	1 46	18.05836128152459
949	1 17	1 19	1 46	1 48	5.948801927425351
950	1 17	1 19	1 48	1 50	-71.39556504823443
951	1 17	1 19	1 50	1 52	37.76415913182451
952	1 17	1 19	1 52	1 54	18.27597003218424
953	1 17	1 19	1 54	1 56	7.578892324131222
954	1 17	1 19	1 56	1 58	-55.92734675946771
955	1 17	1 19	1 41	1 43	73.50704023688998
956	1 17	1 19	1 43	1 45	34.57399839124602
957	1 17	1 19	1 45	1 47	9.682259195312051
958	1 17	1 19	1 47	1 49	-86.87316260472878
959	1 17	1 19	1 49	1 51	39.59692671245507
960	1 17	1 19	1 51	1 53	27.493609030705322
961	1 17	1 19	1 53	1 55	12.62886656324169
962	1 17	1 19	1 55	1 57	-63.228681013828755
963	1 17	1 19	1 57	1 59	22.38239598095297
964	1 17	1 19	1 59	1 61	21.49569398478241
965	1 17	1 19	1 58	1 60	25.9290697798807
966	1 17	1 19	1 60	1 62	16.138869720624665
967	1 17	1 19	1 62	1 64	7.527612255544904
968	1 17	1 19	1 64	1 66	-44.23070340015141
969	1 17	1 19	1 66	1 68	17.94746413986831
970	1 17	1 19	1 68	1 70	13.81497603139908
971	1 17	1 19	1 70	1 72	6.353298023339631
972	1 17	1 19	1 72	1 2	-118.15229660847679
973	1 17	1 19	1 61	1 63	11.9462122699381
974	1 17	1 19	1 63	1 65	-47.46105339464525
975	1 17	1 19	1 65	1 67	14.89312096788142
976	1 17	1 19	1 67	1 69	16.71252443780046
977	1 17	1 19	1 69	1 71	10.193002234377424
978	1 18	1 20	1 19	1 21	188.08155648146638
979	1 18	1 20	1 21	1 23	-38.347102063421474
980	1 18	1 20	1 23	1 25	-294.5933437920215
981	1 18	1 20	1 25	1 27	156.22200890418895
982	1 18	1 20	1 27	1 29	135.64532251102403
983	1 18	1 20	1 29	1 31	-14.723637708383038
984	1 18	1 20	1 31	1 33	-214.13451012588945
985	1 18	1 20	1 35	1 37	81.98098928064059
986	1 18	1 20	1 37	1 39	12.28363083266729
987	1 18	1 20	1 22	1 24	-16.556831162694127
988	1 18	1 20	1 26	1 28	245.01527149321265
989	1 18	1 20	1 30	1 32	-9.332239844829129
990	1 18	1 20	1 32	1 34	-163.74690934669832
991	1 18	1 20	1 34	1 36	111.14018466479325
992	1 18	1 20	1 36	1 38	34.85210225259664
993	1 18	1 20	1 38	1 40	6.79828745404286
994	1 18	1 20	1 40	1 42	-121.52803767587162
995	1 18	1 20	1 39	1 41	-146.72588487647562
996	1 18	1 20	1 41	1 43	56.30054737928858
997	1 18	1 20	1 43	1 45	51.617213475545924
998	1 18	1 20	1 45	1 47	19.359595079594598
999	1 18	1 20	1 47	1 49	-101.43691807005604
1000	1 18	1 20	1 49	1 51	34.29940715734898
1001	1 18	1 20	1 51	1 53	35.438796821267985
1002	1 18	1 20	1 53	1 55	20.238120444824638
1003	1 18	1 20	1 55	1 57	-74.56874691763932
1004	1 18	1 20	1 57	1 59	21.21752098316579
1005	1 18	1 20	1 42	1 44	62.31278161960296
1006	1 18	1 20	1 44	1 46	33.4555330649287
1007	1 18	1 20	1 46	1 48	11.606170469978908
1008	1 18	1 20	1 48	1 50	-91.14918149928543
1009	1 18	1 20	1 50	1 52	39.71541853119241
1010	1 18	1 20	1 52	1 54	27.160511270959745
1011	1 18	1 20	1 54	1 56	12.846153015524813
1012	1 18	1 20	1 56	1 58	-70.13596429627091
1013	1 18	1 20	1 58	1 60	27.604777903968703
1014	1 18	1 20	1 60	1 62	21.676007363758345
1015	1 18	1 20	1 59	1 61	25.677581895473867
1016	1 18	1 20	1 61	1 63	17.30033962877278
1017	1 18	1 20	1 63	1 65	-55.74693101597289
1018	1 18	1 20	1 65	1 67	15.13996452676766
1019	1 18	1 20	1 67	1 69	19.620067298816437
1020	1 18	1 20	1 69	1 71	13.640558569924256
1021	1 18	1 20	1 71	1 1	-223.65284106137764
1022	1 18	1 20	1 62	1 64	11.449250036372227
1023	1 18	1 20	1 64	1 66	-54.31365404624573
1024	1 18	1 20	1 66	1 68	19.526792832787336
1025	1 18	1 20	1 68	1 70	17.511615864321364
1026	1 18	1 20	1 70	1 72	8.989934706276877
1027	1 18	1 20	1 72	1 2	-165.8973951933075
1028	1 19	1 21	1 20	1 22	171.14250973477334
1029	1 19	1 21	1 22	1 24	-40.99437700790136
1030	1 19	1 21	1 24	1 26	-274.4865334979239
1031	1 19	1 21	1 28	1 30	138.48149384194352
1032	1 19	1 21	1 30	1 32	-15.180651662261587
1033	1 19	1 21	1 32	1 34	-201.78482955366172
1034	1 19	1 21	1 34	1 36	79.55344606126722
1035	1 19	1 21	1 36	1 38	82.82866442681701
1036	1 19	1 21	1 38	1 40	19.3622824219243
1037	1 19	1 21	1 25	1 27	9.52369529433129
1038	1 19	1 21	1 27	1 29	223.8806182881105
1039	1 19	1 21	1 29	1 31	10.353298836010238
1040	1 19	1 21	1 31	1 33	-218.1026871888652
1041	1 19	1 21	1 33	1 35	38.14568958783555
1042	1 19	1 21	1 35	1 37	106.21223776223776
1043	1 19	1 21	1 37	1 39	42.57987988926894
1044	1 19	1 21	1 39	1 41	-159.1723766570999
1045	1 19	1 21	1 41	1 43	32.85348707197764
1046	1 19	1 21	1 40	1 42	-151.17015805409477
1047	1 19	1 21	1 42	1 44	51.87491066933588
1048	1 19	1 21	1 44	1 46	53.02469874446503
1049	1 19	1 21	1 46	1 48	23.679323065072843
1050	1 19	1 21	1 48	1 50	-111.75378254010641
1051	1 19	1 21	1 50	1 52	35.672780443293384
1052	1 19	1 21	1 52	1 54	36.41093509817297
1053	1 19	1 21	1 54	1 56	21.81712164054435
1054	1 19	1 21	1 56	1 58	-83.36727626131331
1055	1 19	1 21	1 58	1 60	26.16451743671317
1056	1 19	1 21	1 43	1 45	61.033744917865405
1057	1 19	1 21	1 45	1 47	37.15052520071421
1058	1 19	1 21	1 47	1 49	-111.79858070120468
1059	1 19	1 21	1 49	1 51	25.040133314720066
1060	1 19	1 21	1 51	1 53	39.90034727263927
1061	1 19	1 21	1 53	1 55	31.224640072246054
1062	1 19	1 21	1 55	1 57	-82.62740792691699
1063	1 19	1 21	1 57	1 59	17.76030475967149
1064	1 19	1 21	1 59	1 61	27.826436701166333
1065	1 19	1 21	1 61	1 63	24.081172953140275
1066	1 19	1 21	1 60	1 62	27.143648868162423
1067	1 19	1 21	1 62	1 64	17.250421501706057
1068	1 19	1 21	1 64	1 66	-63.84406864344563
1069	1 19	1 21	1 66	1 68	19.437250804440602
1070	1 19	1 21	1 68	1 70	20.874572043598594
1071	1 19	1 21	1 70	1 72	12.349971267670384
1072	1 19	1 21	1 72	1 2	-168.20574162679426
1073	1 19	1 21	1 63	1 65	-61.7567309667332
1074	1 19	1 21	1 65	1 67	13.976219562246804
1075	1 19	1 21	1 67	1 69	21.315277534618033
1076	1 19	1 21	1 69	1 71	17.508317381641824
1077	1 19	1 21	1 71	1 1	-175.71955289980139
1078	1 20	1 22	1 21	1 23	155.29334257975034
1079	1 20	1 22	1 23	1 25	-280.83376623376626
1080	1 20	1 22	1 25	1 27	-17.840311775410388
1081	1 20	1 22	1 27	1 29	120.65846568103971
1082	1 20	1 22	1 31	1 33	-231.23493269812462
1083	1 20	1 22	1 35	1 37	74.76824748174522
1084	1 20	1 22	1 37	1 39	91.5634869219167
1085	1 20	1 22	1 39	1 41	-159.2905424880011
1086	1 20	1 22	1 24	1 26	-263.782708032708
1087	1 20	1 22	1 28	1 30	228.11803361704278
1088	1 20	1 22	1 30	1 32	5.335514746859589
1089	1 20	1 22	1 32	1 34	-214.12471009909336
1090	1 20	1 22	1 34	1 36	29.14579022114019
1091	1 20	1 22	1 36	1 38	108.47605741457718
1092	1 20	1 22	1 38	1 40	48.73042625654714
1093	1 20	1 22	1 40	1 42	-166.73476045938835
1094	1 20	1 22	1 42	1 44	31.288683010862165
1095	1 20	1 22	1 41	1 43	14.501588138113119
1096	1 20	1 22	1 43	1 45	50.110144894695
1097	1 20	1 22	1 45	1 47	55.501616915422886
1098	1 20	1 22	1 47	1 49	-107.79634233292137
1099	1 20	1 22	1 49	1 51	15.07992719423112
1100	1 20	1 22	1 51	1 53	35.03341513191095
1101	1 20	1 22	1 53	1 55	39.69741996007984
1102	1 20	1 22	1 55	1 57	-80.1417405042314
1103	1 20	1 22	1 57	1 59	12.625920453694789
1104	1 20	1 22	1 59	1 61	24.775178427835456
1105	1 20	1 22	1 44	1 46	60.758942753642614
1106	1 20	1 22	1 46	1 48	40.75041611573643
1107	1 20	1 22	1 48	1 50	-119.6253516788474
1108	1 20	1 22	1 50	1 52	25.639130246980937
1109	1 20	1 22	1 52	1 54	38.82746451686649
1110	1 20	1 22	1 54	1 56	31.425697417432165
1111	1 20	1 22	1 56	1 58	-87.00768217540167
1112	1 20	1 22	1 58	1 60	20.702704267364506
1113	1 20	1 22	1 60	1 62	28.211903257098857
1114	1 20	1 22	1 62	1 64	22.21669577023219
1115	1 20	1 22	1 61	1 63	28.200190525389978
1116	1 20	1 22	1 63	1 65	-59.4853209914207
1117	1 20	1 22	1 65	1 67	11.10839901838007
1118	1 20	1 22	1 67	1 69	19.611765309525644
1119	1 20	1 22	1 69	1 71	19.217612192065396
1120	1 20	1 22	1 71	1 1	-128.1254407788318
1121	1 20	1 22	1 64	1 66	-64.99005957441285
1122	1 20	1 22	1 66	1 68	16.46164334360127
1123	1 20	1 22	1 68	1 70	21.20915423185493
1124	1 20	1 22	1 70	1 72	14.400263503810779
1125	1 20	1 22	1 72	1 2	-132.5876653695205
1126	1 21	1 23	1 22	1 24	179.72642397425582
1127	1 21	1 23	1 24	1 26	-297.35134850400334
1128	1 21	1 23	1 26	1 28	-17.333683420855213
1129	1 21	1 23	1 28	1 30	141.67280968593798
1130	1 21	1 23	1 32	1 34	-241.25584938200632
1131	1 21	1 23	1 34	1 36	7.00808795800506
1132	1 21	1 23	1 36	1 38	86.31359297126673
1133	1 21	1 23	1 38	1 40	96.72518139809645
1134	1 21	1 23	1 40	1 42	-179.5444057019793
1135	1 21	1 23	1 25	1 27	-10.509412399555835
1136	1 21	1 23	1 29	1 31	256.4117647058824
1137	1 21	1 23	1 31	1 33	-235.44828700711054
1138	1 21	1 23	1 35	1 37	33.691929242925895
1139	1 21	1 23	1 37	1 39	127.05565268065267
1140	1 21	1 23	1 39	1 41	-150.99503102985574
1141	1 21	1 23	1 41	1 43	7.211842637179887
1142	1 21	1 23	1 43	1 45	34.32486960301362
1143	1 21	1 23	1 42	1 44	17.635039145211877
1144	1 21	1 23	1 44	1 46	54.33692033055199
1145	1 21	1 23	1 46	1 48	60.780316615710255
1146	1 21	1 23	1 48	1 50	-123.8502006489071
1147	1 21	1 23	1 50	1 52	17.836716594028857
1148	1 21	1 23	1 52	1 54	35.750105506353485
1149	1 21	1 23	1 54	1 56	40.31790010884403
1150	1 21	1 23	1 56	1 58	-87.28054456660627
1151	1 21	1 23	1 58	1 60	16.002652279736502
1152	1 21	1 23	1 60	1 62	26.623825096664103
1153	1 21	1 23	1 45	1 47	66.18871447508812
1154	1 21	1 23	1 47	1 49	-99.21185485820331
1155	1 21	1 23	1 49	1 51	9.575796754207925
1156	1 21	1 23	1 51	1 53	27.80481617291001
1157	1 21	1 23	1 53	1 55	44.013421052631585
1158	1 21	1 23	1 55	1 57	-73.88593149540517
1159	1 21	1 23	1 57	1 59	9.18869459064989
1160	1 21	1 23	1 59	1 61	20.8039588007123
1161	1 21	1 23	1 61	1 63	29.82462026756677
1162	1 21	1 23	1 63	1 65	-55.048297973188966
1163	1 21	1 23	1 62	1 64	26.02751498444124
1164	1 21	1 23	1 64	1 66	-63.792037870805
1165	1 21	1 23	1 66	1 68	13.643989339414631
1166	1 21	1 23	1 68	1 70	20.204738264746887
1167	1 21	1 23	1 70	1 72	15.64120138264449
1168	1 21	1 23	1 72	1 2	-114.30539080000301
1169	1 21	1 23	1 65	1 67	8.81637053122859
1170	1 21	1 23	1 67	1 69	17.301569239006938
1171	1 21	1 23	1 69	1 71	19.61474132326354
1172	1 21	1 23	1 71	1 1	-105.15131854332357
1173	1 22	1 24	1 23	1 25	-121.97918065433856
1174	1 22	1 24	1 25	1 27	-5.565059628287415
1175	1 22	1 24	1 27	1 29	-13.763601012570383
1176	1 22	1 24	1 29	1 31	153.9210009676379
1177	1 22	1 24	1 35	1 37	12.118306852203578
1178	1 22	1 24	1 37	1 39	97.19379296551145
1179	1 22	1 24	1 39	1 41	-101.84625439645008
1180	1 22	1 24	1 41	1 43	4.068742038534088
1181	1 22	1 24	1 26	1 28	-9.061715374708202
1182	1 22	1 24	1 28	1 30	16.481351164789135
1183	1 22	1 24	1 30	1 32	249.37754291163384
1184	1 22	1 24	1 32	1 34	-246.59543740573153
1185	1 22	1 24	1 34	1 36	2.116925626745405
1186	1 22	1 24	1 36	1 38	43.18351334553299
1187	1 22	1 24	1 38	1 40	128.3190387228261
1188	1 22	1 24	1 40	1 42	-166.0646669708029
1189	1 22	1 24	1 42	1 44	9.85410538941277
1190	1 22	1 24	1 44	1 46	36.3240511601636
1191	1 22	1 24	1 43	1 45	20.107836921869307
1192	1 22	1 24	1 45	1 47	55.65697652672157
1193	1 22	1 24	1 47	1 49	-73.0387936524061
1194	1 22	1 24	1 49	1 51	6.013928109805075
1195	1 22	1 24	1 51	1 53	18.92820487387762
1196	1 22	1 24	1 53	1 55	38.08017701551593
1197	1 22	1 24	1 55	1 57	-57.435185969866055
1198	1 22	1 24	1 57	1 59	6.235296636527938
1199	1 22	1 24	1 59	1 61	15.167176685629787
1200	1 22	1 24	1 61	1 63	25.91873638691613
1201	1 22	1 24	1 46	1 48	68.58645694217738
1202	1 22	1 24	1 48	1 50	-108.36087560603153
1203	1 22	1 24	1 50	1 52	11.405258681247037
1204	1 22	1 24	1 52	1 54	26.631124782126392
1205	1 22	1 24	1 54	1 56	41.21857996624153
1206	1 22	1 24	1 56	1 58	-74.558596675867
1207	1 22	1 24	1 58	1 60	11.093034781995204
1208	1 22	1 24	1 60	1 62	20.981614920973414
1209	1 22	1 24	1 62	1 64	25.09880331643794
1210	1 22	1 24	1 64	1 66	-53.4658245111183
1211	1 22	1 24	1 63	1 65	-43.53837126186876
1212	1 22	1 24	1 65	1 67	6.355569103961431
1213	1 22	1 24	1 67	1 69	13.267298708430527
1214	1 22	1 24	1 69	1 71	16.82865412016792
1215	1 22	1 24	1 71	1 1	-78.7040399719869
1216	1 22	1 24	1 66	1 68	10.046016789820914
1217	1 22	1 24	1 68	1 70	16.334051898428754
1218	1 22	1 24	1 70	1 72	14.36251319949541
1219	1 22	1 24	1 72	1 2	-88.15225078565376
1220	1 23	1 25	1 24	1 26	758.8447751322751
1221	1 23	1 25	1 26	1 28	-308.8360655737705
1222	1 23	1 25	1 28	1 30	-269.35662450756786
1223	1 23	1 25	1 30	1 32	-102.35722827531225
1224	1 23	1 25	1 32	1 34	631.9314584370334
1225	1 23	1 25	1 34	1 36	-239.8891768292683
1226	1 23	1 25	1 36	1 38	-191.35528296424954
1227	1 23	1 25	1 40	1 42	493.47585034013605
1228	1 23	1 25	1 42	1 44	-168.0872023809524
1229	1 23	1 25	1 27	1 29	-254.2295616593745
1230	1 23	1 25	1 29	1 31	-257.6411764705882
1231	1 23	1 25	1 31	1 33	817.6460393793667
1232	1 23	1 25	1 33	1 35	-304.9836972729381
1233	1 23	1 25	1 35	1 37	-207.94655318428187
1234	1 23	1 25	1 37	1 39	-180.4607879924953
1235	1 23	1 25	1 39	1 41	531.0579128440368
1236	1 23	1 25	1 43	1 45	-153.51143790849673
1237	1 23	1 25	1 45	1 47	-122.64532076100079
1238	1 23	1 25	1 44	1 46	-139.36508123788667
1239	1 23	1 25	1 46	1 48	-95.25766555184919
1240	1 23	1 25	1 48	1 50	359.8601482007816
1241	1 23	1 25	1 50	1 52	-117.37367074976443
1242	1 23	1 25	1 52	1 54	-103.39796066790353
1243	1 23	1 25	1 54	1 56	-75.48405356911354
1244	1 23	1 25	1 56	1 58	265.95878695772313
1245	1 23	1 25	1 58	1 60	-85.47590213112764
1246	1 23	1 25	1 60	1 62	-80.57136931860666
1247	1 23	1 25	1 62	1 64	-56.075678053635855
1248	1 23	1 25	1 47	1 49	356.9651534526854
1249	1 23	1 25	1 49	1 51	-99.53478343638004
1250	1 23	1 25	1 51	1 53	-113.26830132879599
1251	1 23	1 25	1 53	1 55	-97.19108617131064
1252	1 23	1 25	1 55	1 57	262.3402038311899
1253	1 23	1 25	1 57	1 59	-63.62639982610514
1254	1 23	1 25	1 59	1 61	-84.44559650743011
1255	1 23	1 25	1 61	1 63	-74.38254677499809
1256	1 23	1 25	1 63	1 65	195.21379179446032
1257	1 23	1 25	1 65	1 67	-47.09796688388215
1258	1 23	1 25	1 64	1 66	201.41411282175616
1259	1 23	1 25	1 66	1 68	-62.68890383850713
1260	1 23	1 25	1 68	1 70	-63.96370635436999
1261	1 23	1 25	1 70	1 72	-38.85137451061587
1262	1 23	1 25	1 72	1 2	269.9733486943164
1263	1 23	1 25	1 67	1 69	-66.16623203397833
1264	1 23	1 25	1 69	1 71	-54.23456922120453
1265	1 23	1 25	1 71	1 1	338.5795953193565
1266	1 24	1 26	1 27	1 29	-289.17331725939323
1267	1 24	1 26	1 29	1 31	-282.6663377397133
1268	1 24	1 26	1 31	1 33	645.7187426000474
1269	1 24	1 26	1 35	1 37	-218.97293607305937
1270	1 24	1 26	1 37	1 39	-216.00675059295747
1271	1 24	1 26	1 39	1 41	474.3376475508876
1272	1 24	1 26	1 41	1 43	-83.71909708074622
1273	1 24	1 26	1 43	1 45	-149.91631395340676
1274	1 24	1 26	1 28	1 30	-278.36035917547474
1275	1 24	1 26	1 30	1 32	-242.76408622725236
1276	1 24	1 26	1 32	1 34	726.4638838025483
1277	1 24	1 26	1 38	1 40	-192.65777173913042
1278	1 24	1 26	1 40	1 42	516.3581120850938
1279	1 24	1 26	1 42	1 44	-131.38708364942585
1280	1 24	1 26	1 44	1 46	-149.57627366539367
1281	1 24	1 26	1 46	1 48	-129.95413744740534
1282	1 24	1 26	1 45	1 47	-143.89346188402791
1283	1 24	1 26	1 47	1 49	329.16193220804166
1284	1 24	1 26	1 49	1 51	-63.93890714098062
1285	1 24	1 26	1 51	1 53	-106.42188708082352
1286	1 24	1 26	1 53	1 55	-109.79296002622574
1287	1 24	1 26	1 55	1 57	245.91421614951028
1288	1 24	1 26	1 57	1 59	-46.37944316976651
1289	1 24	1 26	1 59	1 61	-76.50032212586336
1290	1 24	1 26	1 61	1 63	-80.16164688385295
1291	1 24	1 26	1 63	1 65	182.81354499211642
1292	1 24	1 26	1 48	1 50	361.334009377886
1293	1 24	1 26	1 50	1 52	-91.87807539233296
1294	1 24	1 26	1 52	1 54	-106.49000395117719
1295	1 24	1 26	1 54	1 56	-93.19159405608033
1296	1 24	1 26	1 56	1 58	263.1444526751272
1297	1 24	1 26	1 58	1 60	-69.92228353140916
1298	1 24	1 26	1 60	1 62	-81.3782326218342
1299	1 24	1 26	1 62	1 64	-65.10353112711394
1300	1 24	1 26	1 64	1 66	196.71305668016194
1301	1 24	1 26	1 66	1 68	-53.53956308580956
1302	1 24	1 26	1 65	1 67	-37.68489677520034
1303	1 24	1 26	1 67	1 69	-60.54913942899179
1304	1 24	1 26	1 69	1 71	-56.19328176016151
1305	1 24	1 26	1 71	1 1	288.86235849056607
1306	1 24	1 26	1 68	1 70	-62.90649041079028
1307	1 24	1 26	1 70	1 72	-42.242785429220675
1308	1 24	1 26	1 72	1 2	261.24937404480863
1309	1 25	1 27	1 26	1 28	185.23395334174023
1310	1 25	1 27	1 28	1 30	-52.23876447356611
1311	1 25	1 27	1 30	1 32	-7.327746229626692
1312	1 25	1 27	1 32	1 34	-113.79674506132865
1313	1 25	1 27	1 34	1 36	136.9978648503029
1314	1 25	1 27	1 36	1 38	-21.304629680390327
1315	1 25	1 27	1 38	1 40	-3.5816511578006534
1316	1 25	1 27	1 40	1 42	-101.4528656013723
1317	1 25	1 27	1 42	1 44	87.3802178202793
1318	1 25	1 27	1 44	1 46	7.6867817386711526
1319	1 25	1 27	1 29	1 31	-18.379512975011913
1320	1 25	1 27	1 31	1 33	-310.08634992595057
1321	1 25	1 27	1 33	1 35	319.54129255867457
1322	1 25	1 27	1 37	1 39	-10.631602367146918
1323	1 25	1 27	1 39	1 41	-181.90561044460125
1324	1 25	1 27	1 41	1 43	136.79533672361015
1325	1 25	1 27	1 43	1 45	32.508914484516595
1326	1 25	1 27	1 45	1 47	1.4219581379169184
1327	1 25	1 27	1 47	1 49	-119.31197927793207
1328	1 25	1 27	1 50	1 52	56.76395939459644
1329	1 25	1 27	1 52	1 54	16.82769143368532
1330	1 25	1 27	1 54	1 56	4.230377447138558
1331	1 25	1 27	1 56	1 58	-68.15512885719336
1332	1 25	1 27	1 58	1 60	38.137824900784445
1333	1 25	1 27	1 60	1 62	17.718686445085083
1334	1 25	1 27	1 62	1 64	6.191690026696853
1335	1 25	1 27	1 64	1 66	-54.88788249152826
1336	1 25	1 27	1 49	1 51	67.38350415449233
1337	1 25	1 27	1 51	1 53	32.776378315997476
1338	1 25	1 27	1 53	1 55	9.0931895355629
1339	1 25	1 27	1 55	1 57	-83.18893847436638
1340	1 25	1 27	1 57	1 59	35.852953818426535
1341	1 25	1 27	1 59	1 61	28.02913944081589
1342	1 25	1 27	1 61	1 63	11.25204722849132
1343	1 25	1 27	1 63	1 65	-62.32369336414284
1344	1 25	1 27	1 65	1 67	22.625189245041046
1345	1 25	1 27	1 67	1 69	22.114379638929677
1346	1 25	1 27	1 66	1 68	25.702297325126423
1347	1 25	1 27	1 68	1 70	16.522571153737342
1348	1 25	1 27	1 70	1 72	6.442676257750713
1349	1 25	1 27	1 72	1 2	-92.23280743986078
1350	1 25	1 27	1 69	1 71	11.155990608371503
1351	1 25	1 27	1 71	1 1	-145.69903715107284
1352	1 26	1 28	1 27	1 29	159.92550911039658
1353	1 26	1 28	1 29	1 31	-46.15650066322669
1354	1 26	1 28	1 31	1 33	-251.5270593143204
1355	1 26	1 28	1 35	1 37	118.01334962045198
1356	1 26	1 28	1 37	1 39	-18.762728360863495
1357	1 26	1 28	1 39	1 41	-178.1072502832142
1358	1 26	1 28	1 41	1 43	81.74379112293744
1359	1 26	1 28	1 43	1 45	71.19825762494554
1360	1 26	1 28	1 45	1 47	7.874733216004824
1361	1 26	1 28	1 30	1 32	-14.815115014181009
1362	1 26	1 28	1 32	1 34	-219.37581695154785
1363	1 26	1 28	1 34	1 36	223.1655782966978
1364	1 26	1 28	1 38	1 40	-6.85325537567493
1365	1 26	1 28	1 40	1 42	-142.6922047637411
1366	1 26	1 28	1 42	1 44	100.39960455297293
1367	1 26	1 28	1 44	1 46	28.899917034676587
1368	1 26	1 28	1 48	1 50	-105.51340355429481
1369	1 26	1 28	1 47	1 49	-125.44940798682586
1370	1 26	1 28	1 49	1 51	49.36070188387761
1371	1 26	1 28	1 51	1 53	47.044870633242724
1372	1 26	1 28	1 53	1 55	17.00353909656235
1373	1 26	1 28	1 55	1 57	-92.0169332625473
1374	1 26	1 28	1 57	1 59	29.72835037822722
1375	1 26	1 28	1 59	1 61	33.54117647058824
1376	1 26	1 28	1 61	1 63	17.321607009989393
1377	1 26	1 28	1 63	1 65	-69.14754238278505
1378	1 26	1 28	1 65	1 67	20.604016836016363
1379	1 26	1 28	1 50	1 52	57.94410480630064
1380	1 26	1 28	1 52	1 54	29.65696307465521
1381	1 26	1 28	1 54	1 56	8.182118009010718
1382	1 26	1 28	1 56	1 58	-81.99848588428006
1383	1 26	1 28	1 58	1 60	38.25150340120297
1384	1 26	1 28	1 60	1 62	25.017677905855294
1385	1 26	1 28	1 62	1 64	9.891344936258541
1386	1 26	1 28	1 64	1 66	-64.56050250720153
1387	1 26	1 28	1 66	1 68	26.106315326465328
1388	1 26	1 28	1 68	1 70	20.79743878537046
1389	1 26	1 28	1 67	1 69	25.056953891647005
1390	1 26	1 28	1 69	1 71	14.98578463542647
1391	1 26	1 28	1 71	1 1	-143.61540255831454
1392	1 26	1 28	1 70	1 72	9.166123832897002
1393	1 26	1 28	1 72	1 2	-108.24195678508568
1394	1 27	1 29	1 28	1 30	170.35891782037584
1395	1 27	1 29	1 30	1 32	-47.95428951952141
1396	1 27	1 29	1 32	1 34	-243.63035528798252
1397	1 27	1 29	1 34	1 36	125.07072066159097
1398	1 27	1 29	1 36	1 38	119.4997933897278
1399	1 27	1 29	1 38	1 40	-15.374565944559503
1400	1 27	1 29	1 40	1 42	-179.80770389714746
1401	1 27	1 29	1 42	1 44	76.44390126645817
1402	1 27	1 29	1 44	1 46	73.1963731687782
1403	1 27	1 29	1 46	1 48	10.440573845243392
1404	1 27	1 29	1 31	1 33	-240.56115865701116
1405	1 27	1 29	1 35	1 37	217.26860761963172
1406	1 27	1 29	1 39	1 41	-192.59435178667263
1407	1 27	1 29	1 41	1 43	30.616479037992804
1408	1 27	1 29	1 43	1 45	100.41545187966753
1409	1 27	1 29	1 45	1 47	32.29175991018816
1410	1 27	1 29	1 47	1 49	-141.5295462092946
1411	1 27	1 29	1 49	1 51	30.00882168008048
1412	1 27	1 29	1 48	1 50	-134.9848336931559
1413	1 27	1 29	1 50	1 52	49.90254327237756
1414	1 27	1 29	1 52	1 54	48.95924425205695
1415	1 27	1 29	1 54	1 56	18.4198505965212
1416	1 27	1 29	1 56	1 58	-102.8096162036818
1417	1 27	1 29	1 58	1 60	35.549697829021156
1418	1 27	1 29	1 60	1 62	35.32664028286637
1419	1 27	1 29	1 62	1 64	17.603564585536027
1420	1 27	1 29	1 64	1 66	-79.15111186050274
1421	1 27	1 29	1 66	1 68	25.734695583452385
1422	1 27	1 29	1 51	1 53	58.41528051194447
1423	1 27	1 29	1 53	1 55	34.17399340451143
1424	1 27	1 29	1 55	1 57	-106.23412247411679
1425	1 27	1 29	1 57	1 59	22.683644820631045
1426	1 27	1 29	1 59	1 61	38.27768213156947
1427	1 27	1 29	1 61	1 63	28.218971617663346
1428	1 27	1 29	1 63	1 65	-79.05540490209083
1429	1 27	1 29	1 65	1 67	18.192143215777122
1430	1 27	1 29	1 67	1 69	28.20279822861648
1431	1 27	1 29	1 69	1 71	21.22795127354827
1432	1 27	1 29	1 68	1 70	26.65780569437875
1433	1 27	1 29	1 70	1 72	13.945716754014502
1434	1 27	1 29	1 72	1 2	-119.61986925084267
1435	1 27	1 29	1 71	1 1	-132.70383219599236
1436	1 28	1 30	1 29	1 31	177.14363365216497
1437	1 28	1 30	1 31	1 33	-295.4467787114846
1438	1 28	1 30	1 33	1 35	-21.40955196816561
1439	1 28	1 30	1 35	1 37	122.91251547174369
1440	1 28	1 30	1 39	1 41	-232.59935653961298
1441	1 28	1 30	1 41	1 43	5.838655963745706
1442	1 28	1 30	1 43	1 45	78.59182486792159
1443	1 28	1 30	1 45	1 47	83.28131403836859
1444	1 28	1 30	1 47	1 49	-155.90699545941155
1445	1 28	1 30	1 36	1 38	227.81363740480282
1446	1 28	1 30	1 38	1 40	14.767333396127654
1447	1 28	1 30	1 40	1 42	-222.00185185185185
1448	1 28	1 30	1 42	1 44	34.25314814814815
1449	1 28	1 30	1 44	1 46	104.96392901707085
1450	1 28	1 30	1 46	1 48	43.23185864211837
1451	1 28	1 30	1 48	1 50	-166.0958341800447
1452	1 28	1 30	1 50	1 52	33.0409991280308
1453	1 28	1 30	1 49	1 51	15.280811536708818
1454	1 28	1 30	1 51	1 53	52.761479921942936
1455	1 28	1 30	1 53	1 55	58.22028434528434
1456	1 28	1 30	1 55	1 57	-114.46472392638037
1457	1 28	1 30	1 57	1 59	15.487541911583834
1458	1 28	1 30	1 59	1 61	35.95115779002188
1459	1 28	1 30	1 61	1 63	40.74812691929506
1460	1 28	1 30	1 63	1 65	-84.0682988505747
1461	1 28	1 30	1 65	1 67	14.695848245121084
1462	1 28	1 30	1 67	1 69	27.985419939532942
1463	1 28	1 30	1 52	1 54	61.13218216374699
1464	1 28	1 30	1 54	1 56	40.35879426988131
1465	1 28	1 30	1 56	1 58	-121.9809091032314
1466	1 28	1 30	1 58	1 60	27.94321062346185
1467	1 28	1 30	1 60	1 62	41.992575995318376
1468	1 28	1 30	1 62	1 64	30.064172796034676
1469	1 28	1 30	1 64	1 66	-91.59462010382254
1470	1 28	1 30	1 66	1 68	22.6862736789949
1471	1 28	1 30	1 68	1 70	30.69800051182262
1472	1 28	1 30	1 70	1 72	20.13645681503497
1473	1 28	1 30	1 69	1 71	27.553709224269944
1474	1 28	1 30	1 71	1 1	-122.28356835824144
1475	1 28	1 30	1 72	1 2	-122.26685154613298
1476	1 29	1 31	1 30	1 32	193.60307059271238
1477	1 29	1 31	1 32	1 34	-324.52126945786364
1478	1 29	1 31	1 34	1 36	-22.67842240118906
1479	1 29	1 31	1 36	1 38	127.28560813711569
1480	1 29	1 31	1 38	1 40	168.58189285702645
1481	1 29	1 31	1 40	1 42	-270.5589238910044
1482	1 29	1 31	1 42	1 44	7.552285006108814
1483	1 29	1 31	1 44	1 46	80.68140237659304
1484	1 29	1 31	1 46	1 48	101.947051500385
1485	1 29	1 31	1 48	1 50	-183.24462661258906
1486	1 29	1 31	1 33	1 35	-11.607810095293342
1487	1 29	1 31	1 35	1 37	-7.819286743168786
1488	1 29	1 31	1 37	1 39	262.8902542180868
1489	1 29	1 31	1 39	1 41	-235.3626616838706
1490	1 29	1 31	1 43	1 45	32.76286556615595
1491	1 29	1 31	1 45	1 47	117.6106756643474
1492	1 29	1 31	1 47	1 49	-141.42324096101504
1493	1 29	1 31	1 49	1 51	6.410715201055503
1494	1 29	1 31	1 51	1 53	33.30632442313011
1495	1 29	1 31	1 50	1 52	16.31169637340024
1496	1 29	1 31	1 52	1 54	51.512822822387136
1497	1 29	1 31	1 54	1 56	65.37680570429671
1498	1 29	1 31	1 56	1 58	-125.84864904311021
1499	1 29	1 31	1 58	1 60	17.736176556607084
1500	1 29	1 31	1 60	1 62	38.10872750175136
1501	1 29	1 31	1 62	1 64	41.037398373983734
1502	1 29	1 31	1 64	1 66	-90.83294202898551
1503	1 29	1 31	1 66	1 68	16.64923413659111
1504	1 29	1 31	1 68	1 70	28.595058251690972
1505	1 29	1 31	1 53	1 55	70.80881422924901
1506	1 29	1 31	1 55	1 57	-103.42185057223062
1507	1 29	1 31	1 57	1 59	8.971297486084307
1508	1 29	1 31	1 59	1 61	26.272361491164048
1509	1 29	1 31	1 61	1 63	45.872855392156865
1510	1 29	1 31	1 63	1 65	-75.7580040110231
1511	1 29	1 31	1 65	1 67	10.123741347880877
1512	1 29	1 31	1 67	1 69	22.791335239640006
1513	1 29	1 31	1 69	1 71	29.136856811089338
1514	1 29	1 31	1 71	1 1	-100.06957971827077
1515	1 29	1 31	1 70	1 72	23.92666919897897
1516	1 29	1 31	1 72	1 2	-107.77713248638838
1517	1 30	1 32	1 33	1 35	-4.61777648513685
1518	1 30	1 32	1 35	1 37	-18.757535960639206
1519	1 30	1 32	1 37	1 39	147.01271952883448
1520	1 30	1 32	1 41	1 43	-0.5547578987165609
1521	1 30	1 32	1 43	1 45	9.238320881342005
1522	1 30	1 32	1 45	1 47	82.71654062606365
1523	1 30	1 32	1 47	1 49	-85.89759823636118
1524	1 30	1 32	1 49	1 51	3.1004712977741953
1525	1 30	1 32	1 34	1 36	-9.572918770779722
1526	1 30	1 32	1 38	1 40	274.0378066378066
1527	1 30	1 32	1 40	1 42	-256.87343749999997
1528	1 30	1 32	1 42	1 44	1.661912425002007
1529	1 30	1 32	1 44	1 46	34.265157691946484
1530	1 30	1 32	1 46	1 48	127.85001073422069
1531	1 30	1 32	1 48	1 50	-158.37470020855056
1532	1 30	1 32	1 50	1 52	7.673858917778812
1533	1 30	1 32	1 52	1 54	30.461753234469114
1534	1 30	1 32	1 51	1 53	16.795849649111048
1535	1 30	1 32	1 53	1 55	55.33833744586241
1536	1 30	1 32	1 55	1 57	-70.08922156689364
1537	1 30	1 32	1 57	1 59	5.046578801831036
1538	1 30	1 32	1 59	1 61	15.780195260885003
1539	1 30	1 32	1 61	1 63	36.909418649204085
1540	1 30	1 32	1 63	1 65	-53.98478689253365
1541	1 30	1 32	1 65	1 67	6.296713631177164
1542	1 30	1 32	1 67	1 69	15.33595687621602
1543	1 30	1 32	1 69	1 71	23.36184932575403
1544	1 30	1 32	1 54	1 56	68.9924818960813
1545	1 30	1 32	1 56	1 58	-102.66394122526367
1546	1 30	1 32	1 58	1 60	10.06239908967733
1547	1 30	1 32	1 60	1 62	26.044458822323577
1548	1 30	1 32	1 62	1 64	39.52255078064756
1549	1 30	1 32	1 64	1 66	-71.81077912980601
1550	1 30	1 32	1 66	1 68	10.603142532345974
1551	1 30	1 32	1 68	1 70	20.93720814250225
1552	1 30	1 32	1 70	1 72	21.26871058533046
1553	1 30	1 32	1 72	1 2	-82.21746170081036
1554	1 30	1 32	1 71	1 1	-72.01842957157461
1555	1 31	1 33	1 32	1 34	759.9839690436704
1556	1 31	1 33	1 34	1 36	-295.1931113662457
1557	1 31	1 33	1 36	1 38	-236.15682578243315
1558	1 31	1 33	1 40	1 42	664.3218847197406
1559	1 31	1 33	1 42	1 44	-243.03912851011415
1560	1 31	1 33	1 44	1 46	-179.91588407586426
1561	1 31	1 33	1 46	1 48	-118.79087738744437
1562	1 31	1 33	1 48	1 50	492.80615716538045
1563	1 31	1 33	1 50	1 52	-173.0490291262136
1564	1 31	1 33	1 35	1 37	-236.71795165540152
1565	1 31	1 33	1 37	1 39	-255.59831605416656
1566	1 31	1 33	1 39	1 41	787.2524450549452
1567	1 31	1 33	1 41	1 43	-287.33590794451453
1568	1 31	1 33	1 45	1 47	-162.2066338490389
1569	1 31	1 33	1 47	1 49	511.0840525658049
1570	1 31	1 33	1 51	1 53	-154.50735545347558
1571	1 31	1 33	1 53	1 55	-127.68810471524802
1572	1 31	1 33	1 52	1 54	-136.82790364514244
1573	1 31	1 33	1 54	1 56	-95.96886856885074
1574	1 31	1 33	1 56	1 58	364.4764194849519
1575	1 31	1 33	1 58	1 60	-124.63704273422103
1576	1 31	1 33	1 60	1 62	-108.52330022918258
1577	1 31	1 33	1 62	1 64	-72.61916150889994
1578	1 31	1 33	1 64	1 66	277.55148267898386
1579	1 31	1 33	1 66	1 68	-90.43586083077605
1580	1 31	1 33	1 68	1 70	-87.04015667869635
1581	1 31	1 33	1 70	1 72	-51.32878623515522
1582	1 31	1 33	1 55	1 57	370.38909604519773
1583	1 31	1 33	1 57	1 59	-96.69368409294013
1584	1 31	1 33	1 59	1 61	-117.60304244397145
1585	1 31	1 33	1 61	1 63	-98.4484074879952
1586	1 31	1 33	1 63	1 65	271.5414785953674
1587	1 31	1 33	1 65	1 67	-69.39316993370551
1588	1 31	1 33	1 67	1 69	-92.51732231747788
1589	1 31	1 33	1 69	1 71	-72.69529697274001
1590	1 31	1 33	1 71	1 1	236.75441547902363
1591	1 31	1 33	1 72	1 2	203.79686198567384
1592	1 32	1 34	1 33	1 35	-107.64197491941141
1593	1 32	1 34	1 35	1 37	-279.7119450265608
1594	1 32	1 34	1 37	1 39	-278.5627413127413
1595	1 32	1 34	1 39	1 41	633.3534067681126
1596	1 32	1 34	1 41	1 43	-99.82965804341362
1597	1 32	1 34	1 43	1 45	-217.18619718309859
1598	1 32	1 34	1 45	1 47	-190.603828752948
1599	1 32	1 34	1 47	1 49	448.45434693248376
1600	1 32	1 34	1 49	1 51	-82.87787998599184
1601	1 32	1 34	1 51	1 53	-151.68329012251536
1602	1 32	1 34	1 36	1 38	-246.85519148233737
1603	1 32	1 34	1 38	1 40	-286.7759240759241
1604	1 32	1 34	1 40	1 42	763.987871967992
1605	1 32	1 34	1 46	1 48	-184.47630024982965
1606	1 32	1 34	1 48	1 50	511.71324522477335
1607	1 32	1 34	1 50	1 52	-134.3574285283896
1608	1 32	1 34	1 52	1 54	-145.7041978834988
1609	1 32	1 34	1 54	1 56	-128.58376628265944
1610	1 32	1 34	1 53	1 55	-148.8921509437194
1611	1 32	1 34	1 55	1 57	338.8703470489937
1612	1 32	1 34	1 57	1 59	-62.18353402575963
1613	1 32	1 34	1 59	1 61	-107.87862390512868
1614	1 32	1 34	1 61	1 63	-110.6685789058281
1615	1 32	1 34	1 63	1 65	254.75980795792606
1616	1 32	1 34	1 65	1 67	-51.283816714685216
1617	1 32	1 34	1 67	1 69	-84.27799061980204
1618	1 32	1 34	1 69	1 71	-77.21189607865062
1619	1 32	1 34	1 71	1 1	207.88470918260504
1620	1 32	1 34	1 56	1 58	366.839228776405
1621	1 32	1 34	1 58	1 60	-98.01814446200092
1622	1 32	1 34	1 60	1 62	-111.73126301179735
1623	1 32	1 34	1 62	1 64	-89.0011389442057
1624	1 32	1 34	1 64	1 66	272.28059533672626
1625	1 32	1 34	1 66	1 68	-73.9877851350405
1626	1 32	1 34	1 68	1 70	-86.82461524849168
1627	1 32	1 34	1 70	1 72	-57.897792887415385
1628	1 32	1 34	1 72	1 2	196.8614919652071
1629	1 33	1 35	1 34	1 36	176.51835071707953
1630	1 33	1 35	1 36	1 38	-57.41237227222197
1631	1 33	1 35	1 38	1 40	-9.138952528772428
1632	1 33	1 35	1 40	1 42	-109.62580104569186
1633	1 33	1 35	1 42	1 44	142.49019075214295
1634	1 33	1 35	1 44	1 46	-24.401482649770323
1635	1 33	1 35	1 46	1 48	-7.428562784715936
1636	1 33	1 35	1 48	1 50	-101.19694617029653
1637	1 33	1 35	1 50	1 52	94.2298752107478
1638	1 33	1 35	1 52	1 54	5.740594901715457
1639	1 33	1 35	1 37	1 39	-21.357076461329193
1640	1 33	1 35	1 41	1 43	300.21346274071817
1641	1 33	1 35	1 45	1 47	-13.858872518758247
1642	1 33	1 35	1 47	1 49	-173.71357186057145
1643	1 33	1 35	1 49	1 51	134.7966346015793
1644	1 33	1 35	1 51	1 53	32.11992916062793
1645	1 33	1 35	1 55	1 57	-118.36272347520247
1646	1 33	1 35	1 54	1 56	-2.5689215022440024
1647	1 33	1 35	1 56	1 58	-85.47304843926639
1648	1 33	1 35	1 58	1 60	62.205877980219654
1649	1 33	1 35	1 60	1 62	16.271863797826423
1650	1 33	1 35	1 62	1 64	2.4070451436228524
1651	1 33	1 35	1 64	1 66	-71.04819968230554
1652	1 33	1 35	1 66	1 68	40.86093296083694
1653	1 33	1 35	1 68	1 70	19.503868581503284
1654	1 33	1 35	1 70	1 72	5.475589028064055
1655	1 33	1 35	1 72	1 2	-78.82953214644822
1656	1 33	1 35	1 57	1 59	66.51226030884101
1657	1 33	1 35	1 59	1 61	37.14624998680084
1658	1 33	1 35	1 61	1 63	6.92452986926794
1659	1 33	1 35	1 63	1 65	-87.80585833730393
1660	1 33	1 35	1 65	1 67	39.22622030157119
1661	1 33	1 35	1 67	1 69	31.110714246388298
1662	1 33	1 35	1 69	1 71	11.134235357980204
1663	1 33	1 35	1 71	1 1	-107.43721222611794
1664	1 34	1 36	1 35	1 37	177.40820750760196
1665	1 34	1 36	1 37	1 39	-60.66136683288582
1666	1 34	1 36	1 39	1 41	-253.8117316589557
1667	1 34	1 36	1 41	1 43	138.06463226418606
1668	1 34	1 36	1 43	1 45	125.33249146446624
1669	1 34	1 36	1 45	1 47	-22.65997134183304
1670	1 34	1 36	1 47	1 49	-185.45174626681478
1671	1 34	1 36	1 49	1 51	85.89975282836801
1672	1 34	1 36	1 51	1 53	78.63538266226541
1673	1 34	1 36	1 53	1 55	7.446990609541247
1674	1 34	1 36	1 38	1 40	-20.849262051358394
1675	1 34	1 36	1 42	1 44	231.51325733454613
1676	1 34	1 36	1 46	1 48	-13.802230990074113
1677	1 34	1 36	1 48	1 50	-150.18131511568913
1678	1 34	1 36	1 50	1 52	111.47433172284718
1679	1 34	1 36	1 52	1 54	32.61263542172789
1680	1 34	1 36	1 56	1 58	-115.00264280270747
1681	1 34	1 36	1 55	1 57	-136.97594786918054
1682	1 34	1 36	1 57	1 59	51.09139734183472
1683	1 34	1 36	1 59	1 61	54.73649269200415
1684	1 34	1 36	1 61	1 63	16.73590605658523
1685	1 34	1 36	1 63	1 65	-103.91322918579036
1686	1 34	1 36	1 65	1 67	34.456336877924784
1687	1 34	1 36	1 67	1 69	39.35062257090229
1688	1 34	1 36	1 69	1 71	18.300745329127196
1689	1 34	1 36	1 71	1 1	-108.52869988807488
1690	1 34	1 36	1 58	1 60	67.27003162408351
1691	1 34	1 36	1 60	1 62	32.78664211106959
1692	1 34	1 36	1 62	1 64	6.35778308327447
1693	1 34	1 36	1 64	1 66	-91.44769378389276
1694	1 34	1 36	1 66	1 68	43.393668275934644
1695	1 34	1 36	1 68	1 70	29.164249263891385
1696	1 34	1 36	1 70	1 72	9.589782121002631
1697	1 34	1 36	1 72	1 2	-89.14098834677489
1698	1 35	1 37	1 36	1 38	168.46723649928677
1699	1 35	1 37	1 38	1 40	-65.26581141671983
1700	1 35	1 37	1 40	1 42	-236.8645482240083
1701	1 35	1 37	1 42	1 44	134.25654477568992
1702	1 35	1 37	1 44	1 46	121.36359407929399
1703	1 35	1 37	1 46	1 48	-27.28946828868234
1704	1 35	1 37	1 48	1 50	-184.00603675725563
1705	1 35	1 37	1 50	1 52	83.37593451684128
1706	1 35	1 37	1 52	1 54	79.58992413743289
1707	1 35	1 37	1 54	1 56	4.68992484876444
1708	1 35	1 37	1 41	1 43	-6.9392463231726715
1709	1 35	1 37	1 43	1 45	229.66600848803662
1710	1 35	1 37	1 45	1 47	-5.376266670773065
1711	1 35	1 37	1 47	1 49	-200.95105148658448
1712	1 35	1 37	1 49	1 51	32.62413222141649
1713	1 35	1 37	1 51	1 53	109.95080025526347
1714	1 35	1 37	1 53	1 55	33.97189582247405
1715	1 35	1 37	1 55	1 57	-156.0202205882353
1716	1 35	1 37	1 57	1 59	31.38340939491699
1717	1 35	1 37	1 56	1 58	-142.41110543514813
1718	1 35	1 37	1 58	1 60	57.007041424981296
1719	1 35	1 37	1 60	1 62	54.364776555628126
1720	1 35	1 37	1 62	1 64	15.420758498389844
1721	1 35	1 37	1 64	1 66	-111.98228189547618
1722	1 35	1 37	1 66	1 68	40.080205854784055
1723	1 35	1 37	1 68	1 70	39.76548653505731
1724	1 35	1 37	1 70	1 72	16.42473978296715
1725	1 35	1 37	1 72	1 2	-107.06453182300105
1726	1 35	1 37	1 59	1 61	64.31159260324957
1727	1 35	1 37	1 61	1 63	35.22966133080501
1728	1 35	1 37	1 63	1 65	-116.9978097994977
1729	1 35	1 37	1 65	1 67	26.88922334019759
1730	1 35	1 37	1 67	1 69	44.205790260772034
1731	1 35	1 37	1 69	1 71	28.695629715906215
1732	1 35	1 37	1 71	1 1	-116.19698152864846
1733	1 36	1 38	1 37	1 39	176.61908013376052
1734	1 36	1 38	1 39	1 41	-285.7585104581252
1735	1 36	1 38	1 41	1 43	-24.227266289912556
1736	1 36	1 38	1 43	1 45	132.18222467603118
1737	1 36	1 38	1 45	1 47	128.75555518639112
1738	1 36	1 38	1 47	1 49	-227.98276780827837
1739	1 36	1 38	1 49	1 51	6.14801527364353
1740	1 36	1 38	1 51	1 53	84.33082685840229
1741	1 36	1 38	1 53	1 55	86.61442457031494
1742	1 36	1 38	1 55	1 57	-165.78788855707887
1743	1 36	1 38	1 44	1 46	233.0581306867728
1744	1 36	1 38	1 46	1 48	-11.278643231490776
1745	1 36	1 38	1 48	1 50	-209.18061926605503
1746	1 36	1 38	1 50	1 52	35.64301562902115
1747	1 36	1 38	1 52	1 54	108.73809523809524
1748	1 36	1 38	1 54	1 56	35.23947652633817
1749	1 36	1 38	1 56	1 58	-164.8945999078066
1750	1 36	1 38	1 58	1 60	35.86017034231895
1751	1 36	1 38	1 57	1 59	15.728840817621897
1752	1 36	1 38	1 59	1 61	53.761627828003455
1753	1 36	1 38	1 61	1 63	59.08135076628146
1754	1 36	1 38	1 63	1 65	-119.33384816683304
1755	1 36	1 38	1 65	1 67	18.133768553501252
1756	1 36	1 38	1 67	1 69	40.26733668087603
1757	1 36	1 38	1 69	1 71	39.081543052821864
1758	1 36	1 38	1 71	1 1	-116.99823625648227
1759	1 36	1 38	1 60	1 62	66.47948816971757
1760	1 36	1 38	1 62	1 64	34.680047379385684
1761	1 36	1 38	1 64	1 66	-125.75223418134378
1762	1 36	1 38	1 66	1 68	30.599532233902714
1763	1 36	1 38	1 68	1 70	45.23874650580875
1764	1 36	1 38	1 70	1 72	25.986720292036402
1765	1 36	1 38	1 72	1 2	-118.00776178632779
1766	1 37	1 39	1 38	1 40	207.1333541672328
1767	1 37	1 39	1 40	1 42	-331.8250305250305
1768	1 37	1 39	1 42	1 44	-25.69278152333571
1769	1 37	1 39	1 44	1 46	133.90239400167465
1770	1 37	1 39	1 46	1 48	152.254625766165
1771	1 37	1 39	1 48	1 50	-261.3440201334938
1772	1 37	1 39	1 50	1 52	4.365569484036337
1773	1 37	1 39	1 52	1 54	78.99350098680154
1774	1 37	1 39	1 54	1 56	102.29616504730791
1775	1 37	1 39	1 56	1 58	-180.8397128673593
1776	1 37	1 39	1 41	1 43	-15.430533493153796
1777	1 37	1 39	1 43	1 45	-4.3249364012980775
1778	1 37	1 39	1 45	1 47	259.2894326866549
1779	1 37	1 39	1 47	1 49	-234.556224018717
1780	1 37	1 39	1 49	1 51	-3.0948829328053655
1781	1 37	1 39	1 51	1 53	32.7455483985115
1782	1 37	1 39	1 53	1 55	126.41983993178691
1783	1 37	1 39	1 55	1 57	-151.31585522558538
1784	1 37	1 39	1 57	1 59	5.281430659170336
1785	1 37	1 39	1 59	1 61	30.63364265962995
1786	1 37	1 39	1 58	1 60	15.183369344125317
1787	1 37	1 39	1 60	1 62	56.308618661314156
1788	1 37	1 39	1 62	1 64	63.645537050898206
1789	1 37	1 39	1 64	1 66	-129.84403818475806
1790	1 37	1 39	1 66	1 68	18.384061362123852
1791	1 37	1 39	1 68	1 70	40.9646023347582
1792	1 37	1 39	1 70	1 72	36.11616652654082
1793	1 37	1 39	1 72	1 2	-98.58527430624504
1794	1 37	1 39	1 61	1 63	73.72218767378851
1795	1 37	1 39	1 63	1 65	-104.99939940712903
1796	1 37	1 39	1 65	1 67	9.823627717701928
1797	1 37	1 39	1 67	1 69	28.958668787077407
1798	1 37	1 39	1 69	1 71	43.95446279194722
1799	1 37	1 39	1 71	1 1	-87.93548957162947
1800	1 38	1 40	1 39	1 41	-131.60757122509665
1801	1 38	1 40	1 41	1 43	-9.048214999580765
1802	1 38	1 40	1 43	1 45	-31.949862242313504
1803	1 38	1 40	1 45	1 47	134.79674630633576
1804	1 38	1 40	1 47	1 49	-91.21968732113933
1805	1 38	1 40	1 49	1 51	-4.814822092847061
1806	1 38	1 40	1 53	1 55	88.57043794004272
1807	1 38	1 40	1 55	1 57	-80.93885578495096
1808	1 38	1 40	1 42	1 44	-17.901986951667915
1809	1 38	1 40	1 46	1 48	307.0311692641053
1810	1 38	1 40	1 48	1 50	-265.9328402366864
1811	1 38	1 40	1 50	1 52	-5.850622405083364
1812	1 38	1 40	1 52	1 54	23.596515146221677
1813	1 38	1 40	1 54	1 56	140.21499310151302
1814	1 38	1 40	1 56	1 58	-154.64132226539505
1815	1 38	1 40	1 58	1 60	2.7794094105804765
1816	1 38	1 40	1 60	1 62	29.393357926216364
1817	1 38	1 40	1 59	1 61	9.96017927804559
1818	1 38	1 40	1 61	1 63	57.0862089201878
1819	1 38	1 40	1 63	1 65	-64.78524080321331
1820	1 38	1 40	1 65	1 67	3.7034295822137837
1821	1 38	1 40	1 67	1 69	15.038668674503707
1822	1 38	1 40	1 69	1 71	34.7770415984163
1823	1 38	1 40	1 71	1 1	-45.91960209048815
1824	1 38	1 40	1 62	1 64	72.46277474518138
1825	1 38	1 40	1 64	1 66	-101.81728533933259
1826	1 38	1 40	1 66	1 68	7.887800501955651
1827	1 38	1 40	1 68	1 70	26.356659623869263
1828	1 38	1 40	1 70	1 72	35.676371543276424
1829	1 38	1 40	1 72	1 2	-59.85964622338347
1830	1 39	1 41	1 40	1 42	778.9749801232359
1831	1 39	1 41	1 42	1 44	-316.99841551053
1832	1 39	1 41	1 44	1 46	-245.2639279554583
1833	1 39	1 41	1 46	1 48	-121.06933120406303
1834	1 39	1 41	1 48	1 50	685.2226963805911
1835	1 39	1 41	1 50	1 52	-270.40756860098963
1836	1 39	1 41	1 52	1 54	-188.1124639066249
1837	1 39	1 41	1 54	1 56	-112.05012630998371
1838	1 39	1 41	1 56	1 58	523.0063777470416
1839	1 39	1 41	1 43	1 45	-246.653325894605
1840	1 39	1 41	1 45	1 47	-245.15577242524915
1841	1 39	1 41	1 47	1 49	818.4414897319874
1842	1 39	1 41	1 53	1 55	-175.0527474462839
1843	1 39	1 41	1 55	1 57	558.0452392821535
1844	1 39	1 41	1 57	1 59	-163.45798000707526
1845	1 39	1 41	1 59	1 61	-171.39335913039292
1846	1 39	1 41	1 61	1 63	-132.7089222503954
1847	1 39	1 41	1 60	1 62	-151.038028385117
1848	1 39	1 41	1 62	1 64	-90.62353721077434
1849	1 39	1 41	1 64	1 66	398.73703202059573
1850	1 39	1 41	1 66	1 68	-139.98571147577837
1851	1 39	1 41	1 68	1 70	-123.07793156364818
1852	1 39	1 41	1 70	1 72	-67.1108357504421
1853	1 39	1 41	1 72	1 2	176.20573492809734
1854	1 39	1 41	1 63	1 65	407.212117595211
1855	1 39	1 41	1 65	1 67	-111.54130020036905
1856	1 39	1 41	1 67	1 69	-135.73549328213178
1857	1 39	1 41	1 69	1 71	-99.3602597949189
1858	1 39	1 41	1 71	1 1	184.8430342315237
1859	1 40	1 42	1 41	1 43	-118.67085146486173
1860	1 40	1 42	1 43	1 45	-279.251816050985
1861	1 40	1 42	1 45	1 47	-256.262028623353
1862	1 40	1 42	1 47	1 49	640.3201662378785
1863	1 40	1 42	1 49	1 51	-112.87701139935456
1864	1 40	1 42	1 51	1 53	-225.99449012540362
1865	1 40	1 42	1 53	1 55	-205.32562737642584
1866	1 40	1 42	1 55	1 57	489.90460317460315
1867	1 40	1 42	1 57	1 59	-87.14552609251345
1868	1 40	1 42	1 59	1 61	-161.1937132784959
1869	1 40	1 42	1 44	1 46	-243.4762396694215
1870	1 40	1 42	1 46	1 48	-283.3478370221328
1871	1 40	1 42	1 48	1 50	794.5095884181005
1872	1 40	1 42	1 54	1 56	-187.3933582066541
1873	1 40	1 42	1 56	1 58	534.123165055496
1874	1 40	1 42	1 58	1 60	-150.0286752338481
1875	1 40	1 42	1 60	1 62	-157.16646032507825
1876	1 40	1 42	1 62	1 64	-125.48253793079476
1877	1 40	1 42	1 61	1 63	-153.9559020791415
1878	1 40	1 42	1 63	1 65	366.92973286875724
1879	1 40	1 42	1 65	1 67	-72.75777100448599
1880	1 40	1 42	1 67	1 69	-123.0099691217701
1881	1 40	1 42	1 69	1 71	-108.90253588383523
1882	1 40	1 42	1 71	1 1	164.33370362774588
1883	1 40	1 42	1 64	1 66	391.2060535781901
1884	1 40	1 42	1 66	1 68	-107.9642575816885
1885	1 40	1 42	1 68	1 70	-123.78066031918306
1886	1 40	1 42	1 70	1 72	-81.37443105233342
1887	1 40	1 42	1 72	1 2	168.41205459021398
1888	1 41	1 43	1 42	1 44	194.9604829056086
1889	1 41	1 43	1 44	1 46	-58.33122420516324
1890	1 41	1 43	1 46	1 48	-11.975886725108957
1891	1 41	1 43	1 48	1 50	-132.07545422680735
1892	1 41	1 43	1 50	1 52	166.75074466451713
1893	1 41	1 43	1 52	1 54	-23.530901020417435
1894	1 41	1 43	1 54	1 56	-9.397104659101917
1895	1 41	1 43	1 56	1 58	-120.48499179038106
1896	1 41	1 43	1 58	1 60	110.799748870298
1897	1 41	1 43	1 60	1 62	8.745693365237663
1898	1 41	1 43	1 45	1 47	-23.479540014404336
1899	1 41	1 43	1 47	1 49	-308.8648080065359
1900	1 41	1 43	1 49	1 51	313.39349065538323
1901	1 41	1 43	1 53	1 55	-14.581986787587242
1902	1 41	1 43	1 57	1 59	138.1970143536181
1903	1 41	1 43	1 59	1 61	46.84012589435416
1904	1 41	1 43	1 63	1 65	-140.66037212713707
1905	1 41	1 43	1 62	1 64	-2.311083546660081
1906	1 41	1 43	1 64	1 66	-103.31910401157322
1907	1 41	1 43	1 66	1 68	71.57423611884718
1908	1 41	1 43	1 68	1 70	22.979695707000833
1909	1 41	1 43	1 70	1 72	4.0262757871777435
1910	1 41	1 43	1 72	1 2	-64.52811534189956
1911	1 41	1 43	1 65	1 67	75.48221214638386
1912	1 41	1 43	1 67	1 69	46.37606024607284
1913	1 41	1 43	1 69	1 71	10.481255991927842
1914	1 41	1 43	1 71	1 1	-79.43135910833976
1915	1 42	1 44	1 43	1 45	188.412627448887
1916	1 42	1 44	1 45	1 47	-63.6298964269075
1917	1 42	1 44	1 47	1 49	-284.94143771672447
1918	1 42	1 44	1 51	1 53	139.4345308924485
1919	1 42	1 44	1 53	1 55	-24.61437847195308
1920	1 42	1 44	1 55	1 57	-212.6932517998092
1921	1 42	1 44	1 57	1 59	93.34831781309543
1922	1 42	1 44	1 59	1 61	96.52216759467677
1923	1 42	1 44	1 61	1 63	5.906635935116819
1924	1 42	1 44	1 46	1 48	-26.731139414233652
1925	1 42	1 44	1 54	1 56	-18.671103500233897
1926	1 42	1 44	1 56	1 58	-179.07125850340134
1927	1 42	1 44	1 58	1 60	136.90212519936205
1928	1 42	1 44	1 60	1 62	35.469483966967545
1929	1 42	1 44	1 62	1 64	-3.117348267115773
1930	1 42	1 44	1 64	1 66	-141.40680454728775
1931	1 42	1 44	1 63	1 65	-164.35847902726812
1932	1 42	1 44	1 65	1 67	61.808203458748835
1933	1 42	1 44	1 67	1 69	66.51529410943394
1934	1 42	1 44	1 69	1 71	19.836499758776483
1935	1 42	1 44	1 71	1 1	-105.51816655522285
1936	1 42	1 44	1 66	1 68	78.95684490329892
1937	1 42	1 44	1 68	1 70	40.51870692301697
1938	1 42	1 44	1 70	1 72	7.691614799442897
1939	1 42	1 44	1 72	1 2	-91.64529456731444
1940	1 43	1 45	1 44	1 46	167.32660568587312
1941	1 43	1 45	1 46	1 48	-67.17781361965876
1942	1 43	1 45	1 48	1 50	-247.08339665653494
1943	1 43	1 45	1 50	1 52	137.1260892902248
1944	1 43	1 45	1 52	1 54	134.39271452788142
1945	1 43	1 45	1 54	1 56	-30.787488307219455
1946	1 43	1 45	1 56	1 58	-199.09621551460856
1947	1 43	1 45	1 58	1 60	92.74242276697515
1948	1 43	1 45	1 60	1 62	86.52098468344941
1949	1 43	1 45	1 51	1 53	237.30148687808094
1950	1 43	1 45	1 55	1 57	-219.5538554043867
1951	1 43	1 45	1 57	1 59	35.18961278191057
1952	1 43	1 45	1 59	1 61	116.60389150793347
1953	1 43	1 45	1 61	1 63	37.47192243748258
1954	1 43	1 45	1 63	1 65	-172.05235594126043
1955	1 43	1 45	1 65	1 67	37.33436709473371
1956	1 43	1 45	1 64	1 66	-158.14519795960945
1957	1 43	1 45	1 66	1 68	62.81891361594465
1958	1 43	1 45	1 68	1 70	60.779277750624
1959	1 43	1 45	1 70	1 72	16.93714812020901
1960	1 43	1 45	1 72	1 2	-111.50316949073425
1961	1 43	1 45	1 67	1 69	72.31537946755338
1962	1 43	1 45	1 69	1 71	37.70696792155678
1963	1 43	1 45	1 71	1 1	-118.06888521572891
1964	1 44	1 46	1 45	1 47	191.26507646051283
1965	1 44	1 46	1 47	1 49	-303.1145753958175
1966	1 44	1 46	1 49	1 51	-27.148850719274435
1967	1 44	1 46	1 51	1 53	132.63171442454723
1968	1 44	1 46	1 53	1 55	144.72457179965906
1969	1 44	1 46	1 55	1 57	-246.83922244094487
1970	1 44	1 46	1 57	1 59	4.59751600196237
1971	1 44	1 46	1 59	1 61	79.76856099832355
1972	1 44	1 46	1 61	1 63	96.47430660422525
1973	1 44	1 46	1 63	1 65	-174.76963139556207
1974	1 44	1 46	1 52	1 54	234.1205220770817
1975	1 44	1 46	1 58	1 60	33.177125899139185
1976	1 44	1 46	1 60	1 62	119.78760995494528
1977	1 44	1 46	1 62	1 64	37.38564653333157
1978	1 44	1 46	1 66	1 68	36.792590521389094
1979	1 44	1 46	1 65	1 67	17.45290495500179
1980	1 44	1 46	1 67	1 69	58.28778508940711
1981	1 44	1 46	1 69	1 71	60.5883864759969
1982	1 44	1 46	1 71	1 1	-111.41331254284793
1983	1 44	1 46	1 68	1 70	71.97080300005064
1984	1 44	1 46	1 70	1 72	35.268332142371236
1985	1 44	1 46	1 72	1 2	-115.2219001477574
1986	1 45	1 47	1 46	1 48	193.70612124362123
1987	1 45	1 47	1 50	1 52	-26.711156542056074
1988	1 45	1 47	1 52	1 54	131.9628651247856
1989	1 45	1 47	1 54	1 56	170.12228290574575
1990	1 45	1 47	1 56	1 58	-277.85913301490814
1991	1 45	1 47	1 58	1 60	4.134489448162626
1992	1 45	1 47	1 60	1 62	92.21884795364322
1993	1 45	1 47	1 62	1 64	106.47640475351383
1994	1 45	1 47	1 64	1 66	-200.77646289909887
1995	1 45	1 47	1 49	1 51	-16.74490666312898
1996	1 45	1 47	1 51	1 53	1.8354955760457363
1997	1 45	1 47	1 53	1 55	289.5010067031699
1998	1 45	1 47	1 55	1 57	-269.0428730298731
1999	1 45	1 47	1 57	1 59	-2.6107752351899656
2000	1 45	1 47	1 59	1 61	30.324823040094124
2001	1 45	1 47	1 61	1 63	139.83274668893927
2002	1 45	1 47	1 63	1 65	-163.68566564193054
2003	1 45	1 47	1 65	1 67	7.6754487309175
2004	1 45	1 47	1 67	1 69	37.580342397643406
2005	1 45	1 47	1 66	1 68	18.34893109623104
2006	1 45	1 47	1 68	1 70	64.1551104028367
2007	1 45	1 47	1 70	1 72	58.938004270657615
2008	1 45	1 47	1 72	1 2	-116.9067381802409
2009	1 45	1 47	1 69	1 71	73.70857822869151
2010	1 45	1 47	1 71	1 1	-98.29910660364445
2011	1 46	1 48	1 47	1 49	-114.59857497627128
2012	1 46	1 48	1 49	1 51	-10.225220922710076
2013	1 46	1 48	1 51	1 53	-29.42281223245606
2014	1 46	1 48	1 53	1 55	169.88109069353882
2015	1 46	1 48	1 57	1 59	-3.605619422509628
2016	1 46	1 48	1 59	1 61	2.382214230861106
2017	1 46	1 48	1 61	1 63	108.96326224992518
2018	1 46	1 48	1 63	1 65	-105.4342216839105
2019	1 46	1 48	1 65	1 67	2.790031745593428
2020	1 46	1 48	1 50	1 52	-18.6542685243744
2021	1 46	1 48	1 52	1 54	-8.359611713105256
2022	1 46	1 48	1 54	1 56	353.7443347953217
2023	1 46	1 48	1 56	1 58	-319.1819216757741
2024	1 46	1 48	1 58	1 60	-4.095434557916186
2025	1 46	1 48	1 60	1 62	37.223040113105604
2026	1 46	1 48	1 62	1 64	164.6438603562404
2027	1 46	1 48	1 64	1 66	-196.457553047721
2028	1 46	1 48	1 66	1 68	7.625439902947548
2029	1 46	1 48	1 68	1 70	42.288068941468154
2030	1 46	1 48	1 67	1 69	19.175134996554984
2031	1 46	1 48	1 69	1 71	65.08783456499779
2032	1 46	1 48	1 71	1 1	-68.31365843634548
2033	1 46	1 48	1 70	1 72	73.8566662509354
2034	1 46	1 48	1 72	1 2	-102.4583503988454
2035	1 47	1 49	1 48	1 50	838.3416092613854
2036	1 47	1 49	1 50	1 52	-361.53846153846155
2037	1 47	1 49	1 52	1 54	-259.86173726940706
2038	1 47	1 49	1 54	1 56	-133.12486894019298
2039	1 47	1 49	1 56	1 58	743.409273384183
2040	1 47	1 49	1 58	1 60	-301.7409288824383
2041	1 47	1 49	1 60	1 62	-213.30475659245607
2042	1 47	1 49	1 62	1 64	-115.11337362732988
2043	1 47	1 49	1 64	1 66	568.8609360936093
2044	1 47	1 49	1 66	1 68	-209.49610862725618
2045	1 47	1 49	1 51	1 53	-275.5142787106263
2046	1 47	1 49	1 53	1 55	-288.25925600982623
2047	1 47	1 49	1 55	1 57	886.2508445945946
2048	1 47	1 49	1 61	1 63	-192.0924027712171
2049	1 47	1 49	1 63	1 65	604.3043193717277
2050	1 47	1 49	1 65	1 67	-173.05631742764317
2051	1 47	1 49	1 67	1 69	-197.83023241245382
2052	1 47	1 49	1 69	1 71	-140.04660852273014
2053	1 47	1 49	1 68	1 70	-175.03612306616947
2054	1 47	1 49	1 70	1 72	-89.54176995304081
2055	1 47	1 49	1 72	1 2	210.60528802695376
2056	1 47	1 49	1 71	1 1	200.99016891122153
2057	1 48	1 50	1 51	1 53	-304.01869467308586
2058	1 48	1 50	1 53	1 55	-313.76316026410564
2059	1 48	1 50	1 55	1 57	753.0535354552779
2060	1 48	1 50	1 57	1 59	-121.94656826225517
2061	1 48	1 50	1 59	1 61	-253.19858636255643
2062	1 48	1 50	1 63	1 65	572.5120399036807
2063	1 48	1 50	1 65	1 67	-105.97096058272317
2064	1 48	1 50	1 67	1 69	-192.86087569736102
2065	1 48	1 50	1 52	1 54	-257.0487983856173
2066	1 48	1 50	1 54	1 56	-338.0268570952698
2067	1 48	1 50	1 56	1 58	890.9739911144021
2068	1 48	1 50	1 62	1 64	-211.203920233463
2069	1 48	1 50	1 64	1 66	619.8390348258706
2070	1 48	1 50	1 66	1 68	-171.66252412769114
2071	1 48	1 50	1 68	1 70	-188.21257552491906
2072	1 48	1 50	1 70	1 72	-129.47703670094776
2073	1 48	1 50	1 69	1 71	-167.935101067454
2074	1 48	1 50	1 71	1 1	197.94567082610558
2075	1 48	1 50	1 72	1 2	228.7103408217306
2076	1 49	1 51	1 50	1 52	233.42367706919944
2077	1 49	1 51	1 52	1 54	-61.797014925373134
2078	1 49	1 51	1 54	1 56	-12.84415336236091
2079	1 49	1 51	1 56	1 58	-147.83810692853245
2080	1 49	1 51	1 58	1 60	179.7671917709682
2081	1 49	1 51	1 60	1 62	-21.59256178782205
2082	1 49	1 51	1 62	1 64	-8.150285197965278
2083	1 49	1 51	1 64	1 66	-129.6367427568042
2084	1 49	1 51	1 66	1 68	113.35325139027796
2085	1 49	1 51	1 68	1 70	14.841274838495451
2086	1 49	1 51	1 53	1 55	-25.033045246568378
2087	1 49	1 51	1 57	1 59	289.9653281303721
2088	1 49	1 51	1 59	1 61	13.663755148291662
2089	1 49	1 51	1 61	1 63	-15.315040650406505
2090	1 49	1 51	1 65	1 67	138.57765551864713
2091	1 49	1 51	1 67	1 69	52.708142398453816
2092	1 49	1 51	1 69	1 71	3.223947118837302
2093	1 49	1 51	1 71	1 1	-73.78109536662168
2094	1 49	1 51	1 70	1 72	-0.27926973442666736
2095	1 49	1 51	1 72	1 2	-63.57319988126388
2096	1 50	1 52	1 51	1 53	194.07173154546075
2097	1 50	1 52	1 53	1 55	-65.31580187341574
2098	1 50	1 52	1 55	1 57	-314.28582141785824
2099	1 50	1 52	1 57	1 59	166.6191336538152
2100	1 50	1 52	1 59	1 61	166.26909559157704
2101	1 50	1 52	1 61	1 63	-31.217971621468976
2102	1 50	1 52	1 63	1 65	-247.4589531214785
2103	1 50	1 52	1 65	1 67	108.6527472932992
2104	1 50	1 52	1 67	1 69	110.04224559999271
2105	1 50	1 52	1 69	1 71	10.555575551944443
2106	1 50	1 52	1 54	1 56	-28.24954102775709
2107	1 50	1 52	1 58	1 60	294.4524923318776
2108	1 50	1 52	1 62	1 64	-17.663630498268176
2109	1 50	1 52	1 66	1 68	147.3327946426685
2110	1 50	1 52	1 68	1 70	44.151296507967906
2111	1 50	1 52	1 72	1 2	-97.18621311826752
2112	1 50	1 52	1 71	1 1	-108.34197860962567
2113	1 51	1 53	1 52	1 54	191.20545253530327
2114	1 51	1 53	1 54	1 56	-74.14019578305292
2115	1 51	1 53	1 56	1 58	-274.84153099606624
2116	1 51	1 53	1 58	1 60	158.0881790429953
2117	1 51	1 53	1 60	1 62	142.42422977022164
2118	1 51	1 53	1 62	1 64	-33.65793504439593
2119	1 51	1 53	1 64	1 66	-223.0818407960199
2120	1 51	1 53	1 66	1 68	104.00863089148552
2121	1 51	1 53	1 68	1 70	96.55761441070624
2122	1 51	1 53	1 70	1 72	7.891485297352008
2123	1 51	1 53	1 59	1 61	262.83621202473313
2124	1 51	1 53	1 63	1 65	-247.63251633986928
2125	1 51	1 53	1 65	1 67	44.922412093328944
2126	1 51	1 53	1 67	1 69	131.73384801921918
2127	1 51	1 53	1 69	1 71	40.91754232952171
2128	1 51	1 53	1 71	1 1	-134.6676097096173
2129	1 51	1 53	1 72	1 2	-125.69597166095451
2130	1 52	1 54	1 53	1 55	180.27854852397866
2131	1 52	1 54	1 55	1 57	-319.63713008953397
2132	1 52	1 54	1 57	1 59	-26.57396035491741
2133	1 52	1 54	1 59	1 61	133.46932998874553
2134	1 52	1 54	1 61	1 63	162.01186830717324
2135	1 52	1 54	1 63	1 65	-266.9975856014047
2136	1 52	1 54	1 65	1 67	9.475606456133626
2137	1 52	1 54	1 67	1 69	93.42238095032918
2138	1 52	1 54	1 69	1 71	99.10124014961687
2139	1 52	1 54	1 71	1 1	-140.57009257509918
2140	1 52	1 54	1 60	1 62	275.2033341532474
2141	1 52	1 54	1 64	1 66	-243.94847070384475
2142	1 52	1 54	1 66	1 68	39.447081113488906
2143	1 52	1 54	1 68	1 70	132.10831826618693
2144	1 52	1 54	1 70	1 72	38.04600633954489
2145	1 52	1 54	1 72	1 2	-140.74274634362536
2146	1 53	1 55	1 56	1 58	-397.764858655479
2147	1 53	1 55	1 58	1 60	-32.45819520270798
2148	1 53	1 55	1 60	1 62	153.55312950348878
2149	1 53	1 55	1 64	1 66	-318.62465448864316
2150	1 53	1 55	1 66	1 68	6.325484059630673
2151	1 53	1 55	1 68	1 70	102.88789521677218
2152	1 53	1 55	1 70	1 72	103.4695314306683
2153	1 53	1 55	1 72	1 2	-156.99870627015915
2154	1 53	1 55	1 57	1 59	-16.48625148640621
2155	1 53	1 55	1 59	1 61	-17.79703271735565
2156	1 53	1 55	1 61	1 63	327.7646081417889
2157	1 53	1 55	1 63	1 65	-290.95829781187837
2158	1 53	1 55	1 67	1 69	37.5651249536287
2159	1 53	1 55	1 69	1 71	139.0490932450462
2160	1 53	1 55	1 71	1 1	-122.91373457406445
2161	1 54	1 56	1 57	1 59	-8.656948114270842
2162	1 54	1 56	1 59	1 61	-30.192544302852536
2163	1 54	1 56	1 61	1 63	193.38166086448302
2164	1 54	1 56	1 63	1 65	-150.80238081713225
2165	1 54	1 56	1 67	1 69	12.89504540775545
2166	1 54	1 56	1 69	1 71	115.05991148810622
2167	1 54	1 56	1 71	1 1	-95.265931736693
2168	1 54	1 56	1 58	1 60	-17.968142631352755
2169	1 54	1 56	1 62	1 64	412.1338112305854
2170	1 54	1 56	1 64	1 66	-381.86463844797174
2171	1 54	1 56	1 66	1 68	0.9221707408683103
2172	1 54	1 56	1 68	1 70	53.18403815817972
2173	1 54	1 56	1 70	1 72	156.71291987590928
2174	1 54	1 56	1 72	1 2	-175.30865272938445
2175	1 55	1 57	1 56	1 58	956.3421052631579
2176	1 55	1 57	1 60	1 62	-299.62253694581284
2177	1 55	1 57	1 62	1 64	-154.75293866969707
2178	1 55	1 57	1 64	1 66	855.7935174321153
2179	1 55	1 57	1 66	1 68	-340.3911991062562
2180	1 55	1 57	1 68	1 70	-249.617572398253
2181	1 55	1 57	1 70	1 72	-121.35801011847354
2182	1 55	1 57	1 72	1 2	278.0896488416268
2183	1 55	1 57	1 59	1 61	-310.64935064935065
2184	1 55	1 57	1 61	1 63	-314.3246960046323
2185	1 55	1 57	1 63	1 65	1000.1109625668449
2186	1 55	1 57	1 65	1 67	-334.03526865291576
2187	1 55	1 57	1 69	1 71	-206.25674892421182
2188	1 55	1 57	1 71	1 1	251.19614789360054
2189	1 56	1 58	1 57	1 59	-158.2860083020156
2190	1 56	1 58	1 59	1 61	-341.5980174312805
2191	1 56	1 58	1 61	1 63	-350.2947670460072
2192	1 56	1 58	1 63	1 65	858.0702947184127
2193	1 56	1 58	1 65	1 67	-150.61969700901145
2194	1 56	1 58	1 67	1 69	-297.21441350454484
2195	1 56	1 58	1 60	1 62	-304.397041529987
2196	1 56	1 58	1 62	1 64	-380.69030121768856
2197	1 56	1 58	1 64	1 66	1026.9194887525564
2198	1 56	1 58	1 66	1 68	-307.9137606837607
2199	1 56	1 58	1 68	1 70	-282.5010526562025
2200	1 56	1 58	1 70	1 72	-210.3638959390863
2201	1 56	1 58	1 72	1 2	343.6880141388175
2202	1 57	1 59	1 58	1 60	239.54538331726133
2203	1 57	1 59	1 60	1 62	-63.10036764705882
2204	1 57	1 59	1 62	1 64	-10.471838426319323
2205	1 57	1 59	1 64	1 66	-156.65635258803357
2206	1 57	1 59	1 66	1 68	192.7708346355446
2207	1 57	1 59	1 68	1 70	-22.761247958837153
2208	1 57	1 59	1 70	1 72	-6.981575968652471
2209	1 57	1 59	1 72	1 2	-68.10835434661492
2210	1 57	1 59	1 61	1 63	-24.177110427827444
2211	1 57	1 59	1 65	1 67	331.05286993847176
2212	1 57	1 59	1 69	1 71	-12.597549795660164
2213	1 57	1 59	1 71	1 1	-76.25904478684718
2214	1 58	1 60	1 59	1 61	238.99713458892734
2215	1 58	1 60	1 61	1 63	-77.57703715146366
2216	1 58	1 60	1 65	1 67	195.0204180845892
2217	1 58	1 60	1 67	1 69	186.8018014248558
2218	1 58	1 60	1 69	1 71	-25.602527621961585
2219	1 58	1 60	1 71	1 1	-125.6012419409569
2220	1 58	1 60	1 62	1 64	-25.957299696746503
2221	1 58	1 60	1 66	1 68	335.3043722060253
2222	1 58	1 60	1 70	1 72	-14.687503334368152
2223	1 58	1 60	1 72	1 2	-112.61065969428802
2224	1 59	1 61	1 60	1 62	181.72500000000002
2225	1 59	1 61	1 62	1 64	-68.46256050912291
2226	1 59	1 61	1 64	1 66	-328.7252191172425
2227	1 59	1 61	1 68	1 70	161.9923088312714
2228	1 59	1 61	1 70	1 72	-24.736610668558647
2229	1 59	1 61	1 72	1 2	-145.35361871623684
2230	1 59	1 61	1 65	1 67	6.774829514209232
2231	1 59	1 61	1 71	1 1	-162.59883870431014
2232	1 60	1 62	1 61	1 63	259.2876973091536
2233	1 60	1 62	1 63	1 65	-392.955324499468
2234	1 60	1 62	1 65	1 67	-23.616188741240556
2235	1 60	1 62	1 67	1 69	159.38733590798816
2236	1 60	1 62	1 69	1 71	192.6046224938731
2237	1 60	1 62	1 71	1 1	-231.59571138414412
2238	1 60	1 62	1 68	1 70	314.32532196969436
2239	1 60	1 62	1 70	1 72	6.790648710791393
2240	1 60	1 62	1 72	1 2	-207.18541304030083
2241	1 61	1 63	1 64	1 66	-439.15390360877427
2242	1 61	1 63	1 66	1 68	-27.15343470617347
2243	1 61	1 63	1 70	1 72	181.52541279921837
2244	1 61	1 63	1 72	1 2	-280.65863247863246
2245	1 61	1 63	1 65	1 67	-14.291829429520302
2246	1 61	1 63	1 67	1 69	5.20814910502062
2247	1 61	1 63	1 69	1 71	345.05887830493987
2248	1 61	1 63	1 71	1 1	-261.773923560716
2249	1 62	1 64	1 65	1 67	-7.769087099640691
2250	1 62	1 64	1 67	1 69	-22.881641396699678
2251	1 62	1 64	1 71	1 1	-106.20126869018571
2252	1 62	1 64	1 66	1 68	-14.626128419936078
2253	1 62	1 64	1 68	1 70	7.720393763243874
2254	1 62	1 64	1 70	1 72	377.93290043290045
2255	1 62	1 64	1 72	1 2	-311.42504598405884
2256	1 63	1 65	1 64	1 66	1074.942037470726
2257	1 63	1 65	1 66	1 68	-459.7391100702576
2258	1 63	1 65	1 68	1 70	-376.9511424219345
2259	1 63	1 65	1 70	1 72	-157.0202637853347
2260	1 63	1 65	1 72	1 2	445.8799345604683
2261	1 63	1 65	1 71	1 1	434.4850401098004
2262	1 64	1 66	1 67	1 69	-411.98923150758895
2263	1 64	1 66	1 69	1 71	-383.84570868945866
2264	1 64	1 66	1 71	1 1	414.289012345679
2265	1 64	1 66	1 68	1 70	-375.01385824990103
2266	1 64	1 66	1 70	1 72	-378.6610441767068
2267	1 64	1 66	1 72	1 2	565.0174419822935
2268	1 65	1 67	1 66	1 68	280.18421052631584
2269	1 65	1 67	1 68	1 70	-67.74716368385754
2270	1 65	1 67	1 70	1 72	-13.066563768772403
2271	1 65	1 67	1 72	1 2	-80.56131990794506
2272	1 65	1 67	1 69	1 71	-26.85953674873221
2273	1 65	1 67	1 71	1 1	-89.25852137230288
2274	1 66	1 68	1 67	1 69	261.349282978472
2275	1 66	1 68	1 69	1 71	-70.77016353180178
2276	1 66	1 68	1 71	1 1	-143.9159780009565
2277	1 66	1 68	1 70	1 72	-26.144583856879347
2278	1 66	1 68	1 72	1 2	-129.6910471065607
2279	1 67	1 69	1 68	1 70	244.99172609874682
2280	1 67	1 69	1 70	1 72	-65.8322531332987
2281	1 67	1 69	1 72	1 2	-184.1553405001083
2282	1 68	1 70	1 69	1 71	288.20777306216206
2283	1 68	1 70	1 71	1 1	-337.3814785188148
2284	1 69	1 71	1 70	1 72	290.0068804921459
2285	1 69	1 71	1 72	1 2	-425.5251704365886
2286	1 70	1 72	1 71	1 1	-156.19333572707419
2287	1 71	1 1	1 72	1 2	1827.9926872193228
