1920
1	1 1	1 3	1 2	1 4	409.11044117647054
2	1 1	1 3	1 4	1 6	-171.39129746835442
3	1 1	1 3	1 6	1 8	-30.761430896084
4	1 1	1 3	1 14	1 16	-14.715261712237718
5	1 1	1 3	1 20	1 22	8.697885797631141
6	1 1	1 3	1 5	1 7	-63.066991068419284
7	1 1	1 3	1 11	1 13	14.958413807384897
8	1 1	1 3	1 13	1 15	-22.54849257241105
9	1 2	1 4	1 3	1 5	349.7559289415248
10	1 2	1 4	1 5	1 7	-182.00285714285715
11	1 2	1 4	1 7	1 9	-390.81449771689495
12	1 2	1 4	1 9	1 11	223.31036556036554
13	1 2	1 4	1 17	1 19	116.03576798538086
14	1 2	1 4	1 21	1 23	3.836047323279545
15	1 2	1 4	1 6	1 8	-71.8198213825909
16	1 2	1 4	1 14	1 16	-24.663156304056397
17	1 2	1 4	1 22	1 24	-5.3627270463960794
18	1 2	1 4	1 30	1 32	5.043017248781818
19	1 3	1 5	1 4	1 6	370.85538633966246
20	1 3	1 5	1 6	1 8	-204.20975378787878
21	1 3	1 5	1 8	1 10	-356.9251326107011
22	1 3	1 5	1 10	1 12	196.47727626074175
23	1 3	1 5	1 18	1 20	110.60328653651004
24	1 3	1 5	1 21	1 23	37.67613073003136
25	1 3	1 5	1 30	1 32	16.652115573404302
26	1 4	1 6	1 5	1 7	382.1484296692282
27	1 4	1 6	1 7	1 9	-571.727539583704
28	1 4	1 6	1 9	1 11	-24.050149684478043
29	1 4	1 6	1 11	1 13	167.5065240359218
30	1 4	1 6	1 13	1 15	200.1600847069597
31	1 4	1 6	1 15	1 17	-332.2592844202899
32	1 4	1 6	1 17	1 19	12.724585251279006
33	1 4	1 6	1 19	1 21	99.40353905380587
34	1 4	1 6	1 21	1 23	101.7729409740414
35	1 4	1 6	1 23	1 25	-195.79132502197714
36	1 4	1 6	1 14	1 16	21.36325711733822
37	1 4	1 6	1 18	1 20	50.69482929242949
38	1 4	1 6	1 20	1 22	127.89744546365972
39	1 4	1 6	1 22	1 24	53.60790079367055
40	1 4	1 6	1 25	1 27	21.75617916543311
41	1 4	1 6	1 27	1 29	63.78845916655864
42	1 4	1 6	1 29	1 31	69.10873460494079
43	1 4	1 6	1 31	1 33	-139.48727549467276
44	1 4	1 6	1 35	1 37	43.65916999125615
45	1 4	1 6	1 37	1 39	50.213151558624986
46	1 4	1 6	1 39	1 41	-100.7090166203664
47	1 4	1 6	1 41	1 43	15.660622797160983
48	1 4	1 6	1 43	1 45	32.40295161741895
49	1 4	1 6	1 28	1 30	78.88015822010038
50	1 4	1 6	1 30	1 32	40.12736331584016
51	1 4	1 6	1 36	1 38	53.804076805238495
52	1 4	1 6	1 38	1 40	35.88707925747867
53	1 4	1 6	1 40	1 42	-107.33384005217977
54	1 4	1 6	1 42	1 44	23.41283066703353
55	1 4	1 6	1 44	1 46	37.17930291677608
56	1 4	1 6	1 46	1 48	28.138063537659317
57	1 4	1 6	1 45	1 47	34.682307557843885
58	1 4	1 6	1 47	1 49	-72.80331248799612
59	1 4	1 6	1 49	1 51	11.954881874085263
60	1 4	1 6	1 51	1 53	24.27940848090744
61	1 4	1 6	1 53	1 55	25.654460324221077
62	1 4	1 6	1 55	1 57	-54.71084655167766
63	1 4	1 6	1 57	1 59	9.384316342594714
64	1 4	1 6	1 59	1 61	17.360043515181914
65	1 4	1 6	1 61	1 63	18.54300759773312
66	1 4	1 6	1 63	1 65	-40.78632731563219
67	1 4	1 6	1 48	1 50	-80.75123928944619
68	1 4	1 6	1 50	1 52	18.80051055308583
69	1 4	1 6	1 52	1 54	25.128394911192785
70	1 4	1 6	1 54	1 56	21.632407777155823
71	1 4	1 6	1 56	1 58	-59.648421535102834
72	1 4	1 6	1 58	1 60	14.960400619781105
73	1 4	1 6	1 60	1 62	18.774458020206964
74	1 4	1 6	1 62	1 64	15.331497559580377
75	1 4	1 6	1 64	1 66	-44.77955827022217
76	1 4	1 6	1 66	1 68	11.64434458733355
77	1 4	1 6	1 65	1 67	7.959599302886728
78	1 4	1 6	1 67	1 69	13.594223957274874
79	1 4	1 6	1 69	1 71	12.839284579354835
80	1 4	1 6	1 68	1 70	14.357474806684134
81	1 4	1 6	1 70	1 72	9.701637412317877
82	1 5	1 7	1 6	1 8	486.1806298276887
83	1 5	1 7	1 8	1 10	-669.7328431372548
84	1 5	1 7	1 10	1 12	-31.945979692354744
85	1 5	1 7	1 16	1 18	-422.57490603185965
86	1 5	1 7	1 20	1 22	105.28604353283382
87	1 5	1 7	1 22	1 24	140.08407487119285
88	1 5	1 7	1 24	1 26	-242.56427021161153
89	1 5	1 7	1 13	1 15	374.8059652066408
90	1 5	1 7	1 15	1 17	-344.7444078947368
91	1 5	1 7	1 19	1 21	42.04590856873094
92	1 5	1 7	1 21	1 23	159.24501549980522
93	1 5	1 7	1 23	1 25	-187.35970420556887
94	1 5	1 7	1 27	1 29	39.99456245212824
95	1 5	1 7	1 26	1 28	17.832075040036607
96	1 5	1 7	1 28	1 30	73.54024349174924
97	1 5	1 7	1 30	1 32	72.66095987286738
98	1 5	1 7	1 32	1 34	-153.38155384386542
99	1 5	1 7	1 34	1 36	17.683120410298677
100	1 5	1 7	1 36	1 38	52.13634789587649
101	1 5	1 7	1 38	1 40	50.94595409084713
102	1 5	1 7	1 40	1 42	-111.9090448724551
103	1 5	1 7	1 42	1 44	17.335747623033797
104	1 5	1 7	1 44	1 46	36.50529092436639
105	1 5	1 7	1 29	1 31	93.05397922179752
106	1 5	1 7	1 31	1 33	-130.27453080375355
107	1 5	1 7	1 33	1 35	11.221960380967534
108	1 5	1 7	1 35	1 37	33.24396734234173
109	1 5	1 7	1 37	1 39	60.953247256180745
110	1 5	1 7	1 39	1 41	-95.75613660112093
111	1 5	1 7	1 41	1 43	10.017591183669534
112	1 5	1 7	1 43	1 45	27.831949531923577
113	1 5	1 7	1 45	1 47	39.05482436848058
114	1 5	1 7	1 47	1 49	-68.97831686190713
115	1 5	1 7	1 46	1 48	35.590029222192285
116	1 5	1 7	1 48	1 50	-82.78194119177725
117	1 5	1 7	1 52	1 54	24.543508094372644
118	1 5	1 7	1 54	1 56	25.22937426970439
119	1 5	1 7	1 56	1 58	-59.7803552430416
120	1 5	1 7	1 51	1 53	21.775899477249045
121	1 5	1 7	1 53	1 55	27.58418230048899
122	1 5	1 7	1 55	1 57	-52.39442786069651
123	1 5	1 7	1 61	1 63	19.43620483292718
124	1 5	1 7	1 63	1 65	-38.92124369551137
125	1 5	1 7	1 72	1 2	-140.5230767026628
126	1 5	1 7	1 71	1 1	-115.551396401838
127	1 6	1 8	1 9	1 11	-15.546158698060296
128	1 6	1 8	1 11	1 13	-26.702214678610183
129	1 6	1 8	1 15	1 17	-179.37817643452814
130	1 6	1 8	1 19	1 21	8.669476057200203
131	1 6	1 8	1 21	1 23	131.44407637361564
132	1 6	1 8	1 23	1 25	-126.19606054964146
133	1 6	1 8	1 12	1 14	26.14576264485531
134	1 6	1 8	1 14	1 16	494.234796460177
135	1 6	1 8	1 16	1 18	-483.7603728813559
136	1 6	1 8	1 20	1 22	49.984326488349296
137	1 6	1 8	1 22	1 24	206.04419540229884
138	1 6	1 8	1 24	1 26	-241.34499999999997
139	1 6	1 8	1 26	1 28	6.856085972286817
140	1 6	1 8	1 28	1 30	50.718061535290616
141	1 6	1 8	1 27	1 29	20.43687892622217
142	1 6	1 8	1 29	1 31	85.24085957131052
143	1 6	1 8	1 31	1 33	-100.53904670402989
144	1 6	1 8	1 33	1 35	5.9557660142993205
145	1 6	1 8	1 35	1 37	22.050912244612974
146	1 6	1 8	1 37	1 39	55.8165771755406
147	1 6	1 8	1 39	1 41	-76.3695090585743
148	1 6	1 8	1 41	1 43	6.220653193669822
149	1 6	1 8	1 43	1 45	20.867639579104548
150	1 6	1 8	1 45	1 47	35.17013980613736
151	1 6	1 8	1 30	1 32	88.59379485014775
152	1 6	1 8	1 32	1 34	-138.31998443637443
153	1 6	1 8	1 34	1 36	10.006846322318086
154	1 6	1 8	1 36	1 38	40.76225553085428
155	1 6	1 8	1 38	1 40	54.446339494247574
156	1 6	1 8	1 40	1 42	-98.74164070978739
157	1 6	1 8	1 42	1 44	11.818533937649137
158	1 6	1 8	1 44	1 46	29.833834424818953
159	1 6	1 8	1 46	1 48	35.45785160533251
160	1 6	1 8	1 48	1 50	-71.85785701462444
161	1 6	1 8	1 47	1 49	-56.348653327734986
162	1 6	1 8	1 51	1 53	17.141231723571487
163	1 6	1 8	1 53	1 55	24.57181113516799
164	1 6	1 8	1 55	1 57	-43.04938163090148
165	1 6	1 8	1 59	1 61	12.678523641231779
166	1 6	1 8	1 61	1 63	17.083125939294696
167	1 6	1 8	1 63	1 65	-32.34463353676328
168	1 6	1 8	1 50	1 52	11.29510285399471
169	1 6	1 8	1 52	1 54	20.341360286399215
170	1 6	1 8	1 54	1 56	23.935864897100302
171	1 6	1 8	1 56	1 58	-51.504947904771
172	1 6	1 8	1 58	1 60	9.929862901233804
173	1 6	1 8	1 60	1 62	15.4297364852495
174	1 6	1 8	1 62	1 64	15.657387965576602
175	1 6	1 8	1 64	1 66	-37.88214224799591
176	1 6	1 8	1 68	1 70	11.842462761119478
177	1 6	1 8	1 67	1 69	10.32268442523326
178	1 6	1 8	1 69	1 71	11.37334757816334
179	1 6	1 8	1 71	1 1	-79.6320675082206
180	1 6	1 8	1 70	1 72	9.288299656744687
181	1 6	1 8	1 72	1 2	-94.27124916375215
182	1 7	1 9	1 8	1 10	1193.644105894106
183	1 7	1 9	1 10	1 12	-379.6872714441522
184	1 7	1 9	1 20	1 22	-214.3316333282435
185	1 7	1 9	1 22	1 24	-139.57201030319715
186	1 7	1 9	1 24	1 26	547.2126711171202
187	1 7	1 9	1 26	1 28	-171.48402435142447
188	1 7	1 9	1 13	1 15	-366.83230733626476
189	1 7	1 9	1 15	1 17	960.5300792171483
190	1 7	1 9	1 19	1 21	-242.3435072848646
191	1 7	1 9	1 21	1 23	-192.0154791599614
192	1 7	1 9	1 23	1 25	574.5689300411523
193	1 7	1 9	1 25	1 27	-169.01786998277487
194	1 7	1 9	1 27	1 29	-174.76587894354685
195	1 7	1 9	1 29	1 31	-143.88714321124183
196	1 7	1 9	1 28	1 30	-168.17036177246223
197	1 7	1 9	1 30	1 32	-90.00063148733548
198	1 7	1 9	1 36	1 38	-128.81911097536445
199	1 7	1 9	1 38	1 40	-81.52245081557092
200	1 7	1 9	1 40	1 42	286.3582903040734
201	1 7	1 9	1 42	1 44	-80.2287398441693
202	1 7	1 9	1 44	1 46	-93.95176897665976
203	1 7	1 9	1 46	1 48	-65.95157675185405
204	1 7	1 9	1 33	1 35	-110.94975821329407
205	1 7	1 9	1 35	1 37	-124.14571605539288
206	1 7	1 9	1 37	1 39	-113.26303489863787
207	1 7	1 9	1 39	1 41	286.3612619095593
208	1 7	1 9	1 41	1 43	-67.45182667256304
209	1 7	1 9	1 43	1 45	-91.79285205715209
210	1 7	1 9	1 45	1 47	-83.25686093327172
211	1 7	1 9	1 47	1 49	204.89626280892105
212	1 7	1 9	1 49	1 51	-44.40205207110603
213	1 7	1 9	1 48	1 50	217.6622428764553
214	1 7	1 9	1 50	1 52	-60.02366740476878
215	1 7	1 9	1 52	1 54	-66.32263060722101
216	1 7	1 9	1 54	1 56	-52.61811419787253
217	1 7	1 9	1 56	1 58	162.36532908523083
218	1 7	1 9	1 58	1 60	-46.08969644128885
219	1 7	1 9	1 60	1 62	-50.46548249515694
220	1 7	1 9	1 62	1 64	-38.33068938309758
221	1 7	1 9	1 64	1 66	122.52040831454389
222	1 7	1 9	1 66	1 68	-34.752434119816805
223	1 7	1 9	1 51	1 53	-69.4389566685073
224	1 7	1 9	1 53	1 55	-64.38038160895528
225	1 7	1 9	1 55	1 57	153.57402763342327
226	1 7	1 9	1 57	1 59	-31.206340940045553
227	1 7	1 9	1 59	1 61	-50.013436025260546
228	1 7	1 9	1 61	1 63	-47.89464060243061
229	1 7	1 9	1 63	1 65	114.37134091186897
230	1 7	1 9	1 65	1 67	-24.70875588853762
231	1 7	1 9	1 67	1 69	-38.813447323969214
232	1 7	1 9	1 69	1 71	-33.97928300737068
233	1 7	1 9	1 68	1 70	-39.1978009836845
234	1 7	1 9	1 70	1 72	-25.162842019797033
235	1 7	1 9	1 72	1 2	477.5516165962655
236	1 8	1 10	1 9	1 11	-158.87944826455922
237	1 8	1 10	1 11	1 13	-324.508517918905
238	1 8	1 10	1 13	1 15	-420.27695404556164
239	1 8	1 10	1 15	1 17	843.8475260682887
240	1 8	1 10	1 17	1 19	-123.65669015165598
241	1 8	1 10	1 21	1 23	-244.32032610230107
242	1 8	1 10	1 23	1 25	533.3134517766498
243	1 8	1 10	1 25	1 27	-97.53774909549333
244	1 8	1 10	1 27	1 29	-170.23327221406012
245	1 8	1 10	1 14	1 16	-477.57678105303364
246	1 8	1 10	1 16	1 18	1053.871794871795
247	1 8	1 10	1 18	1 20	-244.17962583191456
248	1 8	1 10	1 20	1 22	-230.0491414921659
249	1 8	1 10	1 22	1 24	-255.35635625301123
250	1 8	1 10	1 24	1 26	615.5541909709564
251	1 8	1 10	1 26	1 28	-139.07002508361205
252	1 8	1 10	1 28	1 30	-183.62916938464883
253	1 8	1 10	1 30	1 32	-136.42156659765357
254	1 8	1 10	1 29	1 31	-181.04610080409685
255	1 8	1 10	1 31	1 33	393.2528498575071
256	1 8	1 10	1 33	1 35	-76.13299764818814
257	1 8	1 10	1 35	1 37	-120.04390000000001
258	1 8	1 10	1 37	1 39	-135.80614535768643
259	1 8	1 10	1 39	1 41	288.6958653846154
260	1 8	1 10	1 41	1 43	-51.43169968757236
261	1 8	1 10	1 43	1 45	-89.82875789408472
262	1 8	1 10	1 45	1 47	-94.2680785628001
263	1 8	1 10	1 47	1 49	204.89449277989246
264	1 8	1 10	1 32	1 34	402.54011082693944
265	1 8	1 10	1 34	1 36	-92.11999942354095
266	1 8	1 10	1 36	1 38	-138.99480375377118
267	1 8	1 10	1 38	1 40	-106.43060449134997
268	1 8	1 10	1 40	1 42	302.0051827213499
269	1 8	1 10	1 42	1 44	-69.68700187013135
270	1 8	1 10	1 44	1 46	-99.2839666154184
271	1 8	1 10	1 46	1 48	-79.85055463534607
272	1 8	1 10	1 48	1 50	226.37526981076286
273	1 8	1 10	1 50	1 52	-54.46169632774857
274	1 8	1 10	1 49	1 51	-36.684545991956234
275	1 8	1 10	1 51	1 53	-67.56329472268749
276	1 8	1 10	1 53	1 55	-70.70500617262584
277	1 8	1 10	1 55	1 57	154.47072899655234
278	1 8	1 10	1 57	1 59	-27.6371179469241
279	1 8	1 10	1 59	1 61	-48.76304068998024
280	1 8	1 10	1 61	1 63	-51.20139336742103
281	1 8	1 10	1 63	1 65	114.70514375512235
282	1 8	1 10	1 65	1 67	-22.939776373478338
283	1 8	1 10	1 67	1 69	-38.20131143770808
284	1 8	1 10	1 52	1 54	-68.8759783709902
285	1 8	1 10	1 54	1 56	-60.643776868023096
286	1 8	1 10	1 56	1 58	167.0406406306103
287	1 8	1 10	1 58	1 60	-42.83455499063186
288	1 8	1 10	1 60	1 62	-51.993436568618804
289	1 8	1 10	1 62	1 64	-42.6710022737564
290	1 8	1 10	1 64	1 66	125.4121214843548
291	1 8	1 10	1 66	1 68	-33.071469076799076
292	1 8	1 10	1 68	1 70	-39.91654511655587
293	1 8	1 10	1 70	1 72	-27.110385544263195
294	1 8	1 10	1 69	1 71	-35.608509982738134
295	1 9	1 11	1 10	1 12	220.986409305238
296	1 9	1 11	1 22	1 24	-8.396147995595364
297	1 9	1 11	1 28	1 30	11.007267697014642
298	1 9	1 11	1 19	1 21	11.725349918536768
299	1 9	1 11	1 21	1 23	-12.761895738742265
300	1 9	1 11	1 25	1 27	131.6564399483847
301	1 9	1 11	1 27	1 29	38.396657270892675
302	1 9	1 11	1 46	1 48	6.8652650518226395
303	1 9	1 11	1 43	1 45	25.93018770101811
304	1 9	1 11	1 45	1 47	11.491352055600911
305	1 9	1 11	1 50	1 52	22.391221945418906
306	1 9	1 11	1 58	1 60	15.99053338925668
307	1 9	1 11	1 62	1 64	6.752212124655294
308	1 9	1 11	1 66	1 68	11.355579177237098
309	1 9	1 11	1 68	1 70	10.002999028116665
310	1 9	1 11	1 57	1 59	12.643339254580154
311	1 9	1 11	1 59	1 61	14.806144316548341
312	1 9	1 11	1 61	1 63	9.795466332082903
313	1 9	1 11	1 63	1 65	-32.1142412354443
314	1 9	1 11	1 65	1 67	8.872946788606239
315	1 9	1 11	1 67	1 69	11.312039846695841
316	1 9	1 11	1 69	1 71	7.749459082008345
317	1 9	1 11	1 70	1 72	5.133725154516093
318	1 10	1 12	1 17	1 19	146.707739828441
319	1 10	1 12	1 25	1 27	90.90788788162968
320	1 10	1 12	1 29	1 31	7.889138481308589
321	1 10	1 12	1 20	1 22	9.47929446175715
322	1 10	1 12	1 22	1 24	-15.193843193809258
323	1 10	1 12	1 26	1 28	108.85424798143245
324	1 10	1 12	1 28	1 30	41.76613488253999
325	1 10	1 12	1 43	1 45	37.377778389852864
326	1 10	1 12	1 45	1 47	20.89773973225133
327	1 10	1 12	1 49	1 51	20.931595458996576
328	1 10	1 12	1 42	1 44	38.05776458287244
329	1 10	1 12	1 44	1 46	30.630563023895128
330	1 10	1 12	1 46	1 48	12.933233458723354
331	1 10	1 12	1 50	1 52	26.32438354201365
332	1 10	1 12	1 52	1 54	22.709626317527466
333	1 10	1 12	1 51	1 53	26.99043148815946
334	1 10	1 12	1 57	1 59	13.780316855370405
335	1 10	1 12	1 59	1 61	19.38822173427908
336	1 10	1 12	1 61	1 63	14.874623806654235
337	1 10	1 12	1 63	1 65	-42.01546981688392
338	1 10	1 12	1 65	1 67	10.301587048415811
339	1 10	1 12	1 67	1 69	14.677901226173537
340	1 10	1 12	1 69	1 71	11.149487253580517
341	1 10	1 12	1 58	1 60	19.180135505167627
342	1 10	1 12	1 60	1 62	17.541547431002613
343	1 10	1 12	1 62	1 64	10.683780167712026
344	1 10	1 12	1 64	1 66	-42.677132039534484
345	1 10	1 12	1 66	1 68	13.898202382693079
346	1 10	1 12	1 68	1 70	13.780922918923093
347	1 11	1 13	1 18	1 20	141.0272599770496
348	1 11	1 13	1 24	1 26	-184.67804501607716
349	1 11	1 13	1 26	1 28	78.75791148178862
350	1 11	1 13	1 28	1 30	80.92831252268037
351	1 11	1 13	1 30	1 32	4.517870803066524
352	1 11	1 13	1 25	1 27	35.98203404411238
353	1 11	1 13	1 27	1 29	109.20180032295188
354	1 11	1 13	1 29	1 31	30.673546997179002
355	1 11	1 13	1 36	1 38	56.44297781808328
356	1 11	1 13	1 38	1 40	18.393242262571157
357	1 11	1 13	1 42	1 44	33.405637894895776
358	1 11	1 13	1 44	1 46	38.9011634206738
359	1 11	1 13	1 46	1 48	19.661774039156697
360	1 11	1 13	1 48	1 50	-81.72834593067643
361	1 11	1 13	1 50	1 52	24.285418093591794
362	1 11	1 13	1 37	1 39	35.931924597718336
363	1 11	1 13	1 41	1 43	23.758815763408755
364	1 11	1 13	1 43	1 45	40.5000846428192
365	1 11	1 13	1 45	1 47	29.646239838410942
366	1 11	1 13	1 47	1 49	-80.31439362345435
367	1 11	1 13	1 49	1 51	16.690939750055318
368	1 11	1 13	1 51	1 53	28.806459577857428
369	1 11	1 13	1 53	1 55	23.859934062332748
370	1 11	1 13	1 52	1 54	26.74702342717662
371	1 11	1 13	1 54	1 56	17.805790308608437
372	1 11	1 13	1 56	1 58	-61.869531778228534
373	1 11	1 13	1 58	1 60	18.406391501498913
374	1 11	1 13	1 60	1 62	19.93807553010805
375	1 11	1 13	1 62	1 64	13.714913528912847
376	1 11	1 13	1 64	1 66	-47.14917402707964
377	1 11	1 13	1 66	1 68	13.768404081072049
378	1 11	1 13	1 68	1 70	15.274920007584392
379	1 11	1 13	1 70	1 72	9.365475228932173
380	1 11	1 13	1 55	1 57	-60.26028840850411
381	1 11	1 13	1 57	1 59	12.12312182510328
382	1 11	1 13	1 59	1 61	20.188014744796302
383	1 11	1 13	1 61	1 63	18.014931617390992
384	1 11	1 13	1 63	1 65	-44.732119051079465
385	1 11	1 13	1 65	1 67	9.700872248136736
386	1 11	1 13	1 67	1 69	15.369941225160677
387	1 11	1 13	1 69	1 71	12.955389401191375
388	1 12	1 14	1 13	1 15	225.97024979350022
389	1 12	1 14	1 15	1 17	-327.4743345591454
390	1 12	1 14	1 21	1 23	135.2676150739305
391	1 12	1 14	1 23	1 25	-225.8792725790841
392	1 12	1 14	1 25	1 27	8.625655048344125
393	1 12	1 14	1 27	1 29	73.70669327515435
394	1 12	1 14	1 29	1 31	86.13703044125765
395	1 12	1 14	1 31	1 33	-156.48451214563164
396	1 12	1 14	1 18	1 20	4.998101049120642
397	1 12	1 14	1 26	1 28	30.51910098705369
398	1 12	1 14	1 28	1 30	106.8786124701331
399	1 12	1 14	1 30	1 32	35.8664241400206
400	1 12	1 14	1 33	1 35	15.90523178687601
401	1 12	1 14	1 35	1 37	49.515517890401334
402	1 12	1 14	1 37	1 39	60.34615074427791
403	1 12	1 14	1 39	1 41	-113.21804696297738
404	1 12	1 14	1 41	1 43	14.084004763115974
405	1 12	1 14	1 43	1 45	36.52985953062878
406	1 12	1 14	1 45	1 47	40.38574122212866
407	1 12	1 14	1 47	1 49	-80.77507289604064
408	1 12	1 14	1 49	1 51	11.71472599112153
409	1 12	1 14	1 51	1 53	27.02513094053073
410	1 12	1 14	1 36	1 38	66.22454812410838
411	1 12	1 14	1 38	1 40	38.49970283497596
412	1 12	1 14	1 40	1 42	-120.23622340694325
413	1 12	1 14	1 42	1 44	23.873706551974486
414	1 12	1 14	1 44	1 46	43.54190234646266
415	1 12	1 14	1 46	1 48	31.244056843572558
416	1 12	1 14	1 48	1 50	-89.9636396958538
417	1 12	1 14	1 50	1 52	19.829595696566372
418	1 12	1 14	1 52	1 54	28.70446604908813
419	1 12	1 14	1 54	1 56	24.39221369548159
420	1 12	1 14	1 53	1 55	29.340889422126736
421	1 12	1 14	1 55	1 57	-60.61933785522827
422	1 12	1 14	1 57	1 59	9.684102567152838
423	1 12	1 14	1 59	1 61	19.133565973659294
424	1 12	1 14	1 61	1 63	20.96124631708132
425	1 12	1 14	1 63	1 65	-45.0725011872276
426	1 12	1 14	1 65	1 67	8.44787864521933
427	1 12	1 14	1 67	1 69	14.937919960731172
428	1 12	1 14	1 69	1 71	14.402697328753666
429	1 12	1 14	1 56	1 58	-66.58819311380788
430	1 12	1 14	1 58	1 60	16.06443608312767
431	1 12	1 14	1 60	1 62	21.083506141665474
432	1 12	1 14	1 62	1 64	17.271567935589793
433	1 12	1 14	1 64	1 66	-49.81796644323032
434	1 12	1 14	1 66	1 68	12.59310318913663
435	1 12	1 14	1 68	1 70	16.004498826691265
436	1 12	1 14	1 70	1 72	10.935030592865882
437	1 13	1 15	1 16	1 18	-409.06132693147094
438	1 13	1 15	1 20	1 22	130.88814100939175
439	1 13	1 15	1 24	1 26	-285.4196890514764
440	1 13	1 15	1 26	1 28	5.1894725694080215
441	1 13	1 15	1 28	1 30	89.1493187033599
442	1 13	1 15	1 30	1 32	93.23745635149336
443	1 13	1 15	1 32	1 34	-179.16338785735337
444	1 13	1 15	1 21	1 23	269.5496597224286
445	1 13	1 15	1 23	1 25	-243.40617019264118
446	1 13	1 15	1 27	1 29	30.533026994170314
447	1 13	1 15	1 29	1 31	130.80018782168355
448	1 13	1 15	1 31	1 33	-152.45009160662875
449	1 13	1 15	1 33	1 35	6.714199971565234
450	1 13	1 15	1 35	1 37	32.64898266840913
451	1 13	1 15	1 34	1 36	13.097314767597888
452	1 13	1 15	1 36	1 38	61.79347747470342
453	1 13	1 15	1 38	1 40	64.10391634355315
454	1 13	1 15	1 40	1 42	-130.8571195083682
455	1 13	1 15	1 42	1 44	16.236899777339737
456	1 13	1 15	1 44	1 46	42.55156402018539
457	1 13	1 15	1 46	1 48	43.73673273657289
458	1 13	1 15	1 48	1 50	-95.40210203399542
459	1 13	1 15	1 50	1 52	15.655750798403233
460	1 13	1 15	1 52	1 54	28.27469800057529
461	1 13	1 15	1 37	1 39	78.10201077132368
462	1 13	1 15	1 39	1 41	-108.65850148551623
463	1 13	1 15	1 41	1 43	8.02451364241404
464	1 13	1 15	1 43	1 45	29.839423774656936
465	1 13	1 15	1 45	1 47	47.83661229314421
466	1 13	1 15	1 47	1 49	-77.81766129032258
467	1 13	1 15	1 49	1 51	8.208728069100264
468	1 13	1 15	1 51	1 53	23.866766371727614
469	1 13	1 15	1 53	1 55	32.92618633070538
470	1 13	1 15	1 55	1 57	-58.91007540551266
471	1 13	1 15	1 54	1 56	30.581470445090712
472	1 13	1 15	1 56	1 58	-68.92541402106846
473	1 13	1 15	1 58	1 60	13.629309461801467
474	1 13	1 15	1 60	1 62	20.962074662108183
475	1 13	1 15	1 62	1 64	20.269704180358545
476	1 13	1 15	1 64	1 66	-50.68865281060403
477	1 13	1 15	1 66	1 68	11.269663661318742
478	1 13	1 15	1 68	1 70	16.019918217981758
479	1 13	1 15	1 70	1 72	12.120949904864727
480	1 13	1 15	1 72	1 2	-115.94532355006366
481	1 13	1 15	1 57	1 59	7.705281911956215
482	1 13	1 15	1 59	1 61	17.391901881942033
483	1 13	1 15	1 61	1 63	22.759170397958897
484	1 13	1 15	1 63	1 65	-43.90431017999391
485	1 13	1 15	1 65	1 67	7.2649940033268905
486	1 13	1 15	1 67	1 69	14.050568925311996
487	1 13	1 15	1 69	1 71	15.195070101390233
488	1 13	1 15	1 71	1 1	-100.91286347086361
489	1 14	1 16	1 15	1 17	-161.78012280847992
490	1 14	1 16	1 23	1 25	-120.52977366624754
491	1 14	1 16	1 27	1 29	7.3908918793198755
492	1 14	1 16	1 29	1 31	102.47172184516299
493	1 14	1 16	1 31	1 33	-101.81906373311696
494	1 14	1 16	1 22	1 24	333.4454268292683
495	1 14	1 16	1 28	1 30	42.27170227451983
496	1 14	1 16	1 30	1 32	126.74125464812008
497	1 14	1 16	1 32	1 34	-161.69307339120454
498	1 14	1 16	1 34	1 36	5.863536003145477
499	1 14	1 16	1 36	1 38	40.506486218761026
500	1 14	1 16	1 35	1 37	17.368319586666082
501	1 14	1 16	1 37	1 39	65.69118617016163
502	1 14	1 16	1 39	1 41	-79.5991102444176
503	1 14	1 16	1 41	1 43	4.480249040581663
504	1 14	1 16	1 43	1 45	19.69544802364864
505	1 14	1 16	1 45	1 47	40.471907154821736
506	1 14	1 16	1 47	1 49	-59.194735971313435
507	1 14	1 16	1 51	1 53	17.18411562797533
508	1 14	1 16	1 53	1 55	27.94022483247731
509	1 14	1 16	1 38	1 40	71.08294713815918
510	1 14	1 16	1 40	1 42	-112.14313439369619
511	1 14	1 16	1 44	1 46	31.302021604712692
512	1 14	1 16	1 46	1 48	44.05653773849046
513	1 14	1 16	1 48	1 50	-80.24332173644908
514	1 14	1 16	1 50	1 52	10.548172764652922
515	1 14	1 16	1 52	1 54	21.646305135367694
516	1 14	1 16	1 54	1 56	28.724671040198338
517	1 14	1 16	1 56	1 58	-56.92214339607851
518	1 14	1 16	1 55	1 57	-45.784465310816515
519	1 14	1 16	1 57	1 59	5.339147489207746
520	1 14	1 16	1 59	1 61	12.93521725073101
521	1 14	1 16	1 61	1 63	19.11961165944759
522	1 14	1 16	1 63	1 65	-34.30588022090373
523	1 14	1 16	1 65	1 67	5.261836695734404
524	1 14	1 16	1 67	1 69	10.751675686655226
525	1 14	1 16	1 69	1 71	12.586742847094325
526	1 14	1 16	1 71	1 1	-69.98112703145586
527	1 14	1 16	1 58	1 60	9.72390552511979
528	1 14	1 16	1 60	1 62	16.47929903779479
529	1 14	1 16	1 62	1 64	18.21349699437002
530	1 14	1 16	1 64	1 66	-41.4236271349517
531	1 14	1 16	1 66	1 68	8.332743741387183
532	1 14	1 16	1 68	1 70	12.745966030943581
533	1 14	1 16	1 70	1 72	10.585413045996988
534	1 14	1 16	1 72	1 2	-80.34586296961358
535	1 15	1 17	1 20	1 22	-240.23501670539383
536	1 15	1 17	1 26	1 28	-220.67800064900823
537	1 15	1 17	1 28	1 30	-189.8881934558808
538	1 15	1 17	1 30	1 32	-95.16948185628891
539	1 15	1 17	1 32	1 34	443.09320339830083
540	1 15	1 17	1 34	1 36	-141.7327125506073
541	1 15	1 17	1 19	1 21	-259.4176003876204
542	1 15	1 17	1 21	1 23	-242.07042274847072
543	1 15	1 17	1 23	1 25	741.0053613774616
544	1 15	1 17	1 25	1 27	-252.97387426166392
545	1 15	1 17	1 27	1 29	-194.52582137698084
546	1 15	1 17	1 29	1 31	-163.32710123523094
547	1 15	1 17	1 31	1 33	497.6376174550087
548	1 15	1 17	1 33	1 35	-150.08082912348314
549	1 15	1 17	1 35	1 37	-145.21181716321956
550	1 15	1 17	1 37	1 39	-128.81408404248302
551	1 15	1 17	1 36	1 38	-147.18341486323888
552	1 15	1 17	1 38	1 40	-89.41863286677636
553	1 15	1 17	1 40	1 42	337.923409219457
554	1 15	1 17	1 42	1 44	-100.08980354998404
555	1 15	1 17	1 44	1 46	-109.04297285110508
556	1 15	1 17	1 46	1 48	-73.49550790074717
557	1 15	1 17	1 48	1 50	252.95471235177115
558	1 15	1 17	1 50	1 52	-72.94905434649681
559	1 15	1 17	1 52	1 54	-77.33365825620814
560	1 15	1 17	1 54	1 56	-59.54503077467679
561	1 15	1 17	1 39	1 41	348.54396079482956
562	1 15	1 17	1 41	1 43	-88.67575443422928
563	1 15	1 17	1 43	1 45	-109.16908692055956
564	1 15	1 17	1 45	1 47	-94.94312132997788
565	1 15	1 17	1 47	1 49	244.07799272286235
566	1 15	1 17	1 49	1 51	-55.775545744465134
567	1 15	1 17	1 51	1 53	-82.4456479576844
568	1 15	1 17	1 53	1 55	-74.05202674686527
569	1 15	1 17	1 55	1 57	181.9279842527351
570	1 15	1 17	1 57	1 59	-38.39255427077127
571	1 15	1 17	1 56	1 58	190.58424983921947
572	1 15	1 17	1 58	1 60	-55.603370437216014
573	1 15	1 17	1 60	1 62	-58.96758516720001
574	1 15	1 17	1 62	1 64	-43.82138949710204
575	1 15	1 17	1 64	1 66	144.26436590681286
576	1 15	1 17	1 66	1 68	-41.65866448873539
577	1 15	1 17	1 68	1 70	-45.85190588134975
578	1 15	1 17	1 70	1 72	-28.94600847743439
579	1 15	1 17	1 72	1 2	325.707011909541
580	1 15	1 17	1 59	1 61	-59.34319316322917
581	1 15	1 17	1 61	1 63	-55.197568094399216
582	1 15	1 17	1 63	1 65	135.48421384755363
583	1 15	1 17	1 65	1 67	-29.9269252984245
584	1 15	1 17	1 67	1 69	-45.993924152630484
585	1 15	1 17	1 69	1 71	-39.515524475965414
586	1 16	1 18	1 17	1 19	-121.11806621655347
587	1 16	1 18	1 21	1 23	-277.3263975155279
588	1 16	1 18	1 23	1 25	627.2498218104063
589	1 16	1 18	1 25	1 27	-106.71868602571945
590	1 16	1 18	1 29	1 31	-206.12169930819448
591	1 16	1 18	1 31	1 33	455.9765978753048
592	1 16	1 18	1 33	1 35	-84.27044410453313
593	1 16	1 18	1 35	1 37	-142.30313030247507
594	1 16	1 18	1 20	1 22	-244.78370786516854
595	1 16	1 18	1 22	1 24	-321.2921936163806
596	1 16	1 18	1 24	1 26	766.1329925888065
597	1 16	1 18	1 26	1 28	-190.0440544406752
598	1 16	1 18	1 28	1 30	-205.92701112835883
599	1 16	1 18	1 30	1 32	-163.28911333672835
600	1 16	1 18	1 32	1 34	474.09452820282024
601	1 16	1 18	1 34	1 36	-111.73969088804549
602	1 16	1 18	1 36	1 38	-160.18910161405964
603	1 16	1 18	1 38	1 40	-124.2605462471172
604	1 16	1 18	1 37	1 39	-156.3834679698148
605	1 16	1 18	1 39	1 41	337.09328333355535
606	1 16	1 18	1 41	1 43	-58.73361487673115
607	1 16	1 18	1 43	1 45	-105.83727289594887
608	1 16	1 18	1 45	1 47	-109.29489992751041
609	1 16	1 18	1 47	1 49	238.60476904067093
610	1 16	1 18	1 49	1 51	-42.00622653565076
611	1 16	1 18	1 51	1 53	-78.88341238712032
612	1 16	1 18	1 53	1 55	-81.71893080440464
613	1 16	1 18	1 55	1 57	178.7046951617316
614	1 16	1 18	1 40	1 42	353.094318383659
615	1 16	1 18	1 42	1 44	-82.22694366490782
616	1 16	1 18	1 44	1 46	-116.34677632725231
617	1 16	1 18	1 46	1 48	-93.14161516526892
618	1 16	1 18	1 48	1 50	263.01469467180226
619	1 16	1 18	1 50	1 52	-63.36118844995447
620	1 16	1 18	1 52	1 54	-79.93360482035214
621	1 16	1 18	1 54	1 56	-70.26451591490763
622	1 16	1 18	1 56	1 58	194.83383420100043
623	1 16	1 18	1 58	1 60	-49.82642966411234
624	1 16	1 18	1 57	1 59	-31.789526081379073
625	1 16	1 18	1 59	1 61	-56.63472994433812
626	1 16	1 18	1 61	1 63	-59.47721828566431
627	1 16	1 18	1 63	1 65	133.71156941009906
628	1 16	1 18	1 65	1 67	-26.436410087437814
629	1 16	1 18	1 67	1 69	-44.18745051228013
630	1 16	1 18	1 69	1 71	-41.292665174908166
631	1 16	1 18	1 60	1 62	-60.24195992036614
632	1 16	1 18	1 62	1 64	-49.44044784293649
633	1 16	1 18	1 64	1 66	145.77162583279605
634	1 16	1 18	1 66	1 68	-38.28801525174693
635	1 16	1 18	1 68	1 70	-46.293937452605164
636	1 16	1 18	1 70	1 72	-31.462653798294333
637	1 16	1 18	1 72	1 2	322.18677510281407
638	1 17	1 19	1 30	1 32	-4.731306784479237
639	1 17	1 19	1 29	1 31	-8.455202871685131
640	1 17	1 19	1 35	1 37	30.682118990703326
641	1 17	1 19	1 37	1 39	1.8761373302126385
642	1 17	1 19	1 44	1 46	15.37734820497133
643	1 17	1 19	1 46	1 48	4.420449354008827
644	1 17	1 19	1 50	1 52	29.467235824248768
645	1 17	1 19	1 52	1 54	15.19526389956135
646	1 17	1 19	1 54	1 56	6.280004840334705
647	1 17	1 19	1 56	1 58	-45.26930529534205
648	1 17	1 19	1 41	1 43	58.277330388880706
649	1 17	1 19	1 43	1 45	28.151075531901988
650	1 17	1 19	1 45	1 47	8.237759797583145
651	1 17	1 19	1 47	1 49	-69.66774689723252
652	1 17	1 19	1 49	1 51	30.47897584290085
653	1 17	1 19	1 51	1 53	22.866913125573618
654	1 17	1 19	1 53	1 55	10.326803023177288
655	1 17	1 19	1 55	1 57	-50.893334662865826
656	1 17	1 19	1 57	1 59	17.401628888719323
657	1 17	1 19	1 59	1 61	17.639805338770195
658	1 17	1 19	1 58	1 60	20.52051377087774
659	1 17	1 19	1 60	1 62	13.321165417273072
660	1 17	1 19	1 62	1 64	6.286827579199137
661	1 17	1 19	1 64	1 66	-35.93810116599067
662	1 17	1 19	1 66	1 68	14.3090034481005
663	1 17	1 19	1 68	1 70	11.251135986862161
664	1 17	1 19	1 70	1 72	5.159216615513936
665	1 17	1 19	1 61	1 63	9.755765870593649
666	1 17	1 19	1 63	1 65	-38.16242346206219
667	1 17	1 19	1 65	1 67	11.71427060468595
668	1 17	1 19	1 67	1 69	13.507315118721444
669	1 17	1 19	1 69	1 71	8.231120664825841
670	1 18	1 20	1 25	1 27	125.77938437718555
671	1 18	1 20	1 33	1 35	78.32085380427566
672	1 18	1 20	1 37	1 39	11.3416169182156
673	1 18	1 20	1 22	1 24	-17.673585469815713
674	1 18	1 20	1 28	1 30	14.695702504023288
675	1 18	1 20	1 30	1 32	-9.057462034350467
676	1 18	1 20	1 34	1 36	88.62074584948068
677	1 18	1 20	1 36	1 38	35.960726085771455
678	1 18	1 20	1 41	1 43	45.961101203343205
679	1 18	1 20	1 43	1 45	46.644095128237055
680	1 18	1 20	1 45	1 47	19.063511998881683
681	1 18	1 20	1 49	1 51	27.539625088569963
682	1 18	1 20	1 51	1 53	32.738061197626614
683	1 18	1 20	1 53	1 55	18.951554145556997
684	1 18	1 20	1 55	1 57	-66.22679566158882
685	1 18	1 20	1 57	1 59	17.48687272485838
686	1 18	1 20	1 42	1 44	51.747417330006726
687	1 18	1 20	1 44	1 46	32.9851908542741
688	1 18	1 20	1 46	1 48	10.186718333506828
689	1 18	1 20	1 48	1 50	-81.46433251066726
690	1 18	1 20	1 50	1 52	33.72859920623499
691	1 18	1 20	1 52	1 54	25.53686751731838
692	1 18	1 20	1 54	1 56	12.177830145359962
693	1 18	1 20	1 56	1 58	-63.30683545870832
694	1 18	1 20	1 58	1 60	23.836386730701477
695	1 18	1 20	1 60	1 62	20.028653443991857
696	1 18	1 20	1 59	1 61	23.345698303079203
697	1 18	1 20	1 61	1 63	15.960642569307264
698	1 18	1 20	1 63	1 65	-49.65246882803906
699	1 18	1 20	1 65	1 67	12.806799430041163
700	1 18	1 20	1 67	1 69	17.53534668278391
701	1 18	1 20	1 69	1 71	12.423403088864895
702	1 18	1 20	1 62	1 64	10.877989190185888
703	1 18	1 20	1 64	1 66	-49.20135292777398
704	1 18	1 20	1 66	1 68	17.01057674622554
705	1 18	1 20	1 68	1 70	15.835348021216165
706	1 19	1 21	1 20	1 22	140.33277752945025
707	1 19	1 21	1 22	1 24	-41.42268150149347
708	1 19	1 21	1 24	1 26	-225.71428571428572
709	1 19	1 21	1 26	1 28	113.24775033929309
710	1 19	1 21	1 28	1 30	111.36894788352974
711	1 19	1 21	1 30	1 32	-14.539412965811598
712	1 19	1 21	1 32	1 34	-166.82395088791205
713	1 19	1 21	1 34	1 36	65.44393279082323
714	1 19	1 21	1 36	1 38	74.84530133286927
715	1 19	1 21	1 38	1 40	11.946206357562353
716	1 19	1 21	1 27	1 29	194.05707375639935
717	1 19	1 21	1 33	1 35	32.393905488729615
718	1 19	1 21	1 35	1 37	92.74454528441478
719	1 19	1 21	1 37	1 39	34.60251345442302
720	1 19	1 21	1 41	1 43	27.091350253878304
721	1 19	1 21	1 40	1 42	-129.51959903745936
722	1 19	1 21	1 42	1 44	43.532007838654366
723	1 19	1 21	1 44	1 46	50.96426278639393
724	1 19	1 21	1 46	1 48	19.56015609692378
725	1 19	1 21	1 48	1 50	-100.55926560514933
726	1 19	1 21	1 50	1 52	31.240370119437966
727	1 19	1 21	1 52	1 54	34.139615499540014
728	1 19	1 21	1 54	1 56	19.771461690602983
729	1 19	1 21	1 56	1 58	-75.93777975095827
730	1 19	1 21	1 58	1 60	23.304851749100525
731	1 19	1 21	1 43	1 45	55.84390258263382
732	1 19	1 21	1 45	1 47	34.36134756498641
733	1 19	1 21	1 47	1 49	-101.32765637454847
734	1 19	1 21	1 49	1 51	20.05783240691393
735	1 19	1 21	1 51	1 53	37.7442850838482
736	1 19	1 21	1 53	1 55	28.513868545880708
737	1 19	1 21	1 55	1 57	-74.95793623895153
738	1 19	1 21	1 57	1 59	14.93948357895112
739	1 19	1 21	1 59	1 61	25.833328733105162
740	1 19	1 21	1 61	1 63	21.959330669243837
741	1 19	1 21	1 60	1 62	25.118076898853758
742	1 19	1 21	1 62	1 64	15.986647312646742
743	1 19	1 21	1 64	1 66	-58.285946326147325
744	1 19	1 21	1 66	1 68	17.32112926838919
745	1 19	1 21	1 68	1 70	19.115669536083658
746	1 19	1 21	1 70	1 72	11.233076279102722
747	1 19	1 21	1 72	1 2	-148.08055198973042
748	1 19	1 21	1 63	1 65	-56.00376670141192
749	1 19	1 21	1 65	1 67	12.123394350550114
750	1 19	1 21	1 67	1 69	19.391373936627865
751	1 19	1 21	1 69	1 71	15.867251741986692
752	1 20	1 22	1 21	1 23	145.54877385329206
753	1 20	1 22	1 23	1 25	-245.39797915607522
754	1 20	1 22	1 27	1 29	100.72598642318158
755	1 20	1 22	1 29	1 31	112.09552001086507
756	1 20	1 22	1 31	1 33	-193.7913631935424
757	1 20	1 22	1 33	1 35	7.504969229733831
758	1 20	1 22	1 35	1 37	64.37575156276016
759	1 20	1 22	1 37	1 39	77.08207163886163
760	1 20	1 22	1 39	1 41	-137.99765432098764
761	1 20	1 22	1 28	1 30	184.51824166428293
762	1 20	1 22	1 30	1 32	4.976031001137455
763	1 20	1 22	1 32	1 34	-178.18448507810996
764	1 20	1 22	1 34	1 36	24.427301579778415
765	1 20	1 22	1 36	1 38	95.18469784175792
766	1 20	1 22	1 38	1 40	36.54846775639684
767	1 20	1 22	1 40	1 42	-143.06099844148625
768	1 20	1 22	1 42	1 44	25.934080794633843
769	1 20	1 22	1 41	1 43	11.749944662651673
770	1 20	1 22	1 43	1 45	46.055964556821856
771	1 20	1 22	1 45	1 47	50.73211668481561
772	1 20	1 22	1 47	1 49	-97.91489921121823
773	1 20	1 22	1 49	1 51	11.923305677801025
774	1 20	1 22	1 51	1 53	33.34272271709525
775	1 20	1 22	1 53	1 55	36.05996808125597
776	1 20	1 22	1 55	1 57	-72.7825521468403
777	1 20	1 22	1 57	1 59	10.72570187211746
778	1 20	1 22	1 59	1 61	23.15000096091117
779	1 20	1 22	1 44	1 46	57.58025047515613
780	1 20	1 22	1 46	1 48	34.57779877659385
781	1 20	1 22	1 48	1 50	-108.22789851223447
782	1 20	1 22	1 50	1 52	22.710316180992123
783	1 20	1 22	1 52	1 54	36.19368436441607
784	1 20	1 22	1 54	1 56	28.4853581295174
785	1 20	1 22	1 56	1 58	-79.60892521604875
786	1 20	1 22	1 58	1 60	18.739258676682564
787	1 20	1 22	1 60	1 62	25.940607994273513
788	1 20	1 22	1 62	1 64	20.53273352949214
789	1 20	1 22	1 61	1 63	25.581537657879515
790	1 20	1 22	1 63	1 65	-54.103564466425176
791	1 20	1 22	1 65	1 67	9.725633312875399
792	1 20	1 22	1 67	1 69	17.914653274213496
793	1 20	1 22	1 69	1 71	17.413533842164213
794	1 20	1 22	1 71	1 1	-113.27856807951989
795	1 20	1 22	1 64	1 66	-59.62110217799311
796	1 20	1 22	1 66	1 68	14.806327908021574
797	1 20	1 22	1 68	1 70	19.386209000723277
798	1 20	1 22	1 70	1 72	13.091672955374534
799	1 20	1 22	1 72	1 2	-119.43396757762758
800	1 21	1 23	1 22	1 24	183.73578172197656
801	1 21	1 23	1 24	1 26	-287.31008975476453
802	1 21	1 23	1 28	1 30	124.0326377090536
803	1 21	1 23	1 30	1 32	121.67940953781803
804	1 21	1 23	1 32	1 34	-223.70572783607804
805	1 21	1 23	1 34	1 36	6.002026229783112
806	1 21	1 23	1 36	1 38	83.30711933315942
807	1 21	1 23	1 38	1 40	85.92743458715135
808	1 21	1 23	1 40	1 42	-168.07590784885593
809	1 21	1 23	1 29	1 31	230.83524419297203
810	1 21	1 23	1 31	1 33	-218.30217391304348
811	1 21	1 23	1 35	1 37	31.50245637605365
812	1 21	1 23	1 37	1 39	116.80337725669227
813	1 21	1 23	1 39	1 41	-142.95939836762622
814	1 21	1 23	1 41	1 43	5.8465493123281895
815	1 21	1 23	1 43	1 45	34.44901343860859
816	1 21	1 23	1 42	1 44	15.534632177547486
817	1 21	1 23	1 44	1 46	55.762935860560916
818	1 21	1 23	1 46	1 48	57.80742663150217
819	1 21	1 23	1 48	1 50	-122.1321949395488
820	1 21	1 23	1 50	1 52	17.213663637833783
821	1 21	1 23	1 52	1 54	36.10278653439972
822	1 21	1 23	1 54	1 56	40.17236867992783
823	1 21	1 23	1 56	1 58	-87.17683536192473
824	1 21	1 23	1 58	1 60	15.82466887029716
825	1 21	1 23	1 60	1 62	26.551646663844284
826	1 21	1 23	1 45	1 47	65.91457415831056
827	1 21	1 23	1 47	1 49	-98.3298488881257
828	1 21	1 23	1 49	1 51	7.976541225873859
829	1 21	1 23	1 51	1 53	28.833767133297926
830	1 21	1 23	1 53	1 55	43.667537444175885
831	1 21	1 23	1 55	1 57	-73.5123507629705
832	1 21	1 23	1 57	1 59	8.479007286158726
833	1 21	1 23	1 59	1 61	21.096107951601276
834	1 21	1 23	1 61	1 63	29.446323729961186
835	1 21	1 23	1 63	1 65	-54.363333649199284
836	1 21	1 23	1 62	1 64	26.39782955518671
837	1 21	1 23	1 64	1 66	-63.7257793137946
838	1 21	1 23	1 66	1 68	13.34472458326815
839	1 21	1 23	1 68	1 70	20.040898468372713
840	1 21	1 23	1 70	1 72	15.510406875928666
841	1 21	1 23	1 72	1 2	-108.94608219786224
842	1 21	1 23	1 65	1 67	8.401384480142571
843	1 21	1 23	1 67	1 69	17.104106027351005
844	1 21	1 23	1 69	1 71	19.319114777191892
845	1 21	1 23	1 71	1 1	-98.71478256567093
846	1 22	1 24	1 23	1 25	-127.01072785955597
847	1 22	1 24	1 27	1 29	-13.521045696157806
848	1 22	1 24	1 29	1 31	143.6166912538028
849	1 22	1 24	1 31	1 33	-119.72212710582284
850	1 22	1 24	1 35	1 37	10.983663564665608
851	1 22	1 24	1 37	1 39	92.49695018331441
852	1 22	1 24	1 39	1 41	-96.59546555540078
853	1 22	1 24	1 41	1 43	3.014699122440451
854	1 22	1 24	1 28	1 30	16.792889473014874
855	1 22	1 24	1 30	1 32	235.7200772200772
856	1 22	1 24	1 32	1 34	-235.86497493734333
857	1 22	1 24	1 36	1 38	42.361571219810976
858	1 22	1 24	1 38	1 40	115.79327857861213
859	1 22	1 24	1 40	1 42	-154.26657271577267
860	1 22	1 24	1 42	1 44	8.395358941923414
861	1 22	1 24	1 44	1 46	37.30551418077943
862	1 22	1 24	1 43	1 45	20.233900521679146
863	1 22	1 24	1 45	1 47	55.86668839028024
864	1 22	1 24	1 47	1 49	-72.72051140949446
865	1 22	1 24	1 51	1 53	19.543918883038746
866	1 22	1 24	1 53	1 55	37.85760329678402
867	1 22	1 24	1 55	1 57	-57.14654298841629
868	1 22	1 24	1 57	1 59	5.730640903741814
869	1 22	1 24	1 59	1 61	15.329956728630524
870	1 22	1 24	1 61	1 63	25.604672953508178
871	1 22	1 24	1 46	1 48	66.69294424251723
872	1 22	1 24	1 48	1 50	-107.13470746161555
873	1 22	1 24	1 50	1 52	10.990146880714846
874	1 22	1 24	1 52	1 54	26.823227217472517
875	1 22	1 24	1 54	1 56	41.57002450980392
876	1 22	1 24	1 56	1 58	-74.53958297378983
877	1 22	1 24	1 58	1 60	10.978630547185954
878	1 22	1 24	1 60	1 62	20.836128210689044
879	1 22	1 24	1 62	1 64	25.5785132180481
880	1 22	1 24	1 64	1 66	-53.63625274725275
881	1 22	1 24	1 63	1 65	-43.1025726017301
882	1 22	1 24	1 65	1 67	6.042912151391892
883	1 22	1 24	1 67	1 69	13.085880578118603
884	1 22	1 24	1 69	1 71	16.59237400530504
885	1 22	1 24	1 71	1 1	-72.33530882401396
886	1 22	1 24	1 66	1 68	9.790771401350955
887	1 22	1 24	1 68	1 70	16.17796462672839
888	1 22	1 24	1 70	1 72	14.35419453079815
889	1 22	1 24	1 72	1 2	-82.32384831685216
890	1 23	1 25	1 24	1 26	653.935365595383
891	1 23	1 25	1 26	1 28	-251.10910733930535
892	1 23	1 25	1 28	1 30	-228.48719320776254
893	1 23	1 25	1 32	1 34	543.8333958798316
894	1 23	1 25	1 34	1 36	-192.70321157227698
895	1 23	1 25	1 36	1 38	-178.16065258029795
896	1 23	1 25	1 38	1 40	-100.67397935158033
897	1 23	1 25	1 40	1 42	424.5233270463975
898	1 23	1 25	1 42	1 44	-135.26308062961772
899	1 23	1 25	1 27	1 29	-218.02099465080613
900	1 23	1 25	1 29	1 31	-221.79630954814968
901	1 23	1 25	1 31	1 33	680.6448378254911
902	1 23	1 25	1 33	1 35	-232.22824313863708
903	1 23	1 25	1 35	1 37	-174.3945392137465
904	1 23	1 25	1 37	1 39	-158.64445814594518
905	1 23	1 25	1 39	1 41	456.4715479022491
906	1 23	1 25	1 41	1 43	-128.30614167010572
907	1 23	1 25	1 43	1 45	-137.66622207243745
908	1 23	1 25	1 45	1 47	-116.90956159722735
909	1 23	1 25	1 44	1 46	-133.81759377101142
910	1 23	1 25	1 46	1 48	-85.48544175878568
911	1 23	1 25	1 48	1 50	321.69647628040434
912	1 23	1 25	1 50	1 52	-97.56642233569428
913	1 23	1 25	1 52	1 54	-96.39672437129828
914	1 23	1 25	1 54	1 56	-71.07222939953574
915	1 23	1 25	1 56	1 58	239.40820055620816
916	1 23	1 25	1 58	1 60	-72.7419831721318
917	1 23	1 25	1 60	1 62	-73.62089109874515
918	1 23	1 25	1 62	1 64	-52.94725381899271
919	1 23	1 25	1 47	1 49	315.869931378665
920	1 23	1 25	1 49	1 51	-77.81067013950204
921	1 23	1 25	1 51	1 53	-104.70543107837128
922	1 23	1 25	1 53	1 55	-90.67042329680226
923	1 23	1 25	1 55	1 57	231.7006658832746
924	1 23	1 25	1 57	1 59	-51.38315885055016
925	1 23	1 25	1 59	1 61	-76.07017927149545
926	1 23	1 25	1 61	1 63	-68.12963185119807
927	1 23	1 25	1 63	1 65	172.40720398471325
928	1 23	1 25	1 65	1 67	-39.35552018901326
929	1 23	1 25	1 64	1 66	180.94420565496216
930	1 23	1 25	1 66	1 68	-53.85068383697106
931	1 23	1 25	1 68	1 70	-57.51938806711768
932	1 23	1 25	1 70	1 72	-35.60619359725973
933	1 23	1 25	1 72	1 2	242.70101957400425
934	1 23	1 25	1 67	1 69	-58.62825006993782
935	1 23	1 25	1 69	1 71	-49.025550943099105
936	1 23	1 25	1 71	1 1	293.5458088916332
937	1 24	1 26	1 25	1 27	-100.8682530815974
938	1 24	1 26	1 29	1 31	-247.17500509303272
939	1 24	1 26	1 31	1 33	551.0535706053201
940	1 24	1 26	1 33	1 35	-90.34076326602424
941	1 24	1 26	1 35	1 37	-186.5565015479876
942	1 24	1 26	1 37	1 39	-193.6458850803113
943	1 24	1 26	1 39	1 41	414.9260828625236
944	1 24	1 26	1 41	1 43	-67.7851270106705
945	1 24	1 26	1 43	1 45	-135.40238095238095
946	1 24	1 26	1 28	1 30	-235.3202883138367
947	1 24	1 26	1 30	1 32	-228.12776952776954
948	1 24	1 26	1 32	1 34	639.6491975106453
949	1 24	1 26	1 34	1 36	-167.9594091928812
950	1 24	1 26	1 38	1 40	-161.72333176691728
951	1 24	1 26	1 40	1 42	449.0543537495558
952	1 24	1 26	1 42	1 44	-107.02384541971534
953	1 24	1 26	1 44	1 46	-144.3403846153846
954	1 24	1 26	1 46	1 48	-118.51041420118342
955	1 24	1 26	1 45	1 47	-137.929307568438
956	1 24	1 26	1 47	1 49	300.3544202493951
957	1 24	1 26	1 49	1 51	-50.533072970642976
958	1 24	1 26	1 51	1 53	-99.98732945801771
959	1 24	1 26	1 53	1 55	-102.86643884595009
960	1 24	1 26	1 55	1 57	225.19282573444553
961	1 24	1 26	1 57	1 59	-38.79011507671052
962	1 24	1 26	1 59	1 61	-71.0538793675676
963	1 24	1 26	1 61	1 63	-74.82970029862311
964	1 24	1 26	1 63	1 65	167.30144292271802
965	1 24	1 26	1 48	1 50	331.9664961013645
966	1 24	1 26	1 50	1 52	-79.830817896371
967	1 24	1 26	1 52	1 54	-100.38757500168543
968	1 24	1 26	1 54	1 56	-88.78804487179488
969	1 24	1 26	1 56	1 58	243.73412575366063
970	1 24	1 26	1 58	1 60	-62.24445163610211
971	1 24	1 26	1 60	1 62	-75.59245150453941
972	1 24	1 26	1 62	1 64	-62.301329067473965
973	1 24	1 26	1 64	1 66	182.34439630795208
974	1 24	1 26	1 66	1 68	-47.639114711454994
975	1 24	1 26	1 65	1 67	-32.544603340228605
976	1 24	1 26	1 67	1 69	-55.13027972836599
977	1 24	1 26	1 69	1 71	-51.798127628355665
978	1 24	1 26	1 71	1 1	251.18297231312658
979	1 24	1 26	1 68	1 70	-57.88094765444566
980	1 24	1 26	1 70	1 72	-39.388453750168395
981	1 24	1 26	1 72	1 2	232.2687042178639
982	1 25	1 27	1 30	1 32	-5.692967756490523
983	1 25	1 27	1 36	1 38	-13.727376979352233
984	1 25	1 27	1 38	1 40	-3.156561050309162
985	1 25	1 27	1 44	1 46	6.560611831406352
986	1 25	1 27	1 29	1 31	-13.202259083845552
987	1 25	1 27	1 33	1 35	231.83097460887615
988	1 25	1 27	1 35	1 37	4.984747724696885
989	1 25	1 27	1 37	1 39	-7.836150143254965
990	1 25	1 27	1 41	1 43	104.78764358358443
991	1 25	1 27	1 43	1 45	26.573463832247885
992	1 25	1 27	1 48	1 50	-66.25066391417135
993	1 25	1 27	1 50	1 52	43.80803735736583
994	1 25	1 27	1 52	1 54	13.806669840369983
995	1 25	1 27	1 54	1 56	3.695952563738098
996	1 25	1 27	1 56	1 58	-54.13261844752489
997	1 25	1 27	1 58	1 60	29.424668994076242
998	1 25	1 27	1 60	1 62	14.397890389753861
999	1 25	1 27	1 62	1 64	5.186031271387049
1000	1 25	1 27	1 64	1 66	-43.63572333177696
1001	1 25	1 27	1 49	1 51	51.6784972694954
1002	1 25	1 27	1 51	1 53	26.689389607674705
1003	1 25	1 27	1 53	1 55	7.491630233152782
1004	1 25	1 27	1 55	1 57	-65.5788652616923
1005	1 25	1 27	1 57	1 59	27.455902205177374
1006	1 25	1 27	1 59	1 61	22.481777297152668
1007	1 25	1 27	1 61	1 63	9.10270058354511
1008	1 25	1 27	1 63	1 65	-49.15419466019546
1009	1 25	1 27	1 65	1 67	17.44402861289423
1010	1 25	1 27	1 67	1 69	17.516508200935128
1011	1 25	1 27	1 66	1 68	20.035542428739674
1012	1 25	1 27	1 68	1 70	13.179758058802694
1013	1 25	1 27	1 70	1 72	5.159906221651488
1014	1 25	1 27	1 69	1 71	8.904690307083847
1015	1 26	1 28	1 29	1 31	-35.66377894248474
1016	1 26	1 28	1 31	1 33	-205.8998470948012
1017	1 26	1 28	1 33	1 35	109.9548736613236
1018	1 26	1 28	1 37	1 39	-13.039950087028373
1019	1 26	1 28	1 41	1 43	66.01340346938629
1020	1 26	1 28	1 43	1 45	61.38661455893002
1021	1 26	1 28	1 30	1 32	-12.55627699410132
1022	1 26	1 28	1 38	1 40	-5.748911211712263
1023	1 26	1 28	1 42	1 44	81.5349790298923
1024	1 26	1 28	1 44	1 46	28.27955312231628
1025	1 26	1 28	1 47	1 49	-107.68942053472941
1026	1 26	1 28	1 49	1 51	38.93579114572658
1027	1 26	1 28	1 51	1 53	41.94469389911765
1028	1 26	1 28	1 53	1 55	16.096875412926746
1029	1 26	1 28	1 55	1 57	-79.81430742915049
1030	1 26	1 28	1 57	1 59	23.84839110588996
1031	1 26	1 28	1 59	1 61	29.464116727274437
1032	1 26	1 28	1 61	1 63	15.776631823477238
1033	1 26	1 28	1 63	1 65	-59.579807788281926
1034	1 26	1 28	1 65	1 67	16.881044656398572
1035	1 26	1 28	1 50	1 52	48.02266548097742
1036	1 26	1 28	1 52	1 54	27.30994725952078
1037	1 26	1 28	1 54	1 56	8.3656330408558
1038	1 26	1 28	1 56	1 58	-71.88865751484974
1039	1 26	1 28	1 58	1 60	31.991015686573615
1040	1 26	1 28	1 60	1 62	22.52485466914038
1041	1 26	1 28	1 62	1 64	9.461106099968365
1042	1 26	1 28	1 64	1 66	-56.68602643398782
1043	1 26	1 28	1 66	1 68	21.969826382312934
1044	1 26	1 28	1 68	1 70	18.326444312269317
1045	1 26	1 28	1 67	1 69	21.66757453265896
1046	1 26	1 28	1 69	1 71	13.33379574113108
1047	1 26	1 28	1 70	1 72	8.298797193195519
1048	1 27	1 29	1 28	1 30	139.4184395078094
1049	1 27	1 29	1 30	1 32	-37.642413487133986
1050	1 27	1 29	1 32	1 34	-206.38087912087911
1051	1 27	1 29	1 34	1 36	98.06794587956905
1052	1 27	1 29	1 36	1 38	107.21767207557829
1053	1 27	1 29	1 38	1 40	-10.690800597292409
1054	1 27	1 29	1 40	1 42	-159.67224333740555
1055	1 27	1 29	1 42	1 44	61.49152808355015
1056	1 27	1 29	1 44	1 46	70.62510389942554
1057	1 27	1 29	1 46	1 48	11.72935379034707
1058	1 27	1 29	1 35	1 37	175.27437444857804
1059	1 27	1 29	1 37	1 39	5.726049388173715
1060	1 27	1 29	1 41	1 43	24.643711545776625
1061	1 27	1 29	1 43	1 45	87.42718363493313
1062	1 27	1 29	1 45	1 47	34.086003689390296
1063	1 27	1 29	1 47	1 49	-129.52249561349817
1064	1 27	1 29	1 49	1 51	23.179285885942747
1065	1 27	1 29	1 48	1 50	-124.34996294074048
1066	1 27	1 29	1 50	1 52	42.60339305581711
1067	1 27	1 29	1 52	1 54	46.40761690649165
1068	1 27	1 29	1 54	1 56	19.10889765854232
1069	1 27	1 29	1 56	1 58	-95.22584724810771
1070	1 27	1 29	1 58	1 60	31.11423301905845
1071	1 27	1 29	1 60	1 62	32.98467211920209
1072	1 27	1 29	1 62	1 64	17.565650387600705
1073	1 27	1 29	1 64	1 66	-73.10265519731654
1074	1 27	1 29	1 66	1 68	22.688796796995177
1075	1 27	1 29	1 51	1 53	54.149646686439965
1076	1 27	1 29	1 53	1 55	33.21855327759766
1077	1 27	1 29	1 55	1 57	-96.41759127569546
1078	1 27	1 29	1 57	1 59	18.590375260861318
1079	1 27	1 29	1 59	1 61	35.09446873343932
1080	1 27	1 29	1 61	1 63	26.673065066501223
1081	1 27	1 29	1 63	1 65	-71.88392701895263
1082	1 27	1 29	1 65	1 67	15.49374682524391
1083	1 27	1 29	1 67	1 69	25.503121659032796
1084	1 27	1 29	1 69	1 71	19.754810803554435
1085	1 27	1 29	1 68	1 70	24.62615830185285
1086	1 27	1 29	1 70	1 72	13.26474082288263
1087	1 27	1 29	1 72	1 2	-101.76150623818526
1088	1 27	1 29	1 71	1 1	-112.0080078657553
1089	1 28	1 30	1 29	1 31	145.24098970894437
1090	1 28	1 30	1 31	1 33	-247.6778211415141
1091	1 28	1 30	1 33	1 35	-14.0081350018867
1092	1 28	1 30	1 35	1 37	102.47690249468798
1093	1 28	1 30	1 37	1 39	118.9202179480556
1094	1 28	1 30	1 39	1 41	-201.4608425014476
1095	1 28	1 30	1 41	1 43	4.159201072877552
1096	1 28	1 30	1 43	1 45	70.95342264265392
1097	1 28	1 30	1 45	1 47	77.01134148183041
1098	1 28	1 30	1 47	1 49	-141.84891165605228
1099	1 28	1 30	1 32	1 34	-228.66904266904265
1100	1 28	1 30	1 36	1 38	193.15368119015608
1101	1 28	1 30	1 38	1 40	12.567998560115191
1102	1 28	1 30	1 40	1 42	-192.18550158652673
1103	1 28	1 30	1 42	1 44	27.486480297721606
1104	1 28	1 30	1 44	1 46	98.35821363672119
1105	1 28	1 30	1 46	1 48	38.121037384557034
1106	1 28	1 30	1 48	1 50	-150.3593297613163
1107	1 28	1 30	1 50	1 52	29.23786717965875
1108	1 28	1 30	1 49	1 51	11.565329370327209
1109	1 28	1 30	1 51	1 53	49.768662715088965
1110	1 28	1 30	1 53	1 55	53.37702362704867
1111	1 28	1 30	1 55	1 57	-104.64168345315886
1112	1 28	1 30	1 57	1 59	13.042816357354077
1113	1 28	1 30	1 59	1 61	33.427268919730665
1114	1 28	1 30	1 61	1 63	37.202358158799626
1115	1 28	1 30	1 63	1 65	-76.80887711864408
1116	1 28	1 30	1 65	1 67	12.825005799145558
1117	1 28	1 30	1 67	1 69	25.492100715564714
1118	1 28	1 30	1 52	1 54	56.59548749639237
1119	1 28	1 30	1 54	1 56	37.324589698331636
1120	1 28	1 30	1 56	1 58	-112.4721138591974
1121	1 28	1 30	1 58	1 60	25.370689521945565
1122	1 28	1 30	1 60	1 62	38.608803837061814
1123	1 28	1 30	1 62	1 64	28.187071667195276
1124	1 28	1 30	1 64	1 66	-84.37231188543456
1125	1 28	1 30	1 66	1 68	20.38883696866792
1126	1 28	1 30	1 68	1 70	28.048594447203303
1127	1 28	1 30	1 70	1 72	18.41284756962698
1128	1 28	1 30	1 69	1 71	25.077842699994616
1129	1 28	1 30	1 71	1 1	-104.6521706263499
1130	1 28	1 30	1 72	1 2	-106.02552163975521
1131	1 29	1 31	1 30	1 32	166.36224982746722
1132	1 29	1 31	1 32	1 34	-275.1740102526095
1133	1 29	1 31	1 34	1 36	-14.878031969762386
1134	1 29	1 31	1 36	1 38	113.65161658958354
1135	1 29	1 31	1 40	1 42	-232.78207020665667
1136	1 29	1 31	1 42	1 44	8.218225344230135
1137	1 29	1 31	1 44	1 46	76.60443164401573
1138	1 29	1 31	1 46	1 48	87.09916021465733
1139	1 29	1 31	1 48	1 50	-166.57517700064363
1140	1 29	1 31	1 33	1 35	-7.587667713658831
1141	1 29	1 31	1 37	1 39	216.46624849371665
1142	1 29	1 31	1 39	1 41	-204.15845070422534
1143	1 29	1 31	1 43	1 45	33.90531732189659
1144	1 29	1 31	1 45	1 47	105.20677655677656
1145	1 29	1 31	1 47	1 49	-132.45396825396824
1146	1 29	1 31	1 51	1 53	33.47770275540749
1147	1 29	1 31	1 50	1 52	16.427059111073667
1148	1 29	1 31	1 52	1 54	48.24499098625497
1149	1 29	1 31	1 54	1 56	58.69386157827036
1150	1 29	1 31	1 56	1 58	-116.9889469301234
1151	1 29	1 31	1 58	1 60	17.356423759013296
1152	1 29	1 31	1 60	1 62	35.05884097794316
1153	1 29	1 31	1 62	1 64	37.741563414701076
1154	1 29	1 31	1 64	1 66	-84.67289073800896
1155	1 29	1 31	1 66	1 68	15.685095523705606
1156	1 29	1 31	1 68	1 70	26.339765739324534
1157	1 29	1 31	1 53	1 55	63.76471905313052
1158	1 29	1 31	1 55	1 57	-95.92784992784993
1159	1 29	1 31	1 57	1 59	8.370109710673777
1160	1 29	1 31	1 59	1 61	25.43557129876459
1161	1 29	1 31	1 61	1 63	41.48352177772445
1162	1 29	1 31	1 63	1 65	-70.31619163399358
1163	1 29	1 31	1 65	1 67	9.418125538141872
1164	1 29	1 31	1 67	1 69	21.248521651972965
1165	1 29	1 31	1 69	1 71	26.41501400859678
1166	1 29	1 31	1 71	1 1	-92.72294637115115
1167	1 29	1 31	1 70	1 72	21.73280374320072
1168	1 29	1 31	1 72	1 2	-100.85976548401699
1169	1 30	1 32	1 31	1 33	-118.88035879301151
1170	1 30	1 32	1 33	1 35	-3.4180656469430257
1171	1 30	1 32	1 35	1 37	-13.078977741112979
1172	1 30	1 32	1 37	1 39	125.86623690713543
1173	1 30	1 32	1 39	1 41	-104.30162881706121
1174	1 30	1 32	1 43	1 45	10.895507600721299
1175	1 30	1 32	1 45	1 47	75.97839960862501
1176	1 30	1 32	1 47	1 49	-80.88509756102087
1177	1 30	1 32	1 34	1 36	-7.151778205176216
1178	1 30	1 32	1 36	1 38	8.896895606861051
1179	1 30	1 32	1 38	1 40	226.36004538609996
1180	1 30	1 32	1 40	1 42	-219.30481762597512
1181	1 30	1 32	1 44	1 46	33.72476238368895
1182	1 30	1 32	1 46	1 48	111.84476190476191
1183	1 30	1 32	1 48	1 50	-143.15646729279948
1184	1 30	1 32	1 50	1 52	7.888913595166759
1185	1 30	1 32	1 52	1 54	28.741998685677714
1186	1 30	1 32	1 51	1 53	17.12368065599712
1187	1 30	1 32	1 53	1 55	50.56632351783324
1188	1 30	1 32	1 55	1 57	-65.64335985547822
1189	1 30	1 32	1 57	1 59	4.700505601881547
1190	1 30	1 32	1 59	1 61	15.249883424542386
1191	1 30	1 32	1 61	1 63	33.51346728589228
1192	1 30	1 32	1 63	1 65	-50.26414932293691
1193	1 30	1 32	1 65	1 67	5.839486407917073
1194	1 30	1 32	1 67	1 69	14.256080818557724
1195	1 30	1 32	1 69	1 71	21.315386638339337
1196	1 30	1 32	1 54	1 56	63.21834019638898
1197	1 30	1 32	1 56	1 58	-95.64150564882272
1198	1 30	1 32	1 58	1 60	9.88347882410772
1199	1 30	1 32	1 60	1 62	24.043819937697386
1200	1 30	1 32	1 62	1 64	36.90702577527185
1201	1 30	1 32	1 64	1 66	-67.0762838418838
1202	1 30	1 32	1 66	1 68	9.923327947151042
1203	1 30	1 32	1 68	1 70	19.27664739704999
1204	1 30	1 32	1 70	1 72	19.64277843441909
1205	1 30	1 32	1 72	1 2	-74.82115668228573
1206	1 30	1 32	1 71	1 1	-64.97783547121186
1207	1 31	1 33	1 32	1 34	619.3712751810078
1208	1 31	1 33	1 34	1 36	-228.3979482088194
1209	1 31	1 33	1 36	1 38	-216.1464710884354
1210	1 31	1 33	1 40	1 42	546.7505850441443
1211	1 31	1 33	1 42	1 44	-187.87256709135266
1212	1 31	1 33	1 44	1 46	-167.16485300693049
1213	1 31	1 33	1 46	1 48	-103.04243524280625
1214	1 31	1 33	1 48	1 50	420.7062847716393
1215	1 31	1 33	1 50	1 52	-136.40577290076334
1216	1 31	1 33	1 35	1 37	-200.40009222062204
1217	1 31	1 33	1 37	1 39	-214.9819392176987
1218	1 31	1 33	1 39	1 41	638.4094105613093
1219	1 31	1 33	1 41	1 43	-216.02160976347773
1220	1 31	1 33	1 43	1 45	-174.89447263305624
1221	1 31	1 33	1 45	1 47	-148.86372981646775
1222	1 31	1 33	1 47	1 49	430.6249469349635
1223	1 31	1 33	1 49	1 51	-119.13338739259953
1224	1 31	1 33	1 51	1 53	-135.97124881692804
1225	1 31	1 33	1 53	1 55	-114.23385416666667
1226	1 31	1 33	1 52	1 54	-122.44344478337607
1227	1 31	1 33	1 54	1 56	-87.10966958988394
1228	1 31	1 33	1 56	1 58	314.7556084656085
1229	1 31	1 33	1 58	1 60	-100.61630214830214
1230	1 31	1 33	1 60	1 62	-94.81437842282224
1231	1 31	1 33	1 62	1 64	-65.91394355806122
1232	1 31	1 33	1 64	1 66	237.912561988076
1233	1 31	1 33	1 66	1 68	-73.47402270884022
1234	1 31	1 33	1 68	1 70	-74.68762942179008
1235	1 31	1 33	1 70	1 72	-44.96704084369266
1236	1 31	1 33	1 55	1 57	311.3216816686995
1237	1 31	1 33	1 57	1 59	-74.33846597287078
1238	1 31	1 33	1 59	1 61	-100.46659993206177
1239	1 31	1 33	1 61	1 63	-86.07050971732436
1240	1 31	1 33	1 63	1 65	228.91002713831182
1241	1 31	1 33	1 65	1 67	-54.9339941386591
1242	1 31	1 33	1 67	1 69	-77.94647708281146
1243	1 31	1 33	1 69	1 71	-62.970645686380905
1244	1 31	1 33	1 71	1 1	216.75033439443945
1245	1 31	1 33	1 72	1 2	192.06284479012453
1246	1 32	1 34	1 33	1 35	-89.93039268130802
1247	1 32	1 34	1 35	1 37	-226.51544715447153
1248	1 32	1 34	1 37	1 39	-238.5108167928031
1249	1 32	1 34	1 39	1 41	532.9698581560284
1250	1 32	1 34	1 41	1 43	-80.06496178718402
1251	1 32	1 34	1 43	1 45	-184.31372338522095
1252	1 32	1 34	1 45	1 47	-176.358938172043
1253	1 32	1 34	1 47	1 49	393.34819845312205
1254	1 32	1 34	1 49	1 51	-63.41556299245508
1255	1 32	1 34	1 51	1 53	-135.3885399500918
1256	1 32	1 34	1 36	1 38	-224.93821849736705
1257	1 32	1 34	1 38	1 40	-234.83016900089393
1258	1 32	1 34	1 40	1 42	626.8476429382808
1259	1 32	1 34	1 42	1 44	-166.53921343134277
1260	1 32	1 34	1 44	1 46	-179.18265650526286
1261	1 32	1 34	1 46	1 48	-158.5888103651355
1262	1 32	1 34	1 48	1 50	443.6340732910501
1263	1 32	1 34	1 50	1 52	-110.18778226641805
1264	1 32	1 34	1 52	1 54	-130.93867707946546
1265	1 32	1 34	1 54	1 56	-117.19977081741789
1266	1 32	1 34	1 53	1 55	-133.96165217263243
1267	1 32	1 34	1 55	1 57	295.71954136690647
1268	1 32	1 34	1 57	1 59	-49.59230456574181
1269	1 32	1 34	1 59	1 61	-94.65784016354957
1270	1 32	1 34	1 61	1 63	-97.50316370028406
1271	1 32	1 34	1 63	1 65	219.13256732654293
1272	1 32	1 34	1 65	1 67	-42.149596363247525
1273	1 32	1 34	1 67	1 69	-72.67904269936056
1274	1 32	1 34	1 69	1 71	-67.9340697747833
1275	1 32	1 34	1 71	1 1	192.66847443909302
1276	1 32	1 34	1 56	1 58	322.60139815610773
1277	1 32	1 34	1 58	1 60	-82.69858583308469
1278	1 32	1 34	1 60	1 62	-99.27102444769815
1279	1 32	1 34	1 62	1 64	-82.06758620689655
1280	1 32	1 34	1 64	1 66	239.42115729608003
1281	1 32	1 34	1 66	1 68	-62.545685011536726
1282	1 32	1 34	1 68	1 70	-76.10714187792345
1283	1 32	1 34	1 70	1 72	-51.72220256175843
1284	1 32	1 34	1 72	1 2	184.14804980060308
1285	1 33	1 35	1 34	1 36	137.6485808722474
1286	1 33	1 35	1 36	1 38	-38.91882349245104
1287	1 33	1 35	1 38	1 40	-5.870002549699137
1288	1 33	1 35	1 44	1 46	-17.01595811028533
1289	1 33	1 35	1 46	1 48	-4.686397846909472
1290	1 33	1 35	1 48	1 50	-76.3430012552868
1291	1 33	1 35	1 50	1 52	69.05027774766961
1292	1 33	1 35	1 52	1 54	5.535516589841973
1293	1 33	1 35	1 37	1 39	-14.634739494674294
1294	1 33	1 35	1 41	1 43	232.84972083706262
1295	1 33	1 35	1 45	1 47	-9.315264950043904
1296	1 33	1 35	1 47	1 49	-132.9715544871795
1297	1 33	1 35	1 49	1 51	100.44918907383698
1298	1 33	1 35	1 51	1 53	25.751931969700106
1299	1 33	1 35	1 55	1 57	-91.30719748745292
1300	1 33	1 35	1 56	1 58	-65.39147152222966
1301	1 33	1 35	1 58	1 60	45.685394056989395
1302	1 33	1 35	1 60	1 62	13.404946262723676
1303	1 33	1 35	1 64	1 66	-54.57740900845721
1304	1 33	1 35	1 66	1 68	30.22546499667211
1305	1 33	1 35	1 68	1 70	15.004798236494551
1306	1 33	1 35	1 70	1 72	4.387475676346996
1307	1 33	1 35	1 72	1 2	-65.70342360498803
1308	1 33	1 35	1 57	1 59	48.55154117552371
1309	1 33	1 35	1 59	1 61	28.712507792079965
1310	1 33	1 35	1 61	1 63	6.069938243246396
1311	1 33	1 35	1 63	1 65	-66.60248125270002
1312	1 33	1 35	1 65	1 67	28.69510814301811
1313	1 33	1 35	1 67	1 69	23.543809823036533
1314	1 33	1 35	1 69	1 71	8.778052534028454
1315	1 34	1 36	1 37	1 39	-40.23162740141557
1316	1 34	1 36	1 41	1 43	105.16919605625435
1317	1 34	1 36	1 43	1 45	94.815322273074
1318	1 34	1 36	1 45	1 47	-13.41536086644831
1319	1 34	1 36	1 47	1 49	-145.3407743496673
1320	1 34	1 36	1 49	1 51	62.96194627633254
1321	1 34	1 36	1 51	1 53	62.926584806120395
1322	1 34	1 36	1 53	1 55	8.16587269209965
1323	1 34	1 36	1 38	1 40	-12.910377986688431
1324	1 34	1 36	1 42	1 44	170.4083034624212
1325	1 34	1 36	1 46	1 48	-7.829579338431488
1326	1 34	1 36	1 48	1 50	-119.63763740740335
1327	1 34	1 36	1 50	1 52	83.79445914532744
1328	1 34	1 36	1 52	1 54	27.533661629105353
1329	1 34	1 36	1 56	1 58	-91.9671744210289
1330	1 34	1 36	1 55	1 57	-107.0544557195572
1331	1 34	1 36	1 57	1 59	37.43410970347488
1332	1 34	1 36	1 59	1 61	43.4370108747092
1333	1 34	1 36	1 61	1 63	14.524442307043298
1334	1 34	1 36	1 63	1 65	-80.96045189173647
1335	1 34	1 36	1 65	1 67	25.661628210250818
1336	1 34	1 36	1 67	1 69	30.856469556805123
1337	1 34	1 36	1 69	1 71	15.035810052940676
1338	1 34	1 36	1 71	1 1	-84.60700670595406
1339	1 34	1 36	1 58	1 60	50.92841723154032
1340	1 34	1 36	1 60	1 62	27.04681077378614
1341	1 34	1 36	1 62	1 64	6.4486136942411125
1342	1 34	1 36	1 64	1 66	-72.91961073535391
1343	1 34	1 36	1 66	1 68	33.08892319372235
1344	1 34	1 36	1 68	1 70	23.34446034080161
1345	1 34	1 36	1 70	1 72	8.129218382700927
1346	1 34	1 36	1 72	1 2	-68.33438788061892
1347	1 35	1 37	1 36	1 38	139.52147749716352
1348	1 35	1 37	1 38	1 40	-43.202389694817306
1349	1 35	1 37	1 40	1 42	-198.4850456311557
1350	1 35	1 37	1 42	1 44	98.78569092013646
1351	1 35	1 37	1 44	1 46	106.37278484275681
1352	1 35	1 37	1 46	1 48	-16.052626478503818
1353	1 35	1 37	1 48	1 50	-157.56706645005096
1354	1 35	1 37	1 50	1 52	65.71230098006419
1355	1 35	1 37	1 52	1 54	69.1099785569323
1356	1 35	1 37	1 54	1 56	8.498062272652891
1357	1 35	1 37	1 43	1 45	178.97681466749327
1358	1 35	1 37	1 49	1 51	23.35926096176712
1359	1 35	1 37	1 51	1 53	91.93252508953849
1360	1 35	1 37	1 53	1 55	32.29024407866653
1361	1 35	1 37	1 55	1 57	-131.2257317260611
1362	1 35	1 37	1 57	1 59	24.055422311192554
1363	1 35	1 37	1 56	1 58	-123.03750199460828
1364	1 35	1 37	1 58	1 60	46.25596531468957
1365	1 35	1 37	1 60	1 62	46.97023016883691
1366	1 35	1 37	1 62	1 64	15.626161328482969
1367	1 35	1 37	1 64	1 66	-96.30315894797027
1368	1 35	1 37	1 66	1 68	32.72445301560712
1369	1 35	1 37	1 68	1 70	33.98634249471459
1370	1 35	1 37	1 70	1 72	14.854259334064285
1371	1 35	1 37	1 72	1 2	-86.05631057020508
1372	1 35	1 37	1 59	1 61	54.09916925236701
1373	1 35	1 37	1 61	1 63	31.473456187494236
1374	1 35	1 37	1 63	1 65	-98.43044857114407
1375	1 35	1 37	1 65	1 67	21.26001802080115
1376	1 35	1 37	1 67	1 69	37.00207188570991
1377	1 35	1 37	1 69	1 71	25.000158597313597
1378	1 35	1 37	1 71	1 1	-93.49385789164795
1379	1 36	1 38	1 37	1 39	146.08513722397475
1380	1 36	1 38	1 39	1 41	-245.3615340297323
1381	1 36	1 38	1 41	1 43	-17.609271671559956
1382	1 36	1 38	1 43	1 45	113.42712384399249
1383	1 36	1 38	1 45	1 47	112.18321171828549
1384	1 36	1 38	1 47	1 49	-200.56571686145725
1385	1 36	1 38	1 51	1 53	75.90126083471645
1386	1 36	1 38	1 53	1 55	76.14874994323657
1387	1 36	1 38	1 55	1 57	-147.0660465787007
1388	1 36	1 38	1 44	1 46	200.03781215165492
1389	1 36	1 38	1 48	1 50	-190.43069514237857
1390	1 36	1 38	1 50	1 52	32.44126644630242
1391	1 36	1 38	1 52	1 54	94.50536538872365
1392	1 36	1 38	1 54	1 56	35.168779779605856
1393	1 36	1 38	1 56	1 58	-148.57257528216175
1394	1 36	1 38	1 58	1 60	32.465327232784915
1395	1 36	1 38	1 57	1 59	13.686744459878431
1396	1 36	1 38	1 59	1 61	48.38945239276232
1397	1 36	1 38	1 61	1 63	52.04834770710036
1398	1 36	1 38	1 63	1 65	-106.09068796893109
1399	1 36	1 38	1 65	1 67	15.8379207018208
1400	1 36	1 38	1 67	1 69	35.65683980653021
1401	1 36	1 38	1 69	1 71	34.54464694400455
1402	1 36	1 38	1 71	1 1	-100.99419501875833
1403	1 36	1 38	1 60	1 62	58.41644308441365
1404	1 36	1 38	1 62	1 64	32.824468370103105
1405	1 36	1 38	1 64	1 66	-113.35929432639585
1406	1 36	1 38	1 66	1 68	27.139500746575692
1407	1 36	1 38	1 68	1 70	39.941430502431494
1408	1 36	1 38	1 70	1 72	23.39619616172847
1409	1 36	1 38	1 72	1 2	-102.5382165705561
1410	1 37	1 39	1 38	1 40	161.93557133082447
1411	1 37	1 39	1 40	1 42	-271.5044591484465
1412	1 37	1 39	1 42	1 44	-15.515891129626082
1413	1 37	1 39	1 44	1 46	114.3253211643223
1414	1 37	1 39	1 46	1 48	125.26080122076776
1415	1 37	1 39	1 48	1 50	-221.8101762820513
1416	1 37	1 39	1 50	1 52	7.780226044984721
1417	1 37	1 39	1 52	1 54	67.89298593269815
1418	1 37	1 39	1 54	1 56	86.97659325992659
1419	1 37	1 39	1 56	1 58	-156.57450820784152
1420	1 37	1 39	1 41	1 43	-10.092849787404221
1421	1 37	1 39	1 43	1 45	4.7937663278083065
1422	1 37	1 39	1 45	1 47	206.58836331667987
1423	1 37	1 39	1 47	1 49	-197.3554525149142
1424	1 37	1 39	1 51	1 53	32.25632127996785
1425	1 37	1 39	1 53	1 55	104.81129949415663
1426	1 37	1 39	1 55	1 57	-131.29082638723506
1427	1 37	1 39	1 57	1 59	5.847500501689888
1428	1 37	1 39	1 59	1 61	28.259701597735898
1429	1 37	1 39	1 58	1 60	15.562393302205887
1430	1 37	1 39	1 60	1 62	47.868252398211396
1431	1 37	1 39	1 62	1 64	54.86776445478396
1432	1 37	1 39	1 64	1 66	-112.88406277630415
1433	1 37	1 39	1 66	1 68	16.780991663347166
1434	1 37	1 39	1 68	1 70	34.98418183809467
1435	1 37	1 39	1 70	1 72	30.780076059984893
1436	1 37	1 39	1 72	1 2	-91.23363430718504
1437	1 37	1 39	1 61	1 63	61.43435317021033
1438	1 37	1 39	1 63	1 65	-91.05584337266835
1439	1 37	1 39	1 65	1 67	9.200057294559048
1440	1 37	1 39	1 67	1 69	25.503075033383283
1441	1 37	1 39	1 69	1 71	37.01563220343941
1442	1 37	1 39	1 71	1 1	-82.19084775188904
1443	1 38	1 40	1 39	1 41	-111.63254358369092
1444	1 38	1 40	1 41	1 43	-5.1617723191317095
1445	1 38	1 40	1 43	1 45	-18.711059268600252
1446	1 38	1 40	1 45	1 47	113.00588257768722
1447	1 38	1 40	1 47	1 49	-85.82435237422393
1448	1 38	1 40	1 49	1 51	-1.9675213927554862
1449	1 38	1 40	1 51	1 53	4.476960580143893
1450	1 38	1 40	1 53	1 55	74.6507694842442
1451	1 38	1 40	1 55	1 57	-74.28698634668784
1452	1 38	1 40	1 57	1 59	1.6454979711341635
1453	1 38	1 40	1 42	1 44	-9.9229242335566
1454	1 38	1 40	1 46	1 48	242.58441271710336
1455	1 38	1 40	1 48	1 50	-221.91910132055628
1456	1 38	1 40	1 50	1 52	-1.0777416109630509
1457	1 38	1 40	1 52	1 54	22.97303557834298
1458	1 38	1 40	1 54	1 56	115.28426279602749
1459	1 38	1 40	1 56	1 58	-134.23047964305633
1460	1 38	1 40	1 58	1 60	5.016369210972812
1461	1 38	1 40	1 60	1 62	26.04687948260593
1462	1 38	1 40	1 59	1 61	10.92474470919047
1463	1 38	1 40	1 61	1 63	48.03139032943048
1464	1 38	1 40	1 63	1 65	-58.12707880776664
1465	1 38	1 40	1 65	1 67	4.214008785314455
1466	1 38	1 40	1 67	1 69	13.972217328544701
1467	1 38	1 40	1 69	1 71	29.469713739808995
1468	1 38	1 40	1 71	1 1	-50.59764882413522
1469	1 38	1 40	1 62	1 64	61.80060965366632
1470	1 38	1 40	1 64	1 66	-89.84176408406915
1471	1 38	1 40	1 66	1 68	8.094899640622177
1472	1 38	1 40	1 68	1 70	23.076319700391664
1473	1 38	1 40	1 70	1 72	30.44615533899305
1474	1 38	1 40	1 72	1 2	-63.67556151033442
1475	1 39	1 41	1 40	1 42	627.8001293422026
1476	1 39	1 41	1 42	1 44	-240.46811846689894
1477	1 39	1 41	1 44	1 46	-212.18776804199945
1478	1 39	1 41	1 46	1 48	-105.60141406770113
1479	1 39	1 41	1 48	1 50	556.3645730198019
1480	1 39	1 41	1 50	1 52	-207.74264497878357
1481	1 39	1 41	1 52	1 54	-158.71558370845125
1482	1 39	1 41	1 54	1 56	-99.07601045805075
1483	1 39	1 41	1 56	1 58	423.00520056075607
1484	1 39	1 41	1 58	1 60	-152.10346506927704
1485	1 39	1 41	1 43	1 45	-205.02551570197045
1486	1 39	1 41	1 45	1 47	-208.41521473203954
1487	1 39	1 41	1 47	1 49	658.3454545454545
1488	1 39	1 41	1 49	1 51	-222.312566166014
1489	1 39	1 41	1 53	1 55	-148.30347392290247
1490	1 39	1 41	1 55	1 57	448.40375611099637
1491	1 39	1 41	1 57	1 59	-123.79515870457095
1492	1 39	1 41	1 59	1 61	-140.33914770675332
1493	1 39	1 41	1 61	1 63	-110.92499189510465
1494	1 39	1 41	1 60	1 62	-125.9005128750128
1495	1 39	1 41	1 62	1 64	-79.40340309570954
1496	1 39	1 41	1 64	1 66	325.8199565281462
1497	1 39	1 41	1 66	1 68	-109.56222753854334
1498	1 39	1 41	1 68	1 70	-100.8990906064376
1499	1 39	1 41	1 70	1 72	-56.62702159160732
1500	1 39	1 41	1 72	1 2	162.53586192311684
1501	1 39	1 41	1 63	1 65	326.63529052848963
1502	1 39	1 41	1 65	1 67	-86.15813644442639
1503	1 39	1 41	1 67	1 69	-109.92413967711076
1504	1 39	1 41	1 69	1 71	-82.61050796988017
1505	1 39	1 41	1 71	1 1	169.41042477814023
1506	1 40	1 42	1 41	1 43	-91.99336447460999
1507	1 40	1 42	1 43	1 45	-227.14223893065997
1508	1 40	1 42	1 45	1 47	-222.39140795467597
1509	1 40	1 42	1 47	1 49	523.1416184971099
1510	1 40	1 42	1 49	1 51	-83.15216386114565
1511	1 40	1 42	1 51	1 53	-190.25911977592278
1512	1 40	1 42	1 53	1 55	-174.38701121137544
1513	1 40	1 42	1 55	1 57	403.3929565217391
1514	1 40	1 42	1 57	1 59	-66.14170314971446
1515	1 40	1 42	1 59	1 61	-133.47486092627437
1516	1 40	1 42	1 44	1 46	-216.2319341418855
1517	1 40	1 42	1 46	1 48	-238.12355759143998
1518	1 40	1 42	1 48	1 50	649.7873954102853
1519	1 40	1 42	1 52	1 54	-167.29965541138205
1520	1 40	1 42	1 54	1 56	-159.64052149400987
1521	1 40	1 42	1 56	1 58	446.8914471335761
1522	1 40	1 42	1 60	1 62	-132.2429711721172
1523	1 40	1 42	1 62	1 64	-109.87905230313606
1524	1 40	1 42	1 61	1 63	-129.10128977989626
1525	1 40	1 42	1 63	1 65	299.67694701781846
1526	1 40	1 42	1 65	1 67	-57.1528698056016
1527	1 40	1 42	1 67	1 69	-101.1210322039692
1528	1 40	1 42	1 69	1 71	-91.29721311496075
1529	1 40	1 42	1 71	1 1	159.83381359168965
1530	1 40	1 42	1 64	1 66	326.45720567568793
1531	1 40	1 42	1 66	1 68	-87.2413613008124
1532	1 40	1 42	1 68	1 70	-103.17764730557946
1533	1 40	1 42	1 70	1 72	-69.43939435289751
1534	1 40	1 42	1 72	1 2	164.18206509539843
1535	1 41	1 43	1 42	1 44	145.39361270824116
1536	1 41	1 43	1 44	1 46	-42.11606260614482
1537	1 41	1 43	1 46	1 48	-7.596817706374736
1538	1 41	1 43	1 48	1 50	-97.89158947731256
1539	1 41	1 43	1 50	1 52	121.46129765652326
1540	1 41	1 43	1 52	1 54	-16.708348089366915
1541	1 41	1 43	1 54	1 56	-5.989248228562768
1542	1 41	1 43	1 56	1 58	-90.05270512752618
1543	1 41	1 43	1 58	1 60	80.47258026352692
1544	1 41	1 43	1 60	1 62	7.879894741506985
1545	1 41	1 43	1 45	1 47	-16.313023205831954
1546	1 41	1 43	1 49	1 51	235.99594757690164
1547	1 41	1 43	1 53	1 55	-9.611292628448325
1548	1 41	1 43	1 55	1 57	-144.75692169352124
1549	1 41	1 43	1 57	1 59	101.91999964273592
1550	1 41	1 43	1 59	1 61	35.525997717174185
1551	1 41	1 43	1 63	1 65	-105.18241503822765
1552	1 41	1 43	1 64	1 66	-78.13647535098474
1553	1 41	1 43	1 66	1 68	52.855292460834654
1554	1 41	1 43	1 68	1 70	17.545578387922475
1555	1 41	1 43	1 70	1 72	3.362391511389016
1556	1 41	1 43	1 72	1 2	-49.54680248259878
1557	1 41	1 43	1 65	1 67	55.86218990901892
1558	1 41	1 43	1 67	1 69	34.79704134312189
1559	1 41	1 43	1 69	1 71	8.349498609167682
1560	1 41	1 43	1 71	1 1	-61.721655239642125
1561	1 42	1 44	1 43	1 45	144.28091787439615
1562	1 42	1 44	1 45	1 47	-48.80947086625159
1563	1 42	1 44	1 47	1 49	-213.64522988505746
1564	1 42	1 44	1 51	1 53	111.5673690581981
1565	1 42	1 44	1 53	1 55	-18.62423078983342
1566	1 42	1 44	1 55	1 57	-161.91947368421052
1567	1 42	1 44	1 57	1 59	67.96362873344388
1568	1 42	1 44	1 59	1 61	76.1657963030274
1569	1 42	1 44	1 46	1 48	-18.318785024993524
1570	1 42	1 44	1 50	1 52	198.25502954726022
1571	1 42	1 44	1 54	1 56	-13.50553317694513
1572	1 42	1 44	1 56	1 58	-134.62204865825447
1573	1 42	1 44	1 58	1 60	101.3281840149586
1574	1 42	1 44	1 60	1 62	29.28008597765077
1575	1 42	1 44	1 64	1 66	-104.99531611400712
1576	1 42	1 44	1 63	1 65	-124.60311897391657
1577	1 42	1 44	1 65	1 67	45.402932702051174
1578	1 42	1 44	1 67	1 69	51.565440608737276
1579	1 42	1 44	1 69	1 71	15.747054568962318
1580	1 42	1 44	1 71	1 1	-81.79566720677313
1581	1 42	1 44	1 66	1 68	59.85428871585712
1582	1 42	1 44	1 68	1 70	31.70740374255118
1583	1 42	1 44	1 70	1 72	6.228297652457597
1584	1 42	1 44	1 72	1 2	-71.14561731747156
1585	1 43	1 45	1 44	1 46	141.05943990797448
1586	1 43	1 45	1 46	1 48	-53.4279062908187
1587	1 43	1 45	1 48	1 50	-204.30417383820998
1588	1 43	1 45	1 50	1 52	112.35559616932062
1589	1 43	1 45	1 52	1 54	112.55504807692307
1590	1 43	1 45	1 54	1 56	-26.054096085749833
1591	1 43	1 45	1 56	1 58	-164.11226669831757
1592	1 43	1 45	1 58	1 60	77.1497753050225
1593	1 43	1 45	1 60	1 62	72.47543486468925
1594	1 43	1 45	1 51	1 53	204.6696840604219
1595	1 43	1 45	1 55	1 57	-181.48752555117534
1596	1 43	1 45	1 57	1 59	28.495210984022236
1597	1 43	1 45	1 59	1 61	98.39216638083678
1598	1 43	1 45	1 61	1 63	30.316024770141134
1599	1 43	1 45	1 63	1 65	-142.8738116223045
1600	1 43	1 45	1 65	1 67	30.535555069108632
1601	1 43	1 45	1 64	1 66	-131.6118266978923
1602	1 43	1 45	1 66	1 68	52.2129899288537
1603	1 43	1 45	1 68	1 70	50.54827694253443
1604	1 43	1 45	1 70	1 72	13.672127305091475
1605	1 43	1 45	1 72	1 2	-98.8484981317515
1606	1 43	1 45	1 67	1 69	60.304500499788546
1607	1 43	1 45	1 69	1 71	31.006975293116703
1608	1 43	1 45	1 71	1 1	-105.1640652456417
1609	1 44	1 46	1 45	1 47	156.98200600779927
1610	1 44	1 46	1 47	1 49	-255.7065807206696
1611	1 44	1 46	1 49	1 51	-19.4946692610799
1612	1 44	1 46	1 51	1 53	115.97277692438982
1613	1 44	1 46	1 53	1 55	118.27870760418102
1614	1 44	1 46	1 55	1 57	-209.89602492102492
1615	1 44	1 46	1 57	1 59	5.926067543824354
1616	1 44	1 46	1 59	1 61	70.14936397294514
1617	1 44	1 46	1 61	1 63	79.52532857068498
1618	1 44	1 46	1 63	1 65	-149.92589820359282
1619	1 44	1 46	1 52	1 54	197.469493644833
1620	1 44	1 46	1 56	1 58	-192.20278240800104
1621	1 44	1 46	1 58	1 60	31.632628430249618
1622	1 44	1 46	1 60	1 62	100.57383913177905
1623	1 44	1 46	1 62	1 64	31.627510748002102
1624	1 44	1 46	1 64	1 66	-152.94849116870614
1625	1 44	1 46	1 66	1 68	32.665868431098104
1626	1 44	1 46	1 65	1 67	15.859248752470174
1627	1 44	1 46	1 67	1 69	50.240556841052275
1628	1 44	1 46	1 69	1 71	50.38254497179829
1629	1 44	1 46	1 71	1 1	-102.75065933026474
1630	1 44	1 46	1 68	1 70	60.85490273375903
1631	1 44	1 46	1 70	1 72	29.300915261703885
1632	1 44	1 46	1 72	1 2	-105.43311755811757
1633	1 45	1 47	1 46	1 48	162.8264452077595
1634	1 45	1 47	1 48	1 50	-275.1517109285062
1635	1 45	1 47	1 50	1 52	-20.830376640210098
1636	1 45	1 47	1 52	1 54	108.22302424337354
1637	1 45	1 47	1 54	1 56	146.32706310679612
1638	1 45	1 47	1 56	1 58	-234.0730903095805
1639	1 45	1 47	1 58	1 60	4.33938883667502
1640	1 45	1 47	1 60	1 62	74.54728361307308
1641	1 45	1 47	1 62	1 64	91.52818978583107
1642	1 45	1 47	1 64	1 66	-168.35061965343277
1643	1 45	1 47	1 49	1 51	-12.039912335651042
1644	1 45	1 47	1 53	1 55	244.6323193140057
1645	1 45	1 47	1 55	1 57	-226.4284498207885
1646	1 45	1 47	1 59	1 61	24.77924951767138
1647	1 45	1 47	1 61	1 63	114.7102053419793
1648	1 45	1 47	1 63	1 65	-135.50136076288442
1649	1 45	1 47	1 65	1 67	6.517491195012205
1650	1 45	1 47	1 67	1 69	30.418898803457132
1651	1 45	1 47	1 66	1 68	15.025092109500989
1652	1 45	1 47	1 68	1 70	52.35890240767715
1653	1 45	1 47	1 70	1 72	49.4978306935178
1654	1 45	1 47	1 72	1 2	-99.73293734547428
1655	1 45	1 47	1 69	1 71	60.65761300555115
1656	1 45	1 47	1 71	1 1	-83.70097164740021
1657	1 46	1 48	1 47	1 49	-100.43265483316915
1658	1 46	1 48	1 49	1 51	-6.74310332520189
1659	1 46	1 48	1 51	1 53	-24.798631260548824
1660	1 46	1 48	1 53	1 55	139.0811645426789
1661	1 46	1 48	1 55	1 57	-106.14323754226876
1662	1 46	1 48	1 57	1 59	-2.208335867747001
1663	1 46	1 48	1 61	1 63	88.71056005668767
1664	1 46	1 48	1 63	1 65	-86.73510869848195
1665	1 46	1 48	1 65	1 67	2.4865959275205123
1666	1 46	1 48	1 50	1 52	-13.754629400213746
1667	1 46	1 48	1 52	1 54	-8.944746912011912
1668	1 46	1 48	1 54	1 56	294.7284731989373
1669	1 46	1 48	1 56	1 58	-267.49577647823264
1670	1 46	1 48	1 60	1 62	29.041201420833268
1671	1 46	1 48	1 62	1 64	139.68789313774357
1672	1 46	1 48	1 64	1 66	-164.58956323402325
1673	1 46	1 48	1 66	1 68	6.131771573961306
1674	1 46	1 48	1 68	1 70	34.02596954972948
1675	1 46	1 48	1 67	1 69	15.092245276095179
1676	1 46	1 48	1 69	1 71	53.030571059942666
1677	1 46	1 48	1 71	1 1	-59.54344763914034
1678	1 46	1 48	1 70	1 72	61.96054300435989
1679	1 46	1 48	1 72	1 2	-89.11711344211344
1680	1 47	1 49	1 48	1 50	681.4466106893643
1681	1 47	1 49	1 52	1 54	-218.36977351182958
1682	1 47	1 49	1 54	1 56	-115.9893107135913
1683	1 47	1 49	1 56	1 58	614.0469158951521
1684	1 47	1 49	1 60	1 62	-176.48045854660205
1685	1 47	1 49	1 62	1 64	-99.68574723186265
1686	1 47	1 49	1 64	1 66	475.56607415387384
1687	1 47	1 49	1 66	1 68	-171.3617235308911
1688	1 47	1 49	1 51	1 53	-228.44843334318648
1689	1 47	1 49	1 53	1 55	-242.43946388682053
1690	1 47	1 49	1 55	1 57	722.7171953118597
1691	1 47	1 49	1 61	1 63	-157.84651158148955
1692	1 47	1 49	1 63	1 65	491.58890518681494
1693	1 47	1 49	1 65	1 67	-138.96253949840568
1694	1 47	1 49	1 67	1 69	-159.94914414629488
1695	1 47	1 49	1 69	1 71	-114.45074139777748
1696	1 47	1 49	1 68	1 70	-143.30698852280298
1697	1 47	1 49	1 70	1 72	-74.55252597741963
1698	1 47	1 49	1 72	1 2	180.33483543155873
1699	1 47	1 49	1 71	1 1	171.27457209021344
1700	1 48	1 50	1 51	1 53	-252.53382800608827
1701	1 48	1 50	1 53	1 55	-252.69169110459433
1702	1 48	1 50	1 55	1 57	604.1994188459942
1703	1 48	1 50	1 57	1 59	-93.27933856580796
1704	1 48	1 50	1 59	1 61	-208.89360371119614
1705	1 48	1 50	1 61	1 63	-192.8180168140975
1706	1 48	1 50	1 63	1 65	458.16751269035535
1707	1 48	1 50	1 65	1 67	-82.60218372933409
1708	1 48	1 50	1 67	1 69	-155.8121059374895
1709	1 48	1 50	1 54	1 56	-287.7590680287216
1710	1 48	1 50	1 56	1 58	733.5323049560488
1711	1 48	1 50	1 62	1 64	-179.67899190581312
1712	1 48	1 50	1 64	1 66	512.3638662565127
1713	1 48	1 50	1 68	1 70	-153.94526233033855
1714	1 48	1 50	1 70	1 72	-107.58107944977274
1715	1 48	1 50	1 69	1 71	-138.50033934533656
1716	1 48	1 50	1 71	1 1	176.58672890672716
1717	1 48	1 50	1 72	1 2	200.93708150542602
1718	1 49	1 51	1 50	1 52	175.60907840648048
1719	1 49	1 51	1 52	1 54	-50.202665617774585
1720	1 49	1 51	1 54	1 56	-9.453322605073836
1721	1 49	1 51	1 56	1 58	-113.26509074845387
1722	1 49	1 51	1 58	1 60	138.61174308715437
1723	1 49	1 51	1 60	1 62	-17.383794189709484
1724	1 49	1 51	1 62	1 64	-6.218618268367967
1725	1 49	1 51	1 64	1 66	-102.10531821174965
1726	1 49	1 51	1 66	1 68	89.55270437194122
1727	1 49	1 51	1 68	1 70	11.14779322938896
1728	1 49	1 51	1 53	1 55	-18.86512101424845
1729	1 49	1 51	1 57	1 59	234.26426476623277
1730	1 49	1 51	1 59	1 61	9.069361945254684
1731	1 49	1 51	1 61	1 63	-11.805956404520472
1732	1 49	1 51	1 63	1 65	-160.70141804872384
1733	1 49	1 51	1 65	1 67	110.8410457155138
1734	1 49	1 51	1 67	1 69	41.39157913165266
1735	1 49	1 51	1 71	1 1	-55.45607595603872
1736	1 49	1 51	1 72	1 2	-47.59596878324008
1737	1 50	1 52	1 51	1 53	163.6044992743106
1738	1 50	1 52	1 53	1 55	-56.722798379014336
1739	1 50	1 52	1 55	1 57	-246.56562384302111
1740	1 50	1 52	1 57	1 59	129.59835730225637
1741	1 50	1 52	1 59	1 61	137.55916722895336
1742	1 50	1 52	1 61	1 63	-28.342685611396305
1743	1 50	1 52	1 63	1 65	-194.36061267855035
1744	1 50	1 52	1 65	1 67	85.16162827752828
1745	1 50	1 52	1 67	1 69	89.50117596038264
1746	1 50	1 52	1 54	1 56	-24.032327863924692
1747	1 50	1 52	1 58	1 60	241.69781820923558
1748	1 50	1 52	1 62	1 64	-16.195952435246696
1749	1 50	1 52	1 64	1 66	-157.49648363984548
1750	1 50	1 52	1 66	1 68	119.77541138891951
1751	1 50	1 52	1 68	1 70	34.27175663410207
1752	1 50	1 52	1 72	1 2	-83.367186852255
1753	1 50	1 52	1 71	1 1	-93.39086899139517
1754	1 51	1 53	1 52	1 54	164.71418845673435
1755	1 51	1 53	1 54	1 56	-67.34389718032324
1756	1 51	1 53	1 56	1 58	-229.5382140221402
1757	1 51	1 53	1 58	1 60	137.26292603622989
1758	1 51	1 53	1 60	1 62	121.67889173431607
1759	1 51	1 53	1 62	1 64	-32.32346765848318
1760	1 51	1 53	1 64	1 66	-189.2371983771087
1761	1 51	1 53	1 68	1 70	82.14728630139633
1762	1 51	1 53	1 57	1 59	2.504395559445994
1763	1 51	1 53	1 59	1 61	228.05177826026056
1764	1 51	1 53	1 63	1 65	-211.5209613022113
1765	1 51	1 53	1 65	1 67	38.584952457292886
1766	1 51	1 53	1 67	1 69	113.51776399235399
1767	1 51	1 53	1 69	1 71	33.52169356269619
1768	1 51	1 53	1 71	1 1	-125.7150008781952
1769	1 51	1 53	1 72	1 2	-116.36082660777188
1770	1 52	1 54	1 55	1 57	-271.52382013707023
1771	1 52	1 54	1 57	1 59	-22.114007498277893
1772	1 52	1 54	1 59	1 61	116.02848034645574
1773	1 52	1 54	1 61	1 63	137.86554159163347
1774	1 52	1 54	1 63	1 65	-231.77783128232565
1775	1 52	1 54	1 65	1 67	8.062932839149504
1776	1 52	1 54	1 67	1 69	80.1387920124603
1777	1 52	1 54	1 69	1 71	84.5253700833084
1778	1 52	1 54	1 71	1 1	-126.80648843461734
1779	1 52	1 54	1 60	1 62	238.73641708820062
1780	1 52	1 54	1 62	1 64	-17.396481351753526
1781	1 52	1 54	1 64	1 66	-208.9428215333054
1782	1 52	1 54	1 66	1 68	33.47793255131965
1783	1 52	1 54	1 68	1 70	113.8310677365804
1784	1 52	1 54	1 70	1 72	30.629771241830067
1785	1 52	1 54	1 72	1 2	-126.73404081632653
1786	1 53	1 55	1 56	1 58	-331.7158008658009
1787	1 53	1 55	1 58	1 60	-29.071473019823983
1788	1 53	1 55	1 60	1 62	128.8379725051528
1789	1 53	1 55	1 64	1 66	-272.5551992958632
1790	1 53	1 55	1 66	1 68	3.45656845596541
1791	1 53	1 55	1 68	1 70	86.76839779805883
1792	1 53	1 55	1 70	1 72	88.03863758394664
1793	1 53	1 55	1 72	1 2	-134.42833853275636
1794	1 53	1 55	1 57	1 59	-13.642903963368523
1795	1 53	1 55	1 59	1 61	-19.183205639186895
1796	1 53	1 55	1 61	1 63	284.5035000786535
1797	1 53	1 55	1 63	1 65	-247.76442307692307
1798	1 53	1 55	1 67	1 69	29.350495659958398
1799	1 53	1 55	1 69	1 71	117.24227250127527
1800	1 53	1 55	1 71	1 1	-105.5815180023813
1801	1 54	1 56	1 55	1 57	-146.6720333650906
1802	1 54	1 56	1 57	1 59	-7.256676491248208
1803	1 54	1 56	1 59	1 61	-29.38385375495477
1804	1 54	1 56	1 61	1 63	167.46203710353674
1805	1 54	1 56	1 63	1 65	-128.12973834891642
1806	1 54	1 56	1 67	1 69	8.445122013795004
1807	1 54	1 56	1 69	1 71	97.69375562678334
1808	1 54	1 56	1 71	1 1	-79.73466641455539
1809	1 54	1 56	1 58	1 60	-16.5132464443083
1810	1 54	1 56	1 62	1 64	367.98918399230865
1811	1 54	1 56	1 64	1 66	-338.4752502274796
1812	1 54	1 56	1 68	1 70	43.407963505274424
1813	1 54	1 56	1 70	1 72	137.63249929418407
1814	1 54	1 56	1 72	1 2	-152.7284322820037
1815	1 55	1 57	1 56	1 58	788.8979905229905
1816	1 55	1 57	1 58	1 60	-325.77045079430576
1817	1 55	1 57	1 60	1 62	-255.0589548022599
1818	1 55	1 57	1 64	1 66	716.1617246288388
1819	1 55	1 57	1 66	1 68	-280.42724290486655
1820	1 55	1 57	1 68	1 70	-211.60852985214302
1821	1 55	1 57	1 70	1 72	-102.20403229240544
1822	1 55	1 57	1 72	1 2	240.36425740916448
1823	1 55	1 57	1 59	1 61	-262.2861879321182
1824	1 55	1 57	1 61	1 63	-272.23095257834524
1825	1 55	1 57	1 63	1 65	836.1562843331136
1826	1 55	1 57	1 69	1 71	-172.56641397902652
1827	1 55	1 57	1 71	1 1	218.46240555067158
1828	1 56	1 58	1 59	1 61	-289.0735674278328
1829	1 56	1 58	1 61	1 63	-298.78423326760236
1830	1 56	1 58	1 63	1 65	712.6893077287814
1831	1 56	1 58	1 67	1 69	-249.79303420578867
1832	1 56	1 58	1 69	1 71	-214.26368905384106
1833	1 56	1 58	1 62	1 64	-340.1742733299337
1834	1 56	1 58	1 64	1 66	869.1905768708539
1835	1 56	1 58	1 66	1 68	-256.8009093814463
1836	1 56	1 58	1 70	1 72	-179.70342489228358
1837	1 56	1 58	1 72	1 2	301.43629758909003
1838	1 57	1 59	1 58	1 60	198.42768179991964
1839	1 57	1 59	1 60	1 62	-55.60609974009097
1840	1 57	1 59	1 62	1 64	-9.250386514038105
1841	1 57	1 59	1 64	1 66	-127.14483147879373
1842	1 57	1 59	1 66	1 68	161.08593895374398
1843	1 57	1 59	1 68	1 70	-21.29413120045106
1844	1 57	1 59	1 70	1 72	-6.308688427898818
1845	1 57	1 59	1 72	1 2	-55.955768430829345
1846	1 57	1 59	1 61	1 63	-21.071708984865637
1847	1 57	1 59	1 65	1 67	280.2451668211705
1848	1 57	1 59	1 69	1 71	-11.634203431279051
1849	1 57	1 59	1 71	1 1	-63.259374128843625
1850	1 58	1 60	1 59	1 61	204.14661858644138
1851	1 58	1 60	1 61	1 63	-69.23719122739514
1852	1 58	1 60	1 63	1 65	-304.0256816740647
1853	1 58	1 60	1 67	1 69	158.853851177066
1854	1 58	1 60	1 69	1 71	-24.733288732786974
1855	1 58	1 60	1 71	1 1	-110.74828578869204
1856	1 58	1 60	1 62	1 64	-24.13976506740682
1857	1 58	1 60	1 64	1 66	-261.6550294976462
1858	1 58	1 60	1 66	1 68	278.95787933525446
1859	1 58	1 60	1 70	1 72	-14.082740945959134
1860	1 58	1 60	1 72	1 2	-99.37944645623855
1861	1 59	1 61	1 60	1 62	156.98334222791476
1862	1 59	1 61	1 62	1 64	-62.22440957098142
1863	1 59	1 61	1 64	1 66	-276.3159883802916
1864	1 59	1 61	1 68	1 70	138.64488995415144
1865	1 59	1 61	1 70	1 72	-22.655822914699826
1866	1 59	1 61	1 72	1 2	-128.55865382324077
1867	1 59	1 61	1 67	1 69	263.3748640047851
1868	1 59	1 61	1 71	1 1	-144.62628282020523
1869	1 60	1 62	1 63	1 65	-338.88717588782936
1870	1 60	1 62	1 65	1 67	-21.86106072323937
1871	1 60	1 62	1 67	1 69	135.41556262967373
1872	1 60	1 62	1 68	1 70	273.2890838717262
1873	1 60	1 62	1 72	1 2	-180.27845317574884
1874	1 61	1 63	1 64	1 66	-389.2134098524275
1875	1 61	1 63	1 66	1 68	-25.767139840216764
1876	1 61	1 63	1 68	1 70	173.36781621467722
1877	1 61	1 63	1 72	1 2	-243.34925596977132
1878	1 61	1 63	1 65	1 67	-13.002735905256667
1879	1 61	1 63	1 69	1 71	303.1103378811464
1880	1 61	1 63	1 71	1 1	-228.4415254056134
1881	1 62	1 64	1 63	1 65	-139.54769374035288
1882	1 62	1 64	1 65	1 67	-7.18408296268225
1883	1 62	1 64	1 67	1 69	-21.829152439223627
1884	1 62	1 64	1 69	1 71	156.68160076530611
1885	1 62	1 64	1 71	1 1	-89.41895789165473
1886	1 62	1 64	1 66	1 68	-13.982426051534986
1887	1 62	1 64	1 70	1 72	333.2999159114267
1888	1 62	1 64	1 72	1 2	-274.82477081741786
1889	1 63	1 65	1 64	1 66	939.4959510171834
1890	1 63	1 65	1 68	1 70	-318.21907585498946
1891	1 63	1 65	1 70	1 72	-131.13998012372264
1892	1 63	1 65	1 72	1 2	385.7667351628029
1893	1 63	1 65	1 69	1 71	-305.99301492537313
1894	1 63	1 65	1 71	1 1	377.44843570176187
1895	1 64	1 66	1 67	1 69	-348.0098039215686
1896	1 64	1 66	1 69	1 71	-326.9458200147529
1897	1 64	1 66	1 71	1 1	357.8695960311835
1898	1 64	1 66	1 68	1 70	-318.1299569189245
1899	1 64	1 66	1 70	1 72	-329.3857009067302
1900	1 64	1 66	1 72	1 2	493.7230086098757
1901	1 65	1 67	1 66	1 68	234.92584901118954
1902	1 65	1 67	1 68	1 70	-58.301689114781865
1903	1 65	1 67	1 70	1 72	-11.396864856582958
1904	1 65	1 67	1 72	1 2	-68.28571383181914
1905	1 65	1 67	1 69	1 71	-23.350910405580116
1906	1 65	1 67	1 71	1 1	-76.08154255121389
1907	1 66	1 68	1 67	1 69	225.52006033182502
1908	1 66	1 68	1 69	1 71	-62.729072651259784
1909	1 66	1 68	1 71	1 1	-124.51082421340628
1910	1 66	1 68	1 70	1 72	-22.905505322996838
1911	1 66	1 68	1 72	1 2	-112.05596231623548
1912	1 67	1 69	1 68	1 70	209.08165826330531
1913	1 67	1 69	1 70	1 72	-58.446874661466794
1914	1 67	1 69	1 72	1 2	-160.30775832774975
1915	1 67	1 69	1 71	1 1	-184.2113082151689
1916	1 68	1 70	1 71	1 1	-302.0276496633152
1917	1 68	1 70	1 72	1 2	-245.30517945091617
1918	1 69	1 71	1 72	1 2	-383.56597460535346
1919	1 70	1 72	1 71	1 1	-141.86436971128586
1920	1 71	1 1	1 72	1 2	1614.837041156841
