4096
1	1 1	1 3	1 2	1 4
2	1 1	1 3	1 6	1 8
3	1 1	1 3	1 8	1 10
4	1 1	1 3	1 10	1 12
5	1 1	1 3	1 12	1 14
6	1 1	1 3	1 14	1 16
7	1 1	1 3	1 16	1 18
8	1 1	1 3	1 20	1 22
9	1 1	1 3	1 5	1 7
10	1 1	1 3	1 9	1 11
11	1 1	1 3	1 11	1 13
12	1 1	1 3	1 13	1 15
13	1 1	1 3	1 17	1 19
14	1 1	1 3	1 19	1 21
15	1 1	1 3	1 21	1 23
16	1 1	1 3	1 22	1 24
17	1 1	1 3	1 24	1 26
18	1 1	1 3	1 26	1 28
19	1 1	1 3	1 28	1 30
20	1 1	1 3	1 30	1 32
21	1 1	1 3	1 32	1 34
22	1 1	1 3	1 34	1 36
23	1 1	1 3	1 36	1 38
24	1 1	1 3	1 38	1 40
25	1 1	1 3	1 40	1 42
26	1 1	1 3	1 25	1 27
27	1 1	1 3	1 27	1 29
28	1 1	1 3	1 29	1 31
29	1 1	1 3	1 31	1 33
30	1 1	1 3	1 33	1 35
31	1 1	1 3	1 35	1 37
32	1 1	1 3	1 37	1 39
33	1 1	1 3	1 39	1 41
34	1 1	1 3	1 41	1 43
35	1 1	1 3	1 43	1 45
36	1 1	1 3	1 42	1 44
37	1 1	1 3	1 44	1 46
38	1 1	1 3	1 46	1 48
39	1 1	1 3	1 48	1 50
40	1 1	1 3	1 52	1 54
41	1 1	1 3	1 54	1 56
42	1 1	1 3	1 56	1 58
43	1 1	1 3	1 58	1 60
44	1 1	1 3	1 60	1 62
45	1 1	1 3	1 45	1 47
46	1 1	1 3	1 47	1 49
47	1 1	1 3	1 49	1 51
48	1 1	1 3	1 51	1 53
49	1 1	1 3	1 53	1 55
50	1 1	1 3	1 55	1 57
51	1 1	1 3	1 57	1 59
52	1 1	1 3	1 59	1 61
53	1 1	1 3	1 61	1 63
54	1 1	1 3	1 63	1 65
55	1 1	1 3	1 62	1 64
56	1 1	1 3	1 64	1 66
57	1 1	1 3	1 66	1 68
58	1 1	1 3	1 68	1 70
59	1 1	1 3	1 70	1 72
60	1 1	1 3	1 65	1 67
61	1 1	1 3	1 67	1 69
62	1 1	1 3	1 69	1 71
63	1 2	1 4	1 3	1 5
64	1 2	1 4	1 5	1 7
65	1 2	1 4	1 7	1 9
66	1 2	1 4	1 11	1 13
67	1 2	1 4	1 13	1 15
68	1 2	1 4	1 15	1 17
69	1 2	1 4	1 6	1 8
70	1 2	1 4	1 10	1 12
71	1 2	1 4	1 12	1 14
72	1 2	1 4	1 14	1 16
73	1 2	1 4	1 18	1 20
74	1 2	1 4	1 20	1 22
75	1 2	1 4	1 23	1 25
76	1 2	1 4	1 25	1 27
77	1 2	1 4	1 31	1 33
78	1 2	1 4	1 33	1 35
79	1 2	1 4	1 35	1 37
80	1 2	1 4	1 37	1 39
81	1 2	1 4	1 39	1 41
82	1 2	1 4	1 41	1 43
83	1 2	1 4	1 26	1 28
84	1 2	1 4	1 28	1 30
85	1 2	1 4	1 30	1 32
86	1 2	1 4	1 32	1 34
87	1 2	1 4	1 34	1 36
88	1 2	1 4	1 36	1 38
89	1 2	1 4	1 38	1 40
90	1 2	1 4	1 40	1 42
91	1 2	1 4	1 42	1 44
92	1 2	1 4	1 44	1 46
93	1 2	1 4	1 43	1 45
94	1 2	1 4	1 45	1 47
95	1 2	1 4	1 47	1 49
96	1 2	1 4	1 49	1 51
97	1 2	1 4	1 51	1 53
98	1 2	1 4	1 53	1 55
99	1 2	1 4	1 55	1 57
100	1 2	1 4	1 57	1 59
101	1 2	1 4	1 59	1 61
102	1 2	1 4	1 61	1 63
103	1 2	1 4	1 46	1 48
104	1 2	1 4	1 48	1 50
105	1 2	1 4	1 50	1 52
106	1 2	1 4	1 52	1 54
107	1 2	1 4	1 54	1 56
108	1 2	1 4	1 56	1 58
109	1 2	1 4	1 58	1 60
110	1 2	1 4	1 60	1 62
111	1 2	1 4	1 62	1 64
112	1 2	1 4	1 64	1 66
113	1 2	1 4	1 63	1 65
114	1 2	1 4	1 65	1 67
115	1 2	1 4	1 67	1 69
116	1 2	1 4	1 69	1 71
117	1 2	1 4	1 71	1 1
118	1 2	1 4	1 1	1 3
119	1 2	1 4	1 66	1 68
120	1 2	1 4	1 68	1 70
121	1 2	1 4	1 70	1 72
122	1 3	1 5	1 4	1 6
123	1 3	1 5	1 6	1 8
124	1 3	1 5	1 8	1 10
125	1 3	1 5	1 10	1 12
126	1 3	1 5	1 12	1 14
127	1 3	1 5	1 14	1 16
128	1 3	1 5	1 16	1 18
129	1 3	1 5	1 18	1 20
130	1 3	1 5	1 20	1 22
131	1 3	1 5	1 9	1 11
132	1 3	1 5	1 11	1 13
133	1 3	1 5	1 17	1 19
134	1 3	1 5	1 19	1 21
135	1 3	1 5	1 21	1 23
136	1 3	1 5	1 25	1 27
137	1 3	1 5	1 24	1 26
138	1 3	1 5	1 26	1 28
139	1 3	1 5	1 28	1 30
140	1 3	1 5	1 30	1 32
141	1 3	1 5	1 32	1 34
142	1 3	1 5	1 34	1 36
143	1 3	1 5	1 36	1 38
144	1 3	1 5	1 38	1 40
145	1 3	1 5	1 40	1 42
146	1 3	1 5	1 42	1 44
147	1 3	1 5	1 27	1 29
148	1 3	1 5	1 29	1 31
149	1 3	1 5	1 33	1 35
150	1 3	1 5	1 35	1 37
151	1 3	1 5	1 37	1 39
152	1 3	1 5	1 39	1 41
153	1 3	1 5	1 41	1 43
154	1 3	1 5	1 43	1 45
155	1 3	1 5	1 45	1 47
156	1 3	1 5	1 44	1 46
157	1 3	1 5	1 46	1 48
158	1 3	1 5	1 48	1 50
159	1 3	1 5	1 50	1 52
160	1 3	1 5	1 52	1 54
161	1 3	1 5	1 54	1 56
162	1 3	1 5	1 56	1 58
163	1 3	1 5	1 58	1 60
164	1 3	1 5	1 60	1 62
165	1 3	1 5	1 62	1 64
166	1 3	1 5	1 47	1 49
167	1 3	1 5	1 49	1 51
168	1 3	1 5	1 51	1 53
169	1 3	1 5	1 53	1 55
170	1 3	1 5	1 55	1 57
171	1 3	1 5	1 57	1 59
172	1 3	1 5	1 59	1 61
173	1 3	1 5	1 61	1 63
174	1 3	1 5	1 65	1 67
175	1 3	1 5	1 64	1 66
176	1 3	1 5	1 66	1 68
177	1 3	1 5	1 68	1 70
178	1 3	1 5	1 70	1 72
179	1 3	1 5	1 72	1 2
180	1 3	1 5	1 2	1 4
181	1 3	1 5	1 67	1 69
182	1 3	1 5	1 69	1 71
183	1 3	1 5	1 71	1 1
184	1 4	1 6	1 5	1 7
185	1 4	1 6	1 7	1 9
186	1 4	1 6	1 9	1 11
187	1 4	1 6	1 11	1 13
188	1 4	1 6	1 15	1 17
189	1 4	1 6	1 17	1 19
190	1 4	1 6	1 19	1 21
191	1 4	1 6	1 21	1 23
192	1 4	1 6	1 23	1 25
193	1 4	1 6	1 12	1 14
194	1 4	1 6	1 14	1 16
195	1 4	1 6	1 18	1 20
196	1 4	1 6	1 20	1 22
197	1 4	1 6	1 22	1 24
198	1 4	1 6	1 26	1 28
199	1 4	1 6	1 25	1 27
200	1 4	1 6	1 27	1 29
201	1 4	1 6	1 29	1 31
202	1 4	1 6	1 31	1 33
203	1 4	1 6	1 33	1 35
204	1 4	1 6	1 35	1 37
205	1 4	1 6	1 37	1 39
206	1 4	1 6	1 39	1 41
207	1 4	1 6	1 41	1 43
208	1 4	1 6	1 43	1 45
209	1 4	1 6	1 28	1 30
210	1 4	1 6	1 30	1 32
211	1 4	1 6	1 32	1 34
212	1 4	1 6	1 34	1 36
213	1 4	1 6	1 36	1 38
214	1 4	1 6	1 38	1 40
215	1 4	1 6	1 40	1 42
216	1 4	1 6	1 42	1 44
217	1 4	1 6	1 44	1 46
218	1 4	1 6	1 46	1 48
219	1 4	1 6	1 45	1 47
220	1 4	1 6	1 47	1 49
221	1 4	1 6	1 49	1 51
222	1 4	1 6	1 51	1 53
223	1 4	1 6	1 53	1 55
224	1 4	1 6	1 55	1 57
225	1 4	1 6	1 59	1 61
226	1 4	1 6	1 61	1 63
227	1 4	1 6	1 63	1 65
228	1 4	1 6	1 48	1 50
229	1 4	1 6	1 50	1 52
230	1 4	1 6	1 52	1 54
231	1 4	1 6	1 54	1 56
232	1 4	1 6	1 56	1 58
233	1 4	1 6	1 58	1 60
234	1 4	1 6	1 60	1 62
235	1 4	1 6	1 62	1 64
236	1 4	1 6	1 64	1 66
237	1 4	1 6	1 66	1 68
238	1 4	1 6	1 65	1 67
239	1 4	1 6	1 67	1 69
240	1 4	1 6	1 69	1 71
241	1 4	1 6	1 71	1 1
242	1 4	1 6	1 3	1 5
243	1 4	1 6	1 68	1 70
244	1 4	1 6	1 70	1 72
245	1 4	1 6	1 72	1 2
246	1 5	1 7	1 6	1 8
247	1 5	1 7	1 8	1 10
248	1 5	1 7	1 10	1 12
249	1 5	1 7	1 12	1 14
250	1 5	1 7	1 16	1 18
251	1 5	1 7	1 22	1 24
252	1 5	1 7	1 24	1 26
253	1 5	1 7	1 9	1 11
254	1 5	1 7	1 13	1 15
255	1 5	1 7	1 15	1 17
256	1 5	1 7	1 19	1 21
257	1 5	1 7	1 21	1 23
258	1 5	1 7	1 23	1 25
259	1 5	1 7	1 25	1 27
260	1 5	1 7	1 27	1 29
261	1 5	1 7	1 26	1 28
262	1 5	1 7	1 28	1 30
263	1 5	1 7	1 30	1 32
264	1 5	1 7	1 32	1 34
265	1 5	1 7	1 34	1 36
266	1 5	1 7	1 36	1 38
267	1 5	1 7	1 38	1 40
268	1 5	1 7	1 40	1 42
269	1 5	1 7	1 42	1 44
270	1 5	1 7	1 44	1 46
271	1 5	1 7	1 29	1 31
272	1 5	1 7	1 31	1 33
273	1 5	1 7	1 33	1 35
274	1 5	1 7	1 35	1 37
275	1 5	1 7	1 37	1 39
276	1 5	1 7	1 39	1 41
277	1 5	1 7	1 41	1 43
278	1 5	1 7	1 43	1 45
279	1 5	1 7	1 45	1 47
280	1 5	1 7	1 47	1 49
281	1 5	1 7	1 46	1 48
282	1 5	1 7	1 48	1 50
283	1 5	1 7	1 50	1 52
284	1 5	1 7	1 52	1 54
285	1 5	1 7	1 54	1 56
286	1 5	1 7	1 56	1 58
287	1 5	1 7	1 58	1 60
288	1 5	1 7	1 60	1 62
289	1 5	1 7	1 62	1 64
290	1 5	1 7	1 64	1 66
291	1 5	1 7	1 49	1 51
292	1 5	1 7	1 51	1 53
293	1 5	1 7	1 53	1 55
294	1 5	1 7	1 55	1 57
295	1 5	1 7	1 57	1 59
296	1 5	1 7	1 59	1 61
297	1 5	1 7	1 61	1 63
298	1 5	1 7	1 66	1 68
299	1 5	1 7	1 68	1 70
300	1 5	1 7	1 70	1 72
301	1 5	1 7	1 72	1 2
302	1 5	1 7	1 2	1 4
303	1 5	1 7	1 4	1 6
304	1 5	1 7	1 69	1 71
305	1 5	1 7	1 71	1 1
306	1 5	1 7	1 1	1 3
307	1 6	1 8	1 9	1 11
308	1 6	1 8	1 11	1 13
309	1 6	1 8	1 17	1 19
310	1 6	1 8	1 19	1 21
311	1 6	1 8	1 21	1 23
312	1 6	1 8	1 25	1 27
313	1 6	1 8	1 10	1 12
314	1 6	1 8	1 12	1 14
315	1 6	1 8	1 22	1 24
316	1 6	1 8	1 24	1 26
317	1 6	1 8	1 26	1 28
318	1 6	1 8	1 28	1 30
319	1 6	1 8	1 27	1 29
320	1 6	1 8	1 29	1 31
321	1 6	1 8	1 31	1 33
322	1 6	1 8	1 33	1 35
323	1 6	1 8	1 35	1 37
324	1 6	1 8	1 37	1 39
325	1 6	1 8	1 39	1 41
326	1 6	1 8	1 41	1 43
327	1 6	1 8	1 43	1 45
328	1 6	1 8	1 45	1 47
329	1 6	1 8	1 30	1 32
330	1 6	1 8	1 32	1 34
331	1 6	1 8	1 38	1 40
332	1 6	1 8	1 40	1 42
333	1 6	1 8	1 42	1 44
334	1 6	1 8	1 44	1 46
335	1 6	1 8	1 46	1 48
336	1 6	1 8	1 48	1 50
337	1 6	1 8	1 47	1 49
338	1 6	1 8	1 49	1 51
339	1 6	1 8	1 51	1 53
340	1 6	1 8	1 53	1 55
341	1 6	1 8	1 55	1 57
342	1 6	1 8	1 57	1 59
343	1 6	1 8	1 61	1 63
344	1 6	1 8	1 63	1 65
345	1 6	1 8	1 65	1 67
346	1 6	1 8	1 50	1 52
347	1 6	1 8	1 52	1 54
348	1 6	1 8	1 54	1 56
349	1 6	1 8	1 56	1 58
350	1 6	1 8	1 58	1 60
351	1 6	1 8	1 60	1 62
352	1 6	1 8	1 62	1 64
353	1 6	1 8	1 64	1 66
354	1 6	1 8	1 66	1 68
355	1 6	1 8	1 68	1 70
356	1 6	1 8	1 67	1 69
357	1 6	1 8	1 71	1 1
358	1 6	1 8	1 1	1 3
359	1 6	1 8	1 3	1 5
360	1 6	1 8	1 5	1 7
361	1 6	1 8	1 70	1 72
362	1 6	1 8	1 72	1 2
363	1 6	1 8	1 2	1 4
364	1 7	1 9	1 12	1 14
365	1 7	1 9	1 16	1 18
366	1 7	1 9	1 18	1 20
367	1 7	1 9	1 20	1 22
368	1 7	1 9	1 22	1 24
369	1 7	1 9	1 24	1 26
370	1 7	1 9	1 26	1 28
371	1 7	1 9	1 11	1 13
372	1 7	1 9	1 13	1 15
373	1 7	1 9	1 15	1 17
374	1 7	1 9	1 21	1 23
375	1 7	1 9	1 23	1 25
376	1 7	1 9	1 27	1 29
377	1 7	1 9	1 29	1 31
378	1 7	1 9	1 28	1 30
379	1 7	1 9	1 30	1 32
380	1 7	1 9	1 36	1 38
381	1 7	1 9	1 38	1 40
382	1 7	1 9	1 40	1 42
383	1 7	1 9	1 42	1 44
384	1 7	1 9	1 44	1 46
385	1 7	1 9	1 46	1 48
386	1 7	1 9	1 31	1 33
387	1 7	1 9	1 35	1 37
388	1 7	1 9	1 37	1 39
389	1 7	1 9	1 39	1 41
390	1 7	1 9	1 41	1 43
391	1 7	1 9	1 43	1 45
392	1 7	1 9	1 45	1 47
393	1 7	1 9	1 47	1 49
394	1 7	1 9	1 49	1 51
395	1 7	1 9	1 48	1 50
396	1 7	1 9	1 50	1 52
397	1 7	1 9	1 52	1 54
398	1 7	1 9	1 54	1 56
399	1 7	1 9	1 56	1 58
400	1 7	1 9	1 58	1 60
401	1 7	1 9	1 60	1 62
402	1 7	1 9	1 62	1 64
403	1 7	1 9	1 64	1 66
404	1 7	1 9	1 66	1 68
405	1 7	1 9	1 55	1 57
406	1 7	1 9	1 57	1 59
407	1 7	1 9	1 63	1 65
408	1 7	1 9	1 65	1 67
409	1 7	1 9	1 67	1 69
410	1 7	1 9	1 69	1 71
411	1 7	1 9	1 68	1 70
412	1 7	1 9	1 70	1 72
413	1 7	1 9	1 72	1 2
414	1 7	1 9	1 2	1 4
415	1 7	1 9	1 4	1 6
416	1 7	1 9	1 71	1 1
417	1 8	1 10	1 11	1 13
418	1 8	1 10	1 13	1 15
419	1 8	1 10	1 15	1 17
420	1 8	1 10	1 19	1 21
421	1 8	1 10	1 25	1 27
422	1 8	1 10	1 27	1 29
423	1 8	1 10	1 12	1 14
424	1 8	1 10	1 14	1 16
425	1 8	1 10	1 16	1 18
426	1 8	1 10	1 22	1 24
427	1 8	1 10	1 24	1 26
428	1 8	1 10	1 28	1 30
429	1 8	1 10	1 30	1 32
430	1 8	1 10	1 29	1 31
431	1 8	1 10	1 31	1 33
432	1 8	1 10	1 33	1 35
433	1 8	1 10	1 35	1 37
434	1 8	1 10	1 37	1 39
435	1 8	1 10	1 39	1 41
436	1 8	1 10	1 45	1 47
437	1 8	1 10	1 47	1 49
438	1 8	1 10	1 32	1 34
439	1 8	1 10	1 34	1 36
440	1 8	1 10	1 36	1 38
441	1 8	1 10	1 38	1 40
442	1 8	1 10	1 40	1 42
443	1 8	1 10	1 42	1 44
444	1 8	1 10	1 48	1 50
445	1 8	1 10	1 50	1 52
446	1 8	1 10	1 49	1 51
447	1 8	1 10	1 51	1 53
448	1 8	1 10	1 53	1 55
449	1 8	1 10	1 55	1 57
450	1 8	1 10	1 57	1 59
451	1 8	1 10	1 61	1 63
452	1 8	1 10	1 63	1 65
453	1 8	1 10	1 65	1 67
454	1 8	1 10	1 67	1 69
455	1 8	1 10	1 52	1 54
456	1 8	1 10	1 54	1 56
457	1 8	1 10	1 56	1 58
458	1 8	1 10	1 58	1 60
459	1 8	1 10	1 64	1 66
460	1 8	1 10	1 66	1 68
461	1 8	1 10	1 68	1 70
462	1 8	1 10	1 70	1 72
463	1 8	1 10	1 1	1 3
464	1 8	1 10	1 3	1 5
465	1 8	1 10	1 5	1 7
466	1 9	1 11	1 10	1 12
467	1 9	1 11	1 12	1 14
468	1 9	1 11	1 14	1 16
469	1 9	1 11	1 20	1 22
470	1 9	1 11	1 22	1 24
471	1 9	1 11	1 13	1 15
472	1 9	1 11	1 17	1 19
473	1 9	1 11	1 19	1 21
474	1 9	1 11	1 21	1 23
475	1 9	1 11	1 25	1 27
476	1 9	1 11	1 27	1 29
477	1 9	1 11	1 30	1 32
478	1 9	1 11	1 32	1 34
479	1 9	1 11	1 34	1 36
480	1 9	1 11	1 36	1 38
481	1 9	1 11	1 42	1 44
482	1 9	1 11	1 44	1 46
483	1 9	1 11	1 46	1 48
484	1 9	1 11	1 48	1 50
485	1 9	1 11	1 39	1 41
486	1 9	1 11	1 41	1 43
487	1 9	1 11	1 43	1 45
488	1 9	1 11	1 45	1 47
489	1 9	1 11	1 47	1 49
490	1 9	1 11	1 49	1 51
491	1 9	1 11	1 51	1 53
492	1 9	1 11	1 50	1 52
493	1 9	1 11	1 52	1 54
494	1 9	1 11	1 54	1 56
495	1 9	1 11	1 56	1 58
496	1 9	1 11	1 58	1 60
497	1 9	1 11	1 60	1 62
498	1 9	1 11	1 62	1 64
499	1 9	1 11	1 64	1 66
500	1 9	1 11	1 66	1 68
501	1 9	1 11	1 53	1 55
502	1 9	1 11	1 55	1 57
503	1 9	1 11	1 57	1 59
504	1 9	1 11	1 59	1 61
505	1 9	1 11	1 61	1 63
506	1 9	1 11	1 63	1 65
507	1 9	1 11	1 65	1 67
508	1 9	1 11	1 67	1 69
509	1 9	1 11	1 69	1 71
510	1 9	1 11	1 70	1 72
511	1 9	1 11	1 72	1 2
512	1 9	1 11	1 4	1 6
513	1 9	1 11	1 6	1 8
514	1 10	1 12	1 11	1 13
515	1 10	1 12	1 13	1 15
516	1 10	1 12	1 15	1 17
517	1 10	1 12	1 23	1 25
518	1 10	1 12	1 25	1 27
519	1 10	1 12	1 27	1 29
520	1 10	1 12	1 29	1 31
521	1 10	1 12	1 14	1 16
522	1 10	1 12	1 18	1 20
523	1 10	1 12	1 22	1 24
524	1 10	1 12	1 28	1 30
525	1 10	1 12	1 30	1 32
526	1 10	1 12	1 31	1 33
527	1 10	1 12	1 33	1 35
528	1 10	1 12	1 35	1 37
529	1 10	1 12	1 37	1 39
530	1 10	1 12	1 39	1 41
531	1 10	1 12	1 41	1 43
532	1 10	1 12	1 43	1 45
533	1 10	1 12	1 45	1 47
534	1 10	1 12	1 47	1 49
535	1 10	1 12	1 49	1 51
536	1 10	1 12	1 34	1 36
537	1 10	1 12	1 36	1 38
538	1 10	1 12	1 38	1 40
539	1 10	1 12	1 40	1 42
540	1 10	1 12	1 42	1 44
541	1 10	1 12	1 44	1 46
542	1 10	1 12	1 46	1 48
543	1 10	1 12	1 48	1 50
544	1 10	1 12	1 50	1 52
545	1 10	1 12	1 52	1 54
546	1 10	1 12	1 51	1 53
547	1 10	1 12	1 53	1 55
548	1 10	1 12	1 55	1 57
549	1 10	1 12	1 57	1 59
550	1 10	1 12	1 61	1 63
551	1 10	1 12	1 63	1 65
552	1 10	1 12	1 65	1 67
553	1 10	1 12	1 67	1 69
554	1 10	1 12	1 69	1 71
555	1 10	1 12	1 54	1 56
556	1 10	1 12	1 56	1 58
557	1 10	1 12	1 58	1 60
558	1 10	1 12	1 60	1 62
559	1 10	1 12	1 66	1 68
560	1 10	1 12	1 68	1 70
561	1 10	1 12	1 70	1 72
562	1 10	1 12	1 72	1 2
563	1 10	1 12	1 1	1 3
564	1 10	1 12	1 3	1 5
565	1 10	1 12	1 5	1 7
566	1 10	1 12	1 9	1 11
567	1 11	1 13	1 12	1 14
568	1 11	1 13	1 14	1 16
569	1 11	1 13	1 16	1 18
570	1 11	1 13	1 18	1 20
571	1 11	1 13	1 24	1 26
572	1 11	1 13	1 26	1 28
573	1 11	1 13	1 28	1 30
574	1 11	1 13	1 30	1 32
575	1 11	1 13	1 17	1 19
576	1 11	1 13	1 19	1 21
577	1 11	1 13	1 25	1 27
578	1 11	1 13	1 27	1 29
579	1 11	1 13	1 29	1 31
580	1 11	1 13	1 33	1 35
581	1 11	1 13	1 32	1 34
582	1 11	1 13	1 34	1 36
583	1 11	1 13	1 36	1 38
584	1 11	1 13	1 38	1 40
585	1 11	1 13	1 40	1 42
586	1 11	1 13	1 42	1 44
587	1 11	1 13	1 44	1 46
588	1 11	1 13	1 46	1 48
589	1 11	1 13	1 48	1 50
590	1 11	1 13	1 50	1 52
591	1 11	1 13	1 35	1 37
592	1 11	1 13	1 39	1 41
593	1 11	1 13	1 41	1 43
594	1 11	1 13	1 43	1 45
595	1 11	1 13	1 45	1 47
596	1 11	1 13	1 47	1 49
597	1 11	1 13	1 49	1 51
598	1 11	1 13	1 51	1 53
599	1 11	1 13	1 53	1 55
600	1 11	1 13	1 52	1 54
601	1 11	1 13	1 54	1 56
602	1 11	1 13	1 60	1 62
603	1 11	1 13	1 62	1 64
604	1 11	1 13	1 64	1 66
605	1 11	1 13	1 66	1 68
606	1 11	1 13	1 68	1 70
607	1 11	1 13	1 55	1 57
608	1 11	1 13	1 57	1 59
609	1 11	1 13	1 59	1 61
610	1 11	1 13	1 61	1 63
611	1 11	1 13	1 63	1 65
612	1 11	1 13	1 65	1 67
613	1 11	1 13	1 67	1 69
614	1 11	1 13	1 69	1 71
615	1 11	1 13	1 71	1 1
616	1 11	1 13	1 1	1 3
617	1 11	1 13	1 72	1 2
618	1 11	1 13	1 2	1 4
619	1 11	1 13	1 4	1 6
620	1 11	1 13	1 6	1 8
621	1 11	1 13	1 8	1 10
622	1 11	1 13	1 10	1 12
623	1 12	1 14	1 15	1 17
624	1 12	1 14	1 17	1 19
625	1 12	1 14	1 19	1 21
626	1 12	1 14	1 23	1 25
627	1 12	1 14	1 25	1 27
628	1 12	1 14	1 27	1 29
629	1 12	1 14	1 29	1 31
630	1 12	1 14	1 31	1 33
631	1 12	1 14	1 18	1 20
632	1 12	1 14	1 20	1 22
633	1 12	1 14	1 28	1 30
634	1 12	1 14	1 30	1 32
635	1 12	1 14	1 32	1 34
636	1 12	1 14	1 34	1 36
637	1 12	1 14	1 33	1 35
638	1 12	1 14	1 35	1 37
639	1 12	1 14	1 37	1 39
640	1 12	1 14	1 39	1 41
641	1 12	1 14	1 41	1 43
642	1 12	1 14	1 43	1 45
643	1 12	1 14	1 45	1 47
644	1 12	1 14	1 49	1 51
645	1 12	1 14	1 51	1 53
646	1 12	1 14	1 36	1 38
647	1 12	1 14	1 38	1 40
648	1 12	1 14	1 40	1 42
649	1 12	1 14	1 42	1 44
650	1 12	1 14	1 48	1 50
651	1 12	1 14	1 50	1 52
652	1 12	1 14	1 52	1 54
653	1 12	1 14	1 54	1 56
654	1 12	1 14	1 53	1 55
655	1 12	1 14	1 55	1 57
656	1 12	1 14	1 57	1 59
657	1 12	1 14	1 61	1 63
658	1 12	1 14	1 63	1 65
659	1 12	1 14	1 65	1 67
660	1 12	1 14	1 67	1 69
661	1 12	1 14	1 69	1 71
662	1 12	1 14	1 71	1 1
663	1 12	1 14	1 56	1 58
664	1 12	1 14	1 58	1 60
665	1 12	1 14	1 60	1 62
666	1 12	1 14	1 62	1 64
667	1 12	1 14	1 64	1 66
668	1 12	1 14	1 66	1 68
669	1 12	1 14	1 70	1 72
670	1 12	1 14	1 72	1 2
671	1 12	1 14	1 2	1 4
672	1 13	1 15	1 16	1 18
673	1 13	1 15	1 18	1 20
674	1 13	1 15	1 20	1 22
675	1 13	1 15	1 24	1 26
676	1 13	1 15	1 26	1 28
677	1 13	1 15	1 28	1 30
678	1 13	1 15	1 30	1 32
679	1 13	1 15	1 32	1 34
680	1 13	1 15	1 17	1 19
681	1 13	1 15	1 19	1 21
682	1 13	1 15	1 21	1 23
683	1 13	1 15	1 23	1 25
684	1 13	1 15	1 27	1 29
685	1 13	1 15	1 29	1 31
686	1 13	1 15	1 31	1 33
687	1 13	1 15	1 33	1 35
688	1 13	1 15	1 35	1 37
689	1 13	1 15	1 34	1 36
690	1 13	1 15	1 36	1 38
691	1 13	1 15	1 38	1 40
692	1 13	1 15	1 40	1 42
693	1 13	1 15	1 42	1 44
694	1 13	1 15	1 44	1 46
695	1 13	1 15	1 46	1 48
696	1 13	1 15	1 48	1 50
697	1 13	1 15	1 50	1 52
698	1 13	1 15	1 37	1 39
699	1 13	1 15	1 39	1 41
700	1 13	1 15	1 41	1 43
701	1 13	1 15	1 43	1 45
702	1 13	1 15	1 45	1 47
703	1 13	1 15	1 47	1 49
704	1 13	1 15	1 49	1 51
705	1 13	1 15	1 51	1 53
706	1 13	1 15	1 53	1 55
707	1 13	1 15	1 55	1 57
708	1 13	1 15	1 54	1 56
709	1 13	1 15	1 58	1 60
710	1 13	1 15	1 60	1 62
711	1 13	1 15	1 62	1 64
712	1 13	1 15	1 64	1 66
713	1 13	1 15	1 66	1 68
714	1 13	1 15	1 68	1 70
715	1 13	1 15	1 70	1 72
716	1 13	1 15	1 57	1 59
717	1 13	1 15	1 59	1 61
718	1 13	1 15	1 61	1 63
719	1 13	1 15	1 63	1 65
720	1 13	1 15	1 65	1 67
721	1 13	1 15	1 67	1 69
722	1 13	1 15	1 1	1 3
723	1 14	1 16	1 17	1 19
724	1 14	1 16	1 19	1 21
725	1 14	1 16	1 25	1 27
726	1 14	1 16	1 27	1 29
727	1 14	1 16	1 22	1 24
728	1 14	1 16	1 26	1 28
729	1 14	1 16	1 28	1 30
730	1 14	1 16	1 30	1 32
731	1 14	1 16	1 32	1 34
732	1 14	1 16	1 34	1 36
733	1 14	1 16	1 36	1 38
734	1 14	1 16	1 35	1 37
735	1 14	1 16	1 37	1 39
736	1 14	1 16	1 39	1 41
737	1 14	1 16	1 41	1 43
738	1 14	1 16	1 43	1 45
739	1 14	1 16	1 45	1 47
740	1 14	1 16	1 49	1 51
741	1 14	1 16	1 51	1 53
742	1 14	1 16	1 53	1 55
743	1 14	1 16	1 38	1 40
744	1 14	1 16	1 40	1 42
745	1 14	1 16	1 42	1 44
746	1 14	1 16	1 44	1 46
747	1 14	1 16	1 46	1 48
748	1 14	1 16	1 48	1 50
749	1 14	1 16	1 52	1 54
750	1 14	1 16	1 54	1 56
751	1 14	1 16	1 56	1 58
752	1 14	1 16	1 55	1 57
753	1 14	1 16	1 57	1 59
754	1 14	1 16	1 63	1 65
755	1 14	1 16	1 65	1 67
756	1 14	1 16	1 67	1 69
757	1 14	1 16	1 69	1 71
758	1 14	1 16	1 71	1 1
759	1 14	1 16	1 1	1 3
760	1 14	1 16	1 62	1 64
761	1 14	1 16	1 64	1 66
762	1 14	1 16	1 66	1 68
763	1 14	1 16	1 2	1 4
764	1 14	1 16	1 4	1 6
765	1 15	1 17	1 16	1 18
766	1 15	1 17	1 18	1 20
767	1 15	1 17	1 20	1 22
768	1 15	1 17	1 24	1 26
769	1 15	1 17	1 26	1 28
770	1 15	1 17	1 28	1 30
771	1 15	1 17	1 30	1 32
772	1 15	1 17	1 32	1 34
773	1 15	1 17	1 34	1 36
774	1 15	1 17	1 19	1 21
775	1 15	1 17	1 21	1 23
776	1 15	1 17	1 23	1 25
777	1 15	1 17	1 25	1 27
778	1 15	1 17	1 29	1 31
779	1 15	1 17	1 31	1 33
780	1 15	1 17	1 36	1 38
781	1 15	1 17	1 38	1 40
782	1 15	1 17	1 40	1 42
783	1 15	1 17	1 42	1 44
784	1 15	1 17	1 44	1 46
785	1 15	1 17	1 46	1 48
786	1 15	1 17	1 48	1 50
787	1 15	1 17	1 50	1 52
788	1 15	1 17	1 54	1 56
789	1 15	1 17	1 39	1 41
790	1 15	1 17	1 41	1 43
791	1 15	1 17	1 43	1 45
792	1 15	1 17	1 45	1 47
793	1 15	1 17	1 47	1 49
794	1 15	1 17	1 49	1 51
795	1 15	1 17	1 51	1 53
796	1 15	1 17	1 53	1 55
797	1 15	1 17	1 55	1 57
798	1 15	1 17	1 57	1 59
799	1 15	1 17	1 58	1 60
800	1 15	1 17	1 60	1 62
801	1 15	1 17	1 62	1 64
802	1 15	1 17	1 64	1 66
803	1 15	1 17	1 66	1 68
804	1 15	1 17	1 68	1 70
805	1 15	1 17	1 70	1 72
806	1 15	1 17	1 2	1 4
807	1 15	1 17	1 59	1 61
808	1 15	1 17	1 61	1 63
809	1 15	1 17	1 63	1 65
810	1 15	1 17	1 65	1 67
811	1 15	1 17	1 67	1 69
812	1 15	1 17	1 69	1 71
813	1 15	1 17	1 71	1 1
814	1 15	1 17	1 5	1 7
815	1 16	1 18	1 19	1 21
816	1 16	1 18	1 21	1 23
817	1 16	1 18	1 23	1 25
818	1 16	1 18	1 27	1 29
819	1 16	1 18	1 29	1 31
820	1 16	1 18	1 31	1 33
821	1 16	1 18	1 33	1 35
822	1 16	1 18	1 35	1 37
823	1 16	1 18	1 24	1 26
824	1 16	1 18	1 26	1 28
825	1 16	1 18	1 30	1 32
826	1 16	1 18	1 32	1 34
827	1 16	1 18	1 34	1 36
828	1 16	1 18	1 36	1 38
829	1 16	1 18	1 38	1 40
830	1 16	1 18	1 37	1 39
831	1 16	1 18	1 41	1 43
832	1 16	1 18	1 43	1 45
833	1 16	1 18	1 49	1 51
834	1 16	1 18	1 51	1 53
835	1 16	1 18	1 53	1 55
836	1 16	1 18	1 55	1 57
837	1 16	1 18	1 40	1 42
838	1 16	1 18	1 42	1 44
839	1 16	1 18	1 44	1 46
840	1 16	1 18	1 46	1 48
841	1 16	1 18	1 48	1 50
842	1 16	1 18	1 50	1 52
843	1 16	1 18	1 54	1 56
844	1 16	1 18	1 56	1 58
845	1 16	1 18	1 58	1 60
846	1 16	1 18	1 57	1 59
847	1 16	1 18	1 59	1 61
848	1 16	1 18	1 63	1 65
849	1 16	1 18	1 65	1 67
850	1 16	1 18	1 67	1 69
851	1 16	1 18	1 69	1 71
852	1 16	1 18	1 1	1 3
853	1 16	1 18	1 3	1 5
854	1 16	1 18	1 60	1 62
855	1 16	1 18	1 62	1 64
856	1 16	1 18	1 64	1 66
857	1 16	1 18	1 66	1 68
858	1 16	1 18	1 68	1 70
859	1 16	1 18	1 70	1 72
860	1 17	1 19	1 18	1 20
861	1 17	1 19	1 20	1 22
862	1 17	1 19	1 22	1 24
863	1 17	1 19	1 26	1 28
864	1 17	1 19	1 28	1 30
865	1 17	1 19	1 30	1 32
866	1 17	1 19	1 32	1 34
867	1 17	1 19	1 34	1 36
868	1 17	1 19	1 36	1 38
869	1 17	1 19	1 21	1 23
870	1 17	1 19	1 25	1 27
871	1 17	1 19	1 27	1 29
872	1 17	1 19	1 29	1 31
873	1 17	1 19	1 33	1 35
874	1 17	1 19	1 35	1 37
875	1 17	1 19	1 37	1 39
876	1 17	1 19	1 39	1 41
877	1 17	1 19	1 40	1 42
878	1 17	1 19	1 42	1 44
879	1 17	1 19	1 44	1 46
880	1 17	1 19	1 46	1 48
881	1 17	1 19	1 48	1 50
882	1 17	1 19	1 50	1 52
883	1 17	1 19	1 54	1 56
884	1 17	1 19	1 56	1 58
885	1 17	1 19	1 41	1 43
886	1 17	1 19	1 43	1 45
887	1 17	1 19	1 49	1 51
888	1 17	1 19	1 51	1 53
889	1 17	1 19	1 53	1 55
890	1 17	1 19	1 55	1 57
891	1 17	1 19	1 57	1 59
892	1 17	1 19	1 59	1 61
893	1 17	1 19	1 58	1 60
894	1 17	1 19	1 60	1 62
895	1 17	1 19	1 62	1 64
896	1 17	1 19	1 64	1 66
897	1 17	1 19	1 66	1 68
898	1 17	1 19	1 68	1 70
899	1 17	1 19	1 70	1 72
900	1 17	1 19	1 72	1 2
901	1 17	1 19	1 4	1 6
902	1 17	1 19	1 65	1 67
903	1 17	1 19	1 67	1 69
904	1 17	1 19	1 69	1 71
905	1 17	1 19	1 1	1 3
906	1 17	1 19	1 3	1 5
907	1 18	1 20	1 21	1 23
908	1 18	1 20	1 23	1 25
909	1 18	1 20	1 29	1 31
910	1 18	1 20	1 31	1 33
911	1 18	1 20	1 33	1 35
912	1 18	1 20	1 35	1 37
913	1 18	1 20	1 37	1 39
914	1 18	1 20	1 22	1 24
915	1 18	1 20	1 30	1 32
916	1 18	1 20	1 34	1 36
917	1 18	1 20	1 36	1 38
918	1 18	1 20	1 38	1 40
919	1 18	1 20	1 40	1 42
920	1 18	1 20	1 41	1 43
921	1 18	1 20	1 43	1 45
922	1 18	1 20	1 45	1 47
923	1 18	1 20	1 47	1 49
924	1 18	1 20	1 49	1 51
925	1 18	1 20	1 51	1 53
926	1 18	1 20	1 53	1 55
927	1 18	1 20	1 55	1 57
928	1 18	1 20	1 57	1 59
929	1 18	1 20	1 42	1 44
930	1 18	1 20	1 44	1 46
931	1 18	1 20	1 46	1 48
932	1 18	1 20	1 50	1 52
933	1 18	1 20	1 54	1 56
934	1 18	1 20	1 56	1 58
935	1 18	1 20	1 58	1 60
936	1 18	1 20	1 60	1 62
937	1 18	1 20	1 59	1 61
938	1 18	1 20	1 61	1 63
939	1 18	1 20	1 63	1 65
940	1 18	1 20	1 65	1 67
941	1 18	1 20	1 67	1 69
942	1 18	1 20	1 69	1 71
943	1 18	1 20	1 71	1 1
944	1 18	1 20	1 3	1 5
945	1 18	1 20	1 62	1 64
946	1 18	1 20	1 64	1 66
947	1 18	1 20	1 66	1 68
948	1 18	1 20	1 68	1 70
949	1 18	1 20	1 2	1 4
950	1 18	1 20	1 4	1 6
951	1 19	1 21	1 20	1 22
952	1 19	1 21	1 22	1 24
953	1 19	1 21	1 24	1 26
954	1 19	1 21	1 28	1 30
955	1 19	1 21	1 30	1 32
956	1 19	1 21	1 32	1 34
957	1 19	1 21	1 34	1 36
958	1 19	1 21	1 36	1 38
959	1 19	1 21	1 38	1 40
960	1 19	1 21	1 25	1 27
961	1 19	1 21	1 27	1 29
962	1 19	1 21	1 33	1 35
963	1 19	1 21	1 35	1 37
964	1 19	1 21	1 37	1 39
965	1 19	1 21	1 39	1 41
966	1 19	1 21	1 41	1 43
967	1 19	1 21	1 40	1 42
968	1 19	1 21	1 42	1 44
969	1 19	1 21	1 44	1 46
970	1 19	1 21	1 46	1 48
971	1 19	1 21	1 48	1 50
972	1 19	1 21	1 50	1 52
973	1 19	1 21	1 54	1 56
974	1 19	1 21	1 47	1 49
975	1 19	1 21	1 49	1 51
976	1 19	1 21	1 51	1 53
977	1 19	1 21	1 53	1 55
978	1 19	1 21	1 55	1 57
979	1 19	1 21	1 57	1 59
980	1 19	1 21	1 59	1 61
981	1 19	1 21	1 61	1 63
982	1 19	1 21	1 60	1 62
983	1 19	1 21	1 62	1 64
984	1 19	1 21	1 64	1 66
985	1 19	1 21	1 66	1 68
986	1 19	1 21	1 68	1 70
987	1 19	1 21	1 70	1 72
988	1 19	1 21	1 4	1 6
989	1 19	1 21	1 6	1 8
990	1 19	1 21	1 63	1 65
991	1 19	1 21	1 65	1 67
992	1 19	1 21	1 67	1 69
993	1 19	1 21	1 69	1 71
994	1 19	1 21	1 71	1 1
995	1 19	1 21	1 1	1 3
996	1 19	1 21	1 3	1 5
997	1 19	1 21	1 5	1 7
998	1 19	1 21	1 9	1 11
999	1 20	1 22	1 21	1 23
1000	1 20	1 22	1 23	1 25
1001	1 20	1 22	1 25	1 27
1002	1 20	1 22	1 27	1 29
1003	1 20	1 22	1 29	1 31
1004	1 20	1 22	1 31	1 33
1005	1 20	1 22	1 33	1 35
1006	1 20	1 22	1 35	1 37
1007	1 20	1 22	1 37	1 39
1008	1 20	1 22	1 39	1 41
1009	1 20	1 22	1 26	1 28
1010	1 20	1 22	1 28	1 30
1011	1 20	1 22	1 30	1 32
1012	1 20	1 22	1 32	1 34
1013	1 20	1 22	1 34	1 36
1014	1 20	1 22	1 36	1 38
1015	1 20	1 22	1 38	1 40
1016	1 20	1 22	1 40	1 42
1017	1 20	1 22	1 42	1 44
1018	1 20	1 22	1 41	1 43
1019	1 20	1 22	1 43	1 45
1020	1 20	1 22	1 45	1 47
1021	1 20	1 22	1 47	1 49
1022	1 20	1 22	1 49	1 51
1023	1 20	1 22	1 51	1 53
1024	1 20	1 22	1 53	1 55
1025	1 20	1 22	1 55	1 57
1026	1 20	1 22	1 57	1 59
1027	1 20	1 22	1 59	1 61
1028	1 20	1 22	1 44	1 46
1029	1 20	1 22	1 46	1 48
1030	1 20	1 22	1 48	1 50
1031	1 20	1 22	1 50	1 52
1032	1 20	1 22	1 52	1 54
1033	1 20	1 22	1 54	1 56
1034	1 20	1 22	1 56	1 58
1035	1 20	1 22	1 58	1 60
1036	1 20	1 22	1 60	1 62
1037	1 20	1 22	1 62	1 64
1038	1 20	1 22	1 61	1 63
1039	1 20	1 22	1 63	1 65
1040	1 20	1 22	1 65	1 67
1041	1 20	1 22	1 67	1 69
1042	1 20	1 22	1 69	1 71
1043	1 20	1 22	1 71	1 1
1044	1 20	1 22	1 1	1 3
1045	1 20	1 22	1 3	1 5
1046	1 20	1 22	1 7	1 9
1047	1 20	1 22	1 64	1 66
1048	1 20	1 22	1 66	1 68
1049	1 20	1 22	1 68	1 70
1050	1 20	1 22	1 72	1 2
1051	1 20	1 22	1 2	1 4
1052	1 20	1 22	1 4	1 6
1053	1 21	1 23	1 22	1 24
1054	1 21	1 23	1 24	1 26
1055	1 21	1 23	1 26	1 28
1056	1 21	1 23	1 28	1 30
1057	1 21	1 23	1 30	1 32
1058	1 21	1 23	1 32	1 34
1059	1 21	1 23	1 34	1 36
1060	1 21	1 23	1 36	1 38
1061	1 21	1 23	1 38	1 40
1062	1 21	1 23	1 40	1 42
1063	1 21	1 23	1 25	1 27
1064	1 21	1 23	1 27	1 29
1065	1 21	1 23	1 29	1 31
1066	1 21	1 23	1 31	1 33
1067	1 21	1 23	1 35	1 37
1068	1 21	1 23	1 37	1 39
1069	1 21	1 23	1 39	1 41
1070	1 21	1 23	1 41	1 43
1071	1 21	1 23	1 43	1 45
1072	1 21	1 23	1 42	1 44
1073	1 21	1 23	1 44	1 46
1074	1 21	1 23	1 46	1 48
1075	1 21	1 23	1 50	1 52
1076	1 21	1 23	1 52	1 54
1077	1 21	1 23	1 54	1 56
1078	1 21	1 23	1 56	1 58
1079	1 21	1 23	1 58	1 60
1080	1 21	1 23	1 60	1 62
1081	1 21	1 23	1 45	1 47
1082	1 21	1 23	1 47	1 49
1083	1 21	1 23	1 49	1 51
1084	1 21	1 23	1 51	1 53
1085	1 21	1 23	1 53	1 55
1086	1 21	1 23	1 55	1 57
1087	1 21	1 23	1 57	1 59
1088	1 21	1 23	1 59	1 61
1089	1 21	1 23	1 61	1 63
1090	1 21	1 23	1 63	1 65
1091	1 21	1 23	1 62	1 64
1092	1 21	1 23	1 64	1 66
1093	1 21	1 23	1 66	1 68
1094	1 21	1 23	1 68	1 70
1095	1 21	1 23	1 70	1 72
1096	1 21	1 23	1 72	1 2
1097	1 21	1 23	1 4	1 6
1098	1 21	1 23	1 6	1 8
1099	1 21	1 23	1 65	1 67
1100	1 21	1 23	1 67	1 69
1101	1 21	1 23	1 69	1 71
1102	1 21	1 23	1 71	1 1
1103	1 21	1 23	1 1	1 3
1104	1 21	1 23	1 3	1 5
1105	1 21	1 23	1 5	1 7
1106	1 21	1 23	1 7	1 9
1107	1 21	1 23	1 9	1 11
1108	1 22	1 24	1 25	1 27
1109	1 22	1 24	1 27	1 29
1110	1 22	1 24	1 29	1 31
1111	1 22	1 24	1 35	1 37
1112	1 22	1 24	1 37	1 39
1113	1 22	1 24	1 39	1 41
1114	1 22	1 24	1 41	1 43
1115	1 22	1 24	1 26	1 28
1116	1 22	1 24	1 28	1 30
1117	1 22	1 24	1 32	1 34
1118	1 22	1 24	1 34	1 36
1119	1 22	1 24	1 36	1 38
1120	1 22	1 24	1 38	1 40
1121	1 22	1 24	1 40	1 42
1122	1 22	1 24	1 42	1 44
1123	1 22	1 24	1 44	1 46
1124	1 22	1 24	1 43	1 45
1125	1 22	1 24	1 45	1 47
1126	1 22	1 24	1 47	1 49
1127	1 22	1 24	1 49	1 51
1128	1 22	1 24	1 51	1 53
1129	1 22	1 24	1 55	1 57
1130	1 22	1 24	1 57	1 59
1131	1 22	1 24	1 59	1 61
1132	1 22	1 24	1 61	1 63
1133	1 22	1 24	1 46	1 48
1134	1 22	1 24	1 48	1 50
1135	1 22	1 24	1 50	1 52
1136	1 22	1 24	1 52	1 54
1137	1 22	1 24	1 54	1 56
1138	1 22	1 24	1 56	1 58
1139	1 22	1 24	1 58	1 60
1140	1 22	1 24	1 60	1 62
1141	1 22	1 24	1 63	1 65
1142	1 22	1 24	1 65	1 67
1143	1 22	1 24	1 67	1 69
1144	1 22	1 24	1 69	1 71
1145	1 22	1 24	1 71	1 1
1146	1 22	1 24	1 1	1 3
1147	1 22	1 24	1 5	1 7
1148	1 22	1 24	1 7	1 9
1149	1 22	1 24	1 9	1 11
1150	1 22	1 24	1 66	1 68
1151	1 22	1 24	1 68	1 70
1152	1 22	1 24	1 70	1 72
1153	1 22	1 24	1 72	1 2
1154	1 22	1 24	1 4	1 6
1155	1 22	1 24	1 6	1 8
1156	1 22	1 24	1 8	1 10
1157	1 22	1 24	1 10	1 12
1158	1 23	1 25	1 24	1 26
1159	1 23	1 25	1 26	1 28
1160	1 23	1 25	1 28	1 30
1161	1 23	1 25	1 30	1 32
1162	1 23	1 25	1 32	1 34
1163	1 23	1 25	1 34	1 36
1164	1 23	1 25	1 36	1 38
1165	1 23	1 25	1 38	1 40
1166	1 23	1 25	1 40	1 42
1167	1 23	1 25	1 42	1 44
1168	1 23	1 25	1 27	1 29
1169	1 23	1 25	1 29	1 31
1170	1 23	1 25	1 35	1 37
1171	1 23	1 25	1 37	1 39
1172	1 23	1 25	1 39	1 41
1173	1 23	1 25	1 43	1 45
1174	1 23	1 25	1 45	1 47
1175	1 23	1 25	1 44	1 46
1176	1 23	1 25	1 46	1 48
1177	1 23	1 25	1 50	1 52
1178	1 23	1 25	1 52	1 54
1179	1 23	1 25	1 54	1 56
1180	1 23	1 25	1 56	1 58
1181	1 23	1 25	1 58	1 60
1182	1 23	1 25	1 60	1 62
1183	1 23	1 25	1 62	1 64
1184	1 23	1 25	1 47	1 49
1185	1 23	1 25	1 49	1 51
1186	1 23	1 25	1 51	1 53
1187	1 23	1 25	1 53	1 55
1188	1 23	1 25	1 55	1 57
1189	1 23	1 25	1 57	1 59
1190	1 23	1 25	1 59	1 61
1191	1 23	1 25	1 61	1 63
1192	1 23	1 25	1 64	1 66
1193	1 23	1 25	1 66	1 68
1194	1 23	1 25	1 68	1 70
1195	1 23	1 25	1 70	1 72
1196	1 23	1 25	1 72	1 2
1197	1 23	1 25	1 2	1 4
1198	1 23	1 25	1 4	1 6
1199	1 23	1 25	1 10	1 12
1200	1 23	1 25	1 67	1 69
1201	1 23	1 25	1 69	1 71
1202	1 23	1 25	1 71	1 1
1203	1 23	1 25	1 5	1 7
1204	1 23	1 25	1 7	1 9
1205	1 23	1 25	1 13	1 15
1206	1 24	1 26	1 27	1 29
1207	1 24	1 26	1 29	1 31
1208	1 24	1 26	1 31	1 33
1209	1 24	1 26	1 35	1 37
1210	1 24	1 26	1 37	1 39
1211	1 24	1 26	1 39	1 41
1212	1 24	1 26	1 41	1 43
1213	1 24	1 26	1 43	1 45
1214	1 24	1 26	1 28	1 30
1215	1 24	1 26	1 30	1 32
1216	1 24	1 26	1 32	1 34
1217	1 24	1 26	1 38	1 40
1218	1 24	1 26	1 40	1 42
1219	1 24	1 26	1 42	1 44
1220	1 24	1 26	1 44	1 46
1221	1 24	1 26	1 46	1 48
1222	1 24	1 26	1 45	1 47
1223	1 24	1 26	1 47	1 49
1224	1 24	1 26	1 49	1 51
1225	1 24	1 26	1 51	1 53
1226	1 24	1 26	1 55	1 57
1227	1 24	1 26	1 57	1 59
1228	1 24	1 26	1 59	1 61
1229	1 24	1 26	1 61	1 63
1230	1 24	1 26	1 63	1 65
1231	1 24	1 26	1 50	1 52
1232	1 24	1 26	1 52	1 54
1233	1 24	1 26	1 54	1 56
1234	1 24	1 26	1 56	1 58
1235	1 24	1 26	1 58	1 60
1236	1 24	1 26	1 60	1 62
1237	1 24	1 26	1 62	1 64
1238	1 24	1 26	1 64	1 66
1239	1 24	1 26	1 66	1 68
1240	1 24	1 26	1 65	1 67
1241	1 24	1 26	1 69	1 71
1242	1 24	1 26	1 71	1 1
1243	1 24	1 26	1 1	1 3
1244	1 24	1 26	1 3	1 5
1245	1 24	1 26	1 5	1 7
1246	1 24	1 26	1 7	1 9
1247	1 24	1 26	1 11	1 13
1248	1 24	1 26	1 68	1 70
1249	1 24	1 26	1 70	1 72
1250	1 24	1 26	1 72	1 2
1251	1 24	1 26	1 6	1 8
1252	1 24	1 26	1 8	1 10
1253	1 25	1 27	1 26	1 28
1254	1 25	1 27	1 28	1 30
1255	1 25	1 27	1 30	1 32
1256	1 25	1 27	1 32	1 34
1257	1 25	1 27	1 34	1 36
1258	1 25	1 27	1 36	1 38
1259	1 25	1 27	1 38	1 40
1260	1 25	1 27	1 40	1 42
1261	1 25	1 27	1 42	1 44
1262	1 25	1 27	1 44	1 46
1263	1 25	1 27	1 29	1 31
1264	1 25	1 27	1 33	1 35
1265	1 25	1 27	1 37	1 39
1266	1 25	1 27	1 39	1 41
1267	1 25	1 27	1 43	1 45
1268	1 25	1 27	1 45	1 47
1269	1 25	1 27	1 47	1 49
1270	1 25	1 27	1 48	1 50
1271	1 25	1 27	1 50	1 52
1272	1 25	1 27	1 54	1 56
1273	1 25	1 27	1 56	1 58
1274	1 25	1 27	1 58	1 60
1275	1 25	1 27	1 60	1 62
1276	1 25	1 27	1 62	1 64
1277	1 25	1 27	1 64	1 66
1278	1 25	1 27	1 49	1 51
1279	1 25	1 27	1 51	1 53
1280	1 25	1 27	1 53	1 55
1281	1 25	1 27	1 55	1 57
1282	1 25	1 27	1 57	1 59
1283	1 25	1 27	1 59	1 61
1284	1 25	1 27	1 61	1 63
1285	1 25	1 27	1 63	1 65
1286	1 25	1 27	1 65	1 67
1287	1 25	1 27	1 67	1 69
1288	1 25	1 27	1 66	1 68
1289	1 25	1 27	1 70	1 72
1290	1 25	1 27	1 72	1 2
1291	1 25	1 27	1 2	1 4
1292	1 25	1 27	1 4	1 6
1293	1 25	1 27	1 6	1 8
1294	1 25	1 27	1 8	1 10
1295	1 25	1 27	1 10	1 12
1296	1 25	1 27	1 12	1 14
1297	1 25	1 27	1 69	1 71
1298	1 25	1 27	1 71	1 1
1299	1 25	1 27	1 1	1 3
1300	1 25	1 27	1 3	1 5
1301	1 25	1 27	1 5	1 7
1302	1 25	1 27	1 9	1 11
1303	1 25	1 27	1 11	1 13
1304	1 25	1 27	1 15	1 17
1305	1 26	1 28	1 27	1 29
1306	1 26	1 28	1 29	1 31
1307	1 26	1 28	1 31	1 33
1308	1 26	1 28	1 35	1 37
1309	1 26	1 28	1 37	1 39
1310	1 26	1 28	1 39	1 41
1311	1 26	1 28	1 41	1 43
1312	1 26	1 28	1 43	1 45
1313	1 26	1 28	1 45	1 47
1314	1 26	1 28	1 30	1 32
1315	1 26	1 28	1 34	1 36
1316	1 26	1 28	1 38	1 40
1317	1 26	1 28	1 40	1 42
1318	1 26	1 28	1 42	1 44
1319	1 26	1 28	1 44	1 46
1320	1 26	1 28	1 46	1 48
1321	1 26	1 28	1 47	1 49
1322	1 26	1 28	1 49	1 51
1323	1 26	1 28	1 51	1 53
1324	1 26	1 28	1 53	1 55
1325	1 26	1 28	1 55	1 57
1326	1 26	1 28	1 59	1 61
1327	1 26	1 28	1 61	1 63
1328	1 26	1 28	1 63	1 65
1329	1 26	1 28	1 65	1 67
1330	1 26	1 28	1 50	1 52
1331	1 26	1 28	1 52	1 54
1332	1 26	1 28	1 54	1 56
1333	1 26	1 28	1 56	1 58
1334	1 26	1 28	1 58	1 60
1335	1 26	1 28	1 60	1 62
1336	1 26	1 28	1 62	1 64
1337	1 26	1 28	1 64	1 66
1338	1 26	1 28	1 66	1 68
1339	1 26	1 28	1 68	1 70
1340	1 26	1 28	1 69	1 71
1341	1 26	1 28	1 71	1 1
1342	1 26	1 28	1 1	1 3
1343	1 26	1 28	1 3	1 5
1344	1 26	1 28	1 5	1 7
1345	1 26	1 28	1 7	1 9
1346	1 26	1 28	1 11	1 13
1347	1 26	1 28	1 13	1 15
1348	1 26	1 28	1 70	1 72
1349	1 26	1 28	1 72	1 2
1350	1 26	1 28	1 2	1 4
1351	1 26	1 28	1 4	1 6
1352	1 26	1 28	1 6	1 8
1353	1 26	1 28	1 14	1 16
1354	1 26	1 28	1 16	1 18
1355	1 27	1 29	1 28	1 30
1356	1 27	1 29	1 30	1 32
1357	1 27	1 29	1 32	1 34
1358	1 27	1 29	1 34	1 36
1359	1 27	1 29	1 36	1 38
1360	1 27	1 29	1 38	1 40
1361	1 27	1 29	1 40	1 42
1362	1 27	1 29	1 42	1 44
1363	1 27	1 29	1 44	1 46
1364	1 27	1 29	1 46	1 48
1365	1 27	1 29	1 31	1 33
1366	1 27	1 29	1 45	1 47
1367	1 27	1 29	1 49	1 51
1368	1 27	1 29	1 48	1 50
1369	1 27	1 29	1 50	1 52
1370	1 27	1 29	1 54	1 56
1371	1 27	1 29	1 56	1 58
1372	1 27	1 29	1 58	1 60
1373	1 27	1 29	1 60	1 62
1374	1 27	1 29	1 62	1 64
1375	1 27	1 29	1 64	1 66
1376	1 27	1 29	1 66	1 68
1377	1 27	1 29	1 51	1 53
1378	1 27	1 29	1 53	1 55
1379	1 27	1 29	1 55	1 57
1380	1 27	1 29	1 57	1 59
1381	1 27	1 29	1 59	1 61
1382	1 27	1 29	1 61	1 63
1383	1 27	1 29	1 63	1 65
1384	1 27	1 29	1 65	1 67
1385	1 27	1 29	1 67	1 69
1386	1 27	1 29	1 69	1 71
1387	1 27	1 29	1 70	1 72
1388	1 27	1 29	1 72	1 2
1389	1 27	1 29	1 4	1 6
1390	1 27	1 29	1 6	1 8
1391	1 27	1 29	1 8	1 10
1392	1 27	1 29	1 10	1 12
1393	1 27	1 29	1 12	1 14
1394	1 27	1 29	1 14	1 16
1395	1 27	1 29	1 1	1 3
1396	1 27	1 29	1 3	1 5
1397	1 27	1 29	1 5	1 7
1398	1 27	1 29	1 7	1 9
1399	1 27	1 29	1 9	1 11
1400	1 27	1 29	1 11	1 13
1401	1 27	1 29	1 13	1 15
1402	1 27	1 29	1 17	1 19
1403	1 28	1 30	1 29	1 31
1404	1 28	1 30	1 31	1 33
1405	1 28	1 30	1 33	1 35
1406	1 28	1 30	1 35	1 37
1407	1 28	1 30	1 37	1 39
1408	1 28	1 30	1 39	1 41
1409	1 28	1 30	1 41	1 43
1410	1 28	1 30	1 43	1 45
1411	1 28	1 30	1 45	1 47
1412	1 28	1 30	1 47	1 49
1413	1 28	1 30	1 36	1 38
1414	1 28	1 30	1 38	1 40
1415	1 28	1 30	1 44	1 46
1416	1 28	1 30	1 46	1 48
1417	1 28	1 30	1 48	1 50
1418	1 28	1 30	1 50	1 52
1419	1 28	1 30	1 49	1 51
1420	1 28	1 30	1 51	1 53
1421	1 28	1 30	1 53	1 55
1422	1 28	1 30	1 55	1 57
1423	1 28	1 30	1 57	1 59
1424	1 28	1 30	1 61	1 63
1425	1 28	1 30	1 63	1 65
1426	1 28	1 30	1 65	1 67
1427	1 28	1 30	1 67	1 69
1428	1 28	1 30	1 52	1 54
1429	1 28	1 30	1 54	1 56
1430	1 28	1 30	1 56	1 58
1431	1 28	1 30	1 58	1 60
1432	1 28	1 30	1 60	1 62
1433	1 28	1 30	1 62	1 64
1434	1 28	1 30	1 64	1 66
1435	1 28	1 30	1 66	1 68
1436	1 28	1 30	1 68	1 70
1437	1 28	1 30	1 70	1 72
1438	1 28	1 30	1 69	1 71
1439	1 28	1 30	1 1	1 3
1440	1 28	1 30	1 3	1 5
1441	1 28	1 30	1 5	1 7
1442	1 28	1 30	1 7	1 9
1443	1 28	1 30	1 11	1 13
1444	1 28	1 30	1 13	1 15
1445	1 28	1 30	1 15	1 17
1446	1 28	1 30	1 72	1 2
1447	1 28	1 30	1 2	1 4
1448	1 28	1 30	1 4	1 6
1449	1 28	1 30	1 6	1 8
1450	1 28	1 30	1 8	1 10
1451	1 28	1 30	1 10	1 12
1452	1 28	1 30	1 12	1 14
1453	1 28	1 30	1 14	1 16
1454	1 29	1 31	1 30	1 32
1455	1 29	1 31	1 32	1 34
1456	1 29	1 31	1 34	1 36
1457	1 29	1 31	1 36	1 38
1458	1 29	1 31	1 40	1 42
1459	1 29	1 31	1 42	1 44
1460	1 29	1 31	1 44	1 46
1461	1 29	1 31	1 46	1 48
1462	1 29	1 31	1 48	1 50
1463	1 29	1 31	1 33	1 35
1464	1 29	1 31	1 37	1 39
1465	1 29	1 31	1 39	1 41
1466	1 29	1 31	1 41	1 43
1467	1 29	1 31	1 43	1 45
1468	1 29	1 31	1 45	1 47
1469	1 29	1 31	1 49	1 51
1470	1 29	1 31	1 51	1 53
1471	1 29	1 31	1 50	1 52
1472	1 29	1 31	1 52	1 54
1473	1 29	1 31	1 54	1 56
1474	1 29	1 31	1 56	1 58
1475	1 29	1 31	1 58	1 60
1476	1 29	1 31	1 60	1 62
1477	1 29	1 31	1 62	1 64
1478	1 29	1 31	1 64	1 66
1479	1 29	1 31	1 66	1 68
1480	1 29	1 31	1 68	1 70
1481	1 29	1 31	1 53	1 55
1482	1 29	1 31	1 55	1 57
1483	1 29	1 31	1 57	1 59
1484	1 29	1 31	1 59	1 61
1485	1 29	1 31	1 61	1 63
1486	1 29	1 31	1 63	1 65
1487	1 29	1 31	1 65	1 67
1488	1 29	1 31	1 67	1 69
1489	1 29	1 31	1 69	1 71
1490	1 29	1 31	1 70	1 72
1491	1 29	1 31	1 72	1 2
1492	1 29	1 31	1 4	1 6
1493	1 29	1 31	1 6	1 8
1494	1 29	1 31	1 8	1 10
1495	1 29	1 31	1 10	1 12
1496	1 29	1 31	1 12	1 14
1497	1 29	1 31	1 16	1 18
1498	1 30	1 32	1 31	1 33
1499	1 30	1 32	1 33	1 35
1500	1 30	1 32	1 35	1 37
1501	1 30	1 32	1 37	1 39
1502	1 30	1 32	1 43	1 45
1503	1 30	1 32	1 45	1 47
1504	1 30	1 32	1 47	1 49
1505	1 30	1 32	1 49	1 51
1506	1 30	1 32	1 34	1 36
1507	1 30	1 32	1 36	1 38
1508	1 30	1 32	1 38	1 40
1509	1 30	1 32	1 40	1 42
1510	1 30	1 32	1 42	1 44
1511	1 30	1 32	1 44	1 46
1512	1 30	1 32	1 46	1 48
1513	1 30	1 32	1 48	1 50
1514	1 30	1 32	1 50	1 52
1515	1 30	1 32	1 52	1 54
1516	1 30	1 32	1 51	1 53
1517	1 30	1 32	1 53	1 55
1518	1 30	1 32	1 55	1 57
1519	1 30	1 32	1 57	1 59
1520	1 30	1 32	1 59	1 61
1521	1 30	1 32	1 61	1 63
1522	1 30	1 32	1 63	1 65
1523	1 30	1 32	1 65	1 67
1524	1 30	1 32	1 67	1 69
1525	1 30	1 32	1 69	1 71
1526	1 30	1 32	1 54	1 56
1527	1 30	1 32	1 56	1 58
1528	1 30	1 32	1 58	1 60
1529	1 30	1 32	1 60	1 62
1530	1 30	1 32	1 62	1 64
1531	1 30	1 32	1 64	1 66
1532	1 30	1 32	1 66	1 68
1533	1 30	1 32	1 68	1 70
1534	1 30	1 32	1 70	1 72
1535	1 30	1 32	1 72	1 2
1536	1 30	1 32	1 1	1 3
1537	1 30	1 32	1 3	1 5
1538	1 30	1 32	1 5	1 7
1539	1 30	1 32	1 7	1 9
1540	1 30	1 32	1 9	1 11
1541	1 30	1 32	1 11	1 13
1542	1 30	1 32	1 13	1 15
1543	1 30	1 32	1 15	1 17
1544	1 30	1 32	1 17	1 19
1545	1 31	1 33	1 32	1 34
1546	1 31	1 33	1 34	1 36
1547	1 31	1 33	1 36	1 38
1548	1 31	1 33	1 38	1 40
1549	1 31	1 33	1 44	1 46
1550	1 31	1 33	1 46	1 48
1551	1 31	1 33	1 48	1 50
1552	1 31	1 33	1 50	1 52
1553	1 31	1 33	1 35	1 37
1554	1 31	1 33	1 37	1 39
1555	1 31	1 33	1 39	1 41
1556	1 31	1 33	1 43	1 45
1557	1 31	1 33	1 45	1 47
1558	1 31	1 33	1 47	1 49
1559	1 31	1 33	1 51	1 53
1560	1 31	1 33	1 53	1 55
1561	1 31	1 33	1 52	1 54
1562	1 31	1 33	1 54	1 56
1563	1 31	1 33	1 56	1 58
1564	1 31	1 33	1 58	1 60
1565	1 31	1 33	1 60	1 62
1566	1 31	1 33	1 62	1 64
1567	1 31	1 33	1 64	1 66
1568	1 31	1 33	1 66	1 68
1569	1 31	1 33	1 55	1 57
1570	1 31	1 33	1 57	1 59
1571	1 31	1 33	1 59	1 61
1572	1 31	1 33	1 61	1 63
1573	1 31	1 33	1 63	1 65
1574	1 31	1 33	1 65	1 67
1575	1 31	1 33	1 67	1 69
1576	1 31	1 33	1 69	1 71
1577	1 31	1 33	1 1	1 3
1578	1 31	1 33	1 72	1 2
1579	1 31	1 33	1 2	1 4
1580	1 31	1 33	1 4	1 6
1581	1 31	1 33	1 6	1 8
1582	1 31	1 33	1 8	1 10
1583	1 31	1 33	1 10	1 12
1584	1 31	1 33	1 12	1 14
1585	1 31	1 33	1 16	1 18
1586	1 31	1 33	1 18	1 20
1587	1 32	1 34	1 35	1 37
1588	1 32	1 34	1 37	1 39
1589	1 32	1 34	1 39	1 41
1590	1 32	1 34	1 41	1 43
1591	1 32	1 34	1 43	1 45
1592	1 32	1 34	1 49	1 51
1593	1 32	1 34	1 51	1 53
1594	1 32	1 34	1 40	1 42
1595	1 32	1 34	1 44	1 46
1596	1 32	1 34	1 46	1 48
1597	1 32	1 34	1 48	1 50
1598	1 32	1 34	1 50	1 52
1599	1 32	1 34	1 52	1 54
1600	1 32	1 34	1 54	1 56
1601	1 32	1 34	1 55	1 57
1602	1 32	1 34	1 57	1 59
1603	1 32	1 34	1 59	1 61
1604	1 32	1 34	1 61	1 63
1605	1 32	1 34	1 63	1 65
1606	1 32	1 34	1 65	1 67
1607	1 32	1 34	1 67	1 69
1608	1 32	1 34	1 69	1 71
1609	1 32	1 34	1 71	1 1
1610	1 32	1 34	1 56	1 58
1611	1 32	1 34	1 58	1 60
1612	1 32	1 34	1 60	1 62
1613	1 32	1 34	1 62	1 64
1614	1 32	1 34	1 66	1 68
1615	1 32	1 34	1 68	1 70
1616	1 32	1 34	1 70	1 72
1617	1 32	1 34	1 72	1 2
1618	1 32	1 34	1 2	1 4
1619	1 33	1 35	1 38	1 40
1620	1 33	1 35	1 40	1 42
1621	1 33	1 35	1 44	1 46
1622	1 33	1 35	1 50	1 52
1623	1 33	1 35	1 52	1 54
1624	1 33	1 35	1 37	1 39
1625	1 33	1 35	1 41	1 43
1626	1 33	1 35	1 43	1 45
1627	1 33	1 35	1 45	1 47
1628	1 33	1 35	1 55	1 57
1629	1 33	1 35	1 54	1 56
1630	1 33	1 35	1 56	1 58
1631	1 33	1 35	1 58	1 60
1632	1 33	1 35	1 60	1 62
1633	1 33	1 35	1 62	1 64
1634	1 33	1 35	1 64	1 66
1635	1 33	1 35	1 66	1 68
1636	1 33	1 35	1 68	1 70
1637	1 33	1 35	1 70	1 72
1638	1 33	1 35	1 72	1 2
1639	1 33	1 35	1 57	1 59
1640	1 33	1 35	1 59	1 61
1641	1 33	1 35	1 61	1 63
1642	1 33	1 35	1 63	1 65
1643	1 33	1 35	1 65	1 67
1644	1 33	1 35	1 67	1 69
1645	1 33	1 35	1 69	1 71
1646	1 33	1 35	1 1	1 3
1647	1 33	1 35	1 3	1 5
1648	1 34	1 36	1 35	1 37
1649	1 34	1 36	1 37	1 39
1650	1 34	1 36	1 39	1 41
1651	1 34	1 36	1 41	1 43
1652	1 34	1 36	1 43	1 45
1653	1 34	1 36	1 45	1 47
1654	1 34	1 36	1 47	1 49
1655	1 34	1 36	1 49	1 51
1656	1 34	1 36	1 51	1 53
1657	1 34	1 36	1 53	1 55
1658	1 34	1 36	1 38	1 40
1659	1 34	1 36	1 42	1 44
1660	1 34	1 36	1 46	1 48
1661	1 34	1 36	1 50	1 52
1662	1 34	1 36	1 52	1 54
1663	1 34	1 36	1 56	1 58
1664	1 34	1 36	1 55	1 57
1665	1 34	1 36	1 57	1 59
1666	1 34	1 36	1 59	1 61
1667	1 34	1 36	1 61	1 63
1668	1 34	1 36	1 63	1 65
1669	1 34	1 36	1 65	1 67
1670	1 34	1 36	1 67	1 69
1671	1 34	1 36	1 69	1 71
1672	1 34	1 36	1 71	1 1
1673	1 34	1 36	1 1	1 3
1674	1 34	1 36	1 58	1 60
1675	1 34	1 36	1 60	1 62
1676	1 34	1 36	1 64	1 66
1677	1 34	1 36	1 66	1 68
1678	1 34	1 36	1 68	1 70
1679	1 34	1 36	1 70	1 72
1680	1 34	1 36	1 72	1 2
1681	1 34	1 36	1 2	1 4
1682	1 34	1 36	1 4	1 6
1683	1 35	1 37	1 36	1 38
1684	1 35	1 37	1 38	1 40
1685	1 35	1 37	1 42	1 44
1686	1 35	1 37	1 44	1 46
1687	1 35	1 37	1 46	1 48
1688	1 35	1 37	1 48	1 50
1689	1 35	1 37	1 50	1 52
1690	1 35	1 37	1 52	1 54
1691	1 35	1 37	1 54	1 56
1692	1 35	1 37	1 41	1 43
1693	1 35	1 37	1 45	1 47
1694	1 35	1 37	1 49	1 51
1695	1 35	1 37	1 51	1 53
1696	1 35	1 37	1 53	1 55
1697	1 35	1 37	1 55	1 57
1698	1 35	1 37	1 57	1 59
1699	1 35	1 37	1 56	1 58
1700	1 35	1 37	1 58	1 60
1701	1 35	1 37	1 60	1 62
1702	1 35	1 37	1 62	1 64
1703	1 35	1 37	1 64	1 66
1704	1 35	1 37	1 66	1 68
1705	1 35	1 37	1 68	1 70
1706	1 35	1 37	1 70	1 72
1707	1 35	1 37	1 72	1 2
1708	1 35	1 37	1 2	1 4
1709	1 35	1 37	1 59	1 61
1710	1 35	1 37	1 61	1 63
1711	1 35	1 37	1 63	1 65
1712	1 35	1 37	1 65	1 67
1713	1 35	1 37	1 67	1 69
1714	1 35	1 37	1 69	1 71
1715	1 35	1 37	1 71	1 1
1716	1 35	1 37	1 1	1 3
1717	1 35	1 37	1 3	1 5
1718	1 35	1 37	1 5	1 7
1719	1 36	1 38	1 37	1 39
1720	1 36	1 38	1 39	1 41
1721	1 36	1 38	1 41	1 43
1722	1 36	1 38	1 43	1 45
1723	1 36	1 38	1 45	1 47
1724	1 36	1 38	1 47	1 49
1725	1 36	1 38	1 49	1 51
1726	1 36	1 38	1 51	1 53
1727	1 36	1 38	1 53	1 55
1728	1 36	1 38	1 55	1 57
1729	1 36	1 38	1 44	1 46
1730	1 36	1 38	1 50	1 52
1731	1 36	1 38	1 52	1 54
1732	1 36	1 38	1 54	1 56
1733	1 36	1 38	1 56	1 58
1734	1 36	1 38	1 58	1 60
1735	1 36	1 38	1 57	1 59
1736	1 36	1 38	1 59	1 61
1737	1 36	1 38	1 61	1 63
1738	1 36	1 38	1 63	1 65
1739	1 36	1 38	1 65	1 67
1740	1 36	1 38	1 67	1 69
1741	1 36	1 38	1 69	1 71
1742	1 36	1 38	1 71	1 1
1743	1 36	1 38	1 1	1 3
1744	1 36	1 38	1 3	1 5
1745	1 36	1 38	1 60	1 62
1746	1 36	1 38	1 62	1 64
1747	1 36	1 38	1 64	1 66
1748	1 36	1 38	1 66	1 68
1749	1 36	1 38	1 68	1 70
1750	1 36	1 38	1 70	1 72
1751	1 36	1 38	1 72	1 2
1752	1 36	1 38	1 2	1 4
1753	1 36	1 38	1 4	1 6
1754	1 37	1 39	1 38	1 40
1755	1 37	1 39	1 44	1 46
1756	1 37	1 39	1 46	1 48
1757	1 37	1 39	1 48	1 50
1758	1 37	1 39	1 50	1 52
1759	1 37	1 39	1 52	1 54
1760	1 37	1 39	1 54	1 56
1761	1 37	1 39	1 56	1 58
1762	1 37	1 39	1 41	1 43
1763	1 37	1 39	1 45	1 47
1764	1 37	1 39	1 47	1 49
1765	1 37	1 39	1 51	1 53
1766	1 37	1 39	1 53	1 55
1767	1 37	1 39	1 55	1 57
1768	1 37	1 39	1 57	1 59
1769	1 37	1 39	1 59	1 61
1770	1 37	1 39	1 58	1 60
1771	1 37	1 39	1 60	1 62
1772	1 37	1 39	1 62	1 64
1773	1 37	1 39	1 64	1 66
1774	1 37	1 39	1 66	1 68
1775	1 37	1 39	1 68	1 70
1776	1 37	1 39	1 70	1 72
1777	1 37	1 39	1 72	1 2
1778	1 37	1 39	1 2	1 4
1779	1 37	1 39	1 4	1 6
1780	1 37	1 39	1 61	1 63
1781	1 37	1 39	1 63	1 65
1782	1 37	1 39	1 65	1 67
1783	1 37	1 39	1 67	1 69
1784	1 37	1 39	1 69	1 71
1785	1 37	1 39	1 71	1 1
1786	1 37	1 39	1 1	1 3
1787	1 37	1 39	1 3	1 5
1788	1 37	1 39	1 5	1 7
1789	1 37	1 39	1 7	1 9
1790	1 38	1 40	1 39	1 41
1791	1 38	1 40	1 41	1 43
1792	1 38	1 40	1 47	1 49
1793	1 38	1 40	1 49	1 51
1794	1 38	1 40	1 51	1 53
1795	1 38	1 40	1 53	1 55
1796	1 38	1 40	1 55	1 57
1797	1 38	1 40	1 57	1 59
1798	1 38	1 40	1 42	1 44
1799	1 38	1 40	1 46	1 48
1800	1 38	1 40	1 48	1 50
1801	1 38	1 40	1 50	1 52
1802	1 38	1 40	1 52	1 54
1803	1 38	1 40	1 54	1 56
1804	1 38	1 40	1 56	1 58
1805	1 38	1 40	1 58	1 60
1806	1 38	1 40	1 60	1 62
1807	1 38	1 40	1 59	1 61
1808	1 38	1 40	1 61	1 63
1809	1 38	1 40	1 63	1 65
1810	1 38	1 40	1 65	1 67
1811	1 38	1 40	1 67	1 69
1812	1 38	1 40	1 69	1 71
1813	1 38	1 40	1 71	1 1
1814	1 38	1 40	1 1	1 3
1815	1 38	1 40	1 3	1 5
1816	1 38	1 40	1 5	1 7
1817	1 38	1 40	1 62	1 64
1818	1 38	1 40	1 64	1 66
1819	1 38	1 40	1 66	1 68
1820	1 38	1 40	1 68	1 70
1821	1 38	1 40	1 70	1 72
1822	1 38	1 40	1 72	1 2
1823	1 38	1 40	1 2	1 4
1824	1 38	1 40	1 4	1 6
1825	1 38	1 40	1 6	1 8
1826	1 38	1 40	1 8	1 10
1827	1 39	1 41	1 40	1 42
1828	1 39	1 41	1 42	1 44
1829	1 39	1 41	1 44	1 46
1830	1 39	1 41	1 46	1 48
1831	1 39	1 41	1 48	1 50
1832	1 39	1 41	1 50	1 52
1833	1 39	1 41	1 52	1 54
1834	1 39	1 41	1 54	1 56
1835	1 39	1 41	1 56	1 58
1836	1 39	1 41	1 58	1 60
1837	1 39	1 41	1 43	1 45
1838	1 39	1 41	1 45	1 47
1839	1 39	1 41	1 47	1 49
1840	1 39	1 41	1 51	1 53
1841	1 39	1 41	1 53	1 55
1842	1 39	1 41	1 55	1 57
1843	1 39	1 41	1 59	1 61
1844	1 39	1 41	1 61	1 63
1845	1 39	1 41	1 60	1 62
1846	1 39	1 41	1 62	1 64
1847	1 39	1 41	1 64	1 66
1848	1 39	1 41	1 66	1 68
1849	1 39	1 41	1 68	1 70
1850	1 39	1 41	1 70	1 72
1851	1 39	1 41	1 72	1 2
1852	1 39	1 41	1 2	1 4
1853	1 39	1 41	1 4	1 6
1854	1 39	1 41	1 6	1 8
1855	1 39	1 41	1 63	1 65
1856	1 39	1 41	1 65	1 67
1857	1 39	1 41	1 67	1 69
1858	1 39	1 41	1 69	1 71
1859	1 39	1 41	1 1	1 3
1860	1 39	1 41	1 3	1 5
1861	1 39	1 41	1 5	1 7
1862	1 39	1 41	1 7	1 9
1863	1 39	1 41	1 9	1 11
1864	1 40	1 42	1 41	1 43
1865	1 40	1 42	1 43	1 45
1866	1 40	1 42	1 47	1 49
1867	1 40	1 42	1 49	1 51
1868	1 40	1 42	1 51	1 53
1869	1 40	1 42	1 53	1 55
1870	1 40	1 42	1 55	1 57
1871	1 40	1 42	1 57	1 59
1872	1 40	1 42	1 44	1 46
1873	1 40	1 42	1 46	1 48
1874	1 40	1 42	1 48	1 50
1875	1 40	1 42	1 54	1 56
1876	1 40	1 42	1 56	1 58
1877	1 40	1 42	1 58	1 60
1878	1 40	1 42	1 60	1 62
1879	1 40	1 42	1 62	1 64
1880	1 40	1 42	1 61	1 63
1881	1 40	1 42	1 63	1 65
1882	1 40	1 42	1 65	1 67
1883	1 40	1 42	1 67	1 69
1884	1 40	1 42	1 69	1 71
1885	1 40	1 42	1 71	1 1
1886	1 40	1 42	1 1	1 3
1887	1 40	1 42	1 3	1 5
1888	1 40	1 42	1 5	1 7
1889	1 40	1 42	1 7	1 9
1890	1 40	1 42	1 64	1 66
1891	1 40	1 42	1 66	1 68
1892	1 40	1 42	1 68	1 70
1893	1 40	1 42	1 70	1 72
1894	1 40	1 42	1 72	1 2
1895	1 40	1 42	1 2	1 4
1896	1 40	1 42	1 4	1 6
1897	1 40	1 42	1 6	1 8
1898	1 40	1 42	1 8	1 10
1899	1 40	1 42	1 10	1 12
1900	1 41	1 43	1 42	1 44
1901	1 41	1 43	1 44	1 46
1902	1 41	1 43	1 46	1 48
1903	1 41	1 43	1 48	1 50
1904	1 41	1 43	1 50	1 52
1905	1 41	1 43	1 52	1 54
1906	1 41	1 43	1 54	1 56
1907	1 41	1 43	1 56	1 58
1908	1 41	1 43	1 58	1 60
1909	1 41	1 43	1 60	1 62
1910	1 41	1 43	1 45	1 47
1911	1 41	1 43	1 49	1 51
1912	1 41	1 43	1 53	1 55
1913	1 41	1 43	1 57	1 59
1914	1 41	1 43	1 59	1 61
1915	1 41	1 43	1 62	1 64
1916	1 41	1 43	1 64	1 66
1917	1 41	1 43	1 66	1 68
1918	1 41	1 43	1 68	1 70
1919	1 41	1 43	1 70	1 72
1920	1 41	1 43	1 72	1 2
1921	1 41	1 43	1 2	1 4
1922	1 41	1 43	1 4	1 6
1923	1 41	1 43	1 6	1 8
1924	1 41	1 43	1 65	1 67
1925	1 41	1 43	1 67	1 69
1926	1 41	1 43	1 69	1 71
1927	1 41	1 43	1 1	1 3
1928	1 41	1 43	1 3	1 5
1929	1 41	1 43	1 5	1 7
1930	1 41	1 43	1 7	1 9
1931	1 41	1 43	1 9	1 11
1932	1 41	1 43	1 11	1 13
1933	1 42	1 44	1 43	1 45
1934	1 42	1 44	1 45	1 47
1935	1 42	1 44	1 47	1 49
1936	1 42	1 44	1 49	1 51
1937	1 42	1 44	1 51	1 53
1938	1 42	1 44	1 53	1 55
1939	1 42	1 44	1 55	1 57
1940	1 42	1 44	1 57	1 59
1941	1 42	1 44	1 61	1 63
1942	1 42	1 44	1 50	1 52
1943	1 42	1 44	1 54	1 56
1944	1 42	1 44	1 58	1 60
1945	1 42	1 44	1 60	1 62
1946	1 42	1 44	1 62	1 64
1947	1 42	1 44	1 64	1 66
1948	1 42	1 44	1 63	1 65
1949	1 42	1 44	1 65	1 67
1950	1 42	1 44	1 67	1 69
1951	1 42	1 44	1 69	1 71
1952	1 42	1 44	1 71	1 1
1953	1 42	1 44	1 1	1 3
1954	1 42	1 44	1 3	1 5
1955	1 42	1 44	1 5	1 7
1956	1 42	1 44	1 7	1 9
1957	1 42	1 44	1 9	1 11
1958	1 42	1 44	1 66	1 68
1959	1 42	1 44	1 68	1 70
1960	1 42	1 44	1 2	1 4
1961	1 42	1 44	1 4	1 6
1962	1 42	1 44	1 6	1 8
1963	1 42	1 44	1 8	1 10
1964	1 42	1 44	1 10	1 12
1965	1 42	1 44	1 12	1 14
1966	1 43	1 45	1 44	1 46
1967	1 43	1 45	1 46	1 48
1968	1 43	1 45	1 48	1 50
1969	1 43	1 45	1 50	1 52
1970	1 43	1 45	1 52	1 54
1971	1 43	1 45	1 54	1 56
1972	1 43	1 45	1 56	1 58
1973	1 43	1 45	1 58	1 60
1974	1 43	1 45	1 60	1 62
1975	1 43	1 45	1 62	1 64
1976	1 43	1 45	1 51	1 53
1977	1 43	1 45	1 57	1 59
1978	1 43	1 45	1 59	1 61
1979	1 43	1 45	1 61	1 63
1980	1 43	1 45	1 63	1 65
1981	1 43	1 45	1 65	1 67
1982	1 43	1 45	1 64	1 66
1983	1 43	1 45	1 66	1 68
1984	1 43	1 45	1 68	1 70
1985	1 43	1 45	1 70	1 72
1986	1 43	1 45	1 72	1 2
1987	1 43	1 45	1 2	1 4
1988	1 43	1 45	1 4	1 6
1989	1 43	1 45	1 6	1 8
1990	1 43	1 45	1 10	1 12
1991	1 43	1 45	1 67	1 69
1992	1 43	1 45	1 69	1 71
1993	1 43	1 45	1 71	1 1
1994	1 43	1 45	1 1	1 3
1995	1 43	1 45	1 3	1 5
1996	1 43	1 45	1 5	1 7
1997	1 43	1 45	1 7	1 9
1998	1 43	1 45	1 9	1 11
1999	1 43	1 45	1 11	1 13
2000	1 43	1 45	1 13	1 15
2001	1 44	1 46	1 45	1 47
2002	1 44	1 46	1 47	1 49
2003	1 44	1 46	1 49	1 51
2004	1 44	1 46	1 51	1 53
2005	1 44	1 46	1 55	1 57
2006	1 44	1 46	1 57	1 59
2007	1 44	1 46	1 59	1 61
2008	1 44	1 46	1 61	1 63
2009	1 44	1 46	1 63	1 65
2010	1 44	1 46	1 58	1 60
2011	1 44	1 46	1 60	1 62
2012	1 44	1 46	1 62	1 64
2013	1 44	1 46	1 64	1 66
2014	1 44	1 46	1 66	1 68
2015	1 44	1 46	1 65	1 67
2016	1 44	1 46	1 67	1 69
2017	1 44	1 46	1 69	1 71
2018	1 44	1 46	1 71	1 1
2019	1 44	1 46	1 1	1 3
2020	1 44	1 46	1 3	1 5
2021	1 44	1 46	1 5	1 7
2022	1 44	1 46	1 7	1 9
2023	1 44	1 46	1 9	1 11
2024	1 44	1 46	1 11	1 13
2025	1 44	1 46	1 68	1 70
2026	1 44	1 46	1 70	1 72
2027	1 44	1 46	1 72	1 2
2028	1 44	1 46	1 2	1 4
2029	1 44	1 46	1 4	1 6
2030	1 44	1 46	1 6	1 8
2031	1 44	1 46	1 10	1 12
2032	1 44	1 46	1 14	1 16
2033	1 45	1 47	1 46	1 48
2034	1 45	1 47	1 48	1 50
2035	1 45	1 47	1 50	1 52
2036	1 45	1 47	1 54	1 56
2037	1 45	1 47	1 58	1 60
2038	1 45	1 47	1 60	1 62
2039	1 45	1 47	1 62	1 64
2040	1 45	1 47	1 64	1 66
2041	1 45	1 47	1 49	1 51
2042	1 45	1 47	1 55	1 57
2043	1 45	1 47	1 57	1 59
2044	1 45	1 47	1 59	1 61
2045	1 45	1 47	1 61	1 63
2046	1 45	1 47	1 63	1 65
2047	1 45	1 47	1 65	1 67
2048	1 45	1 47	1 67	1 69
2049	1 45	1 47	1 66	1 68
2050	1 45	1 47	1 68	1 70
2051	1 45	1 47	1 70	1 72
2052	1 45	1 47	1 72	1 2
2053	1 45	1 47	1 2	1 4
2054	1 45	1 47	1 4	1 6
2055	1 45	1 47	1 6	1 8
2056	1 45	1 47	1 8	1 10
2057	1 45	1 47	1 10	1 12
2058	1 45	1 47	1 12	1 14
2059	1 45	1 47	1 69	1 71
2060	1 45	1 47	1 71	1 1
2061	1 45	1 47	1 1	1 3
2062	1 45	1 47	1 3	1 5
2063	1 45	1 47	1 5	1 7
2064	1 45	1 47	1 7	1 9
2065	1 45	1 47	1 9	1 11
2066	1 45	1 47	1 11	1 13
2067	1 45	1 47	1 13	1 15
2068	1 45	1 47	1 15	1 17
2069	1 46	1 48	1 47	1 49
2070	1 46	1 48	1 49	1 51
2071	1 46	1 48	1 51	1 53
2072	1 46	1 48	1 53	1 55
2073	1 46	1 48	1 55	1 57
2074	1 46	1 48	1 57	1 59
2075	1 46	1 48	1 59	1 61
2076	1 46	1 48	1 61	1 63
2077	1 46	1 48	1 63	1 65
2078	1 46	1 48	1 65	1 67
2079	1 46	1 48	1 50	1 52
2080	1 46	1 48	1 54	1 56
2081	1 46	1 48	1 56	1 58
2082	1 46	1 48	1 58	1 60
2083	1 46	1 48	1 60	1 62
2084	1 46	1 48	1 64	1 66
2085	1 46	1 48	1 66	1 68
2086	1 46	1 48	1 68	1 70
2087	1 46	1 48	1 67	1 69
2088	1 46	1 48	1 69	1 71
2089	1 46	1 48	1 71	1 1
2090	1 46	1 48	1 1	1 3
2091	1 46	1 48	1 3	1 5
2092	1 46	1 48	1 5	1 7
2093	1 46	1 48	1 7	1 9
2094	1 46	1 48	1 9	1 11
2095	1 46	1 48	1 11	1 13
2096	1 46	1 48	1 13	1 15
2097	1 46	1 48	1 70	1 72
2098	1 46	1 48	1 72	1 2
2099	1 46	1 48	1 2	1 4
2100	1 46	1 48	1 4	1 6
2101	1 46	1 48	1 6	1 8
2102	1 46	1 48	1 10	1 12
2103	1 46	1 48	1 14	1 16
2104	1 46	1 48	1 16	1 18
2105	1 47	1 49	1 48	1 50
2106	1 47	1 49	1 50	1 52
2107	1 47	1 49	1 52	1 54
2108	1 47	1 49	1 54	1 56
2109	1 47	1 49	1 56	1 58
2110	1 47	1 49	1 58	1 60
2111	1 47	1 49	1 60	1 62
2112	1 47	1 49	1 62	1 64
2113	1 47	1 49	1 64	1 66
2114	1 47	1 49	1 66	1 68
2115	1 47	1 49	1 51	1 53
2116	1 47	1 49	1 53	1 55
2117	1 47	1 49	1 55	1 57
2118	1 47	1 49	1 63	1 65
2119	1 47	1 49	1 67	1 69
2120	1 47	1 49	1 69	1 71
2121	1 47	1 49	1 68	1 70
2122	1 47	1 49	1 70	1 72
2123	1 47	1 49	1 72	1 2
2124	1 47	1 49	1 2	1 4
2125	1 47	1 49	1 4	1 6
2126	1 47	1 49	1 6	1 8
2127	1 47	1 49	1 8	1 10
2128	1 47	1 49	1 10	1 12
2129	1 47	1 49	1 71	1 1
2130	1 47	1 49	1 1	1 3
2131	1 47	1 49	1 3	1 5
2132	1 47	1 49	1 5	1 7
2133	1 47	1 49	1 7	1 9
2134	1 47	1 49	1 9	1 11
2135	1 47	1 49	1 11	1 13
2136	1 47	1 49	1 13	1 15
2137	1 47	1 49	1 15	1 17
2138	1 48	1 50	1 51	1 53
2139	1 48	1 50	1 55	1 57
2140	1 48	1 50	1 57	1 59
2141	1 48	1 50	1 59	1 61
2142	1 48	1 50	1 63	1 65
2143	1 48	1 50	1 65	1 67
2144	1 48	1 50	1 67	1 69
2145	1 48	1 50	1 54	1 56
2146	1 48	1 50	1 56	1 58
2147	1 48	1 50	1 64	1 66
2148	1 48	1 50	1 68	1 70
2149	1 48	1 50	1 70	1 72
2150	1 48	1 50	1 69	1 71
2151	1 48	1 50	1 71	1 1
2152	1 48	1 50	1 1	1 3
2153	1 48	1 50	1 3	1 5
2154	1 48	1 50	1 5	1 7
2155	1 48	1 50	1 7	1 9
2156	1 48	1 50	1 9	1 11
2157	1 48	1 50	1 11	1 13
2158	1 48	1 50	1 13	1 15
2159	1 48	1 50	1 15	1 17
2160	1 48	1 50	1 72	1 2
2161	1 48	1 50	1 2	1 4
2162	1 48	1 50	1 4	1 6
2163	1 48	1 50	1 6	1 8
2164	1 48	1 50	1 8	1 10
2165	1 48	1 50	1 10	1 12
2166	1 48	1 50	1 12	1 14
2167	1 48	1 50	1 14	1 16
2168	1 48	1 50	1 16	1 18
2169	1 49	1 51	1 50	1 52
2170	1 49	1 51	1 52	1 54
2171	1 49	1 51	1 54	1 56
2172	1 49	1 51	1 56	1 58
2173	1 49	1 51	1 60	1 62
2174	1 49	1 51	1 62	1 64
2175	1 49	1 51	1 64	1 66
2176	1 49	1 51	1 66	1 68
2177	1 49	1 51	1 68	1 70
2178	1 49	1 51	1 53	1 55
2179	1 49	1 51	1 59	1 61
2180	1 49	1 51	1 65	1 67
2181	1 49	1 51	1 67	1 69
2182	1 49	1 51	1 69	1 71
2183	1 49	1 51	1 71	1 1
2184	1 49	1 51	1 72	1 2
2185	1 49	1 51	1 2	1 4
2186	1 49	1 51	1 4	1 6
2187	1 49	1 51	1 6	1 8
2188	1 49	1 51	1 8	1 10
2189	1 49	1 51	1 10	1 12
2190	1 49	1 51	1 12	1 14
2191	1 49	1 51	1 14	1 16
2192	1 49	1 51	1 16	1 18
2193	1 50	1 52	1 51	1 53
2194	1 50	1 52	1 53	1 55
2195	1 50	1 52	1 55	1 57
2196	1 50	1 52	1 57	1 59
2197	1 50	1 52	1 59	1 61
2198	1 50	1 52	1 61	1 63
2199	1 50	1 52	1 67	1 69
2200	1 50	1 52	1 69	1 71
2201	1 50	1 52	1 54	1 56
2202	1 50	1 52	1 58	1 60
2203	1 50	1 52	1 60	1 62
2204	1 50	1 52	1 66	1 68
2205	1 50	1 52	1 68	1 70
2206	1 50	1 52	1 72	1 2
2207	1 50	1 52	1 3	1 5
2208	1 50	1 52	1 5	1 7
2209	1 50	1 52	1 7	1 9
2210	1 50	1 52	1 9	1 11
2211	1 50	1 52	1 11	1 13
2212	1 50	1 52	1 13	1 15
2213	1 50	1 52	1 15	1 17
2214	1 50	1 52	1 17	1 19
2215	1 51	1 53	1 52	1 54
2216	1 51	1 53	1 54	1 56
2217	1 51	1 53	1 56	1 58
2218	1 51	1 53	1 60	1 62
2219	1 51	1 53	1 62	1 64
2220	1 51	1 53	1 64	1 66
2221	1 51	1 53	1 66	1 68
2222	1 51	1 53	1 68	1 70
2223	1 51	1 53	1 70	1 72
2224	1 51	1 53	1 59	1 61
2225	1 51	1 53	1 61	1 63
2226	1 51	1 53	1 65	1 67
2227	1 51	1 53	1 67	1 69
2228	1 51	1 53	1 69	1 71
2229	1 51	1 53	1 71	1 1
2230	1 51	1 53	1 1	1 3
2231	1 51	1 53	1 72	1 2
2232	1 51	1 53	1 2	1 4
2233	1 51	1 53	1 4	1 6
2234	1 51	1 53	1 6	1 8
2235	1 51	1 53	1 8	1 10
2236	1 51	1 53	1 10	1 12
2237	1 51	1 53	1 12	1 14
2238	1 51	1 53	1 14	1 16
2239	1 51	1 53	1 16	1 18
2240	1 51	1 53	1 18	1 20
2241	1 52	1 54	1 53	1 55
2242	1 52	1 54	1 55	1 57
2243	1 52	1 54	1 57	1 59
2244	1 52	1 54	1 59	1 61
2245	1 52	1 54	1 61	1 63
2246	1 52	1 54	1 63	1 65
2247	1 52	1 54	1 65	1 67
2248	1 52	1 54	1 67	1 69
2249	1 52	1 54	1 69	1 71
2250	1 52	1 54	1 71	1 1
2251	1 52	1 54	1 58	1 60
2252	1 52	1 54	1 60	1 62
2253	1 52	1 54	1 66	1 68
2254	1 52	1 54	1 68	1 70
2255	1 52	1 54	1 70	1 72
2256	1 52	1 54	1 72	1 2
2257	1 52	1 54	1 2	1 4
2258	1 53	1 55	1 54	1 56
2259	1 53	1 55	1 56	1 58
2260	1 53	1 55	1 58	1 60
2261	1 53	1 55	1 60	1 62
2262	1 53	1 55	1 64	1 66
2263	1 53	1 55	1 66	1 68
2264	1 53	1 55	1 68	1 70
2265	1 53	1 55	1 70	1 72
2266	1 53	1 55	1 72	1 2
2267	1 53	1 55	1 57	1 59
2268	1 53	1 55	1 59	1 61
2269	1 53	1 55	1 61	1 63
2270	1 53	1 55	1 63	1 65
2271	1 53	1 55	1 65	1 67
2272	1 53	1 55	1 67	1 69
2273	1 53	1 55	1 69	1 71
2274	1 53	1 55	1 71	1 1
2275	1 53	1 55	1 1	1 3
2276	1 53	1 55	1 3	1 5
2277	1 54	1 56	1 57	1 59
2278	1 54	1 56	1 65	1 67
2279	1 54	1 56	1 67	1 69
2280	1 54	1 56	1 69	1 71
2281	1 54	1 56	1 71	1 1
2282	1 54	1 56	1 1	1 3
2283	1 54	1 56	1 58	1 60
2284	1 54	1 56	1 62	1 64
2285	1 54	1 56	1 64	1 66
2286	1 54	1 56	1 68	1 70
2287	1 54	1 56	1 70	1 72
2288	1 54	1 56	1 72	1 2
2289	1 54	1 56	1 2	1 4
2290	1 54	1 56	1 4	1 6
2291	1 55	1 57	1 56	1 58
2292	1 55	1 57	1 58	1 60
2293	1 55	1 57	1 60	1 62
2294	1 55	1 57	1 62	1 64
2295	1 55	1 57	1 64	1 66
2296	1 55	1 57	1 66	1 68
2297	1 55	1 57	1 68	1 70
2298	1 55	1 57	1 70	1 72
2299	1 55	1 57	1 72	1 2
2300	1 55	1 57	1 2	1 4
2301	1 55	1 57	1 59	1 61
2302	1 55	1 57	1 61	1 63
2303	1 55	1 57	1 69	1 71
2304	1 55	1 57	1 71	1 1
2305	1 55	1 57	1 1	1 3
2306	1 55	1 57	1 3	1 5
2307	1 55	1 57	1 5	1 7
2308	1 56	1 58	1 65	1 67
2309	1 56	1 58	1 67	1 69
2310	1 56	1 58	1 1	1 3
2311	1 56	1 58	1 3	1 5
2312	1 56	1 58	1 60	1 62
2313	1 56	1 58	1 62	1 64
2314	1 56	1 58	1 64	1 66
2315	1 56	1 58	1 70	1 72
2316	1 56	1 58	1 72	1 2
2317	1 56	1 58	1 2	1 4
2318	1 56	1 58	1 4	1 6
2319	1 56	1 58	1 6	1 8
2320	1 57	1 59	1 58	1 60
2321	1 57	1 59	1 60	1 62
2322	1 57	1 59	1 62	1 64
2323	1 57	1 59	1 68	1 70
2324	1 57	1 59	1 70	1 72
2325	1 57	1 59	1 72	1 2
2326	1 57	1 59	1 2	1 4
2327	1 57	1 59	1 61	1 63
2328	1 57	1 59	1 71	1 1
2329	1 57	1 59	1 1	1 3
2330	1 57	1 59	1 3	1 5
2331	1 57	1 59	1 5	1 7
2332	1 57	1 59	1 7	1 9
2333	1 58	1 60	1 61	1 63
2334	1 58	1 60	1 65	1 67
2335	1 58	1 60	1 69	1 71
2336	1 58	1 60	1 71	1 1
2337	1 58	1 60	1 1	1 3
2338	1 58	1 60	1 3	1 5
2339	1 58	1 60	1 5	1 7
2340	1 58	1 60	1 62	1 64
2341	1 58	1 60	1 68	1 70
2342	1 58	1 60	1 70	1 72
2343	1 58	1 60	1 72	1 2
2344	1 58	1 60	1 2	1 4
2345	1 58	1 60	1 4	1 6
2346	1 58	1 60	1 6	1 8
2347	1 58	1 60	1 8	1 10
2348	1 59	1 61	1 60	1 62
2349	1 59	1 61	1 62	1 64
2350	1 59	1 61	1 64	1 66
2351	1 59	1 61	1 68	1 70
2352	1 59	1 61	1 70	1 72
2353	1 59	1 61	1 72	1 2
2354	1 59	1 61	1 2	1 4
2355	1 59	1 61	1 4	1 6
2356	1 59	1 61	1 71	1 1
2357	1 59	1 61	1 1	1 3
2358	1 59	1 61	1 3	1 5
2359	1 59	1 61	1 5	1 7
2360	1 59	1 61	1 9	1 11
2361	1 60	1 62	1 61	1 63
2362	1 60	1 62	1 63	1 65
2363	1 60	1 62	1 65	1 67
2364	1 60	1 62	1 67	1 69
2365	1 60	1 62	1 1	1 3
2366	1 60	1 62	1 3	1 5
2367	1 60	1 62	1 5	1 7
2368	1 60	1 62	1 7	1 9
2369	1 60	1 62	1 66	1 68
2370	1 60	1 62	1 68	1 70
2371	1 60	1 62	1 2	1 4
2372	1 60	1 62	1 4	1 6
2373	1 60	1 62	1 6	1 8
2374	1 60	1 62	1 10	1 12
2375	1 61	1 63	1 62	1 64
2376	1 61	1 63	1 64	1 66
2377	1 61	1 63	1 66	1 68
2378	1 61	1 63	1 2	1 4
2379	1 61	1 63	1 4	1 6
2380	1 61	1 63	1 6	1 8
2381	1 61	1 63	1 8	1 10
2382	1 61	1 63	1 65	1 67
2383	1 61	1 63	1 69	1 71
2384	1 61	1 63	1 1	1 3
2385	1 61	1 63	1 3	1 5
2386	1 61	1 63	1 5	1 7
2387	1 61	1 63	1 9	1 11
2388	1 61	1 63	1 11	1 13
2389	1 62	1 64	1 65	1 67
2390	1 62	1 64	1 67	1 69
2391	1 62	1 64	1 69	1 71
2392	1 62	1 64	1 71	1 1
2393	1 62	1 64	1 1	1 3
2394	1 62	1 64	1 3	1 5
2395	1 62	1 64	1 5	1 7
2396	1 62	1 64	1 7	1 9
2397	1 62	1 64	1 9	1 11
2398	1 62	1 64	1 70	1 72
2399	1 62	1 64	1 2	1 4
2400	1 62	1 64	1 4	1 6
2401	1 62	1 64	1 6	1 8
2402	1 62	1 64	1 12	1 14
2403	1 63	1 65	1 64	1 66
2404	1 63	1 65	1 66	1 68
2405	1 63	1 65	1 68	1 70
2406	1 63	1 65	1 70	1 72
2407	1 63	1 65	1 2	1 4
2408	1 63	1 65	1 4	1 6
2409	1 63	1 65	1 6	1 8
2410	1 63	1 65	1 8	1 10
2411	1 63	1 65	1 10	1 12
2412	1 63	1 65	1 71	1 1
2413	1 63	1 65	1 1	1 3
2414	1 63	1 65	1 7	1 9
2415	1 63	1 65	1 9	1 11
2416	1 63	1 65	1 11	1 13
2417	1 63	1 65	1 13	1 15
2418	1 64	1 66	1 67	1 69
2419	1 64	1 66	1 69	1 71
2420	1 64	1 66	1 71	1 1
2421	1 64	1 66	1 1	1 3
2422	1 64	1 66	1 3	1 5
2423	1 64	1 66	1 5	1 7
2424	1 64	1 66	1 7	1 9
2425	1 64	1 66	1 9	1 11
2426	1 64	1 66	1 11	1 13
2427	1 64	1 66	1 68	1 70
2428	1 64	1 66	1 70	1 72
2429	1 64	1 66	1 72	1 2
2430	1 64	1 66	1 2	1 4
2431	1 64	1 66	1 4	1 6
2432	1 64	1 66	1 6	1 8
2433	1 64	1 66	1 8	1 10
2434	1 64	1 66	1 12	1 14
2435	1 64	1 66	1 14	1 16
2436	1 65	1 67	1 68	1 70
2437	1 65	1 67	1 70	1 72
2438	1 65	1 67	1 72	1 2
2439	1 65	1 67	1 2	1 4
2440	1 65	1 67	1 4	1 6
2441	1 65	1 67	1 6	1 8
2442	1 65	1 67	1 8	1 10
2443	1 65	1 67	1 10	1 12
2444	1 65	1 67	1 12	1 14
2445	1 65	1 67	1 69	1 71
2446	1 65	1 67	1 71	1 1
2447	1 65	1 67	1 1	1 3
2448	1 65	1 67	1 3	1 5
2449	1 65	1 67	1 7	1 9
2450	1 65	1 67	1 9	1 11
2451	1 65	1 67	1 11	1 13
2452	1 65	1 67	1 13	1 15
2453	1 65	1 67	1 15	1 17
2454	1 66	1 68	1 67	1 69
2455	1 66	1 68	1 69	1 71
2456	1 66	1 68	1 71	1 1
2457	1 66	1 68	1 1	1 3
2458	1 66	1 68	1 3	1 5
2459	1 66	1 68	1 5	1 7
2460	1 66	1 68	1 7	1 9
2461	1 66	1 68	1 9	1 11
2462	1 66	1 68	1 11	1 13
2463	1 66	1 68	1 13	1 15
2464	1 66	1 68	1 70	1 72
2465	1 66	1 68	1 72	1 2
2466	1 66	1 68	1 2	1 4
2467	1 66	1 68	1 4	1 6
2468	1 66	1 68	1 6	1 8
2469	1 66	1 68	1 8	1 10
2470	1 66	1 68	1 10	1 12
2471	1 66	1 68	1 12	1 14
2472	1 66	1 68	1 14	1 16
2473	1 66	1 68	1 16	1 18
2474	1 67	1 69	1 68	1 70
2475	1 67	1 69	1 70	1 72
2476	1 67	1 69	1 72	1 2
2477	1 67	1 69	1 2	1 4
2478	1 67	1 69	1 4	1 6
2479	1 67	1 69	1 6	1 8
2480	1 67	1 69	1 8	1 10
2481	1 67	1 69	1 10	1 12
2482	1 67	1 69	1 12	1 14
2483	1 67	1 69	1 14	1 16
2484	1 67	1 69	1 1	1 3
2485	1 67	1 69	1 3	1 5
2486	1 67	1 69	1 7	1 9
2487	1 67	1 69	1 9	1 11
2488	1 67	1 69	1 11	1 13
2489	1 67	1 69	1 13	1 15
2490	1 67	1 69	1 15	1 17
2491	1 67	1 69	1 17	1 19
2492	1 68	1 70	1 69	1 71
2493	1 68	1 70	1 71	1 1
2494	1 68	1 70	1 1	1 3
2495	1 68	1 70	1 3	1 5
2496	1 68	1 70	1 5	1 7
2497	1 68	1 70	1 7	1 9
2498	1 68	1 70	1 11	1 13
2499	1 68	1 70	1 13	1 15
2500	1 68	1 70	1 15	1 17
2501	1 68	1 70	1 2	1 4
2502	1 68	1 70	1 4	1 6
2503	1 68	1 70	1 6	1 8
2504	1 68	1 70	1 8	1 10
2505	1 68	1 70	1 10	1 12
2506	1 68	1 70	1 16	1 18
2507	1 68	1 70	1 18	1 20
2508	1 69	1 71	1 72	1 2
2509	1 69	1 71	1 2	1 4
2510	1 69	1 71	1 4	1 6
2511	1 69	1 71	1 10	1 12
2512	1 69	1 71	1 12	1 14
2513	1 69	1 71	1 14	1 16
2514	1 69	1 71	1 16	1 18
2515	1 70	1 72	1 71	1 1
2516	1 70	1 72	1 1	1 3
2517	1 70	1 72	1 3	1 5
2518	1 70	1 72	1 5	1 7
2519	1 70	1 72	1 7	1 9
2520	1 70	1 72	1 9	1 11
2521	1 70	1 72	1 13	1 15
2522	1 70	1 72	1 15	1 17
2523	1 70	1 72	1 17	1 19
2524	1 71	1 1	1 72	1 2
2525	1 71	1 1	1 2	1 4
2526	1 71	1 1	1 4	1 6
2527	1 71	1 1	1 6	1 8
2528	1 71	1 1	1 12	1 14
2529	1 71	1 1	1 14	1 16
2530	1 71	1 1	1 18	1 20
2531	1 9	1 11	1 1	1 3
2532	1 9	1 11	1 3	1 5
2533	1 9	1 11	1 5	1 7
2534	1 12	1 14	1 1	1 3
2535	1 12	1 14	1 3	1 5
2536	1 12	1 14	1 5	1 7
2537	1 12	1 14	1 7	1 9
2538	1 12	1 14	1 9	1 11
2539	1 12	1 14	1 11	1 13
2540	1 29	1 31	1 1	1 3
2541	1 29	1 31	1 3	1 5
2542	1 29	1 31	1 5	1 7
2543	1 29	1 31	1 7	1 9
2544	1 29	1 31	1 11	1 13
2545	1 29	1 31	1 13	1 15
2546	1 29	1 31	1 15	1 17
2547	1 29	1 31	1 17	1 19
2548	1 32	1 34	1 1	1 3
2549	1 32	1 34	1 3	1 5
2550	1 32	1 34	1 5	1 7
2551	1 32	1 34	1 9	1 11
2552	1 32	1 34	1 11	1 13
2553	1 32	1 34	1 13	1 15
2554	1 32	1 34	1 15	1 17
2555	1 32	1 34	1 17	1 19
2556	1 32	1 34	1 19	1 21
2557	1 49	1 51	1 1	1 3
2558	1 49	1 51	1 3	1 5
2559	1 49	1 51	1 5	1 7
2560	1 49	1 51	1 7	1 9
2561	1 49	1 51	1 9	1 11
2562	1 49	1 51	1 11	1 13
2563	1 49	1 51	1 13	1 15
2564	1 49	1 51	1 15	1 17
2565	1 49	1 51	1 17	1 19
2566	1 49	1 51	1 19	1 21
2567	1 52	1 54	1 1	1 3
2568	1 52	1 54	1 3	1 5
2569	1 52	1 54	1 5	1 7
2570	1 52	1 54	1 7	1 9
2571	1 52	1 54	1 9	1 11
2572	1 52	1 54	1 11	1 13
2573	1 69	1 71	1 1	1 3
2574	1 69	1 71	1 3	1 5
2575	1 69	1 71	1 5	1 7
2576	1 69	1 71	1 7	1 9
2577	1 69	1 71	1 9	1 11
2578	1 69	1 71	1 11	1 13
2579	1 69	1 71	1 15	1 17
2580	1 69	1 71	1 17	1 19
2581	1 69	1 71	1 19	1 21
2582	1 72	1 2	1 3	1 5
2583	1 72	1 2	1 5	1 7
2584	1 72	1 2	1 7	1 9
2585	1 72	1 2	1 9	1 11
2586	1 72	1 2	1 11	1 13
2587	1 72	1 2	1 17	1 19
2588	1 10	1 12	1 2	1 4
2589	1 10	1 12	1 6	1 8
2590	1 13	1 15	1 2	1 4
2591	1 13	1 15	1 8	1 10
2592	1 13	1 15	1 10	1 12
2593	1 30	1 32	1 2	1 4
2594	1 30	1 32	1 4	1 6
2595	1 30	1 32	1 6	1 8
2596	1 30	1 32	1 8	1 10
2597	1 30	1 32	1 10	1 12
2598	1 30	1 32	1 12	1 14
2599	1 30	1 32	1 14	1 16
2600	1 30	1 32	1 16	1 18
2601	1 30	1 32	1 18	1 20
2602	1 30	1 32	1 20	1 22
2603	1 33	1 35	1 2	1 4
2604	1 33	1 35	1 4	1 6
2605	1 33	1 35	1 6	1 8
2606	1 33	1 35	1 8	1 10
2607	1 33	1 35	1 10	1 12
2608	1 33	1 35	1 12	1 14
2609	1 33	1 35	1 16	1 18
2610	1 33	1 35	1 18	1 20
2611	1 33	1 35	1 20	1 22
2612	1 50	1 52	1 2	1 4
2613	1 50	1 52	1 4	1 6
2614	1 50	1 52	1 6	1 8
2615	1 50	1 52	1 8	1 10
2616	1 50	1 52	1 10	1 12
2617	1 50	1 52	1 12	1 14
2618	1 50	1 52	1 16	1 18
2619	1 50	1 52	1 18	1 20
2620	1 50	1 52	1 20	1 22
2621	1 53	1 55	1 2	1 4
2622	1 53	1 55	1 4	1 6
2623	1 53	1 55	1 6	1 8
2624	1 53	1 55	1 8	1 10
2625	1 53	1 55	1 10	1 12
2626	1 53	1 55	1 12	1 14
2627	1 53	1 55	1 14	1 16
2628	1 53	1 55	1 16	1 18
2629	1 53	1 55	1 18	1 20
2630	1 53	1 55	1 20	1 22
2631	1 70	1 72	1 2	1 4
2632	1 70	1 72	1 4	1 6
2633	1 70	1 72	1 6	1 8
2634	1 70	1 72	1 8	1 10
2635	1 70	1 72	1 10	1 12
2636	1 70	1 72	1 12	1 14
2637	1 70	1 72	1 16	1 18
2638	1 11	1 13	1 3	1 5
2639	1 11	1 13	1 7	1 9
2640	1 14	1 16	1 3	1 5
2641	1 14	1 16	1 9	1 11
2642	1 14	1 16	1 11	1 13
2643	1 31	1 33	1 5	1 7
2644	1 31	1 33	1 7	1 9
2645	1 31	1 33	1 13	1 15
2646	1 31	1 33	1 15	1 17
2647	1 31	1 33	1 21	1 23
2648	1 34	1 36	1 3	1 5
2649	1 34	1 36	1 5	1 7
2650	1 34	1 36	1 9	1 11
2651	1 34	1 36	1 11	1 13
2652	1 34	1 36	1 13	1 15
2653	1 34	1 36	1 15	1 17
2654	1 34	1 36	1 17	1 19
2655	1 34	1 36	1 19	1 21
2656	1 34	1 36	1 21	1 23
2657	1 51	1 53	1 3	1 5
2658	1 51	1 53	1 5	1 7
2659	1 51	1 53	1 9	1 11
2660	1 51	1 53	1 11	1 13
2661	1 51	1 53	1 13	1 15
2662	1 51	1 53	1 15	1 17
2663	1 51	1 53	1 17	1 19
2664	1 51	1 53	1 19	1 21
2665	1 51	1 53	1 21	1 23
2666	1 54	1 56	1 3	1 5
2667	1 54	1 56	1 5	1 7
2668	1 54	1 56	1 7	1 9
2669	1 54	1 56	1 9	1 11
2670	1 54	1 56	1 11	1 13
2671	1 54	1 56	1 13	1 15
2672	1 54	1 56	1 15	1 17
2673	1 54	1 56	1 17	1 19
2674	1 54	1 56	1 19	1 21
2675	1 54	1 56	1 21	1 23
2676	1 71	1 1	1 3	1 5
2677	1 71	1 1	1 5	1 7
2678	1 71	1 1	1 7	1 9
2679	1 71	1 1	1 11	1 13
2680	1 71	1 1	1 15	1 17
2681	1 71	1 1	1 19	1 21
2682	1 71	1 1	1 21	1 23
2683	1 12	1 14	1 4	1 6
2684	1 12	1 14	1 6	1 8
2685	1 12	1 14	1 8	1 10
2686	1 15	1 17	1 4	1 6
2687	1 15	1 17	1 8	1 10
2688	1 15	1 17	1 10	1 12
2689	1 15	1 17	1 12	1 14
2690	1 32	1 34	1 4	1 6
2691	1 32	1 34	1 6	1 8
2692	1 32	1 34	1 8	1 10
2693	1 32	1 34	1 12	1 14
2694	1 32	1 34	1 14	1 16
2695	1 32	1 34	1 16	1 18
2696	1 32	1 34	1 20	1 22
2697	1 32	1 34	1 22	1 24
2698	1 35	1 37	1 4	1 6
2699	1 35	1 37	1 6	1 8
2700	1 35	1 37	1 8	1 10
2701	1 35	1 37	1 10	1 12
2702	1 35	1 37	1 12	1 14
2703	1 35	1 37	1 14	1 16
2704	1 35	1 37	1 16	1 18
2705	1 35	1 37	1 18	1 20
2706	1 35	1 37	1 20	1 22
2707	1 35	1 37	1 22	1 24
2708	1 52	1 54	1 4	1 6
2709	1 52	1 54	1 6	1 8
2710	1 52	1 54	1 8	1 10
2711	1 52	1 54	1 10	1 12
2712	1 52	1 54	1 12	1 14
2713	1 52	1 54	1 14	1 16
2714	1 52	1 54	1 20	1 22
2715	1 52	1 54	1 22	1 24
2716	1 55	1 57	1 4	1 6
2717	1 55	1 57	1 6	1 8
2718	1 55	1 57	1 8	1 10
2719	1 55	1 57	1 10	1 12
2720	1 55	1 57	1 12	1 14
2721	1 55	1 57	1 14	1 16
2722	1 55	1 57	1 16	1 18
2723	1 55	1 57	1 18	1 20
2724	1 55	1 57	1 20	1 22
2725	1 55	1 57	1 22	1 24
2726	1 72	1 2	1 4	1 6
2727	1 72	1 2	1 6	1 8
2728	1 72	1 2	1 10	1 12
2729	1 72	1 2	1 12	1 14
2730	1 72	1 2	1 20	1 22
2731	1 72	1 2	1 22	1 24
2732	1 13	1 15	1 5	1 7
2733	1 13	1 15	1 7	1 9
2734	1 13	1 15	1 9	1 11
2735	1 16	1 18	1 5	1 7
2736	1 16	1 18	1 7	1 9
2737	1 16	1 18	1 11	1 13
2738	1 16	1 18	1 13	1 15
2739	1 16	1 18	1 15	1 17
2740	1 33	1 35	1 5	1 7
2741	1 33	1 35	1 11	1 13
2742	1 33	1 35	1 13	1 15
2743	1 33	1 35	1 17	1 19
2744	1 33	1 35	1 19	1 21
2745	1 36	1 38	1 5	1 7
2746	1 36	1 38	1 7	1 9
2747	1 36	1 38	1 9	1 11
2748	1 36	1 38	1 11	1 13
2749	1 36	1 38	1 13	1 15
2750	1 36	1 38	1 15	1 17
2751	1 36	1 38	1 17	1 19
2752	1 36	1 38	1 19	1 21
2753	1 36	1 38	1 21	1 23
2754	1 36	1 38	1 23	1 25
2755	1 53	1 55	1 5	1 7
2756	1 53	1 55	1 9	1 11
2757	1 53	1 55	1 11	1 13
2758	1 53	1 55	1 13	1 15
2759	1 53	1 55	1 15	1 17
2760	1 53	1 55	1 17	1 19
2761	1 53	1 55	1 19	1 21
2762	1 53	1 55	1 21	1 23
2763	1 53	1 55	1 23	1 25
2764	1 56	1 58	1 5	1 7
2765	1 56	1 58	1 7	1 9
2766	1 56	1 58	1 9	1 11
2767	1 56	1 58	1 17	1 19
2768	1 56	1 58	1 21	1 23
2769	1 56	1 58	1 23	1 25
2770	1 14	1 16	1 8	1 10
2771	1 14	1 16	1 10	1 12
2772	1 17	1 19	1 6	1 8
2773	1 17	1 19	1 12	1 14
2774	1 17	1 19	1 14	1 16
2775	1 34	1 36	1 8	1 10
2776	1 34	1 36	1 10	1 12
2777	1 34	1 36	1 12	1 14
2778	1 34	1 36	1 14	1 16
2779	1 34	1 36	1 16	1 18
2780	1 34	1 36	1 18	1 20
2781	1 34	1 36	1 20	1 22
2782	1 34	1 36	1 22	1 24
2783	1 37	1 39	1 6	1 8
2784	1 37	1 39	1 8	1 10
2785	1 37	1 39	1 10	1 12
2786	1 37	1 39	1 12	1 14
2787	1 37	1 39	1 14	1 16
2788	1 37	1 39	1 16	1 18
2789	1 37	1 39	1 18	1 20
2790	1 37	1 39	1 20	1 22
2791	1 37	1 39	1 22	1 24
2792	1 37	1 39	1 24	1 26
2793	1 54	1 56	1 6	1 8
2794	1 54	1 56	1 8	1 10
2795	1 54	1 56	1 10	1 12
2796	1 54	1 56	1 12	1 14
2797	1 54	1 56	1 14	1 16
2798	1 54	1 56	1 16	1 18
2799	1 54	1 56	1 18	1 20
2800	1 54	1 56	1 20	1 22
2801	1 54	1 56	1 22	1 24
2802	1 54	1 56	1 24	1 26
2803	1 57	1 59	1 6	1 8
2804	1 57	1 59	1 8	1 10
2805	1 57	1 59	1 10	1 12
2806	1 57	1 59	1 12	1 14
2807	1 57	1 59	1 14	1 16
2808	1 57	1 59	1 16	1 18
2809	1 57	1 59	1 18	1 20
2810	1 57	1 59	1 20	1 22
2811	1 57	1 59	1 22	1 24
2812	1 57	1 59	1 24	1 26
2813	1 15	1 17	1 7	1 9
2814	1 18	1 20	1 7	1 9
2815	1 18	1 20	1 11	1 13
2816	1 18	1 20	1 13	1 15
2817	1 18	1 20	1 15	1 17
2818	1 18	1 20	1 17	1 19
2819	1 35	1 37	1 7	1 9
2820	1 35	1 37	1 11	1 13
2821	1 35	1 37	1 13	1 15
2822	1 35	1 37	1 17	1 19
2823	1 35	1 37	1 19	1 21
2824	1 35	1 37	1 21	1 23
2825	1 35	1 37	1 23	1 25
2826	1 38	1 40	1 7	1 9
2827	1 38	1 40	1 11	1 13
2828	1 38	1 40	1 13	1 15
2829	1 38	1 40	1 15	1 17
2830	1 38	1 40	1 19	1 21
2831	1 38	1 40	1 21	1 23
2832	1 38	1 40	1 23	1 25
2833	1 38	1 40	1 25	1 27
2834	1 55	1 57	1 7	1 9
2835	1 55	1 57	1 9	1 11
2836	1 55	1 57	1 11	1 13
2837	1 55	1 57	1 13	1 15
2838	1 55	1 57	1 15	1 17
2839	1 55	1 57	1 17	1 19
2840	1 55	1 57	1 19	1 21
2841	1 55	1 57	1 21	1 23
2842	1 55	1 57	1 23	1 25
2843	1 55	1 57	1 25	1 27
2844	1 58	1 60	1 7	1 9
2845	1 58	1 60	1 9	1 11
2846	1 58	1 60	1 13	1 15
2847	1 58	1 60	1 15	1 17
2848	1 58	1 60	1 17	1 19
2849	1 58	1 60	1 21	1 23
2850	1 58	1 60	1 23	1 25
2851	1 58	1 60	1 25	1 27
2852	1 16	1 18	1 8	1 10
2853	1 19	1 21	1 8	1 10
2854	1 19	1 21	1 12	1 14
2855	1 19	1 21	1 14	1 16
2856	1 19	1 21	1 16	1 18
2857	1 36	1 38	1 8	1 10
2858	1 36	1 38	1 10	1 12
2859	1 36	1 38	1 12	1 14
2860	1 36	1 38	1 14	1 16
2861	1 36	1 38	1 16	1 18
2862	1 36	1 38	1 18	1 20
2863	1 36	1 38	1 20	1 22
2864	1 36	1 38	1 22	1 24
2865	1 39	1 41	1 8	1 10
2866	1 39	1 41	1 10	1 12
2867	1 39	1 41	1 12	1 14
2868	1 39	1 41	1 14	1 16
2869	1 39	1 41	1 20	1 22
2870	1 39	1 41	1 22	1 24
2871	1 39	1 41	1 24	1 26
2872	1 39	1 41	1 26	1 28
2873	1 56	1 58	1 8	1 10
2874	1 56	1 58	1 10	1 12
2875	1 56	1 58	1 12	1 14
2876	1 56	1 58	1 14	1 16
2877	1 56	1 58	1 16	1 18
2878	1 56	1 58	1 18	1 20
2879	1 56	1 58	1 20	1 22
2880	1 56	1 58	1 22	1 24
2881	1 56	1 58	1 24	1 26
2882	1 56	1 58	1 26	1 28
2883	1 59	1 61	1 16	1 18
2884	1 59	1 61	1 18	1 20
2885	1 59	1 61	1 20	1 22
2886	1 59	1 61	1 22	1 24
2887	1 59	1 61	1 24	1 26
2888	1 59	1 61	1 26	1 28
2889	1 17	1 19	1 9	1 11
2890	1 17	1 19	1 11	1 13
2891	1 17	1 19	1 13	1 15
2892	1 20	1 22	1 9	1 11
2893	1 20	1 22	1 13	1 15
2894	1 20	1 22	1 15	1 17
2895	1 20	1 22	1 17	1 19
2896	1 20	1 22	1 19	1 21
2897	1 37	1 39	1 13	1 15
2898	1 37	1 39	1 17	1 19
2899	1 37	1 39	1 19	1 21
2900	1 37	1 39	1 21	1 23
2901	1 37	1 39	1 23	1 25
2902	1 37	1 39	1 25	1 27
2903	1 40	1 42	1 11	1 13
2904	1 40	1 42	1 13	1 15
2905	1 40	1 42	1 15	1 17
2906	1 40	1 42	1 17	1 19
2907	1 40	1 42	1 19	1 21
2908	1 40	1 42	1 21	1 23
2909	1 40	1 42	1 23	1 25
2910	1 40	1 42	1 25	1 27
2911	1 40	1 42	1 27	1 29
2912	1 57	1 59	1 9	1 11
2913	1 57	1 59	1 11	1 13
2914	1 57	1 59	1 13	1 15
2915	1 57	1 59	1 15	1 17
2916	1 57	1 59	1 17	1 19
2917	1 57	1 59	1 19	1 21
2918	1 57	1 59	1 21	1 23
2919	1 57	1 59	1 23	1 25
2920	1 57	1 59	1 25	1 27
2921	1 57	1 59	1 27	1 29
2922	1 60	1 62	1 9	1 11
2923	1 60	1 62	1 11	1 13
2924	1 60	1 62	1 13	1 15
2925	1 60	1 62	1 15	1 17
2926	1 60	1 62	1 17	1 19
2927	1 60	1 62	1 19	1 21
2928	1 60	1 62	1 21	1 23
2929	1 60	1 62	1 23	1 25
2930	1 60	1 62	1 25	1 27
2931	1 60	1 62	1 27	1 29
2932	1 18	1 20	1 10	1 12
2933	1 18	1 20	1 12	1 14
2934	1 21	1 23	1 16	1 18
2935	1 21	1 23	1 18	1 20
2936	1 21	1 23	1 20	1 22
2937	1 38	1 40	1 10	1 12
2938	1 38	1 40	1 12	1 14
2939	1 38	1 40	1 14	1 16
2940	1 38	1 40	1 16	1 18
2941	1 38	1 40	1 18	1 20
2942	1 38	1 40	1 20	1 22
2943	1 38	1 40	1 22	1 24
2944	1 38	1 40	1 24	1 26
2945	1 38	1 40	1 26	1 28
2946	1 38	1 40	1 28	1 30
2947	1 41	1 43	1 10	1 12
2948	1 41	1 43	1 12	1 14
2949	1 41	1 43	1 14	1 16
2950	1 41	1 43	1 16	1 18
2951	1 41	1 43	1 18	1 20
2952	1 41	1 43	1 20	1 22
2953	1 41	1 43	1 22	1 24
2954	1 41	1 43	1 24	1 26
2955	1 41	1 43	1 26	1 28
2956	1 41	1 43	1 28	1 30
2957	1 58	1 60	1 10	1 12
2958	1 58	1 60	1 12	1 14
2959	1 58	1 60	1 16	1 18
2960	1 58	1 60	1 18	1 20
2961	1 58	1 60	1 20	1 22
2962	1 58	1 60	1 22	1 24
2963	1 58	1 60	1 24	1 26
2964	1 58	1 60	1 26	1 28
2965	1 58	1 60	1 28	1 30
2966	1 61	1 63	1 10	1 12
2967	1 61	1 63	1 12	1 14
2968	1 61	1 63	1 18	1 20
2969	1 61	1 63	1 20	1 22
2970	1 61	1 63	1 22	1 24
2971	1 61	1 63	1 24	1 26
2972	1 61	1 63	1 26	1 28
2973	1 61	1 63	1 28	1 30
2974	1 19	1 21	1 11	1 13
2975	1 19	1 21	1 13	1 15
2976	1 19	1 21	1 15	1 17
2977	1 22	1 24	1 17	1 19
2978	1 22	1 24	1 19	1 21
2979	1 22	1 24	1 21	1 23
2980	1 39	1 41	1 11	1 13
2981	1 39	1 41	1 13	1 15
2982	1 39	1 41	1 15	1 17
2983	1 39	1 41	1 17	1 19
2984	1 39	1 41	1 19	1 21
2985	1 39	1 41	1 21	1 23
2986	1 39	1 41	1 23	1 25
2987	1 39	1 41	1 25	1 27
2988	1 39	1 41	1 29	1 31
2989	1 42	1 44	1 11	1 13
2990	1 42	1 44	1 13	1 15
2991	1 42	1 44	1 15	1 17
2992	1 42	1 44	1 17	1 19
2993	1 42	1 44	1 19	1 21
2994	1 42	1 44	1 21	1 23
2995	1 42	1 44	1 23	1 25
2996	1 42	1 44	1 25	1 27
2997	1 42	1 44	1 27	1 29
2998	1 42	1 44	1 29	1 31
2999	1 59	1 61	1 11	1 13
3000	1 59	1 61	1 13	1 15
3001	1 59	1 61	1 15	1 17
3002	1 59	1 61	1 17	1 19
3003	1 59	1 61	1 19	1 21
3004	1 59	1 61	1 21	1 23
3005	1 59	1 61	1 23	1 25
3006	1 59	1 61	1 25	1 27
3007	1 59	1 61	1 27	1 29
3008	1 59	1 61	1 29	1 31
3009	1 62	1 64	1 11	1 13
3010	1 62	1 64	1 13	1 15
3011	1 62	1 64	1 15	1 17
3012	1 62	1 64	1 17	1 19
3013	1 62	1 64	1 19	1 21
3014	1 62	1 64	1 21	1 23
3015	1 62	1 64	1 23	1 25
3016	1 62	1 64	1 25	1 27
3017	1 62	1 64	1 27	1 29
3018	1 62	1 64	1 29	1 31
3019	1 20	1 22	1 12	1 14
3020	1 23	1 25	1 12	1 14
3021	1 23	1 25	1 16	1 18
3022	1 23	1 25	1 18	1 20
3023	1 23	1 25	1 20	1 22
3024	1 40	1 42	1 12	1 14
3025	1 40	1 42	1 14	1 16
3026	1 40	1 42	1 16	1 18
3027	1 40	1 42	1 18	1 20
3028	1 40	1 42	1 20	1 22
3029	1 40	1 42	1 22	1 24
3030	1 40	1 42	1 24	1 26
3031	1 40	1 42	1 26	1 28
3032	1 40	1 42	1 30	1 32
3033	1 43	1 45	1 12	1 14
3034	1 43	1 45	1 14	1 16
3035	1 43	1 45	1 16	1 18
3036	1 43	1 45	1 18	1 20
3037	1 43	1 45	1 20	1 22
3038	1 43	1 45	1 22	1 24
3039	1 43	1 45	1 24	1 26
3040	1 43	1 45	1 26	1 28
3041	1 43	1 45	1 28	1 30
3042	1 43	1 45	1 30	1 32
3043	1 60	1 62	1 12	1 14
3044	1 60	1 62	1 16	1 18
3045	1 60	1 62	1 18	1 20
3046	1 60	1 62	1 20	1 22
3047	1 60	1 62	1 22	1 24
3048	1 60	1 62	1 24	1 26
3049	1 60	1 62	1 26	1 28
3050	1 60	1 62	1 28	1 30
3051	1 60	1 62	1 30	1 32
3052	1 63	1 65	1 12	1 14
3053	1 63	1 65	1 14	1 16
3054	1 63	1 65	1 16	1 18
3055	1 63	1 65	1 18	1 20
3056	1 63	1 65	1 20	1 22
3057	1 63	1 65	1 22	1 24
3058	1 63	1 65	1 24	1 26
3059	1 63	1 65	1 26	1 28
3060	1 63	1 65	1 28	1 30
3061	1 63	1 65	1 30	1 32
3062	1 21	1 23	1 13	1 15
3063	1 21	1 23	1 15	1 17
3064	1 21	1 23	1 17	1 19
3065	1 24	1 26	1 13	1 15
3066	1 24	1 26	1 15	1 17
3067	1 24	1 26	1 19	1 21
3068	1 24	1 26	1 21	1 23
3069	1 24	1 26	1 23	1 25
3070	1 41	1 43	1 13	1 15
3071	1 41	1 43	1 15	1 17
3072	1 41	1 43	1 17	1 19
3073	1 41	1 43	1 19	1 21
3074	1 41	1 43	1 21	1 23
3075	1 41	1 43	1 29	1 31
3076	1 44	1 46	1 13	1 15
3077	1 44	1 46	1 15	1 17
3078	1 44	1 46	1 17	1 19
3079	1 44	1 46	1 19	1 21
3080	1 44	1 46	1 21	1 23
3081	1 44	1 46	1 23	1 25
3082	1 44	1 46	1 25	1 27
3083	1 44	1 46	1 27	1 29
3084	1 44	1 46	1 29	1 31
3085	1 44	1 46	1 31	1 33
3086	1 61	1 63	1 13	1 15
3087	1 61	1 63	1 15	1 17
3088	1 61	1 63	1 19	1 21
3089	1 61	1 63	1 21	1 23
3090	1 61	1 63	1 23	1 25
3091	1 61	1 63	1 25	1 27
3092	1 61	1 63	1 27	1 29
3093	1 61	1 63	1 29	1 31
3094	1 61	1 63	1 31	1 33
3095	1 64	1 66	1 13	1 15
3096	1 64	1 66	1 15	1 17
3097	1 64	1 66	1 17	1 19
3098	1 64	1 66	1 19	1 21
3099	1 64	1 66	1 21	1 23
3100	1 64	1 66	1 23	1 25
3101	1 64	1 66	1 25	1 27
3102	1 64	1 66	1 27	1 29
3103	1 64	1 66	1 29	1 31
3104	1 64	1 66	1 31	1 33
3105	1 22	1 24	1 14	1 16
3106	1 22	1 24	1 18	1 20
3107	1 25	1 27	1 14	1 16
3108	1 25	1 27	1 20	1 22
3109	1 25	1 27	1 22	1 24
3110	1 42	1 44	1 14	1 16
3111	1 42	1 44	1 16	1 18
3112	1 42	1 44	1 18	1 20
3113	1 42	1 44	1 20	1 22
3114	1 42	1 44	1 22	1 24
3115	1 42	1 44	1 24	1 26
3116	1 42	1 44	1 26	1 28
3117	1 42	1 44	1 30	1 32
3118	1 45	1 47	1 14	1 16
3119	1 45	1 47	1 18	1 20
3120	1 45	1 47	1 20	1 22
3121	1 45	1 47	1 22	1 24
3122	1 45	1 47	1 24	1 26
3123	1 45	1 47	1 26	1 28
3124	1 45	1 47	1 28	1 30
3125	1 45	1 47	1 30	1 32
3126	1 62	1 64	1 14	1 16
3127	1 62	1 64	1 16	1 18
3128	1 62	1 64	1 18	1 20
3129	1 62	1 64	1 20	1 22
3130	1 62	1 64	1 24	1 26
3131	1 62	1 64	1 26	1 28
3132	1 62	1 64	1 28	1 30
3133	1 62	1 64	1 30	1 32
3134	1 62	1 64	1 32	1 34
3135	1 65	1 67	1 14	1 16
3136	1 65	1 67	1 16	1 18
3137	1 65	1 67	1 18	1 20
3138	1 65	1 67	1 20	1 22
3139	1 65	1 67	1 22	1 24
3140	1 65	1 67	1 24	1 26
3141	1 65	1 67	1 26	1 28
3142	1 65	1 67	1 28	1 30
3143	1 65	1 67	1 30	1 32
3144	1 65	1 67	1 32	1 34
3145	1 23	1 25	1 15	1 17
3146	1 26	1 28	1 15	1 17
3147	1 26	1 28	1 17	1 19
3148	1 26	1 28	1 21	1 23
3149	1 26	1 28	1 23	1 25
3150	1 26	1 28	1 25	1 27
3151	1 43	1 45	1 15	1 17
3152	1 43	1 45	1 17	1 19
3153	1 43	1 45	1 21	1 23
3154	1 43	1 45	1 23	1 25
3155	1 43	1 45	1 25	1 27
3156	1 43	1 45	1 29	1 31
3157	1 43	1 45	1 31	1 33
3158	1 43	1 45	1 33	1 35
3159	1 46	1 48	1 15	1 17
3160	1 46	1 48	1 17	1 19
3161	1 46	1 48	1 19	1 21
3162	1 46	1 48	1 21	1 23
3163	1 46	1 48	1 23	1 25
3164	1 46	1 48	1 27	1 29
3165	1 46	1 48	1 29	1 31
3166	1 46	1 48	1 31	1 33
3167	1 63	1 65	1 15	1 17
3168	1 63	1 65	1 19	1 21
3169	1 63	1 65	1 21	1 23
3170	1 63	1 65	1 25	1 27
3171	1 63	1 65	1 27	1 29
3172	1 63	1 65	1 29	1 31
3173	1 63	1 65	1 31	1 33
3174	1 63	1 65	1 33	1 35
3175	1 66	1 68	1 15	1 17
3176	1 66	1 68	1 17	1 19
3177	1 66	1 68	1 19	1 21
3178	1 66	1 68	1 21	1 23
3179	1 66	1 68	1 23	1 25
3180	1 66	1 68	1 25	1 27
3181	1 66	1 68	1 27	1 29
3182	1 66	1 68	1 29	1 31
3183	1 66	1 68	1 31	1 33
3184	1 66	1 68	1 33	1 35
3185	1 24	1 26	1 16	1 18
3186	1 27	1 29	1 16	1 18
3187	1 27	1 29	1 20	1 22
3188	1 27	1 29	1 22	1 24
3189	1 27	1 29	1 24	1 26
3190	1 27	1 29	1 26	1 28
3191	1 44	1 46	1 16	1 18
3192	1 44	1 46	1 18	1 20
3193	1 44	1 46	1 20	1 22
3194	1 44	1 46	1 22	1 24
3195	1 44	1 46	1 24	1 26
3196	1 44	1 46	1 26	1 28
3197	1 44	1 46	1 28	1 30
3198	1 44	1 46	1 30	1 32
3199	1 44	1 46	1 32	1 34
3200	1 47	1 49	1 18	1 20
3201	1 47	1 49	1 20	1 22
3202	1 47	1 49	1 22	1 24
3203	1 47	1 49	1 24	1 26
3204	1 47	1 49	1 26	1 28
3205	1 47	1 49	1 28	1 30
3206	1 47	1 49	1 30	1 32
3207	1 47	1 49	1 34	1 36
3208	1 64	1 66	1 16	1 18
3209	1 64	1 66	1 18	1 20
3210	1 64	1 66	1 20	1 22
3211	1 64	1 66	1 24	1 26
3212	1 64	1 66	1 26	1 28
3213	1 64	1 66	1 28	1 30
3214	1 64	1 66	1 30	1 32
3215	1 64	1 66	1 34	1 36
3216	1 67	1 69	1 16	1 18
3217	1 67	1 69	1 18	1 20
3218	1 67	1 69	1 20	1 22
3219	1 67	1 69	1 22	1 24
3220	1 67	1 69	1 28	1 30
3221	1 67	1 69	1 30	1 32
3222	1 67	1 69	1 32	1 34
3223	1 67	1 69	1 34	1 36
3224	1 25	1 27	1 17	1 19
3225	1 25	1 27	1 19	1 21
3226	1 25	1 27	1 21	1 23
3227	1 28	1 30	1 17	1 19
3228	1 28	1 30	1 19	1 21
3229	1 28	1 30	1 21	1 23
3230	1 28	1 30	1 23	1 25
3231	1 28	1 30	1 25	1 27
3232	1 28	1 30	1 27	1 29
3233	1 45	1 47	1 21	1 23
3234	1 45	1 47	1 23	1 25
3235	1 45	1 47	1 25	1 27
3236	1 45	1 47	1 27	1 29
3237	1 45	1 47	1 29	1 31
3238	1 45	1 47	1 31	1 33
3239	1 45	1 47	1 33	1 35
3240	1 45	1 47	1 35	1 37
3241	1 48	1 50	1 17	1 19
3242	1 48	1 50	1 19	1 21
3243	1 48	1 50	1 25	1 27
3244	1 48	1 50	1 27	1 29
3245	1 48	1 50	1 29	1 31
3246	1 48	1 50	1 31	1 33
3247	1 48	1 50	1 35	1 37
3248	1 65	1 67	1 17	1 19
3249	1 65	1 67	1 19	1 21
3250	1 65	1 67	1 21	1 23
3251	1 65	1 67	1 25	1 27
3252	1 65	1 67	1 27	1 29
3253	1 65	1 67	1 29	1 31
3254	1 65	1 67	1 31	1 33
3255	1 65	1 67	1 33	1 35
3256	1 65	1 67	1 35	1 37
3257	1 68	1 70	1 17	1 19
3258	1 68	1 70	1 19	1 21
3259	1 68	1 70	1 21	1 23
3260	1 68	1 70	1 23	1 25
3261	1 68	1 70	1 29	1 31
3262	1 68	1 70	1 33	1 35
3263	1 68	1 70	1 35	1 37
3264	1 26	1 28	1 20	1 22
3265	1 26	1 28	1 22	1 24
3266	1 29	1 31	1 18	1 20
3267	1 29	1 31	1 20	1 22
3268	1 29	1 31	1 22	1 24
3269	1 29	1 31	1 24	1 26
3270	1 29	1 31	1 26	1 28
3271	1 29	1 31	1 28	1 30
3272	1 46	1 48	1 18	1 20
3273	1 46	1 48	1 20	1 22
3274	1 46	1 48	1 22	1 24
3275	1 46	1 48	1 24	1 26
3276	1 46	1 48	1 26	1 28
3277	1 46	1 48	1 28	1 30
3278	1 46	1 48	1 30	1 32
3279	1 46	1 48	1 32	1 34
3280	1 46	1 48	1 34	1 36
3281	1 49	1 51	1 18	1 20
3282	1 49	1 51	1 20	1 22
3283	1 49	1 51	1 22	1 24
3284	1 49	1 51	1 24	1 26
3285	1 49	1 51	1 26	1 28
3286	1 49	1 51	1 28	1 30
3287	1 49	1 51	1 30	1 32
3288	1 49	1 51	1 32	1 34
3289	1 49	1 51	1 34	1 36
3290	1 49	1 51	1 36	1 38
3291	1 66	1 68	1 18	1 20
3292	1 66	1 68	1 20	1 22
3293	1 66	1 68	1 22	1 24
3294	1 66	1 68	1 24	1 26
3295	1 66	1 68	1 26	1 28
3296	1 66	1 68	1 28	1 30
3297	1 66	1 68	1 30	1 32
3298	1 66	1 68	1 32	1 34
3299	1 66	1 68	1 34	1 36
3300	1 66	1 68	1 36	1 38
3301	1 69	1 71	1 18	1 20
3302	1 69	1 71	1 20	1 22
3303	1 69	1 71	1 22	1 24
3304	1 69	1 71	1 24	1 26
3305	1 69	1 71	1 26	1 28
3306	1 69	1 71	1 28	1 30
3307	1 69	1 71	1 30	1 32
3308	1 69	1 71	1 32	1 34
3309	1 69	1 71	1 34	1 36
3310	1 69	1 71	1 36	1 38
3311	1 27	1 29	1 19	1 21
3312	1 27	1 29	1 21	1 23
3313	1 27	1 29	1 23	1 25
3314	1 30	1 32	1 19	1 21
3315	1 30	1 32	1 21	1 23
3316	1 30	1 32	1 23	1 25
3317	1 30	1 32	1 25	1 27
3318	1 30	1 32	1 27	1 29
3319	1 30	1 32	1 29	1 31
3320	1 47	1 49	1 19	1 21
3321	1 47	1 49	1 21	1 23
3322	1 47	1 49	1 23	1 25
3323	1 47	1 49	1 25	1 27
3324	1 47	1 49	1 31	1 33
3325	1 47	1 49	1 37	1 39
3326	1 50	1 52	1 19	1 21
3327	1 50	1 52	1 21	1 23
3328	1 50	1 52	1 23	1 25
3329	1 50	1 52	1 25	1 27
3330	1 50	1 52	1 27	1 29
3331	1 50	1 52	1 29	1 31
3332	1 50	1 52	1 31	1 33
3333	1 50	1 52	1 33	1 35
3334	1 50	1 52	1 35	1 37
3335	1 50	1 52	1 37	1 39
3336	1 67	1 69	1 19	1 21
3337	1 67	1 69	1 21	1 23
3338	1 67	1 69	1 23	1 25
3339	1 67	1 69	1 25	1 27
3340	1 67	1 69	1 27	1 29
3341	1 67	1 69	1 29	1 31
3342	1 67	1 69	1 31	1 33
3343	1 67	1 69	1 33	1 35
3344	1 67	1 69	1 35	1 37
3345	1 67	1 69	1 37	1 39
3346	1 70	1 72	1 19	1 21
3347	1 70	1 72	1 21	1 23
3348	1 70	1 72	1 23	1 25
3349	1 70	1 72	1 25	1 27
3350	1 70	1 72	1 27	1 29
3351	1 70	1 72	1 29	1 31
3352	1 70	1 72	1 33	1 35
3353	1 70	1 72	1 35	1 37
3354	1 70	1 72	1 37	1 39
3355	1 28	1 30	1 20	1 22
3356	1 28	1 30	1 22	1 24
3357	1 28	1 30	1 24	1 26
3358	1 31	1 33	1 20	1 22
3359	1 31	1 33	1 24	1 26
3360	1 31	1 33	1 26	1 28
3361	1 31	1 33	1 28	1 30
3362	1 31	1 33	1 30	1 32
3363	1 48	1 50	1 20	1 22
3364	1 48	1 50	1 22	1 24
3365	1 48	1 50	1 28	1 30
3366	1 48	1 50	1 30	1 32
3367	1 48	1 50	1 32	1 34
3368	1 48	1 50	1 38	1 40
3369	1 51	1 53	1 20	1 22
3370	1 51	1 53	1 22	1 24
3371	1 51	1 53	1 24	1 26
3372	1 51	1 53	1 26	1 28
3373	1 51	1 53	1 28	1 30
3374	1 51	1 53	1 30	1 32
3375	1 51	1 53	1 32	1 34
3376	1 51	1 53	1 34	1 36
3377	1 51	1 53	1 36	1 38
3378	1 51	1 53	1 38	1 40
3379	1 68	1 70	1 20	1 22
3380	1 68	1 70	1 22	1 24
3381	1 68	1 70	1 24	1 26
3382	1 68	1 70	1 26	1 28
3383	1 68	1 70	1 28	1 30
3384	1 68	1 70	1 30	1 32
3385	1 68	1 70	1 32	1 34
3386	1 68	1 70	1 34	1 36
3387	1 68	1 70	1 36	1 38
3388	1 68	1 70	1 38	1 40
3389	1 71	1 1	1 20	1 22
3390	1 71	1 1	1 22	1 24
3391	1 71	1 1	1 24	1 26
3392	1 71	1 1	1 26	1 28
3393	1 71	1 1	1 32	1 34
3394	1 71	1 1	1 34	1 36
3395	1 71	1 1	1 36	1 38
3396	1 71	1 1	1 38	1 40
3397	1 29	1 31	1 21	1 23
3398	1 29	1 31	1 23	1 25
3399	1 29	1 31	1 25	1 27
3400	1 32	1 34	1 21	1 23
3401	1 32	1 34	1 23	1 25
3402	1 32	1 34	1 25	1 27
3403	1 32	1 34	1 27	1 29
3404	1 32	1 34	1 29	1 31
3405	1 32	1 34	1 31	1 33
3406	1 49	1 51	1 21	1 23
3407	1 49	1 51	1 23	1 25
3408	1 49	1 51	1 25	1 27
3409	1 49	1 51	1 27	1 29
3410	1 49	1 51	1 29	1 31
3411	1 49	1 51	1 35	1 37
3412	1 52	1 54	1 21	1 23
3413	1 52	1 54	1 23	1 25
3414	1 52	1 54	1 29	1 31
3415	1 52	1 54	1 31	1 33
3416	1 52	1 54	1 33	1 35
3417	1 52	1 54	1 35	1 37
3418	1 52	1 54	1 37	1 39
3419	1 52	1 54	1 39	1 41
3420	1 69	1 71	1 21	1 23
3421	1 69	1 71	1 23	1 25
3422	1 69	1 71	1 25	1 27
3423	1 69	1 71	1 27	1 29
3424	1 69	1 71	1 29	1 31
3425	1 69	1 71	1 31	1 33
3426	1 69	1 71	1 33	1 35
3427	1 69	1 71	1 35	1 37
3428	1 69	1 71	1 37	1 39
3429	1 69	1 71	1 39	1 41
3430	1 72	1 2	1 21	1 23
3431	1 72	1 2	1 23	1 25
3432	1 72	1 2	1 25	1 27
3433	1 72	1 2	1 27	1 29
3434	1 72	1 2	1 29	1 31
3435	1 72	1 2	1 31	1 33
3436	1 72	1 2	1 33	1 35
3437	1 72	1 2	1 35	1 37
3438	1 72	1 2	1 37	1 39
3439	1 72	1 2	1 39	1 41
3440	1 30	1 32	1 24	1 26
3441	1 30	1 32	1 26	1 28
3442	1 33	1 35	1 28	1 30
3443	1 33	1 35	1 30	1 32
3444	1 50	1 52	1 22	1 24
3445	1 50	1 52	1 24	1 26
3446	1 50	1 52	1 26	1 28
3447	1 50	1 52	1 28	1 30
3448	1 50	1 52	1 30	1 32
3449	1 50	1 52	1 32	1 34
3450	1 50	1 52	1 34	1 36
3451	1 50	1 52	1 36	1 38
3452	1 50	1 52	1 38	1 40
3453	1 53	1 55	1 26	1 28
3454	1 53	1 55	1 28	1 30
3455	1 53	1 55	1 30	1 32
3456	1 53	1 55	1 34	1 36
3457	1 53	1 55	1 36	1 38
3458	1 53	1 55	1 38	1 40
3459	1 53	1 55	1 40	1 42
3460	1 70	1 72	1 22	1 24
3461	1 70	1 72	1 24	1 26
3462	1 70	1 72	1 26	1 28
3463	1 70	1 72	1 28	1 30
3464	1 70	1 72	1 30	1 32
3465	1 70	1 72	1 32	1 34
3466	1 70	1 72	1 34	1 36
3467	1 70	1 72	1 36	1 38
3468	1 70	1 72	1 38	1 40
3469	1 70	1 72	1 40	1 42
3470	1 31	1 33	1 27	1 29
3471	1 34	1 36	1 23	1 25
3472	1 34	1 36	1 25	1 27
3473	1 34	1 36	1 27	1 29
3474	1 34	1 36	1 29	1 31
3475	1 34	1 36	1 31	1 33
3476	1 51	1 53	1 23	1 25
3477	1 51	1 53	1 25	1 27
3478	1 51	1 53	1 27	1 29
3479	1 51	1 53	1 29	1 31
3480	1 51	1 53	1 31	1 33
3481	1 51	1 53	1 35	1 37
3482	1 51	1 53	1 37	1 39
3483	1 51	1 53	1 39	1 41
3484	1 54	1 56	1 23	1 25
3485	1 54	1 56	1 25	1 27
3486	1 54	1 56	1 27	1 29
3487	1 54	1 56	1 29	1 31
3488	1 54	1 56	1 31	1 33
3489	1 54	1 56	1 33	1 35
3490	1 54	1 56	1 35	1 37
3491	1 54	1 56	1 37	1 39
3492	1 54	1 56	1 39	1 41
3493	1 54	1 56	1 41	1 43
3494	1 71	1 1	1 23	1 25
3495	1 71	1 1	1 25	1 27
3496	1 71	1 1	1 35	1 37
3497	1 71	1 1	1 37	1 39
3498	1 32	1 34	1 24	1 26
3499	1 35	1 37	1 24	1 26
3500	1 35	1 37	1 26	1 28
3501	1 35	1 37	1 28	1 30
3502	1 35	1 37	1 30	1 32
3503	1 35	1 37	1 32	1 34
3504	1 35	1 37	1 34	1 36
3505	1 52	1 54	1 24	1 26
3506	1 52	1 54	1 26	1 28
3507	1 52	1 54	1 28	1 30
3508	1 52	1 54	1 30	1 32
3509	1 52	1 54	1 32	1 34
3510	1 52	1 54	1 34	1 36
3511	1 52	1 54	1 36	1 38
3512	1 52	1 54	1 38	1 40
3513	1 55	1 57	1 24	1 26
3514	1 55	1 57	1 26	1 28
3515	1 55	1 57	1 28	1 30
3516	1 55	1 57	1 30	1 32
3517	1 55	1 57	1 32	1 34
3518	1 55	1 57	1 34	1 36
3519	1 55	1 57	1 36	1 38
3520	1 55	1 57	1 38	1 40
3521	1 55	1 57	1 40	1 42
3522	1 55	1 57	1 42	1 44
3523	1 72	1 2	1 24	1 26
3524	1 72	1 2	1 26	1 28
3525	1 72	1 2	1 28	1 30
3526	1 72	1 2	1 30	1 32
3527	1 72	1 2	1 32	1 34
3528	1 72	1 2	1 34	1 36
3529	1 72	1 2	1 36	1 38
3530	1 72	1 2	1 38	1 40
3531	1 72	1 2	1 40	1 42
3532	1 33	1 35	1 25	1 27
3533	1 33	1 35	1 29	1 31
3534	1 36	1 38	1 25	1 27
3535	1 36	1 38	1 27	1 29
3536	1 36	1 38	1 29	1 31
3537	1 36	1 38	1 31	1 33
3538	1 36	1 38	1 35	1 37
3539	1 53	1 55	1 25	1 27
3540	1 53	1 55	1 27	1 29
3541	1 53	1 55	1 29	1 31
3542	1 53	1 55	1 31	1 33
3543	1 53	1 55	1 35	1 37
3544	1 53	1 55	1 37	1 39
3545	1 53	1 55	1 39	1 41
3546	1 53	1 55	1 41	1 43
3547	1 56	1 58	1 25	1 27
3548	1 56	1 58	1 27	1 29
3549	1 56	1 58	1 29	1 31
3550	1 56	1 58	1 31	1 33
3551	1 56	1 58	1 33	1 35
3552	1 56	1 58	1 35	1 37
3553	1 56	1 58	1 37	1 39
3554	1 56	1 58	1 39	1 41
3555	1 56	1 58	1 41	1 43
3556	1 56	1 58	1 43	1 45
3557	1 34	1 36	1 26	1 28
3558	1 34	1 36	1 30	1 32
3559	1 37	1 39	1 26	1 28
3560	1 37	1 39	1 28	1 30
3561	1 37	1 39	1 30	1 32
3562	1 37	1 39	1 32	1 34
3563	1 37	1 39	1 34	1 36
3564	1 37	1 39	1 36	1 38
3565	1 54	1 56	1 26	1 28
3566	1 54	1 56	1 28	1 30
3567	1 54	1 56	1 30	1 32
3568	1 54	1 56	1 32	1 34
3569	1 54	1 56	1 36	1 38
3570	1 54	1 56	1 38	1 40
3571	1 54	1 56	1 40	1 42
3572	1 54	1 56	1 42	1 44
3573	1 57	1 59	1 28	1 30
3574	1 57	1 59	1 30	1 32
3575	1 57	1 59	1 32	1 34
3576	1 57	1 59	1 34	1 36
3577	1 57	1 59	1 36	1 38
3578	1 57	1 59	1 38	1 40
3579	1 57	1 59	1 40	1 42
3580	1 57	1 59	1 42	1 44
3581	1 57	1 59	1 44	1 46
3582	1 35	1 37	1 31	1 33
3583	1 38	1 40	1 27	1 29
3584	1 38	1 40	1 31	1 33
3585	1 38	1 40	1 33	1 35
3586	1 38	1 40	1 35	1 37
3587	1 38	1 40	1 37	1 39
3588	1 55	1 57	1 27	1 29
3589	1 55	1 57	1 29	1 31
3590	1 55	1 57	1 31	1 33
3591	1 55	1 57	1 33	1 35
3592	1 55	1 57	1 35	1 37
3593	1 55	1 57	1 37	1 39
3594	1 55	1 57	1 39	1 41
3595	1 55	1 57	1 45	1 47
3596	1 58	1 60	1 27	1 29
3597	1 58	1 60	1 29	1 31
3598	1 58	1 60	1 31	1 33
3599	1 58	1 60	1 33	1 35
3600	1 58	1 60	1 35	1 37
3601	1 58	1 60	1 37	1 39
3602	1 58	1 60	1 39	1 41
3603	1 58	1 60	1 41	1 43
3604	1 58	1 60	1 43	1 45
3605	1 58	1 60	1 45	1 47
3606	1 36	1 38	1 28	1 30
3607	1 36	1 38	1 30	1 32
3608	1 39	1 41	1 28	1 30
3609	1 39	1 41	1 32	1 34
3610	1 39	1 41	1 34	1 36
3611	1 39	1 41	1 36	1 38
3612	1 39	1 41	1 38	1 40
3613	1 56	1 58	1 28	1 30
3614	1 56	1 58	1 30	1 32
3615	1 56	1 58	1 32	1 34
3616	1 56	1 58	1 34	1 36
3617	1 56	1 58	1 36	1 38
3618	1 56	1 58	1 38	1 40
3619	1 56	1 58	1 40	1 42
3620	1 56	1 58	1 46	1 48
3621	1 59	1 61	1 30	1 32
3622	1 59	1 61	1 32	1 34
3623	1 59	1 61	1 34	1 36
3624	1 59	1 61	1 36	1 38
3625	1 59	1 61	1 38	1 40
3626	1 59	1 61	1 44	1 46
3627	1 59	1 61	1 46	1 48
3628	1 37	1 39	1 29	1 31
3629	1 37	1 39	1 31	1 33
3630	1 37	1 39	1 33	1 35
3631	1 40	1 42	1 29	1 31
3632	1 40	1 42	1 33	1 35
3633	1 40	1 42	1 39	1 41
3634	1 57	1 59	1 29	1 31
3635	1 57	1 59	1 31	1 33
3636	1 57	1 59	1 33	1 35
3637	1 57	1 59	1 35	1 37
3638	1 57	1 59	1 37	1 39
3639	1 57	1 59	1 41	1 43
3640	1 57	1 59	1 43	1 45
3641	1 57	1 59	1 45	1 47
3642	1 60	1 62	1 29	1 31
3643	1 60	1 62	1 31	1 33
3644	1 60	1 62	1 33	1 35
3645	1 60	1 62	1 35	1 37
3646	1 60	1 62	1 37	1 39
3647	1 60	1 62	1 39	1 41
3648	1 60	1 62	1 41	1 43
3649	1 60	1 62	1 43	1 45
3650	1 60	1 62	1 45	1 47
3651	1 60	1 62	1 47	1 49
3652	1 38	1 40	1 30	1 32
3653	1 38	1 40	1 34	1 36
3654	1 41	1 43	1 32	1 34
3655	1 41	1 43	1 34	1 36
3656	1 41	1 43	1 36	1 38
3657	1 41	1 43	1 38	1 40
3658	1 41	1 43	1 40	1 42
3659	1 58	1 60	1 30	1 32
3660	1 58	1 60	1 32	1 34
3661	1 58	1 60	1 34	1 36
3662	1 58	1 60	1 36	1 38
3663	1 58	1 60	1 38	1 40
3664	1 58	1 60	1 40	1 42
3665	1 58	1 60	1 42	1 44
3666	1 58	1 60	1 44	1 46
3667	1 58	1 60	1 46	1 48
3668	1 61	1 63	1 30	1 32
3669	1 61	1 63	1 32	1 34
3670	1 61	1 63	1 34	1 36
3671	1 61	1 63	1 36	1 38
3672	1 61	1 63	1 38	1 40
3673	1 61	1 63	1 40	1 42
3674	1 61	1 63	1 42	1 44
3675	1 61	1 63	1 44	1 46
3676	1 61	1 63	1 46	1 48
3677	1 39	1 41	1 31	1 33
3678	1 42	1 44	1 35	1 37
3679	1 42	1 44	1 39	1 41
3680	1 42	1 44	1 41	1 43
3681	1 59	1 61	1 31	1 33
3682	1 59	1 61	1 33	1 35
3683	1 59	1 61	1 35	1 37
3684	1 59	1 61	1 37	1 39
3685	1 59	1 61	1 39	1 41
3686	1 59	1 61	1 41	1 43
3687	1 59	1 61	1 43	1 45
3688	1 59	1 61	1 45	1 47
3689	1 59	1 61	1 49	1 51
3690	1 62	1 64	1 31	1 33
3691	1 62	1 64	1 33	1 35
3692	1 62	1 64	1 35	1 37
3693	1 62	1 64	1 37	1 39
3694	1 62	1 64	1 39	1 41
3695	1 62	1 64	1 41	1 43
3696	1 62	1 64	1 43	1 45
3697	1 62	1 64	1 45	1 47
3698	1 62	1 64	1 47	1 49
3699	1 62	1 64	1 49	1 51
3700	1 40	1 42	1 32	1 34
3701	1 43	1 45	1 32	1 34
3702	1 43	1 45	1 34	1 36
3703	1 43	1 45	1 36	1 38
3704	1 43	1 45	1 40	1 42
3705	1 43	1 45	1 42	1 44
3706	1 60	1 62	1 32	1 34
3707	1 60	1 62	1 34	1 36
3708	1 60	1 62	1 36	1 38
3709	1 60	1 62	1 38	1 40
3710	1 60	1 62	1 40	1 42
3711	1 60	1 62	1 42	1 44
3712	1 60	1 62	1 44	1 46
3713	1 60	1 62	1 46	1 48
3714	1 60	1 62	1 50	1 52
3715	1 63	1 65	1 32	1 34
3716	1 63	1 65	1 34	1 36
3717	1 63	1 65	1 36	1 38
3718	1 63	1 65	1 38	1 40
3719	1 63	1 65	1 40	1 42
3720	1 63	1 65	1 42	1 44
3721	1 63	1 65	1 44	1 46
3722	1 63	1 65	1 46	1 48
3723	1 63	1 65	1 48	1 50
3724	1 41	1 43	1 33	1 35
3725	1 41	1 43	1 35	1 37
3726	1 41	1 43	1 37	1 39
3727	1 44	1 46	1 33	1 35
3728	1 44	1 46	1 35	1 37
3729	1 44	1 46	1 37	1 39
3730	1 44	1 46	1 39	1 41
3731	1 44	1 46	1 41	1 43
3732	1 44	1 46	1 43	1 45
3733	1 61	1 63	1 33	1 35
3734	1 61	1 63	1 35	1 37
3735	1 61	1 63	1 37	1 39
3736	1 61	1 63	1 39	1 41
3737	1 61	1 63	1 43	1 45
3738	1 61	1 63	1 45	1 47
3739	1 61	1 63	1 51	1 53
3740	1 64	1 66	1 33	1 35
3741	1 64	1 66	1 35	1 37
3742	1 64	1 66	1 37	1 39
3743	1 64	1 66	1 39	1 41
3744	1 64	1 66	1 41	1 43
3745	1 64	1 66	1 43	1 45
3746	1 64	1 66	1 45	1 47
3747	1 64	1 66	1 47	1 49
3748	1 64	1 66	1 49	1 51
3749	1 64	1 66	1 51	1 53
3750	1 42	1 44	1 34	1 36
3751	1 42	1 44	1 38	1 40
3752	1 45	1 47	1 34	1 36
3753	1 45	1 47	1 36	1 38
3754	1 45	1 47	1 42	1 44
3755	1 45	1 47	1 44	1 46
3756	1 62	1 64	1 36	1 38
3757	1 62	1 64	1 38	1 40
3758	1 62	1 64	1 40	1 42
3759	1 62	1 64	1 42	1 44
3760	1 62	1 64	1 44	1 46
3761	1 65	1 67	1 34	1 36
3762	1 65	1 67	1 36	1 38
3763	1 65	1 67	1 38	1 40
3764	1 65	1 67	1 40	1 42
3765	1 65	1 67	1 42	1 44
3766	1 65	1 67	1 44	1 46
3767	1 65	1 67	1 46	1 48
3768	1 65	1 67	1 48	1 50
3769	1 65	1 67	1 52	1 54
3770	1 43	1 45	1 39	1 41
3771	1 46	1 48	1 35	1 37
3772	1 46	1 48	1 37	1 39
3773	1 46	1 48	1 39	1 41
3774	1 46	1 48	1 41	1 43
3775	1 46	1 48	1 43	1 45
3776	1 46	1 48	1 45	1 47
3777	1 63	1 65	1 35	1 37
3778	1 63	1 65	1 37	1 39
3779	1 63	1 65	1 39	1 41
3780	1 63	1 65	1 43	1 45
3781	1 63	1 65	1 45	1 47
3782	1 63	1 65	1 47	1 49
3783	1 63	1 65	1 53	1 55
3784	1 66	1 68	1 35	1 37
3785	1 66	1 68	1 37	1 39
3786	1 66	1 68	1 39	1 41
3787	1 66	1 68	1 41	1 43
3788	1 66	1 68	1 43	1 45
3789	1 66	1 68	1 45	1 47
3790	1 66	1 68	1 47	1 49
3791	1 66	1 68	1 49	1 51
3792	1 66	1 68	1 51	1 53
3793	1 66	1 68	1 53	1 55
3794	1 44	1 46	1 36	1 38
3795	1 44	1 46	1 40	1 42
3796	1 47	1 49	1 36	1 38
3797	1 47	1 49	1 38	1 40
3798	1 47	1 49	1 40	1 42
3799	1 47	1 49	1 42	1 44
3800	1 47	1 49	1 44	1 46
3801	1 47	1 49	1 46	1 48
3802	1 64	1 66	1 36	1 38
3803	1 64	1 66	1 38	1 40
3804	1 64	1 66	1 40	1 42
3805	1 64	1 66	1 42	1 44
3806	1 64	1 66	1 44	1 46
3807	1 64	1 66	1 46	1 48
3808	1 64	1 66	1 48	1 50
3809	1 64	1 66	1 54	1 56
3810	1 67	1 69	1 36	1 38
3811	1 67	1 69	1 38	1 40
3812	1 67	1 69	1 40	1 42
3813	1 67	1 69	1 42	1 44
3814	1 67	1 69	1 44	1 46
3815	1 67	1 69	1 46	1 48
3816	1 67	1 69	1 48	1 50
3817	1 67	1 69	1 50	1 52
3818	1 67	1 69	1 52	1 54
3819	1 67	1 69	1 54	1 56
3820	1 45	1 47	1 37	1 39
3821	1 45	1 47	1 39	1 41
3822	1 45	1 47	1 41	1 43
3823	1 48	1 50	1 37	1 39
3824	1 48	1 50	1 39	1 41
3825	1 48	1 50	1 41	1 43
3826	1 48	1 50	1 43	1 45
3827	1 48	1 50	1 45	1 47
3828	1 48	1 50	1 47	1 49
3829	1 65	1 67	1 37	1 39
3830	1 65	1 67	1 39	1 41
3831	1 65	1 67	1 41	1 43
3832	1 65	1 67	1 43	1 45
3833	1 65	1 67	1 45	1 47
3834	1 65	1 67	1 49	1 51
3835	1 65	1 67	1 51	1 53
3836	1 65	1 67	1 53	1 55
3837	1 68	1 70	1 37	1 39
3838	1 68	1 70	1 39	1 41
3839	1 68	1 70	1 41	1 43
3840	1 68	1 70	1 43	1 45
3841	1 68	1 70	1 45	1 47
3842	1 68	1 70	1 47	1 49
3843	1 68	1 70	1 49	1 51
3844	1 68	1 70	1 51	1 53
3845	1 68	1 70	1 53	1 55
3846	1 68	1 70	1 55	1 57
3847	1 46	1 48	1 38	1 40
3848	1 46	1 48	1 40	1 42
3849	1 49	1 51	1 38	1 40
3850	1 49	1 51	1 40	1 42
3851	1 49	1 51	1 42	1 44
3852	1 49	1 51	1 44	1 46
3853	1 49	1 51	1 46	1 48
3854	1 66	1 68	1 38	1 40
3855	1 66	1 68	1 40	1 42
3856	1 66	1 68	1 42	1 44
3857	1 66	1 68	1 44	1 46
3858	1 66	1 68	1 46	1 48
3859	1 66	1 68	1 50	1 52
3860	1 66	1 68	1 52	1 54
3861	1 69	1 71	1 38	1 40
3862	1 69	1 71	1 40	1 42
3863	1 69	1 71	1 42	1 44
3864	1 69	1 71	1 44	1 46
3865	1 69	1 71	1 46	1 48
3866	1 69	1 71	1 48	1 50
3867	1 69	1 71	1 50	1 52
3868	1 69	1 71	1 52	1 54
3869	1 69	1 71	1 54	1 56
3870	1 47	1 49	1 39	1 41
3871	1 50	1 52	1 39	1 41
3872	1 50	1 52	1 41	1 43
3873	1 50	1 52	1 43	1 45
3874	1 50	1 52	1 45	1 47
3875	1 50	1 52	1 47	1 49
3876	1 50	1 52	1 49	1 51
3877	1 67	1 69	1 39	1 41
3878	1 67	1 69	1 41	1 43
3879	1 67	1 69	1 43	1 45
3880	1 67	1 69	1 45	1 47
3881	1 67	1 69	1 47	1 49
3882	1 67	1 69	1 49	1 51
3883	1 67	1 69	1 51	1 53
3884	1 67	1 69	1 53	1 55
3885	1 70	1 72	1 39	1 41
3886	1 70	1 72	1 41	1 43
3887	1 70	1 72	1 43	1 45
3888	1 70	1 72	1 45	1 47
3889	1 70	1 72	1 47	1 49
3890	1 70	1 72	1 51	1 53
3891	1 70	1 72	1 53	1 55
3892	1 70	1 72	1 55	1 57
3893	1 70	1 72	1 57	1 59
3894	1 48	1 50	1 40	1 42
3895	1 51	1 53	1 40	1 42
3896	1 51	1 53	1 42	1 44
3897	1 51	1 53	1 44	1 46
3898	1 51	1 53	1 46	1 48
3899	1 51	1 53	1 48	1 50
3900	1 51	1 53	1 50	1 52
3901	1 68	1 70	1 40	1 42
3902	1 68	1 70	1 42	1 44
3903	1 68	1 70	1 44	1 46
3904	1 68	1 70	1 46	1 48
3905	1 68	1 70	1 48	1 50
3906	1 68	1 70	1 50	1 52
3907	1 68	1 70	1 52	1 54
3908	1 68	1 70	1 54	1 56
3909	1 68	1 70	1 58	1 60
3910	1 71	1 1	1 40	1 42
3911	1 71	1 1	1 42	1 44
3912	1 71	1 1	1 44	1 46
3913	1 71	1 1	1 46	1 48
3914	1 71	1 1	1 48	1 50
3915	1 71	1 1	1 52	1 54
3916	1 71	1 1	1 54	1 56
3917	1 71	1 1	1 58	1 60
3918	1 49	1 51	1 41	1 43
3919	1 49	1 51	1 45	1 47
3920	1 52	1 54	1 41	1 43
3921	1 52	1 54	1 43	1 45
3922	1 52	1 54	1 47	1 49
3923	1 52	1 54	1 49	1 51
3924	1 52	1 54	1 51	1 53
3925	1 69	1 71	1 41	1 43
3926	1 69	1 71	1 43	1 45
3927	1 69	1 71	1 45	1 47
3928	1 69	1 71	1 47	1 49
3929	1 69	1 71	1 49	1 51
3930	1 69	1 71	1 51	1 53
3931	1 69	1 71	1 53	1 55
3932	1 69	1 71	1 55	1 57
3933	1 72	1 2	1 41	1 43
3934	1 72	1 2	1 43	1 45
3935	1 72	1 2	1 45	1 47
3936	1 72	1 2	1 47	1 49
3937	1 72	1 2	1 49	1 51
3938	1 72	1 2	1 51	1 53
3939	1 72	1 2	1 53	1 55
3940	1 72	1 2	1 55	1 57
3941	1 72	1 2	1 57	1 59
3942	1 72	1 2	1 59	1 61
3943	1 50	1 52	1 42	1 44
3944	1 50	1 52	1 46	1 48
3945	1 53	1 55	1 42	1 44
3946	1 53	1 55	1 46	1 48
3947	1 53	1 55	1 50	1 52
3948	1 53	1 55	1 52	1 54
3949	1 70	1 72	1 44	1 46
3950	1 70	1 72	1 46	1 48
3951	1 70	1 72	1 48	1 50
3952	1 70	1 72	1 52	1 54
3953	1 70	1 72	1 54	1 56
3954	1 70	1 72	1 56	1 58
3955	1 70	1 72	1 58	1 60
3956	1 51	1 53	1 43	1 45
3957	1 51	1 53	1 47	1 49
3958	1 54	1 56	1 43	1 45
3959	1 54	1 56	1 45	1 47
3960	1 54	1 56	1 47	1 49
3961	1 54	1 56	1 49	1 51
3962	1 54	1 56	1 51	1 53
3963	1 54	1 56	1 53	1 55
3964	1 71	1 1	1 43	1 45
3965	1 71	1 1	1 45	1 47
3966	1 71	1 1	1 47	1 49
3967	1 71	1 1	1 49	1 51
3968	1 71	1 1	1 51	1 53
3969	1 71	1 1	1 53	1 55
3970	1 71	1 1	1 55	1 57
3971	1 71	1 1	1 57	1 59
3972	1 71	1 1	1 59	1 61
3973	1 55	1 57	1 44	1 46
3974	1 55	1 57	1 46	1 48
3975	1 55	1 57	1 48	1 50
3976	1 55	1 57	1 50	1 52
3977	1 55	1 57	1 52	1 54
3978	1 72	1 2	1 44	1 46
3979	1 72	1 2	1 46	1 48
3980	1 72	1 2	1 48	1 50
3981	1 72	1 2	1 50	1 52
3982	1 72	1 2	1 52	1 54
3983	1 72	1 2	1 54	1 56
3984	1 72	1 2	1 56	1 58
3985	1 72	1 2	1 58	1 60
3986	1 53	1 55	1 47	1 49
3987	1 53	1 55	1 49	1 51
3988	1 56	1 58	1 47	1 49
3989	1 56	1 58	1 49	1 51
3990	1 56	1 58	1 51	1 53
3991	1 56	1 58	1 53	1 55
3992	1 56	1 58	1 55	1 57
3993	1 54	1 56	1 46	1 48
3994	1 54	1 56	1 48	1 50
3995	1 54	1 56	1 50	1 52
3996	1 57	1 59	1 46	1 48
3997	1 57	1 59	1 48	1 50
3998	1 57	1 59	1 50	1 52
3999	1 57	1 59	1 52	1 54
4000	1 57	1 59	1 54	1 56
4001	1 55	1 57	1 47	1 49
4002	1 58	1 60	1 47	1 49
4003	1 58	1 60	1 53	1 55
4004	1 58	1 60	1 55	1 57
4005	1 58	1 60	1 57	1 59
4006	1 56	1 58	1 48	1 50
4007	1 59	1 61	1 48	1 50
4008	1 59	1 61	1 50	1 52
4009	1 59	1 61	1 52	1 54
4010	1 57	1 59	1 53	1 55
4011	1 60	1 62	1 49	1 51
4012	1 60	1 62	1 51	1 53
4013	1 60	1 62	1 53	1 55
4014	1 60	1 62	1 55	1 57
4015	1 60	1 62	1 57	1 59
4016	1 60	1 62	1 59	1 61
4017	1 58	1 60	1 50	1 52
4018	1 58	1 60	1 52	1 54
4019	1 58	1 60	1 54	1 56
4020	1 61	1 63	1 50	1 52
4021	1 61	1 63	1 52	1 54
4022	1 61	1 63	1 58	1 60
4023	1 61	1 63	1 60	1 62
4024	1 59	1 61	1 51	1 53
4025	1 59	1 61	1 53	1 55
4026	1 59	1 61	1 55	1 57
4027	1 62	1 64	1 51	1 53
4028	1 62	1 64	1 55	1 57
4029	1 62	1 64	1 57	1 59
4030	1 62	1 64	1 59	1 61
4031	1 62	1 64	1 61	1 63
4032	1 60	1 62	1 52	1 54
4033	1 60	1 62	1 56	1 58
4034	1 63	1 65	1 52	1 54
4035	1 63	1 65	1 60	1 62
4036	1 61	1 63	1 53	1 55
4037	1 61	1 63	1 55	1 57
4038	1 61	1 63	1 57	1 59
4039	1 64	1 66	1 53	1 55
4040	1 64	1 66	1 55	1 57
4041	1 64	1 66	1 59	1 61
4042	1 64	1 66	1 61	1 63
4043	1 64	1 66	1 63	1 65
4044	1 62	1 64	1 54	1 56
4045	1 62	1 64	1 56	1 58
4046	1 62	1 64	1 58	1 60
4047	1 65	1 67	1 54	1 56
4048	1 65	1 67	1 56	1 58
4049	1 65	1 67	1 58	1 60
4050	1 65	1 67	1 60	1 62
4051	1 65	1 67	1 62	1 64
4052	1 66	1 68	1 55	1 57
4053	1 66	1 68	1 61	1 63
4054	1 66	1 68	1 63	1 65
4055	1 64	1 66	1 56	1 58
4056	1 67	1 69	1 56	1 58
4057	1 67	1 69	1 60	1 62
4058	1 67	1 69	1 62	1 64
4059	1 67	1 69	1 64	1 66
4060	1 67	1 69	1 66	1 68
4061	1 65	1 67	1 61	1 63
4062	1 68	1 70	1 57	1 59
4063	1 68	1 70	1 59	1 61
4064	1 68	1 70	1 63	1 65
4065	1 68	1 70	1 65	1 67
4066	1 68	1 70	1 67	1 69
4067	1 66	1 68	1 60	1 62
4068	1 69	1 71	1 58	1 60
4069	1 69	1 71	1 62	1 64
4070	1 69	1 71	1 64	1 66
4071	1 69	1 71	1 66	1 68
4072	1 69	1 71	1 68	1 70
4073	1 70	1 72	1 59	1 61
4074	1 70	1 72	1 63	1 65
4075	1 70	1 72	1 65	1 67
4076	1 70	1 72	1 67	1 69
4077	1 68	1 70	1 60	1 62
4078	1 68	1 70	1 64	1 66
4079	1 71	1 1	1 62	1 64
4080	1 71	1 1	1 64	1 66
4081	1 71	1 1	1 66	1 68
4082	1 71	1 1	1 68	1 70
4083	1 71	1 1	1 70	1 72
4084	1 69	1 71	1 61	1 63
4085	1 69	1 71	1 65	1 67
4086	1 72	1 2	1 65	1 67
4087	1 72	1 2	1 67	1 69
4088	1 72	1 2	1 69	1 71
4089	1 72	1 2	1 71	1 1
4090	1 70	1 72	1 62	1 64
4091	1 70	1 72	1 64	1 66
4092	1 70	1 72	1 66	1 68
4093	1 71	1 1	1 63	1 65
4094	1 71	1 1	1 65	1 67
4095	1 72	1 2	1 64	1 66
4096	1 72	1 2	1 66	1 68
