2255
1	1 1	1 3	1 2	1 4	640.5921505104147
2	1 1	1 3	1 4	1 6	-224.19016280865563
3	1 1	1 3	1 6	1 8	-46.53415177141541
4	1 1	1 3	1 8	1 10	-265.14464452211973
5	1 1	1 3	1 10	1 12	328.17248808290157
6	1 1	1 3	1 12	1 14	-47.049800937214265
7	1 1	1 3	1 14	1 16	-25.32604598808232
8	1 1	1 3	1 16	1 18	-207.9150876268801
9	1 1	1 3	1 18	1 20	194.20206050886478
10	1 1	1 3	1 20	1 22	12.528550970324385
11	1 1	1 3	1 5	1 7	-80.5538764384452
12	1 1	1 3	1 9	1 11	619.0110091671772
13	1 1	1 3	1 11	1 13	28.25512025554303
14	1 1	1 3	1 13	1 15	-37.746640645235665
15	1 1	1 3	1 15	1 17	-367.70093514667525
16	1 1	1 3	1 17	1 19	286.3502994887647
17	1 1	1 3	1 19	1 21	71.97159311739668
18	1 1	1 3	1 21	1 23	-9.354120506572006
19	1 1	1 3	1 23	1 25	-228.22622567109784
20	1 1	1 3	1 22	1 24	-12.638075572942615
21	1 1	1 3	1 24	1 26	-146.02132022546675
22	1 1	1 3	1 26	1 28	104.19460498242958
23	1 1	1 3	1 28	1 30	25.782309158061977
24	1 1	1 3	1 30	1 32	-0.13895390707554048
25	1 1	1 3	1 32	1 34	-98.95468984593782
26	1 1	1 3	1 34	1 36	56.812833065991676
27	1 1	1 3	1 36	1 38	22.451926250424563
28	1 1	1 3	1 38	1 40	7.817015786502215
29	1 1	1 3	1 40	1 42	-71.90546855755707
30	1 1	1 3	1 25	1 27	145.93606166730584
31	1 1	1 3	1 27	1 29	56.56451243184929
32	1 1	1 3	1 29	1 31	7.56264577340029
33	1 1	1 3	1 31	1 33	-144.11765119169485
34	1 1	1 3	1 33	1 35	76.01094020144161
35	1 1	1 3	1 35	1 37	38.7053578146891
36	1 1	1 3	1 37	1 39	12.172493394402942
37	1 1	1 3	1 39	1 41	-88.8962491804155
38	1 1	1 3	1 41	1 43	39.15752105096473
39	1 1	1 3	1 43	1 45	25.420506706379832
40	1 1	1 3	1 42	1 44	33.34772707658789
41	1 1	1 3	1 44	1 46	19.002751024178217
42	1 1	1 3	1 46	1 48	7.451286488868466
43	1 1	1 3	1 48	1 50	-50.121612190146344
44	1 1	1 3	1 50	1 52	20.036268835353376
45	1 1	1 3	1 52	1 54	14.111027855912706
46	1 1	1 3	1 54	1 56	7.166694228603996
47	1 1	1 3	1 56	1 58	-34.92382203339527
48	1 1	1 3	1 58	1 60	12.283807883079275
49	1 1	1 3	1 60	1 62	9.662341276132267
50	1 1	1 3	1 45	1 47	12.06982332649375
51	1 1	1 3	1 47	1 49	-56.87496248994302
52	1 1	1 3	1 49	1 51	21.1479924550597
53	1 1	1 3	1 51	1 53	17.00659177804467
54	1 1	1 3	1 53	1 55	11.149937574740814
55	1 1	1 3	1 55	1 57	-37.456721165939186
56	1 1	1 3	1 57	1 59	10.986929753005676
57	1 1	1 3	1 59	1 61	10.794730356322024
58	1 1	1 3	1 61	1 63	8.62239615092874
59	1 1	1 3	1 63	1 65	-24.31438984558848
60	1 1	1 3	1 62	1 64	6.147136025512689
61	1 1	1 3	1 64	1 66	-23.784886896729002
62	1 1	1 3	1 66	1 68	7.396087078321965
63	1 1	1 3	1 68	1 70	6.162345332679839
64	1 1	1 3	1 70	1 72	3.0196109797375623
65	1 1	1 3	1 65	1 67	6.589688929436262
66	1 1	1 3	1 67	1 69	6.852558846514926
67	1 1	1 3	1 69	1 71	5.106320503801277
68	1 2	1 4	1 3	1 5	342.3249235710616
69	1 2	1 4	1 5	1 7	-154.1813225974301
70	1 2	1 4	1 7	1 9	-531.6145369035135
71	1 2	1 4	1 9	1 11	349.6974513688761
72	1 2	1 4	1 11	1 13	193.71836048703545
73	1 2	1 4	1 13	1 15	-36.879656112306144
74	1 2	1 4	1 15	1 17	-347.1752064308108
75	1 2	1 4	1 17	1 19	187.79526545722217
76	1 2	1 4	1 19	1 21	124.32878786733964
77	1 2	1 4	1 21	1 23	4.8311740429283745
78	1 2	1 4	1 6	1 8	-78.33075614554105
79	1 2	1 4	1 10	1 12	428.93461742773184
80	1 2	1 4	1 12	1 14	8.285623607173907
81	1 2	1 4	1 14	1 16	-33.04885178422762
82	1 2	1 4	1 16	1 18	-263.29906739947194
83	1 2	1 4	1 18	1 20	200.66594798023087
84	1 2	1 4	1 20	1 22	51.93100184519752
85	1 2	1 4	1 22	1 24	-9.642922123337698
86	1 2	1 4	1 24	1 26	-172.3830178426373
87	1 2	1 4	1 31	1 33	-137.69152280068022
88	1 2	1 4	1 39	1 41	-87.48392485939392
89	1 2	1 4	1 26	1 28	99.0947351449845
90	1 2	1 4	1 28	1 30	44.76980979836357
91	1 2	1 4	1 30	1 32	5.817559867752437
92	1 2	1 4	1 32	1 34	-114.34337335190949
93	1 2	1 4	1 34	1 36	52.71297008712088
94	1 2	1 4	1 36	1 38	30.83751347128654
95	1 2	1 4	1 38	1 40	13.204192073724817
96	1 2	1 4	1 40	1 42	-79.39620090969609
97	1 2	1 4	1 42	1 44	30.887393696068862
98	1 2	1 4	1 44	1 46	22.7083211121073
99	1 2	1 4	1 43	1 45	27.308316990183897
100	1 2	1 4	1 45	1 47	16.151099026945296
101	1 2	1 4	1 47	1 49	-58.18024089621558
102	1 2	1 4	1 49	1 51	18.476291960564055
103	1 2	1 4	1 51	1 53	17.725825396895807
104	1 2	1 4	1 53	1 55	13.425735724641182
105	1 2	1 4	1 55	1 57	-38.495537772493854
106	1 2	1 4	1 57	1 59	9.995735915247302
107	1 2	1 4	1 59	1 61	11.007034474133977
108	1 2	1 4	1 61	1 63	9.817116781915615
109	1 2	1 4	1 46	1 48	10.724591435328023
110	1 2	1 4	1 48	1 50	-53.85681712832133
111	1 2	1 4	1 50	1 52	18.690113022577563
112	1 2	1 4	1 52	1 54	15.835901680448558
113	1 2	1 4	1 54	1 56	9.151108932174102
114	1 2	1 4	1 56	1 58	-36.98896230503945
115	1 2	1 4	1 58	1 60	11.731619098780053
116	1 2	1 4	1 60	1 62	10.44015969880881
117	1 2	1 4	1 62	1 64	7.23791467939622
118	1 2	1 4	1 64	1 66	-25.029871771070482
119	1 2	1 4	1 63	1 65	-24.938581753948725
120	1 2	1 4	1 65	1 67	6.230751474658266
121	1 2	1 4	1 67	1 69	6.921602437981749
122	1 2	1 4	1 69	1 71	5.536236609256411
123	1 2	1 4	1 71	1 1	-674.7795653804828
124	1 2	1 4	1 66	1 68	7.192696777679691
125	1 2	1 4	1 68	1 70	6.521326172148509
126	1 2	1 4	1 70	1 72	3.4559686474448106
127	1 3	1 5	1 4	1 6	565.2962185003141
128	1 3	1 5	1 6	1 8	-226.3397798647306
129	1 3	1 5	1 8	1 10	-469.9415431267526
130	1 3	1 5	1 10	1 12	232.83852678132678
131	1 3	1 5	1 12	1 14	246.27436677988146
132	1 3	1 5	1 14	1 16	-41.83714461214461
133	1 3	1 5	1 16	1 18	-328.697943239142
134	1 3	1 5	1 18	1 20	132.5992822263594
135	1 3	1 5	1 20	1 22	142.0527588832661
136	1 3	1 5	1 22	1 24	12.42635630676147
137	1 3	1 5	1 9	1 11	40.74826763798413
138	1 3	1 5	1 11	1 13	360.3068943032539
139	1 3	1 5	1 13	1 15	39.57893704822767
140	1 3	1 5	1 15	1 17	-365.3160559956562
141	1 3	1 5	1 17	1 19	67.79185623080744
142	1 3	1 5	1 19	1 21	167.6120554260831
143	1 3	1 5	1 21	1 23	63.20849989911823
144	1 3	1 5	1 23	1 25	-238.56067964420413
145	1 3	1 5	1 25	1 27	54.6502276829534
146	1 3	1 5	1 24	1 26	-219.32756767052496
147	1 3	1 5	1 26	1 28	72.74180628966371
148	1 3	1 5	1 28	1 30	80.33442612482668
149	1 3	1 5	1 30	1 32	26.317147077213768
150	1 3	1 5	1 32	1 34	-140.4471890110664
151	1 3	1 5	1 34	1 36	41.89128257549003
152	1 3	1 5	1 36	1 38	45.36814102880814
153	1 3	1 5	1 38	1 40	27.635089142520652
154	1 3	1 5	1 40	1 42	-96.1378177350126
155	1 3	1 5	1 42	1 44	26.21763332000863
156	1 3	1 5	1 27	1 29	86.37033479986042
157	1 3	1 5	1 29	1 31	55.36531331866055
158	1 3	1 5	1 33	1 35	37.450947886174006
159	1 3	1 5	1 35	1 37	47.99520342734331
160	1 3	1 5	1 37	1 39	37.817250880242554
161	1 3	1 5	1 39	1 41	-96.81004697317364
162	1 3	1 5	1 41	1 43	23.070025254940298
163	1 3	1 5	1 43	1 45	29.3002751607031
164	1 3	1 5	1 45	1 47	25.030352941621366
165	1 3	1 5	1 44	1 46	29.8509863572254
166	1 3	1 5	1 46	1 48	19.025125317046953
167	1 3	1 5	1 48	1 50	-63.98015361708829
168	1 3	1 5	1 50	1 52	16.77268626475427
169	1 3	1 5	1 52	1 54	19.3208951090035
170	1 3	1 5	1 54	1 56	13.892255627230906
171	1 3	1 5	1 56	1 58	-42.907729031087094
172	1 3	1 5	1 58	1 60	11.132725155440571
173	1 3	1 5	1 60	1 62	12.18405662712873
174	1 3	1 5	1 62	1 64	9.802097320939247
175	1 3	1 5	1 47	1 49	-61.8849327594157
176	1 3	1 5	1 49	1 51	14.444128849372868
177	1 3	1 5	1 51	1 53	18.892530999106476
178	1 3	1 5	1 53	1 55	18.32572570684389
179	1 3	1 5	1 55	1 57	-41.4897233963876
180	1 3	1 5	1 57	1 59	8.602796066133614
181	1 3	1 5	1 59	1 61	11.535298857677276
182	1 3	1 5	1 61	1 63	12.407791464266781
183	1 3	1 5	1 63	1 65	-27.012140033879163
184	1 3	1 5	1 65	1 67	5.818999588111504
185	1 3	1 5	1 64	1 66	-28.540223201493276
186	1 3	1 5	1 66	1 68	7.132808227327885
187	1 3	1 5	1 68	1 70	7.390400293687019
188	1 3	1 5	1 70	1 72	4.26977974733231
189	1 3	1 5	1 67	1 69	7.3453961191220145
190	1 3	1 5	1 69	1 71	6.657878652447244
191	1 4	1 6	1 5	1 7	365.88561871201216
192	1 4	1 6	1 7	1 9	-669.2081831936745
193	1 4	1 6	1 9	1 11	-33.909968554017055
194	1 4	1 6	1 11	1 13	236.58974270938242
195	1 4	1 6	1 13	1 15	253.39982768492698
196	1 4	1 6	1 17	1 19	14.533521268690427
197	1 4	1 6	1 19	1 21	133.47685943537874
198	1 4	1 6	1 21	1 23	144.37525033954518
199	1 4	1 6	1 23	1 25	-252.70397012760571
200	1 4	1 6	1 10	1 12	36.178812346068455
201	1 4	1 6	1 12	1 14	395.5417295234715
202	1 4	1 6	1 14	1 16	28.241303217265916
203	1 4	1 6	1 16	1 18	-398.5005048320451
204	1 4	1 6	1 18	1 20	59.211865104060436
205	1 4	1 6	1 20	1 22	184.9861133590933
206	1 4	1 6	1 22	1 24	73.60504097034328
207	1 4	1 6	1 24	1 26	-268.7703097009784
208	1 4	1 6	1 26	1 28	45.220862136651476
209	1 4	1 6	1 25	1 27	24.898573273416254
210	1 4	1 6	1 27	1 29	75.8006340335063
211	1 4	1 6	1 29	1 31	92.96773951900522
212	1 4	1 6	1 33	1 35	22.600541673391355
213	1 4	1 6	1 35	1 37	44.656469809410424
214	1 4	1 6	1 37	1 39	54.72678816063585
215	1 4	1 6	1 39	1 41	-100.69226638897314
216	1 4	1 6	1 41	1 43	16.138153122253865
217	1 4	1 6	1 43	1 45	28.705681596643682
218	1 4	1 6	1 28	1 30	97.91311179219247
219	1 4	1 6	1 30	1 32	59.62554828938103
220	1 4	1 6	1 34	1 36	31.112850203787264
221	1 4	1 6	1 36	1 38	54.070839840088254
222	1 4	1 6	1 38	1 40	45.75672936379493
223	1 4	1 6	1 40	1 42	-112.41514663784687
224	1 4	1 6	1 42	1 44	21.793460237204854
225	1 4	1 6	1 44	1 46	34.038887718053886
226	1 4	1 6	1 46	1 48	27.97362473362933
227	1 4	1 6	1 45	1 47	32.80985642610598
228	1 4	1 6	1 47	1 49	-64.36836421001537
229	1 4	1 6	1 49	1 51	11.374978296046102
230	1 4	1 6	1 51	1 53	19.0492041964729
231	1 4	1 6	1 53	1 55	22.473649282840526
232	1 4	1 6	1 55	1 57	-43.608739634375596
233	1 4	1 6	1 57	1 59	7.444222008530009
234	1 4	1 6	1 59	1 61	11.646468112613293
235	1 4	1 6	1 61	1 63	14.564093492466775
236	1 4	1 6	1 63	1 65	-28.460418324599466
237	1 4	1 6	1 48	1 50	-72.37819121763658
238	1 4	1 6	1 50	1 52	14.747784304755825
239	1 4	1 6	1 52	1 54	21.5516498718942
240	1 4	1 6	1 54	1 56	18.611117946917894
241	1 4	1 6	1 56	1 58	-47.59346733019717
242	1 4	1 6	1 58	1 60	10.433670203152204
243	1 4	1 6	1 60	1 62	13.406137333458823
244	1 4	1 6	1 62	1 64	12.197552226781035
245	1 4	1 6	1 64	1 66	-31.30998671617334
246	1 4	1 6	1 66	1 68	6.946912318494459
247	1 4	1 6	1 65	1 67	5.4227854275098455
248	1 4	1 6	1 67	1 69	7.5404584749176955
249	1 4	1 6	1 69	1 71	7.526222417463589
250	1 4	1 6	1 71	1 1	-209.01815068952715
251	1 4	1 6	1 68	1 70	8.012395487854027
252	1 4	1 6	1 70	1 72	5.0510913593824665
253	1 5	1 7	1 6	1 8	614.5116403176532
254	1 5	1 7	1 8	1 10	-794.139192072889
255	1 5	1 7	1 10	1 12	-42.50816552872606
256	1 5	1 7	1 12	1 14	249.9942342778077
257	1 5	1 7	1 14	1 16	331.4126196718307
258	1 5	1 7	1 18	1 20	4.532842332425494
259	1 5	1 7	1 20	1 22	140.27290601992655
260	1 5	1 7	1 22	1 24	201.68269259285137
261	1 5	1 7	1 24	1 26	-316.4143795843753
262	1 5	1 7	1 9	1 11	-35.13849615619934
263	1 5	1 7	1 11	1 13	11.202096309193713
264	1 5	1 7	1 13	1 15	467.0362511280882
265	1 5	1 7	1 15	1 17	-423.6418077865328
266	1 5	1 7	1 17	1 19	-8.622382812524169
267	1 5	1 7	1 19	1 21	52.17959963045024
268	1 5	1 7	1 21	1 23	212.56577659698382
269	1 5	1 7	1 23	1 25	-231.89953451117233
270	1 5	1 7	1 25	1 27	4.88581405243742
271	1 5	1 7	1 27	1 29	45.010504158014086
272	1 5	1 7	1 26	1 28	16.913909374582257
273	1 5	1 7	1 28	1 30	87.36203497103
274	1 5	1 7	1 30	1 32	109.39299068659616
275	1 5	1 7	1 34	1 36	17.244563676770895
276	1 5	1 7	1 36	1 38	51.80045197434693
277	1 5	1 7	1 38	1 40	66.40938415995635
278	1 5	1 7	1 40	1 42	-119.97914253905785
279	1 5	1 7	1 42	1 44	14.971471977704187
280	1 5	1 7	1 44	1 46	33.58163446420592
281	1 5	1 7	1 29	1 31	122.06292152602902
282	1 5	1 7	1 33	1 35	10.002225997713829
283	1 5	1 7	1 35	1 37	32.637910851579456
284	1 5	1 7	1 37	1 39	67.32932540031186
285	1 5	1 7	1 39	1 41	-94.13504909437637
286	1 5	1 7	1 41	1 43	9.227191332444717
287	1 5	1 7	1 43	1 45	23.802592999816753
288	1 5	1 7	1 45	1 47	37.894718068500815
289	1 5	1 7	1 47	1 49	-60.33354965274245
290	1 5	1 7	1 46	1 48	37.00865897818541
291	1 5	1 7	1 48	1 50	-75.231537643287
292	1 5	1 7	1 50	1 52	11.294183722921753
293	1 5	1 7	1 52	1 54	21.25513368976033
294	1 5	1 7	1 54	1 56	22.5399347570429
295	1 5	1 7	1 56	1 58	-48.40113693709147
296	1 5	1 7	1 58	1 60	8.718152914185147
297	1 5	1 7	1 60	1 62	13.193810784320362
298	1 5	1 7	1 62	1 64	13.782991157220707
299	1 5	1 7	1 64	1 66	-31.337090732342897
300	1 5	1 7	1 49	1 51	7.698989078194197
301	1 5	1 7	1 51	1 53	16.82505769825638
302	1 5	1 7	1 53	1 55	24.761026205311573
303	1 5	1 7	1 55	1 57	-41.499303242986244
304	1 5	1 7	1 57	1 59	5.7554972341341815
305	1 5	1 7	1 59	1 61	10.531412621473578
306	1 5	1 7	1 61	1 63	15.485904864058746
307	1 5	1 7	1 63	1 65	-27.266193274943312
308	1 5	1 7	1 65	1 67	4.579518040109586
309	1 5	1 7	1 67	1 69	7.009982855885813
310	1 5	1 7	1 66	1 68	6.109377803819449
311	1 5	1 7	1 68	1 70	7.879988884079472
312	1 5	1 7	1 70	1 72	5.444497781260328
313	1 5	1 7	1 69	1 71	7.73288504308676
314	1 6	1 8	1 7	1 9	-338.5135619089043
315	1 6	1 8	1 9	1 11	-26.093574977858694
316	1 6	1 8	1 11	1 13	-41.05280972842449
317	1 6	1 8	1 13	1 15	328.9160926772778
318	1 6	1 8	1 17	1 19	-10.904646394139192
319	1 6	1 8	1 19	1 21	11.027595441344708
320	1 6	1 8	1 21	1 23	189.78424935880213
321	1 6	1 8	1 23	1 25	-173.46990444839264
322	1 6	1 8	1 10	1 12	-37.4451425181924
323	1 6	1 8	1 12	1 14	44.85358280368154
324	1 6	1 8	1 14	1 16	612.8202691728447
325	1 6	1 8	1 16	1 18	-606.2595373019551
326	1 6	1 8	1 18	1 20	-8.214456086357284
327	1 6	1 8	1 20	1 22	69.34500637437424
328	1 6	1 8	1 22	1 24	291.34720332914026
329	1 6	1 8	1 24	1 26	-331.1883864010412
330	1 6	1 8	1 26	1 28	5.567106457731273
331	1 6	1 8	1 28	1 30	62.64877978907918
332	1 6	1 8	1 27	1 29	24.111484207083016
333	1 6	1 8	1 29	1 31	119.14917200983774
334	1 6	1 8	1 33	1 35	5.005320280225617
335	1 6	1 8	1 35	1 37	22.815189408188257
336	1 6	1 8	1 37	1 39	66.76581833313548
337	1 6	1 8	1 39	1 41	-82.523841369429
338	1 6	1 8	1 41	1 43	5.84802004487654
339	1 6	1 8	1 43	1 45	19.018712518595848
340	1 6	1 8	1 45	1 47	37.267475070407194
341	1 6	1 8	1 30	1 32	138.41652223885723
342	1 6	1 8	1 34	1 36	10.052056844887728
343	1 6	1 8	1 36	1 38	43.57295456369188
344	1 6	1 8	1 38	1 40	75.65150912733449
345	1 6	1 8	1 40	1 42	-116.45318066899841
346	1 6	1 8	1 42	1 44	10.721178013157846
347	1 6	1 8	1 44	1 46	29.776450317438133
348	1 6	1 8	1 46	1 48	40.23169300636772
349	1 6	1 8	1 48	1 50	-71.6457366492098
350	1 6	1 8	1 47	1 49	-53.64609381788872
351	1 6	1 8	1 49	1 51	5.594839165096598
352	1 6	1 8	1 51	1 53	14.251009052253156
353	1 6	1 8	1 53	1 55	24.039373923115328
354	1 6	1 8	1 55	1 57	-37.4306658964651
355	1 6	1 8	1 57	1 59	4.5710841765375925
356	1 6	1 8	1 59	1 61	9.123792096115661
357	1 6	1 8	1 61	1 63	14.82748443977638
358	1 6	1 8	1 63	1 65	-24.723532248587844
359	1 6	1 8	1 65	1 67	3.8524667494263034
360	1 6	1 8	1 50	1 52	8.797033122284091
361	1 6	1 8	1 52	1 54	19.155763607386206
362	1 6	1 8	1 54	1 56	23.346997477062484
363	1 6	1 8	1 56	1 58	-45.434801529405846
364	1 6	1 8	1 58	1 60	7.250486252736662
365	1 6	1 8	1 60	1 62	12.042387813536932
366	1 6	1 8	1 62	1 64	13.762854899756267
367	1 6	1 8	1 64	1 66	-29.213392551563814
368	1 6	1 8	1 66	1 68	5.267577610036765
369	1 6	1 8	1 68	1 70	7.222710867073776
370	1 6	1 8	1 67	1 69	6.202930944092149
371	1 6	1 8	1 69	1 71	7.309254917017109
372	1 6	1 8	1 71	1 1	-98.79163591302293
373	1 6	1 8	1 70	1 72	5.24540987064117
374	1 7	1 9	1 16	1 18	1002.5047926985874
375	1 7	1 9	1 15	1 17	1150.6684502984153
376	1 7	1 9	1 28	1 30	-195.10286172161176
377	1 7	1 9	1 30	1 32	-132.86700956276428
378	1 7	1 9	1 32	1 34	444.4355715164295
379	1 7	1 9	1 34	1 36	-129.8998619924676
380	1 7	1 9	1 36	1 38	-122.74310718017614
381	1 7	1 9	1 38	1 40	-101.75505128929042
382	1 7	1 9	1 40	1 42	302.10915202042963
383	1 7	1 9	1 42	1 44	-82.52754463976405
384	1 7	1 9	1 44	1 46	-85.44787688057961
385	1 7	1 9	1 46	1 48	-63.857864041138846
386	1 7	1 9	1 31	1 33	471.63361352610593
387	1 7	1 9	1 33	1 35	-144.04195321801245
388	1 7	1 9	1 35	1 37	-127.33303375266321
389	1 7	1 9	1 37	1 39	-118.07672339936605
390	1 7	1 9	1 39	1 41	299.52610141652826
391	1 7	1 9	1 41	1 43	-81.80825799209819
392	1 7	1 9	1 43	1 45	-83.99433929234903
393	1 7	1 9	1 45	1 47	-76.70842322429561
394	1 7	1 9	1 47	1 49	191.69481181750047
395	1 7	1 9	1 49	1 51	-48.69619638919039
396	1 7	1 9	1 48	1 50	200.99822138522705
397	1 7	1 9	1 50	1 52	-53.287574574081745
398	1 7	1 9	1 52	1 54	-57.88039733501843
399	1 7	1 9	1 54	1 56	-45.008367680251226
400	1 7	1 9	1 56	1 58	134.32354850201313
401	1 7	1 9	1 58	1 60	-35.31182867599066
402	1 7	1 9	1 60	1 62	-37.30159530052884
403	1 7	1 9	1 62	1 64	-31.064907050051797
404	1 7	1 9	1 64	1 66	89.25443107624196
405	1 7	1 9	1 66	1 68	-22.487266815091814
406	1 7	1 9	1 51	1 53	-56.90470202176962
407	1 7	1 9	1 53	1 55	-56.66844128651358
408	1 7	1 9	1 55	1 57	129.6842683446509
409	1 7	1 9	1 57	1 59	-28.30907127846222
410	1 7	1 9	1 59	1 61	-35.584614314902176
411	1 7	1 9	1 61	1 63	-38.52306520213624
412	1 7	1 9	1 63	1 65	84.6814017914295
413	1 7	1 9	1 65	1 67	-18.721751902540916
414	1 7	1 9	1 67	1 69	-22.93327396263235
415	1 7	1 9	1 69	1 71	-20.71585788069202
416	1 7	1 9	1 68	1 70	-22.95280726704221
417	1 7	1 9	1 70	1 72	-13.475323615005532
418	1 8	1 10	1 11	1 13	-399.768067694058
419	1 8	1 10	1 13	1 15	-520.0790181590442
420	1 8	1 10	1 15	1 17	991.3291279494346
421	1 8	1 10	1 29	1 31	-234.03129699317546
422	1 8	1 10	1 31	1 33	446.0065578124336
423	1 8	1 10	1 33	1 35	-91.24064757775864
424	1 8	1 10	1 35	1 37	-120.51930944925695
425	1 8	1 10	1 37	1 39	-144.19442899715378
426	1 8	1 10	1 39	1 41	283.69850735695576
427	1 8	1 10	1 41	1 43	-57.336076863728564
428	1 8	1 10	1 43	1 45	-79.83932780748107
429	1 8	1 10	1 45	1 47	-88.72116166838366
430	1 8	1 10	1 47	1 49	184.11727957375282
431	1 8	1 10	1 32	1 34	484.0999834796564
432	1 8	1 10	1 34	1 36	-103.4318127051601
433	1 8	1 10	1 36	1 38	-135.24403319816125
434	1 8	1 10	1 38	1 40	-136.58328752061573
435	1 8	1 10	1 40	1 42	322.19892496956567
436	1 8	1 10	1 42	1 44	-68.28260429232142
437	1 8	1 10	1 44	1 46	-91.16422735105675
438	1 8	1 10	1 46	1 48	-80.8287448775371
439	1 8	1 10	1 48	1 50	206.89307022499773
440	1 8	1 10	1 50	1 52	-44.978762143104454
441	1 8	1 10	1 49	1 51	-37.695299748617344
442	1 8	1 10	1 51	1 53	-54.36515350885088
443	1 8	1 10	1 53	1 55	-62.6784636128848
444	1 8	1 10	1 55	1 57	126.30166880475849
445	1 8	1 10	1 57	1 59	-23.386514728548576
446	1 8	1 10	1 59	1 61	-33.76080475464636
447	1 8	1 10	1 61	1 63	-41.13577941329919
448	1 8	1 10	1 63	1 65	82.56682682273677
449	1 8	1 10	1 65	1 67	-16.464088688494417
450	1 8	1 10	1 67	1 69	-21.895546728931805
451	1 8	1 10	1 52	1 54	-59.85608460450261
452	1 8	1 10	1 54	1 56	-53.09028486796496
453	1 8	1 10	1 56	1 58	136.83931207295984
454	1 8	1 10	1 58	1 60	-31.386700969745164
455	1 8	1 10	1 60	1 62	-37.97146543819006
456	1 8	1 10	1 62	1 64	-34.7141648034377
457	1 8	1 10	1 64	1 66	90.29907855768312
458	1 8	1 10	1 66	1 68	-20.63252043759061
459	1 8	1 10	1 68	1 70	-23.002215373682667
460	1 8	1 10	1 70	1 72	-14.528829865495402
461	1 8	1 10	1 69	1 71	-21.402515295097277
462	1 8	1 10	1 71	1 1	614.7061990054251
463	1 9	1 11	1 10	1 12	355.90353639240504
464	1 9	1 11	1 12	1 14	-74.69247370625465
465	1 9	1 11	1 14	1 16	-20.8866021027809
466	1 9	1 11	1 18	1 20	248.60191405116734
467	1 9	1 11	1 20	1 22	-31.11515658614605
468	1 9	1 11	1 22	1 24	-16.413872338663193
469	1 9	1 11	1 24	1 26	-148.7380572462173
470	1 9	1 11	1 26	1 28	134.5064146701138
471	1 9	1 11	1 28	1 30	7.372852541562985
472	1 9	1 11	1 13	1 15	-36.01872871245478
473	1 9	1 11	1 17	1 19	473.10265044596395
474	1 9	1 11	1 21	1 23	-23.016974411546876
475	1 9	1 11	1 23	1 25	-272.4069044726008
476	1 9	1 11	1 25	1 27	216.32704137172254
477	1 9	1 11	1 27	1 29	46.50710114903531
478	1 9	1 11	1 29	1 31	-4.454844838543476
479	1 9	1 11	1 30	1 32	-5.895938315518343
480	1 9	1 11	1 32	1 34	-102.86730945318368
481	1 9	1 11	1 34	1 36	72.35842768348576
482	1 9	1 11	1 36	1 38	16.803551798665033
483	1 9	1 11	1 38	1 40	3.5459892036382765
484	1 9	1 11	1 40	1 42	-75.88433184189192
485	1 9	1 11	1 42	1 44	41.94217116513883
486	1 9	1 11	1 44	1 46	18.01758887716433
487	1 9	1 11	1 46	1 48	5.186144217727898
488	1 9	1 11	1 48	1 50	-54.472953522730634
489	1 9	1 11	1 33	1 35	106.62677811756798
490	1 9	1 11	1 35	1 37	39.911608500890026
491	1 9	1 11	1 37	1 39	5.9768224161709576
492	1 9	1 11	1 39	1 41	-102.63457772029795
493	1 9	1 11	1 41	1 43	53.07856995134797
494	1 9	1 11	1 43	1 45	27.96803062884239
495	1 9	1 11	1 45	1 47	9.733545442043908
496	1 9	1 11	1 47	1 49	-65.49404176313935
497	1 9	1 11	1 49	1 51	27.762843633924753
498	1 9	1 11	1 51	1 53	19.156210978953958
499	1 9	1 11	1 50	1 52	24.926068209932815
500	1 9	1 11	1 52	1 54	14.59052535150337
501	1 9	1 11	1 54	1 56	6.2451484863819395
502	1 9	1 11	1 56	1 58	-38.40992778038262
503	1 9	1 11	1 58	1 60	14.98466139584453
504	1 9	1 11	1 60	1 62	10.456611298517045
505	1 9	1 11	1 62	1 64	6.022856080623146
506	1 9	1 11	1 64	1 66	-26.47208087173147
507	1 9	1 11	1 66	1 68	8.857364824842692
508	1 9	1 11	1 68	1 70	6.829364123659293
509	1 9	1 11	1 53	1 55	10.614616324831099
510	1 9	1 11	1 55	1 57	-42.838032433825425
511	1 9	1 11	1 57	1 59	13.96073916881232
512	1 9	1 11	1 59	1 61	12.464181135700564
513	1 9	1 11	1 61	1 63	8.840641952821308
514	1 9	1 11	1 63	1 65	-27.830467720685114
515	1 9	1 11	1 65	1 67	8.119282071557222
516	1 9	1 11	1 67	1 69	7.913532403838567
517	1 9	1 11	1 69	1 71	5.466602191116202
518	1 9	1 11	1 70	1 72	3.2028458213256483
519	1 10	1 12	1 11	1 13	235.57215175359738
520	1 10	1 12	1 13	1 15	-72.31244324266206
521	1 10	1 12	1 17	1 19	233.59191095034075
522	1 10	1 12	1 19	1 21	176.90350417846506
523	1 10	1 12	1 21	1 23	-29.783917598085438
524	1 10	1 12	1 23	1 25	-265.6189776734425
525	1 10	1 12	1 25	1 27	137.39049667560903
526	1 10	1 12	1 27	1 29	99.21492652602831
527	1 10	1 12	1 29	1 31	6.198268758258315
528	1 10	1 12	1 14	1 16	-33.09515836754579
529	1 10	1 12	1 18	1 20	360.5495930778518
530	1 10	1 12	1 22	1 24	-23.402590151544395
531	1 10	1 12	1 24	1 26	-205.09878733359187
532	1 10	1 12	1 26	1 28	148.42037362643003
533	1 10	1 12	1 28	1 30	41.17922798900126
534	1 10	1 12	1 30	1 32	-3.8674631798165913
535	1 10	1 12	1 33	1 35	76.65086853411196
536	1 10	1 12	1 35	1 37	56.34664303376193
537	1 10	1 12	1 37	1 39	16.070043852011175
538	1 10	1 12	1 39	1 41	-106.78375859160202
539	1 10	1 12	1 41	1 43	41.53424365813373
540	1 10	1 12	1 43	1 45	33.915586846110116
541	1 10	1 12	1 45	1 47	16.178236427331125
542	1 10	1 12	1 47	1 49	-69.34792865123873
543	1 10	1 12	1 49	1 51	23.341005046592215
544	1 10	1 12	1 34	1 36	71.9344409461718
545	1 10	1 12	1 36	1 38	33.41125821936415
546	1 10	1 12	1 38	1 40	9.155388391765246
547	1 10	1 12	1 40	1 42	-91.35875525714059
548	1 10	1 12	1 42	1 44	40.17807495182397
549	1 10	1 12	1 44	1 46	26.015151983803563
550	1 10	1 12	1 46	1 48	9.52526065119861
551	1 10	1 12	1 48	1 50	-62.619489012082084
552	1 10	1 12	1 50	1 52	23.71322235321217
553	1 10	1 12	1 52	1 54	18.487495814144243
554	1 10	1 12	1 51	1 53	21.637536169253316
555	1 10	1 12	1 53	1 55	14.60435496717291
556	1 10	1 12	1 55	1 57	-45.969206300506364
557	1 10	1 12	1 57	1 59	12.511246242986381
558	1 10	1 12	1 59	1 61	13.380280237079418
559	1 10	1 12	1 61	1 63	11.068471338979252
560	1 10	1 12	1 63	1 65	-29.82186203416758
561	1 10	1 12	1 65	1 67	7.703681618493535
562	1 10	1 12	1 67	1 69	8.377861283033695
563	1 10	1 12	1 69	1 71	6.439502490621733
564	1 10	1 12	1 54	1 56	9.273890419416794
565	1 10	1 12	1 56	1 58	-43.236309283705765
566	1 10	1 12	1 58	1 60	14.628332763537696
567	1 10	1 12	1 60	1 62	12.313754146196857
568	1 10	1 12	1 62	1 64	7.903907149726222
569	1 10	1 12	1 64	1 66	-29.51079701292838
570	1 10	1 12	1 66	1 68	8.848972820544798
571	1 10	1 12	1 68	1 70	7.710040893640301
572	1 10	1 12	1 70	1 72	3.8447489132169044
573	1 10	1 12	1 71	1 1	-388.2664281345566
574	1 11	1 13	1 12	1 14	230.3131797859619
575	1 11	1 13	1 14	1 16	-67.33749742041199
576	1 11	1 13	1 18	1 20	157.42318277978333
577	1 11	1 13	1 20	1 22	177.07996117384562
578	1 11	1 13	1 22	1 24	-32.85026601467764
579	1 11	1 13	1 24	1 26	-225.4428181663656
580	1 11	1 13	1 26	1 28	87.79071458612981
581	1 11	1 13	1 28	1 30	99.69201326660499
582	1 11	1 13	1 30	1 32	7.534350735071319
583	1 11	1 13	1 17	1 19	-4.635266733011569
584	1 11	1 13	1 23	1 25	-242.18545223701278
585	1 11	1 13	1 25	1 27	39.173314254706185
586	1 11	1 13	1 27	1 29	123.13310359848316
587	1 11	1 13	1 29	1 31	41.84585679657434
588	1 11	1 13	1 33	1 35	34.74678277033719
589	1 11	1 13	1 32	1 34	-146.9877783826425
590	1 11	1 13	1 34	1 36	49.17091773254367
591	1 11	1 13	1 36	1 38	53.535646340073974
592	1 11	1 13	1 38	1 40	21.617804543359547
593	1 11	1 13	1 40	1 42	-100.581742587187
594	1 11	1 13	1 42	1 44	29.772864985216703
595	1 11	1 13	1 44	1 46	33.5756040650937
596	1 11	1 13	1 46	1 48	17.10840278704172
597	1 11	1 13	1 48	1 50	-67.53617503750013
598	1 11	1 13	1 50	1 52	18.521053721905137
599	1 11	1 13	1 35	1 37	60.6273153965746
600	1 11	1 13	1 37	1 39	35.69919899222016
601	1 11	1 13	1 39	1 41	-102.65221316800219
602	1 11	1 13	1 41	1 43	23.4170271745299
603	1 11	1 13	1 43	1 45	34.33138015505399
604	1 11	1 13	1 45	1 47	25.446585440608928
605	1 11	1 13	1 47	1 49	-66.84768824808887
606	1 11	1 13	1 49	1 51	15.221426791094189
607	1 11	1 13	1 51	1 53	21.27297963223015
608	1 11	1 13	1 53	1 55	19.142549289167988
609	1 11	1 13	1 52	1 54	21.309235706290895
610	1 11	1 13	1 54	1 56	13.645243139841071
611	1 11	1 13	1 56	1 58	-45.57748710619524
612	1 11	1 13	1 58	1 60	12.199787625417631
613	1 11	1 13	1 60	1 62	13.281240336702446
614	1 11	1 13	1 62	1 64	10.02088525563406
615	1 11	1 13	1 64	1 66	-30.41201085818311
616	1 11	1 13	1 66	1 68	7.731083552723186
617	1 11	1 13	1 68	1 70	7.964330157762582
618	1 11	1 13	1 70	1 72	4.522473172155202
619	1 11	1 13	1 55	1 57	-44.722518670764615
620	1 11	1 13	1 57	1 59	9.224211186782906
621	1 11	1 13	1 59	1 61	12.698754222684192
622	1 11	1 13	1 61	1 63	13.116334398672414
623	1 11	1 13	1 63	1 65	-29.077903394559407
624	1 11	1 13	1 65	1 67	6.275830265485995
625	1 11	1 13	1 67	1 69	7.994595448447834
626	1 11	1 13	1 69	1 71	7.081607136110627
627	1 11	1 13	1 72	1 2	-233.53047209295062
628	1 12	1 14	1 13	1 15	297.76501047185684
629	1 12	1 14	1 17	1 19	-29.06003250040655
630	1 12	1 14	1 19	1 21	164.13161901802363
631	1 12	1 14	1 21	1 23	191.85813423292058
632	1 12	1 14	1 25	1 27	4.607911937347923
633	1 12	1 14	1 27	1 29	91.77973400380985
634	1 12	1 14	1 29	1 31	116.45636294317374
635	1 12	1 14	1 31	1 33	-181.65460642372423
636	1 12	1 14	1 20	1 22	325.30085855058087
637	1 12	1 14	1 22	1 24	10.159988639103796
638	1 12	1 14	1 24	1 26	-291.05565366951384
639	1 12	1 14	1 26	1 28	32.82947980739638
640	1 12	1 14	1 28	1 30	140.10930403608452
641	1 12	1 14	1 30	1 32	53.35243416262231
642	1 12	1 14	1 34	1 36	29.37316799220632
643	1 12	1 14	1 33	1 35	15.29952944015444
644	1 12	1 14	1 35	1 37	53.51482716496774
645	1 12	1 14	1 37	1 39	67.65207130817734
646	1 12	1 14	1 39	1 41	-114.5063790012839
647	1 12	1 14	1 41	1 43	13.93442809315744
648	1 12	1 14	1 43	1 45	33.54440682785392
649	1 12	1 14	1 45	1 47	39.4585394947095
650	1 12	1 14	1 47	1 49	-73.16500239248279
651	1 12	1 14	1 49	1 51	11.014642564872808
652	1 12	1 14	1 51	1 53	21.908276789781354
653	1 12	1 14	1 36	1 38	70.02517082737256
654	1 12	1 14	1 38	1 40	50.15744446371826
655	1 12	1 14	1 42	1 44	22.53655201125097
656	1 12	1 14	1 44	1 46	41.602381870643924
657	1 12	1 14	1 46	1 48	31.87392346838912
658	1 12	1 14	1 48	1 50	-82.66270138394174
659	1 12	1 14	1 50	1 52	15.665714062735802
660	1 12	1 14	1 52	1 54	25.456212710238233
661	1 12	1 14	1 54	1 56	21.48180243462471
662	1 12	1 14	1 53	1 55	26.529042951712917
663	1 12	1 14	1 55	1 57	-49.53186747438028
664	1 12	1 14	1 57	1 59	7.724359976329174
665	1 12	1 14	1 59	1 61	13.225797712874375
666	1 12	1 14	1 61	1 63	16.97922609835852
667	1 12	1 14	1 63	1 65	-32.26095777894756
668	1 12	1 14	1 65	1 67	5.862738066250472
669	1 12	1 14	1 67	1 69	8.511476096451863
670	1 12	1 14	1 69	1 71	8.684986761826604
671	1 12	1 14	1 71	1 1	-163.33552662131382
672	1 12	1 14	1 56	1 58	-54.29520202234259
673	1 12	1 14	1 58	1 60	11.390535378617196
674	1 12	1 14	1 60	1 62	15.565379106836133
675	1 12	1 14	1 62	1 64	14.131605911748
676	1 12	1 14	1 64	1 66	-35.740032214591366
677	1 12	1 14	1 66	1 68	7.682779596727508
678	1 12	1 14	1 68	1 70	9.20989301827997
679	1 12	1 14	1 70	1 72	5.865985748399263
680	1 13	1 15	1 14	1 16	320.1976234721488
681	1 13	1 15	1 18	1 20	-29.909001375622744
682	1 13	1 15	1 20	1 22	179.5927776829605
683	1 13	1 15	1 22	1 24	255.0752726742752
684	1 13	1 15	1 24	1 26	-370.6490688026164
685	1 13	1 15	1 26	1 28	2.897860167414519
686	1 13	1 15	1 28	1 30	111.94637710935788
687	1 13	1 15	1 30	1 32	141.7401062652877
688	1 13	1 15	1 32	1 34	-228.17827245136357
689	1 13	1 15	1 17	1 19	-21.858603503078193
690	1 13	1 15	1 21	1 23	358.9179858077281
691	1 13	1 15	1 23	1 25	-319.1148367962732
692	1 13	1 15	1 25	1 27	-5.522363534884647
693	1 13	1 15	1 27	1 29	37.82249401127618
694	1 13	1 15	1 29	1 31	174.16856821423886
695	1 13	1 15	1 33	1 35	5.00143488872283
696	1 13	1 15	1 35	1 37	34.049283148651256
697	1 13	1 15	1 34	1 36	13.182180423433145
698	1 13	1 15	1 36	1 38	64.73430800679795
699	1 13	1 15	1 38	1 40	85.54994237692084
700	1 13	1 15	1 40	1 42	-144.69590597172987
701	1 13	1 15	1 42	1 44	14.622379516045019
702	1 13	1 15	1 44	1 46	41.13293478688207
703	1 13	1 15	1 46	1 48	47.08972185580977
704	1 13	1 15	1 48	1 50	-90.92365116287303
705	1 13	1 15	1 50	1 52	11.915010322398679
706	1 13	1 15	1 52	1 54	25.689482656027074
707	1 13	1 15	1 37	1 39	89.34865795745372
708	1 13	1 15	1 39	1 41	-111.20580138698594
709	1 13	1 15	1 41	1 43	7.3597796308893155
710	1 13	1 15	1 43	1 45	26.82088749149389
711	1 13	1 15	1 45	1 47	48.38091418384561
712	1 13	1 15	1 47	1 49	-71.3041322710423
713	1 13	1 15	1 49	1 51	7.378588450921431
714	1 13	1 15	1 51	1 53	19.428355075126582
715	1 13	1 15	1 53	1 55	30.866007508197917
716	1 13	1 15	1 55	1 57	-49.041627830476486
717	1 13	1 15	1 54	1 56	28.35358556143705
718	1 13	1 15	1 56	1 58	-58.254966823779256
719	1 13	1 15	1 58	1 60	9.703367620674463
720	1 13	1 15	1 60	1 62	15.875585554510334
721	1 13	1 15	1 62	1 64	17.123227751765487
722	1 13	1 15	1 64	1 66	-37.52073927623165
723	1 13	1 15	1 66	1 68	6.9769388964159615
724	1 13	1 15	1 68	1 70	9.41732718351274
725	1 13	1 15	1 70	1 72	6.6842055961712035
726	1 13	1 15	1 57	1 59	6.057059197010705
727	1 13	1 15	1 59	1 61	12.209930815979448
728	1 13	1 15	1 61	1 63	18.976294016331387
729	1 13	1 15	1 63	1 65	-32.23737911144806
730	1 13	1 15	1 65	1 67	5.09635540949744
731	1 13	1 15	1 67	1 69	8.192026811085965
732	1 13	1 15	1 69	1 71	9.384634270975514
733	1 14	1 16	1 17	1 19	-14.02735686882901
734	1 14	1 16	1 19	1 21	-30.0586700502986
735	1 14	1 16	1 21	1 23	220.36583443473546
736	1 14	1 16	1 25	1 27	-5.999198745410544
737	1 14	1 16	1 27	1 29	5.957299578677084
738	1 14	1 16	1 29	1 31	142.2737293712666
739	1 14	1 16	1 31	1 33	-126.72695018601502
740	1 14	1 16	1 18	1 20	-19.97791125020401
741	1 14	1 16	1 20	1 22	-9.422687496927566
742	1 14	1 16	1 22	1 24	465.16126103343663
743	1 14	1 16	1 24	1 26	-421.84846185383117
744	1 14	1 16	1 26	1 28	-4.571442043582577
745	1 14	1 16	1 28	1 30	48.02438795031677
746	1 14	1 16	1 30	1 32	195.9673469457752
747	1 14	1 16	1 34	1 36	4.576593537838541
748	1 14	1 16	1 36	1 38	43.03441946713575
749	1 14	1 16	1 35	1 37	16.696070009164842
750	1 14	1 16	1 37	1 39	79.61025257489555
751	1 14	1 16	1 39	1 41	-85.64172682749359
752	1 14	1 16	1 41	1 43	3.5592560502456325
753	1 14	1 16	1 43	1 45	17.531871419926198
754	1 14	1 16	1 45	1 47	43.76260678328687
755	1 14	1 16	1 47	1 49	-56.80481902823787
756	1 14	1 16	1 49	1 51	4.507562306388007
757	1 14	1 16	1 51	1 53	14.23917243428468
758	1 14	1 16	1 53	1 55	27.77216869840624
759	1 14	1 16	1 38	1 40	99.01130542551698
760	1 14	1 16	1 42	1 44	8.290769605622973
761	1 14	1 16	1 44	1 46	31.42222308891158
762	1 14	1 16	1 46	1 48	50.79915931738178
763	1 14	1 16	1 48	1 50	-81.24277333657557
764	1 14	1 16	1 50	1 52	7.904428955197234
765	1 14	1 16	1 52	1 54	20.668310700028513
766	1 14	1 16	1 54	1 56	28.518953575076537
767	1 14	1 16	1 56	1 58	-50.90327115193173
768	1 14	1 16	1 55	1 57	-40.181569099057874
769	1 14	1 16	1 57	1 59	4.226753693649098
770	1 14	1 16	1 59	1 61	9.401167792733425
771	1 14	1 16	1 61	1 63	16.90819510928186
772	1 14	1 16	1 63	1 65	-26.68326434062685
773	1 14	1 16	1 65	1 67	3.8253402532517877
774	1 14	1 16	1 67	1 69	6.5425138976486625
775	1 14	1 16	1 69	1 71	8.188865242338071
776	1 14	1 16	1 71	1 1	-83.95617887682313
777	1 14	1 16	1 58	1 60	7.114317103498215
778	1 14	1 16	1 60	1 62	13.118544035283723
779	1 14	1 16	1 62	1 64	16.279219793188254
780	1 14	1 16	1 64	1 66	-32.487889934617655
781	1 14	1 16	1 66	1 68	5.391356264092638
782	1 14	1 16	1 68	1 70	7.8998179167329585
783	1 14	1 16	1 70	1 72	6.113101238914173
784	1 15	1 17	1 16	1 18	1009.8875758851809
785	1 15	1 17	1 24	1 26	775.1412769211163
786	1 15	1 17	1 32	1 34	509.6201674365411
787	1 15	1 17	1 19	1 21	-278.0596305624178
788	1 15	1 17	1 23	1 25	902.1755495787249
789	1 15	1 17	1 25	1 27	-346.46979605742183
790	1 15	1 17	1 31	1 33	567.3417601879569
791	1 15	1 17	1 36	1 38	-141.09497965672176
792	1 15	1 17	1 38	1 40	-111.62337836282819
793	1 15	1 17	1 40	1 42	353.2197981959945
794	1 15	1 17	1 42	1 44	-105.00405866137925
795	1 15	1 17	1 44	1 46	-99.84051468556734
796	1 15	1 17	1 46	1 48	-71.21376037312521
797	1 15	1 17	1 48	1 50	236.14587524698112
798	1 15	1 17	1 50	1 52	-66.4784125652636
799	1 15	1 17	1 52	1 54	-67.70228843784798
800	1 15	1 17	1 54	1 56	-50.624971193101075
801	1 15	1 17	1 39	1 41	361.2999766665586
802	1 15	1 17	1 41	1 43	-108.81304565412398
803	1 15	1 17	1 43	1 45	-101.4541956320887
804	1 15	1 17	1 45	1 47	-87.6409098268816
805	1 15	1 17	1 47	1 49	233.27625400942986
806	1 15	1 17	1 49	1 51	-63.37164147418895
807	1 15	1 17	1 51	1 53	-68.42768948365017
808	1 15	1 17	1 53	1 55	-65.19438902939005
809	1 15	1 17	1 55	1 57	155.88982677707773
810	1 15	1 17	1 57	1 59	-35.687297112034145
811	1 15	1 17	1 56	1 58	160.15959313018135
812	1 15	1 17	1 58	1 60	-43.91177647889356
813	1 15	1 17	1 60	1 62	-44.44636426702636
814	1 15	1 17	1 62	1 64	-35.95524578245166
815	1 15	1 17	1 64	1 66	106.57704147107854
816	1 15	1 17	1 66	1 68	-27.737521644593684
817	1 15	1 17	1 68	1 70	-27.399164458428128
818	1 15	1 17	1 70	1 72	-15.849903674549989
819	1 15	1 17	1 59	1 61	-43.11622126008756
820	1 15	1 17	1 61	1 63	-44.90050502379325
821	1 15	1 17	1 63	1 65	101.73873353057876
822	1 15	1 17	1 65	1 67	-23.284625767133583
823	1 15	1 17	1 67	1 69	-27.750143912247317
824	1 15	1 17	1 69	1 71	-24.448204635183536
825	1 16	1 18	1 17	1 19	-185.90336693266136
826	1 16	1 18	1 19	1 21	-336.5000455504411
827	1 16	1 18	1 21	1 23	-368.4806508595571
828	1 16	1 18	1 23	1 25	750.8359174370827
829	1 16	1 18	1 25	1 27	-143.73467992150154
830	1 16	1 18	1 27	1 29	-235.8410801012381
831	1 16	1 18	1 29	1 31	-265.5201837032732
832	1 16	1 18	1 31	1 33	515.024458070807
833	1 16	1 18	1 33	1 35	-100.17414226076131
834	1 16	1 18	1 35	1 37	-145.8655597934361
835	1 16	1 18	1 28	1 30	-237.03608996880874
836	1 16	1 18	1 32	1 34	564.5759429153925
837	1 16	1 18	1 37	1 39	-168.28859949803837
838	1 16	1 18	1 39	1 41	334.1288559997688
839	1 16	1 18	1 41	1 43	-65.31083677017133
840	1 16	1 18	1 43	1 45	-96.00530232299448
841	1 16	1 18	1 45	1 47	-104.61625174714555
842	1 16	1 18	1 47	1 49	215.78461893894695
843	1 16	1 18	1 49	1 51	-43.165268423818475
844	1 16	1 18	1 51	1 53	-64.14311064574665
845	1 16	1 18	1 53	1 55	-73.31146976627699
846	1 16	1 18	1 55	1 57	147.6371936325285
847	1 16	1 18	1 40	1 42	375.29516348160416
848	1 16	1 18	1 42	1 44	-81.77804530516332
849	1 16	1 18	1 44	1 46	-107.86046486267833
850	1 16	1 18	1 46	1 48	-95.20919341047403
851	1 16	1 18	1 48	1 50	244.45681093041497
852	1 16	1 18	1 50	1 52	-53.19784287582526
853	1 16	1 18	1 52	1 54	-70.44833973740224
854	1 16	1 18	1 54	1 56	-62.23588572320966
855	1 16	1 18	1 56	1 58	160.53886622307675
856	1 16	1 18	1 58	1 60	-36.73554180697038
857	1 16	1 18	1 57	1 59	-27.331930512329187
858	1 16	1 18	1 59	1 61	-40.03685674393357
859	1 16	1 18	1 61	1 63	-48.68346530435089
860	1 16	1 18	1 63	1 65	97.52892320676544
861	1 16	1 18	1 65	1 67	-19.32757364078053
862	1 16	1 18	1 67	1 69	-25.91688078873431
863	1 16	1 18	1 69	1 71	-25.376764587446086
864	1 16	1 18	1 71	1 1	404.0974202178261
865	1 16	1 18	1 60	1 62	-44.99576914827408
866	1 16	1 18	1 62	1 64	-40.956516376504624
867	1 16	1 18	1 64	1 66	106.57748601323968
868	1 16	1 18	1 66	1 68	-24.325785869542976
869	1 16	1 18	1 68	1 70	-27.208549308224732
870	1 16	1 18	1 70	1 72	-17.137359634948254
871	1 17	1 19	1 18	1 20	263.0970219121876
872	1 17	1 19	1 20	1 22	-62.974256818644804
873	1 17	1 19	1 22	1 24	-16.58680016813919
874	1 17	1 19	1 26	1 28	180.0086312849162
875	1 17	1 19	1 28	1 30	-29.309064880786867
876	1 17	1 19	1 30	1 32	-11.511276555916591
877	1 17	1 19	1 32	1 34	-108.83019302260062
878	1 17	1 19	1 34	1 36	100.39191952315527
879	1 17	1 19	1 36	1 38	2.9975518734139426
880	1 17	1 19	1 21	1 23	-28.188172678699253
881	1 17	1 19	1 25	1 27	397.5042869390437
882	1 17	1 19	1 27	1 29	-4.311875279055772
883	1 17	1 19	1 29	1 31	-19.041891436293476
884	1 17	1 19	1 33	1 35	175.73251283082573
885	1 17	1 19	1 35	1 37	34.90992344495921
886	1 17	1 19	1 37	1 39	-4.076453488658995
887	1 17	1 19	1 38	1 40	-2.3155813729597803
888	1 17	1 19	1 40	1 42	-84.40421171498274
889	1 17	1 19	1 42	1 44	58.408088668179204
890	1 17	1 19	1 44	1 46	14.686981091179414
891	1 17	1 19	1 46	1 48	1.6530455504100656
892	1 17	1 19	1 48	1 50	-62.76120630946649
893	1 17	1 19	1 50	1 52	34.55507218387112
894	1 17	1 19	1 52	1 54	14.990613110511458
895	1 17	1 19	1 54	1 56	4.695742573335915
896	1 17	1 19	1 56	1 58	-45.31706412819089
897	1 17	1 19	1 41	1 43	82.96447725640516
898	1 17	1 19	1 43	1 45	30.90924522155035
899	1 17	1 19	1 45	1 47	5.361981076097479
900	1 17	1 19	1 47	1 49	-82.5479319087957
901	1 17	1 19	1 49	1 51	41.69753065288108
902	1 17	1 19	1 51	1 53	22.836748010929547
903	1 17	1 19	1 53	1 55	9.477041972984011
904	1 17	1 19	1 55	1 57	-53.46978757849209
905	1 17	1 19	1 57	1 59	20.104072035402744
906	1 17	1 19	1 59	1 61	15.537750974888521
907	1 17	1 19	1 58	1 60	20.326896228855958
908	1 17	1 19	1 60	1 62	11.808118856409031
909	1 17	1 19	1 62	1 64	5.824765144116545
910	1 17	1 19	1 64	1 66	-31.622472607639377
911	1 17	1 19	1 66	1 68	11.777620988848732
912	1 17	1 19	1 68	1 70	8.088521223328982
913	1 17	1 19	1 70	1 72	3.4069827662790857
914	1 17	1 19	1 61	1 63	9.15186043502604
915	1 17	1 19	1 63	1 65	-34.58171413173245
916	1 17	1 19	1 65	1 67	11.215039250800764
917	1 17	1 19	1 67	1 69	9.972352376513069
918	1 17	1 19	1 69	1 71	6.1754122326831435
919	1 18	1 20	1 19	1 21	198.64977167325344
920	1 18	1 20	1 21	1 23	-58.1854380908278
921	1 18	1 20	1 25	1 27	184.78567264869878
922	1 18	1 20	1 27	1 29	135.05292874107073
923	1 18	1 20	1 29	1 31	-26.495108096188247
924	1 18	1 20	1 31	1 33	-197.25257187956913
925	1 18	1 20	1 33	1 35	103.95764557150015
926	1 18	1 20	1 35	1 37	75.59447110751805
927	1 18	1 20	1 37	1 39	3.0153435653747915
928	1 18	1 20	1 22	1 24	-27.686249454672367
929	1 18	1 20	1 26	1 28	279.35093231876306
930	1 18	1 20	1 30	1 32	-17.1024105353201
931	1 18	1 20	1 34	1 36	111.07236368842564
932	1 18	1 20	1 36	1 38	27.814397845261382
933	1 18	1 20	1 39	1 41	-127.84539603249723
934	1 18	1 20	1 41	1 43	56.31932790194885
935	1 18	1 20	1 43	1 45	43.648954506240486
936	1 18	1 20	1 45	1 47	12.824889625687364
937	1 18	1 20	1 47	1 49	-83.2217175026021
938	1 18	1 20	1 49	1 51	31.24773212516544
939	1 18	1 20	1 51	1 53	27.10952855444848
940	1 18	1 20	1 53	1 55	14.492140619589058
941	1 18	1 20	1 55	1 57	-55.26896660204725
942	1 18	1 20	1 57	1 59	16.37805166320877
943	1 18	1 20	1 42	1 44	56.13255685691402
944	1 18	1 20	1 44	1 46	27.65380376624818
945	1 18	1 20	1 46	1 48	5.201047421657217
946	1 18	1 20	1 48	1 50	-71.65917762369226
947	1 18	1 20	1 50	1 52	31.646100778026238
948	1 18	1 20	1 52	1 54	21.016823633484513
949	1 18	1 20	1 54	1 56	7.905911376226637
950	1 18	1 20	1 56	1 58	-50.203300778795075
951	1 18	1 20	1 58	1 60	18.881641806515574
952	1 18	1 20	1 60	1 62	14.323158900605444
953	1 18	1 20	1 59	1 61	16.63092133218381
954	1 18	1 20	1 61	1 63	11.98261628366944
955	1 18	1 20	1 63	1 65	-35.8875890160207
956	1 18	1 20	1 65	1 67	9.867916926493507
957	1 18	1 20	1 67	1 69	10.293593429373612
958	1 18	1 20	1 69	1 71	7.29841734317046
959	1 18	1 20	1 71	1 1	-234.7654728947692
960	1 18	1 20	1 62	1 64	7.92158985100296
961	1 18	1 20	1 64	1 66	-34.45559720972851
962	1 18	1 20	1 66	1 68	11.169593093868702
963	1 18	1 20	1 68	1 70	9.09558564086435
964	1 18	1 20	1 70	1 72	4.217319757276561
965	1 18	1 20	1 72	1 2	-162.7789600398183
966	1 19	1 21	1 20	1 22	203.49459087578677
967	1 19	1 21	1 22	1 24	-67.56743759610535
968	1 19	1 21	1 26	1 28	131.37974572004026
969	1 19	1 21	1 28	1 30	143.18671993547594
970	1 19	1 21	1 30	1 32	-28.11072643036259
971	1 19	1 21	1 32	1 34	-176.32617076453997
972	1 19	1 21	1 34	1 36	72.17832792712585
973	1 19	1 21	1 36	1 38	75.92944271454142
974	1 19	1 21	1 38	1 40	9.300282667549185
975	1 19	1 21	1 27	1 29	249.1746540233078
976	1 19	1 21	1 29	1 31	-5.087459175088716
977	1 19	1 21	1 33	1 35	30.964565757503397
978	1 19	1 21	1 35	1 37	101.2702125910517
979	1 19	1 21	1 37	1 39	30.36769797565985
980	1 19	1 21	1 39	1 41	-129.0682062413378
981	1 19	1 21	1 41	1 43	26.57354061021504
982	1 19	1 21	1 40	1 42	-121.89097259682814
983	1 19	1 21	1 42	1 44	41.32763932496076
984	1 19	1 21	1 44	1 46	45.52004324151185
985	1 19	1 21	1 46	1 48	14.268798506243865
986	1 19	1 21	1 48	1 50	-82.99914148351648
987	1 19	1 21	1 50	1 52	24.75154798329907
988	1 19	1 21	1 52	1 54	28.210998054159234
989	1 19	1 21	1 54	1 56	14.200844197618391
990	1 19	1 21	1 56	1 58	-56.55837177528354
991	1 19	1 21	1 58	1 60	15.98496247562616
992	1 19	1 21	1 43	1 45	50.87427583436151
993	1 19	1 21	1 45	1 47	28.257599642217293
994	1 19	1 21	1 47	1 49	-84.66465235778142
995	1 19	1 21	1 49	1 51	18.720358341085177
996	1 19	1 21	1 51	1 53	29.40777741142042
997	1 19	1 21	1 53	1 55	22.849009420764165
998	1 19	1 21	1 55	1 57	-57.05853848675346
999	1 19	1 21	1 57	1 59	11.655477074604168
1000	1 19	1 21	1 59	1 61	16.904237992682553
1001	1 19	1 21	1 61	1 63	16.07409178783819
1002	1 19	1 21	1 60	1 62	17.236317967822583
1003	1 19	1 21	1 62	1 64	11.551753087998442
1004	1 19	1 21	1 64	1 66	-38.06517498955244
1005	1 19	1 21	1 66	1 68	10.04269485609864
1006	1 19	1 21	1 68	1 70	10.201673640098864
1007	1 19	1 21	1 70	1 72	5.451661655603905
1008	1 19	1 21	1 63	1 65	-37.00542825069866
1009	1 19	1 21	1 65	1 67	8.045700446307436
1010	1 19	1 21	1 67	1 69	10.376470188034425
1011	1 19	1 21	1 69	1 71	8.837759230475626
1012	1 20	1 22	1 21	1 23	205.66033969219558
1013	1 20	1 22	1 25	1 27	-28.79633238376261
1014	1 20	1 22	1 27	1 29	134.46297738056847
1015	1 20	1 22	1 29	1 31	150.88221606792013
1016	1 20	1 22	1 35	1 37	74.14676087202396
1017	1 20	1 22	1 37	1 39	86.95896870017219
1018	1 20	1 22	1 39	1 41	-141.7024402219746
1019	1 20	1 22	1 26	1 28	-5.116322826621701
1020	1 20	1 22	1 28	1 30	261.3478668382968
1021	1 20	1 22	1 34	1 36	25.84396101496919
1022	1 20	1 22	1 36	1 38	106.24849146486702
1023	1 20	1 22	1 38	1 40	45.0282711928127
1024	1 20	1 22	1 40	1 42	-149.3759914037791
1025	1 20	1 22	1 42	1 44	24.577344448391667
1026	1 20	1 22	1 41	1 43	10.453803951253139
1027	1 20	1 22	1 43	1 45	44.18522353881774
1028	1 20	1 22	1 45	1 47	49.90855921272109
1029	1 20	1 22	1 47	1 49	-88.97218807242496
1030	1 20	1 22	1 49	1 51	10.777610792502067
1031	1 20	1 22	1 51	1 53	27.801575684404327
1032	1 20	1 22	1 53	1 55	32.92120504383492
1033	1 20	1 22	1 55	1 57	-60.204634569134754
1034	1 20	1 22	1 57	1 59	8.4341525328311
1035	1 20	1 22	1 59	1 61	16.295705725615704
1036	1 20	1 22	1 44	1 46	56.5122681533544
1037	1 20	1 22	1 46	1 48	33.79824631169477
1038	1 20	1 22	1 48	1 50	-97.34860439136014
1039	1 20	1 22	1 50	1 52	17.836182159094886
1040	1 20	1 22	1 52	1 54	32.760925832415225
1041	1 20	1 22	1 54	1 56	24.616135832418102
1042	1 20	1 22	1 56	1 58	-64.96899865344595
1043	1 20	1 22	1 58	1 60	13.283533506522856
1044	1 20	1 22	1 60	1 62	19.36846357286101
1045	1 20	1 22	1 62	1 64	16.656300672335377
1046	1 20	1 22	1 61	1 63	20.86916710099351
1047	1 20	1 22	1 63	1 65	-39.02562572826325
1048	1 20	1 22	1 65	1 67	6.752945197016249
1049	1 20	1 22	1 67	1 69	10.346856011027436
1050	1 20	1 22	1 69	1 71	10.60270864008404
1051	1 20	1 22	1 71	1 1	-127.01395879386698
1052	1 20	1 22	1 64	1 66	-43.08407836201271
1053	1 20	1 22	1 66	1 68	9.118517476053388
1054	1 20	1 22	1 68	1 70	11.299726482317508
1055	1 20	1 22	1 70	1 72	7.076076199957185
1056	1 21	1 23	1 22	1 24	272.58708604705487
1057	1 21	1 23	1 26	1 28	-27.752820098491842
1058	1 21	1 23	1 28	1 30	159.89287298980963
1059	1 21	1 23	1 30	1 32	188.75031381732117
1060	1 21	1 23	1 32	1 34	-293.45224703285817
1061	1 21	1 23	1 34	1 36	1.73934651314617
1062	1 21	1 23	1 36	1 38	91.11116996316795
1063	1 21	1 23	1 38	1 40	119.54605413336895
1064	1 21	1 23	1 40	1 42	-191.2261329487869
1065	1 21	1 23	1 25	1 27	-19.380138963979164
1066	1 21	1 23	1 27	1 29	-6.192456407171151
1067	1 21	1 23	1 29	1 31	332.00577040101064
1068	1 21	1 23	1 33	1 35	-4.028011037073545
1069	1 21	1 23	1 35	1 37	30.4846225739643
1070	1 21	1 23	1 37	1 39	140.98636356793145
1071	1 21	1 23	1 39	1 41	-149.59269761128732
1072	1 21	1 23	1 41	1 43	3.384056264507405
1073	1 21	1 23	1 43	1 45	30.851748533291303
1074	1 21	1 23	1 42	1 44	12.401916890201907
1075	1 21	1 23	1 44	1 46	56.14044104009477
1076	1 21	1 23	1 46	1 48	65.22423047662848
1077	1 21	1 23	1 48	1 50	-119.31746353668535
1078	1 21	1 23	1 50	1 52	12.460746813089928
1079	1 21	1 23	1 52	1 54	34.08994141525811
1080	1 21	1 23	1 54	1 56	38.893044494101616
1081	1 21	1 23	1 56	1 58	-75.88581298416346
1082	1 21	1 23	1 58	1 60	11.181067866749828
1083	1 21	1 23	1 60	1 62	20.740978008528305
1084	1 21	1 23	1 45	1 47	69.7469973039754
1085	1 21	1 23	1 47	1 49	-90.9739216090725
1086	1 21	1 23	1 49	1 51	6.322433522317626
1087	1 21	1 23	1 51	1 53	23.740141355627436
1088	1 21	1 23	1 53	1 55	42.50496670881937
1089	1 21	1 23	1 55	1 57	-62.71073746355878
1090	1 21	1 23	1 57	1 59	6.41831373561193
1091	1 21	1 23	1 59	1 61	15.068995261057532
1092	1 21	1 23	1 61	1 63	25.477781161433388
1093	1 21	1 23	1 63	1 65	-40.96288452534266
1094	1 21	1 23	1 62	1 64	23.09483013353981
1095	1 21	1 23	1 64	1 66	-48.5487650514164
1096	1 21	1 23	1 66	1 68	8.391888551221644
1097	1 21	1 23	1 68	1 70	12.161801058057435
1098	1 21	1 23	1 70	1 72	8.89287770660614
1099	1 21	1 23	1 72	1 2	-117.44367105466065
1100	1 21	1 23	1 65	1 67	5.899775327704584
1101	1 21	1 23	1 67	1 69	10.246557711845632
1102	1 21	1 23	1 69	1 71	12.365057564114748
1103	1 22	1 24	1 25	1 27	-11.909921236106696
1104	1 22	1 24	1 27	1 29	-26.62148602476185
1105	1 22	1 24	1 29	1 31	207.93698635667516
1106	1 22	1 24	1 33	1 35	-3.7986884423443383
1107	1 22	1 24	1 35	1 37	6.609870490442745
1108	1 22	1 24	1 37	1 39	117.15429642277454
1109	1 22	1 24	1 39	1 41	-107.75880938493634
1110	1 22	1 24	1 41	1 43	0.9192050524581434
1111	1 22	1 24	1 26	1 28	-17.131795148084677
1112	1 22	1 24	1 30	1 32	370.178662981655
1113	1 22	1 24	1 34	1 36	-3.11760689505979
1114	1 22	1 24	1 36	1 38	44.31138254238547
1115	1 22	1 24	1 38	1 40	164.19541493551066
1116	1 22	1 24	1 40	1 42	-188.3398882271738
1117	1 22	1 24	1 42	1 44	5.634792698999085
1118	1 22	1 24	1 44	1 46	38.46548807828465
1119	1 22	1 24	1 43	1 45	17.15934817025569
1120	1 22	1 24	1 45	1 47	63.436279662124264
1121	1 22	1 24	1 47	1 49	-72.08996316474912
1122	1 22	1 24	1 49	1 51	3.6580833284585283
1123	1 22	1 24	1 51	1 53	16.493220595428973
1124	1 22	1 24	1 53	1 55	39.76994681654347
1125	1 22	1 24	1 55	1 57	-52.38778108326224
1126	1 22	1 24	1 57	1 59	4.475338603122675
1127	1 22	1 24	1 59	1 61	11.47431518704227
1128	1 22	1 24	1 61	1 63	23.74722826529267
1129	1 22	1 24	1 46	1 48	80.22493361741661
1130	1 22	1 24	1 48	1 50	-111.96191104960818
1131	1 22	1 24	1 50	1 52	7.689770978477911
1132	1 22	1 24	1 52	1 54	26.49062846408185
1133	1 22	1 24	1 54	1 56	43.1858183747907
1134	1 22	1 24	1 56	1 58	-69.69080679758619
1135	1 22	1 24	1 58	1 60	8.065826279118161
1136	1 22	1 24	1 60	1 62	17.179765089012704
1137	1 22	1 24	1 62	1 64	23.789264276229822
1138	1 22	1 24	1 64	1 66	-43.96160983009999
1139	1 22	1 24	1 63	1 65	-35.05742241792596
1140	1 22	1 24	1 65	1 67	4.507660226772906
1141	1 22	1 24	1 67	1 69	8.331757012593492
1142	1 22	1 24	1 69	1 71	11.311451495448392
1143	1 22	1 24	1 71	1 1	-84.38719924728352
1144	1 22	1 24	1 66	1 68	6.580172419342302
1145	1 22	1 24	1 68	1 70	10.518778277812618
1146	1 22	1 24	1 70	1 72	8.726766240929244
1147	1 23	1 25	1 24	1 26	810.5533560023655
1148	1 23	1 25	1 28	1 30	-262.2523933601098
1149	1 23	1 25	1 32	1 34	627.8063030967387
1150	1 23	1 25	1 34	1 36	-222.23120546417994
1151	1 23	1 25	1 40	1 42	438.06155979639755
1152	1 23	1 25	1 27	1 29	-234.89365399292188
1153	1 23	1 25	1 29	1 31	-295.87472139347136
1154	1 23	1 25	1 33	1 35	-310.81802712451565
1155	1 23	1 25	1 35	1 37	-181.97053661370094
1156	1 23	1 25	1 37	1 39	-164.63270285408566
1157	1 23	1 25	1 39	1 41	474.9560764670707
1158	1 23	1 25	1 41	1 43	-158.1215376259666
1159	1 23	1 25	1 43	1 45	-128.05211402662061
1160	1 23	1 25	1 45	1 47	-105.77441641515512
1161	1 23	1 25	1 44	1 46	-125.27480257423079
1162	1 23	1 25	1 46	1 48	-82.77053505014001
1163	1 23	1 25	1 48	1 50	301.5728903756595
1164	1 23	1 25	1 50	1 52	-91.26674179796225
1165	1 23	1 25	1 52	1 54	-86.01917904237371
1166	1 23	1 25	1 54	1 56	-60.824482102222035
1167	1 23	1 25	1 56	1 58	204.064469002134
1168	1 23	1 25	1 58	1 60	-59.0193625440071
1169	1 23	1 25	1 60	1 62	-56.55947379545912
1170	1 23	1 25	1 62	1 64	-44.004796026493736
1171	1 23	1 25	1 47	1 49	305.45305971887865
1172	1 23	1 25	1 49	1 51	-90.58241325813762
1173	1 23	1 25	1 51	1 53	-89.39562450011789
1174	1 23	1 25	1 53	1 55	-80.94332516474581
1175	1 23	1 25	1 55	1 57	204.5572926136216
1176	1 23	1 25	1 57	1 59	-49.72848492546174
1177	1 23	1 25	1 59	1 61	-56.601329748539
1178	1 23	1 25	1 61	1 63	-56.35014084417686
1179	1 23	1 25	1 63	1 65	132.81723439753907
1180	1 23	1 25	1 65	1 67	-31.602100865518384
1181	1 23	1 25	1 64	1 66	137.23465932716113
1182	1 23	1 25	1 66	1 68	-37.08443106710404
1183	1 23	1 25	1 68	1 70	-35.300075628362755
1184	1 23	1 25	1 70	1 72	-19.900435844132296
1185	1 23	1 25	1 72	1 2	197.7190867941983
1186	1 23	1 25	1 67	1 69	-36.38114485806403
1187	1 23	1 25	1 69	1 71	-31.05998045399297
1188	1 23	1 25	1 71	1 1	291.0353393724811
1189	1 24	1 26	1 25	1 27	-130.426590805564
1190	1 24	1 26	1 27	1 29	-282.7318776448248
1191	1 24	1 26	1 29	1 31	-325.6002580128131
1192	1 24	1 26	1 31	1 33	634.264644942191
1193	1 24	1 26	1 33	1 35	-103.34670806129357
1194	1 24	1 26	1 35	1 37	-198.06027115788027
1195	1 24	1 26	1 37	1 39	-203.35770891364902
1196	1 24	1 26	1 39	1 41	417.85291716568213
1197	1 24	1 26	1 41	1 43	-73.18869013433705
1198	1 24	1 26	1 43	1 45	-126.80380708383399
1199	1 24	1 26	1 28	1 30	-263.94548711917173
1200	1 24	1 26	1 30	1 32	-339.375318100601
1201	1 24	1 26	1 32	1 34	771.1820363835863
1202	1 24	1 26	1 34	1 36	-206.5068188853253
1203	1 24	1 26	1 36	1 38	-191.24948651121042
1204	1 24	1 26	1 38	1 40	-209.09956098911218
1205	1 24	1 26	1 40	1 42	482.29132332909046
1206	1 24	1 26	1 42	1 44	-108.68532759310196
1207	1 24	1 26	1 44	1 46	-136.04549240409355
1208	1 24	1 26	1 46	1 48	-121.79680925666199
1209	1 24	1 26	1 45	1 47	-134.203476281356
1210	1 24	1 26	1 47	1 49	275.26966086079824
1211	1 24	1 26	1 49	1 51	-51.47294235563642
1212	1 24	1 26	1 51	1 53	-84.00767043339735
1213	1 24	1 26	1 53	1 55	-95.08447655165781
1214	1 24	1 26	1 55	1 57	187.58544026306174
1215	1 24	1 26	1 57	1 59	-33.2453718014769
1216	1 24	1 26	1 59	1 61	-51.21003173438028
1217	1 24	1 26	1 61	1 63	-62.325271186003974
1218	1 24	1 26	1 63	1 65	123.73434493647645
1219	1 24	1 26	1 48	1 50	312.7171522141257
1220	1 24	1 26	1 50	1 52	-68.28578842801446
1221	1 24	1 26	1 52	1 54	-91.30471592737061
1222	1 24	1 26	1 54	1 56	-80.6704088242108
1223	1 24	1 26	1 56	1 58	206.69571133271245
1224	1 24	1 26	1 58	1 60	-46.736410029331914
1225	1 24	1 26	1 60	1 62	-57.634059885164746
1226	1 24	1 26	1 62	1 64	-52.613114508661226
1227	1 24	1 26	1 64	1 66	135.9174839095657
1228	1 24	1 26	1 66	1 68	-30.67047534992136
1229	1 24	1 26	1 65	1 67	-24.059534029417993
1230	1 24	1 26	1 67	1 69	-33.01259678478347
1231	1 24	1 26	1 69	1 71	-32.51997739675127
1232	1 24	1 26	1 71	1 1	246.97837413755394
1233	1 24	1 26	1 68	1 70	-34.838259926070165
1234	1 24	1 26	1 70	1 72	-21.98133530017435
1235	1 24	1 26	1 72	1 2	198.03967208047658
1236	1 25	1 27	1 26	1 28	207.68815423589018
1237	1 25	1 27	1 28	1 30	-66.41262271896278
1238	1 25	1 27	1 30	1 32	-14.135069868059318
1239	1 25	1 27	1 34	1 36	143.1390757407113
1240	1 25	1 27	1 36	1 38	-28.59758195902409
1241	1 25	1 27	1 38	1 40	-9.023798047127848
1242	1 25	1 27	1 40	1 42	-94.42450313002429
1243	1 25	1 27	1 42	1 44	87.579168740667
1244	1 25	1 27	1 44	1 46	3.1289519593104185
1245	1 25	1 27	1 29	1 31	-27.36306658167149
1246	1 25	1 27	1 33	1 35	347.4292747021161
1247	1 25	1 27	1 35	1 37	-7.6452297893428
1248	1 25	1 27	1 37	1 39	-17.976485497233718
1249	1 25	1 27	1 39	1 41	-177.79757214705958
1250	1 25	1 27	1 41	1 43	147.56234391212882
1251	1 25	1 27	1 43	1 45	27.29414074080009
1252	1 25	1 27	1 45	1 47	-3.518472774970947
1253	1 25	1 27	1 47	1 49	-110.30509115062351
1254	1 25	1 27	1 46	1 48	-3.8099920075887193
1255	1 25	1 27	1 48	1 50	-74.33701839502567
1256	1 25	1 27	1 50	1 52	52.052236096734816
1257	1 25	1 27	1 52	1 54	12.78672548457855
1258	1 25	1 27	1 54	1 56	1.613929640995782
1259	1 25	1 27	1 56	1 58	-55.23450180950702
1260	1 25	1 27	1 58	1 60	29.935638741399735
1261	1 25	1 27	1 60	1 62	12.961187739371988
1262	1 25	1 27	1 62	1 64	4.9653928651804
1263	1 25	1 27	1 64	1 66	-39.52709067356512
1264	1 25	1 27	1 49	1 51	70.22459143611658
1265	1 25	1 27	1 51	1 53	26.539460007806134
1266	1 25	1 27	1 53	1 55	5.988166897582978
1267	1 25	1 27	1 55	1 57	-70.89037083711816
1268	1 25	1 27	1 57	1 59	32.23259605408792
1269	1 25	1 27	1 59	1 61	20.167743556323227
1270	1 25	1 27	1 61	1 63	8.77580961992134
1271	1 25	1 27	1 63	1 65	-45.79058721020857
1272	1 25	1 27	1 65	1 67	17.05120760511157
1273	1 25	1 27	1 67	1 69	13.256155040562156
1274	1 25	1 27	1 66	1 68	16.969633062967983
1275	1 25	1 27	1 68	1 70	9.812734814496547
1276	1 25	1 27	1 70	1 72	3.5678237246515825
1277	1 25	1 27	1 72	1 2	-79.62328997203792
1278	1 25	1 27	1 69	1 71	6.950562494376414
1279	1 25	1 27	1 71	1 1	-150.51934304840643
1280	1 26	1 28	1 27	1 29	166.31702883293457
1281	1 26	1 28	1 29	1 31	-57.86948996268961
1282	1 26	1 28	1 33	1 35	142.54548589147373
1283	1 26	1 28	1 35	1 37	113.88280752288458
1284	1 26	1 28	1 37	1 39	-26.532468564775556
1285	1 26	1 28	1 39	1 41	-158.18440541800683
1286	1 26	1 28	1 41	1 43	80.32239967621494
1287	1 26	1 28	1 43	1 45	63.14149313690879
1288	1 26	1 28	1 45	1 47	2.6530691084930753
1289	1 26	1 28	1 30	1 32	-24.35084658080795
1290	1 26	1 28	1 34	1 36	235.66783723858742
1291	1 26	1 28	1 36	1 38	-10.119791908878096
1292	1 26	1 28	1 38	1 40	-14.06014921705004
1293	1 26	1 28	1 42	1 44	93.55277507467409
1294	1 26	1 28	1 44	1 46	24.911909811186536
1295	1 26	1 28	1 46	1 48	-3.1881760054055404
1296	1 26	1 28	1 48	1 50	-83.43610880017025
1297	1 26	1 28	1 47	1 49	-105.82100673194614
1298	1 26	1 28	1 49	1 51	44.7186893875983
1299	1 26	1 28	1 51	1 53	37.403220281021945
1300	1 26	1 28	1 53	1 55	12.508733646178484
1301	1 26	1 28	1 55	1 57	-69.73155690033983
1302	1 26	1 28	1 57	1 59	23.016888209434363
1303	1 26	1 28	1 59	1 61	22.430072344787096
1304	1 26	1 28	1 61	1 63	12.680602703930012
1305	1 26	1 28	1 63	1 65	-45.683500887049085
1306	1 26	1 28	1 65	1 67	13.558848761162574
1307	1 26	1 28	1 50	1 52	47.38827024693893
1308	1 26	1 28	1 52	1 54	24.0184912589093
1309	1 26	1 28	1 54	1 56	4.394404862562645
1310	1 26	1 28	1 56	1 58	-60.84771314521537
1311	1 26	1 28	1 58	1 60	26.660790783066815
1312	1 26	1 28	1 60	1 62	17.33859038069039
1313	1 26	1 28	1 62	1 64	7.34542263473163
1314	1 26	1 28	1 64	1 66	-42.2992480978488
1315	1 26	1 28	1 66	1 68	15.208578741134444
1316	1 26	1 28	1 68	1 70	11.268779455294673
1317	1 26	1 28	1 67	1 69	13.562072334768214
1318	1 26	1 28	1 69	1 71	8.48979689650777
1319	1 26	1 28	1 71	1 1	-131.68368910057353
1320	1 26	1 28	1 70	1 72	4.565021928058481
1321	1 26	1 28	1 72	1 2	-88.9559173430604
1322	1 27	1 29	1 28	1 30	182.05658227732312
1323	1 27	1 29	1 30	1 32	-66.62050629916602
1324	1 27	1 29	1 32	1 34	-217.92997830517388
1325	1 27	1 29	1 34	1 36	118.14244888292413
1326	1 27	1 29	1 36	1 38	117.91305852702502
1327	1 27	1 29	1 38	1 40	-26.097988996610297
1328	1 27	1 29	1 40	1 42	-152.50289199804934
1329	1 27	1 29	1 42	1 44	64.1307614555256
1330	1 27	1 29	1 44	1 46	69.08533943529184
1331	1 27	1 29	1 33	1 35	-11.648352294986289
1332	1 27	1 29	1 35	1 37	221.5259033319084
1333	1 27	1 29	1 37	1 39	-12.21271006937002
1334	1 27	1 29	1 39	1 41	-163.69201995560536
1335	1 27	1 29	1 41	1 43	22.804203886914483
1336	1 27	1 29	1 43	1 45	90.76151704692766
1337	1 27	1 29	1 45	1 47	25.883279727280794
1338	1 27	1 29	1 47	1 49	-113.6511377855376
1339	1 27	1 29	1 49	1 51	21.960804310703576
1340	1 27	1 29	1 48	1 50	-106.64898044158869
1341	1 27	1 29	1 50	1 52	36.31853761050472
1342	1 27	1 29	1 52	1 54	41.54841149035008
1343	1 27	1 29	1 54	1 56	12.08135329556552
1344	1 27	1 29	1 56	1 58	-73.64763120532044
1345	1 27	1 29	1 58	1 60	22.715558262691196
1346	1 27	1 29	1 60	1 62	24.314989968050156
1347	1 27	1 29	1 62	1 64	12.831409233740041
1348	1 27	1 29	1 64	1 66	-50.18804359000244
1349	1 27	1 29	1 66	1 68	13.939748423248107
1350	1 27	1 29	1 51	1 53	46.558416695247516
1351	1 27	1 29	1 53	1 55	27.120240231939853
1352	1 27	1 29	1 55	1 57	-76.46616696214801
1353	1 27	1 29	1 57	1 59	15.05479998159558
1354	1 27	1 29	1 59	1 61	24.86315914412478
1355	1 27	1 29	1 61	1 63	20.43215519026866
1356	1 27	1 29	1 63	1 65	-49.99710618891923
1357	1 27	1 29	1 65	1 67	10.78204518307777
1358	1 27	1 29	1 67	1 69	14.547099843935243
1359	1 27	1 29	1 69	1 71	11.575784525032185
1360	1 27	1 29	1 68	1 70	14.00206155590861
1361	1 27	1 29	1 70	1 72	6.697350143663153
1362	1 27	1 29	1 72	1 2	-92.90316620138023
1363	1 27	1 29	1 71	1 1	-111.10100772949127
1364	1 28	1 30	1 29	1 31	187.7743049453768
1365	1 28	1 30	1 33	1 35	-28.155555439750977
1366	1 28	1 30	1 35	1 37	122.5541727582846
1367	1 28	1 30	1 37	1 39	130.75583890625904
1368	1 28	1 30	1 39	1 41	-202.93562030075188
1369	1 28	1 30	1 43	1 45	71.44022376577085
1370	1 28	1 30	1 45	1 47	74.19184766461785
1371	1 28	1 30	1 47	1 49	-127.06411270169927
1372	1 28	1 30	1 34	1 36	-6.554315387929333
1373	1 28	1 30	1 36	1 38	233.37150976239752
1374	1 28	1 30	1 40	1 42	-192.28353383336582
1375	1 28	1 30	1 42	1 44	25.59984058898641
1376	1 28	1 30	1 44	1 46	100.24505920132336
1377	1 28	1 30	1 46	1 48	30.670043103448275
1378	1 28	1 30	1 48	1 50	-132.12784803075039
1379	1 28	1 30	1 50	1 52	22.43217467732614
1380	1 28	1 30	1 49	1 51	9.293066298240358
1381	1 28	1 30	1 51	1 53	42.72201260617365
1382	1 28	1 30	1 53	1 55	48.29151030072801
1383	1 28	1 30	1 55	1 57	-85.22131959162661
1384	1 28	1 30	1 57	1 59	9.827863013656343
1385	1 28	1 30	1 59	1 61	23.859056604590588
1386	1 28	1 30	1 61	1 63	29.97889770744309
1387	1 28	1 30	1 63	1 65	-55.00061390565346
1388	1 28	1 30	1 65	1 67	8.75857355696807
1389	1 28	1 30	1 67	1 69	14.739349466912707
1390	1 28	1 30	1 52	1 54	52.690049970241645
1391	1 28	1 30	1 54	1 56	29.959969483799803
1392	1 28	1 30	1 56	1 58	-89.7205480635059
1393	1 28	1 30	1 58	1 60	17.914674157561564
1394	1 28	1 30	1 60	1 62	29.25599502658137
1395	1 28	1 30	1 62	1 64	22.169718091556422
1396	1 28	1 30	1 64	1 66	-60.081615574348135
1397	1 28	1 30	1 66	1 68	12.477668240475325
1398	1 28	1 30	1 68	1 70	16.324797162005595
1399	1 28	1 30	1 70	1 72	9.73924270686521
1400	1 28	1 30	1 69	1 71	15.067443857885035
1401	1 28	1 30	1 71	1 1	-104.95628552684616
1402	1 28	1 30	1 72	1 2	-100.04957223847131
1403	1 29	1 31	1 30	1 32	256.1186889619002
1404	1 29	1 31	1 32	1 34	-365.5142471857411
1405	1 29	1 31	1 34	1 36	-28.930130408294637
1406	1 29	1 31	1 36	1 38	130.24678664835977
1407	1 29	1 31	1 38	1 40	191.216367713409
1408	1 29	1 31	1 40	1 42	-270.66576804577466
1409	1 29	1 31	1 42	1 44	1.622844312214943
1410	1 29	1 31	1 44	1 46	81.53814344949686
1411	1 29	1 31	1 46	1 48	101.36149038273817
1412	1 29	1 31	1 48	1 50	-167.73145295286355
1413	1 29	1 31	1 33	1 35	-17.625456390799123
1414	1 29	1 31	1 35	1 37	-12.841879609118362
1415	1 29	1 31	1 37	1 39	282.58115032388287
1416	1 29	1 31	1 39	1 41	-235.95788998179944
1417	1 29	1 31	1 41	1 43	-5.565630952722817
1418	1 29	1 31	1 43	1 45	28.343697974532546
1419	1 29	1 31	1 45	1 47	117.48382372813714
1420	1 29	1 31	1 47	1 49	-126.83061736047675
1421	1 29	1 31	1 49	1 51	2.606903663895082
1422	1 29	1 31	1 51	1 53	28.149457424479387
1423	1 29	1 31	1 50	1 52	10.168124720806327
1424	1 29	1 31	1 52	1 54	48.0984021563299
1425	1 29	1 31	1 54	1 56	59.239701924484535
1426	1 29	1 31	1 56	1 58	-105.11294816065714
1427	1 29	1 31	1 58	1 60	12.21360930610236
1428	1 29	1 31	1 60	1 62	28.80645197670207
1429	1 29	1 31	1 62	1 64	34.38094076697017
1430	1 29	1 31	1 64	1 66	-67.24408371346325
1431	1 29	1 31	1 66	1 68	10.136343796224827
1432	1 29	1 31	1 68	1 70	16.70560760366314
1433	1 29	1 31	1 53	1 55	65.49493710340428
1434	1 29	1 31	1 55	1 57	-84.39071336528805
1435	1 29	1 31	1 57	1 59	5.921145828437529
1436	1 29	1 31	1 59	1 61	18.78787653012055
1437	1 29	1 31	1 61	1 63	37.45777658899647
1438	1 29	1 31	1 63	1 65	-55.163423721762236
1439	1 29	1 31	1 65	1 67	6.689017084924783
1440	1 29	1 31	1 67	1 69	13.247159605210726
1441	1 29	1 31	1 69	1 71	17.589372326123474
1442	1 29	1 31	1 71	1 1	-92.16732159953867
1443	1 29	1 31	1 70	1 72	12.91727358730921
1444	1 29	1 31	1 72	1 2	-95.22086755878581
1445	1 30	1 32	1 33	1 35	-10.057474892857094
1446	1 30	1 32	1 35	1 37	-29.203375538944645
1447	1 30	1 32	1 37	1 39	172.44320221354752
1448	1 30	1 32	1 41	1 43	-4.687301975342636
1449	1 30	1 32	1 43	1 45	4.9392046008218795
1450	1 30	1 32	1 45	1 47	93.63766587715283
1451	1 30	1 32	1 47	1 49	-85.20091798445458
1452	1 30	1 32	1 34	1 36	-17.106051071234056
1453	1 30	1 32	1 36	1 38	-3.8393798823987932
1454	1 30	1 32	1 38	1 40	335.60966868246385
1455	1 30	1 32	1 42	1 44	-3.4839511652995623
1456	1 30	1 32	1 44	1 46	35.90235062378727
1457	1 30	1 32	1 46	1 48	144.17699488079393
1458	1 30	1 32	1 48	1 50	-162.98861881855595
1459	1 30	1 32	1 50	1 52	3.9140469595659493
1460	1 30	1 32	1 52	1 54	30.645997119704845
1461	1 30	1 32	1 51	1 53	14.274564711393776
1462	1 30	1 32	1 53	1 55	57.855446417312535
1463	1 30	1 32	1 55	1 57	-64.47263495624748
1464	1 30	1 32	1 57	1 59	3.460054471315509
1465	1 30	1 32	1 59	1 61	12.081746112748903
1466	1 30	1 32	1 61	1 63	33.7929687488012
1467	1 30	1 32	1 63	1 65	-44.44137327758443
1468	1 30	1 32	1 65	1 67	4.586073424538247
1469	1 30	1 32	1 67	1 69	9.81574326598574
1470	1 30	1 32	1 69	1 71	15.686242259491447
1471	1 30	1 32	1 54	1 56	71.66067596056808
1472	1 30	1 32	1 56	1 58	-96.73341235167005
1473	1 30	1 32	1 58	1 60	7.420284369805928
1474	1 30	1 32	1 60	1 62	21.468831434748722
1475	1 30	1 32	1 62	1 64	37.15357953329585
1476	1 30	1 32	1 64	1 66	-60.1668221025361
1477	1 30	1 32	1 66	1 68	7.137174197128034
1478	1 30	1 32	1 68	1 70	13.532658412534383
1479	1 30	1 32	1 70	1 72	12.827567043758785
1480	1 30	1 32	1 72	1 2	-76.41198376309204
1481	1 30	1 32	1 71	1 1	-70.40563717223472
1482	1 31	1 33	1 32	1 34	719.3953363709461
1483	1 31	1 33	1 34	1 36	-262.78053013931674
1484	1 31	1 33	1 36	1 38	-214.2853956931039
1485	1 31	1 33	1 38	1 40	-152.22492777911572
1486	1 31	1 33	1 40	1 42	571.4342465046691
1487	1 31	1 33	1 42	1 44	-197.7017356245544
1488	1 31	1 33	1 44	1 46	-158.57136902708652
1489	1 31	1 33	1 46	1 48	-98.62306368651988
1490	1 31	1 33	1 48	1 50	391.43506753663
1491	1 31	1 33	1 50	1 52	-126.66536674429776
1492	1 31	1 33	1 35	1 37	-203.00029252403442
1493	1 31	1 33	1 37	1 39	-244.07960205896794
1494	1 31	1 33	1 39	1 41	670.357202131506
1495	1 31	1 33	1 41	1 43	-251.39600797928694
1496	1 31	1 33	1 43	1 45	-160.80046046528656
1497	1 31	1 33	1 45	1 47	-139.55443247360085
1498	1 31	1 33	1 47	1 49	411.55082812756865
1499	1 31	1 33	1 49	1 51	-132.69573965855398
1500	1 31	1 33	1 51	1 53	-115.62190144606174
1501	1 31	1 33	1 53	1 55	-102.67891947507121
1502	1 31	1 33	1 52	1 54	-112.32489844874867
1503	1 31	1 33	1 54	1 56	-75.99613095515056
1504	1 31	1 33	1 56	1 58	270.1945591147965
1505	1 31	1 33	1 58	1 60	-82.60498121961061
1506	1 31	1 33	1 60	1 62	-74.9162206687615
1507	1 31	1 33	1 62	1 64	-56.36574516519135
1508	1 31	1 33	1 64	1 66	182.5187364844143
1509	1 31	1 33	1 66	1 68	-51.20875627357809
1510	1 31	1 33	1 68	1 70	-46.899285557886444
1511	1 31	1 33	1 70	1 72	-25.82862758673445
1512	1 31	1 33	1 55	1 57	273.81939620899
1513	1 31	1 33	1 57	1 59	-71.57238908892845
1514	1 31	1 33	1 59	1 61	-75.85867272550394
1515	1 31	1 33	1 61	1 63	-73.00133623929885
1516	1 31	1 33	1 63	1 65	178.85005391295704
1517	1 31	1 33	1 65	1 67	-44.38875762997729
1518	1 31	1 33	1 67	1 69	-49.06406066413284
1519	1 31	1 33	1 69	1 71	-40.71674226513275
1520	1 31	1 33	1 71	1 1	170.57884433368878
1521	1 31	1 33	1 72	1 2	114.35808580858085
1522	1 32	1 34	1 33	1 35	-98.9245968397108
1523	1 32	1 34	1 35	1 37	-245.31296296296296
1524	1 32	1 34	1 37	1 39	-272.7978508565142
1525	1 32	1 34	1 39	1 41	543.5279761904762
1526	1 32	1 34	1 41	1 43	-82.61671272715589
1527	1 32	1 34	1 43	1 45	-178.3615736008178
1528	1 32	1 34	1 45	1 47	-172.04763957307063
1529	1 32	1 34	1 47	1 49	364.074924012158
1530	1 32	1 34	1 49	1 51	-62.48093702375917
1531	1 32	1 34	1 51	1 53	-116.0078835887133
1532	1 32	1 34	1 36	1 38	-220.17667036408716
1533	1 32	1 34	1 38	1 40	-314.74422385405956
1534	1 32	1 34	1 42	1 44	-178.98829593882172
1535	1 32	1 34	1 44	1 46	-176.46528861111298
1536	1 32	1 34	1 46	1 48	-171.39431024579014
1537	1 32	1 34	1 48	1 50	423.954761587529
1538	1 32	1 34	1 50	1 52	-95.55094152041971
1539	1 32	1 34	1 52	1 54	-121.00160209563529
1540	1 32	1 34	1 53	1 55	-128.45225612287166
1541	1 32	1 34	1 55	1 57	252.54104941705444
1542	1 32	1 34	1 57	1 59	-42.46766920082459
1543	1 32	1 34	1 59	1 61	-70.36018497091416
1544	1 32	1 34	1 61	1 63	-84.69582961302439
1545	1 32	1 34	1 63	1 65	166.10671613890452
1546	1 32	1 34	1 65	1 67	-31.537214762641312
1547	1 32	1 34	1 67	1 69	-44.79348046352574
1548	1 32	1 34	1 69	1 71	-44.176100722924254
1549	1 32	1 34	1 71	1 1	149.44036558171996
1550	1 32	1 34	1 56	1 58	279.60301373135565
1551	1 32	1 34	1 58	1 60	-63.53432400598976
1552	1 32	1 34	1 60	1 62	-78.38050659101165
1553	1 32	1 34	1 62	1 64	-71.92811623190822
1554	1 32	1 34	1 64	1 66	184.48690805864078
1555	1 32	1 34	1 66	1 68	-41.25854895289339
1556	1 32	1 34	1 68	1 70	-47.26067296880063
1557	1 32	1 34	1 70	1 72	-29.941695361302113
1558	1 32	1 34	1 72	1 2	119.349375013522
1559	1 33	1 35	1 34	1 36	168.39589559673243
1560	1 33	1 35	1 36	1 38	-58.26071360019169
1561	1 33	1 35	1 38	1 40	-12.507446366072509
1562	1 33	1 35	1 40	1 42	-96.14790117974233
1563	1 33	1 35	1 42	1 44	128.77683398851013
1564	1 33	1 35	1 44	1 46	-26.62990867262542
1565	1 33	1 35	1 46	1 48	-9.808154511907642
1566	1 33	1 35	1 48	1 50	-83.3475884188162
1567	1 33	1 35	1 50	1 52	79.61722948135804
1568	1 33	1 35	1 52	1 54	1.5413896233505309
1569	1 33	1 35	1 37	1 39	-25.13186043531834
1570	1 33	1 35	1 41	1 43	290.81367130704257
1571	1 33	1 35	1 43	1 45	-11.715474263593972
1572	1 33	1 35	1 45	1 47	-16.96078044203883
1573	1 33	1 35	1 47	1 49	-150.6156173402328
1574	1 33	1 35	1 49	1 51	125.36413628323706
1575	1 33	1 35	1 51	1 53	22.532556625965857
1576	1 33	1 35	1 53	1 55	-2.5275118773917806
1577	1 33	1 35	1 55	1 57	-92.74030511806941
1578	1 33	1 35	1 54	1 56	-3.5726064571567315
1579	1 33	1 35	1 56	1 58	-65.10461352627973
1580	1 33	1 35	1 58	1 60	44.8419281093056
1581	1 33	1 35	1 60	1 62	11.277091128086674
1582	1 33	1 35	1 62	1 64	2.4813720349909425
1583	1 33	1 35	1 64	1 66	-47.96621030560166
1584	1 33	1 35	1 66	1 68	24.821369532397398
1585	1 33	1 35	1 68	1 70	10.988388378479016
1586	1 33	1 35	1 70	1 72	3.1296241432502234
1587	1 33	1 35	1 72	1 2	-56.095972044284295
1588	1 33	1 35	1 57	1 59	54.089693637259444
1589	1 33	1 35	1 59	1 61	24.37529776092635
1590	1 33	1 35	1 61	1 63	5.69389756609764
1591	1 33	1 35	1 63	1 65	-60.20597175820678
1592	1 33	1 35	1 65	1 67	26.897423705480165
1593	1 33	1 35	1 67	1 69	17.27547177649432
1594	1 33	1 35	1 69	1 71	6.933772098953556
1595	1 33	1 35	1 71	1 1	-91.85487457731872
1596	1 34	1 36	1 35	1 37	158.38525360702067
1597	1 34	1 36	1 37	1 39	-58.99332318051083
1598	1 34	1 36	1 39	1 41	-207.97171665232358
1599	1 34	1 36	1 41	1 43	122.29206628064388
1600	1 34	1 36	1 43	1 45	104.38765224763095
1601	1 34	1 36	1 45	1 47	-23.25475813267584
1602	1 34	1 36	1 47	1 49	-145.19884061779032
1603	1 34	1 36	1 49	1 51	70.55038969579607
1604	1 34	1 36	1 51	1 53	59.09938617100869
1605	1 34	1 36	1 53	1 55	4.8528667944377375
1606	1 34	1 36	1 38	1 40	-23.96360637009256
1607	1 34	1 36	1 42	1 44	206.16935830175848
1608	1 34	1 36	1 46	1 48	-15.595824545722358
1609	1 34	1 36	1 48	1 50	-115.08388958660676
1610	1 34	1 36	1 50	1 52	85.52386151470868
1611	1 34	1 36	1 52	1 54	24.96193916827074
1612	1 34	1 36	1 54	1 56	-2.734242971555522
1613	1 34	1 36	1 56	1 58	-78.7150507548152
1614	1 34	1 36	1 55	1 57	-96.50564392943127
1615	1 34	1 36	1 57	1 59	35.838206504633774
1616	1 34	1 36	1 59	1 61	34.35197752523402
1617	1 34	1 36	1 61	1 63	12.53018619629114
1618	1 34	1 36	1 63	1 65	-63.40027998843594
1619	1 34	1 36	1 65	1 67	20.720968237292805
1620	1 34	1 36	1 67	1 69	19.945618801266434
1621	1 34	1 36	1 69	1 71	10.292121046441714
1622	1 34	1 36	1 71	1 1	-77.59812252917959
1623	1 34	1 36	1 58	1 60	43.33058465857456
1624	1 34	1 36	1 60	1 62	21.89956563644055
1625	1 34	1 36	1 62	1 64	5.493543081496967
1626	1 34	1 36	1 64	1 66	-56.33265580352995
1627	1 34	1 36	1 66	1 68	23.318240859300868
1628	1 34	1 36	1 68	1 70	15.107803733394933
1629	1 34	1 36	1 70	1 72	4.929038154866687
1630	1 34	1 36	1 72	1 2	-53.980136780551675
1631	1 35	1 37	1 36	1 38	154.4476674735394
1632	1 35	1 37	1 38	1 40	-63.92724967718367
1633	1 35	1 37	1 40	1 42	-196.14172686722748
1634	1 35	1 37	1 42	1 44	105.14345707929438
1635	1 35	1 37	1 44	1 46	109.92012902106765
1636	1 35	1 37	1 46	1 48	-27.542236171577066
1637	1 35	1 37	1 48	1 50	-140.41129593925152
1638	1 35	1 37	1 50	1 52	56.42107700980607
1639	1 35	1 37	1 52	1 54	66.19172001219582
1640	1 35	1 37	1 54	1 56	2.751013545251551
1641	1 35	1 37	1 41	1 43	-13.700026802918796
1642	1 35	1 37	1 43	1 45	199.15617556477775
1643	1 35	1 37	1 45	1 47	-4.445261727792606
1644	1 35	1 37	1 47	1 49	-153.69621643998795
1645	1 35	1 37	1 49	1 51	19.441938922721413
1646	1 35	1 37	1 51	1 53	84.53173356145933
1647	1 35	1 37	1 53	1 55	28.137525712627976
1648	1 35	1 37	1 55	1 57	-107.06673209794019
1649	1 35	1 37	1 57	1 59	18.575563107521283
1650	1 35	1 37	1 56	1 58	-99.51968490522346
1651	1 35	1 37	1 58	1 60	34.183206821243445
1652	1 35	1 37	1 60	1 62	36.952822768664845
1653	1 35	1 37	1 62	1 64	12.565361998599338
1654	1 35	1 37	1 64	1 66	-68.6548022067912
1655	1 35	1 37	1 66	1 68	20.37235562025284
1656	1 35	1 37	1 68	1 70	20.44956266761703
1657	1 35	1 37	1 70	1 72	8.221340526573083
1658	1 35	1 37	1 72	1 2	-63.626228840192184
1659	1 35	1 37	1 59	1 61	40.15605299356773
1660	1 35	1 37	1 61	1 63	26.01496800051331
1661	1 35	1 37	1 63	1 65	-69.97975836462811
1662	1 35	1 37	1 65	1 67	14.69149719774301
1663	1 35	1 37	1 67	1 69	21.87558959209629
1664	1 35	1 37	1 69	1 71	15.71740186070208
1665	1 35	1 37	1 71	1 1	-76.67275205507917
1666	1 36	1 38	1 37	1 39	168.16416363858607
1667	1 36	1 38	1 39	1 41	-247.75489893979477
1668	1 36	1 38	1 41	1 43	-27.4728020403235
1669	1 36	1 38	1 43	1 45	112.86367902840772
1670	1 36	1 38	1 45	1 47	115.66870201775862
1671	1 36	1 38	1 47	1 49	-183.58155918155916
1672	1 36	1 38	1 51	1 53	67.07472149613825
1673	1 36	1 38	1 53	1 55	70.97794342005373
1674	1 36	1 38	1 55	1 57	-119.73890883799172
1675	1 36	1 38	1 44	1 46	213.77366728032666
1676	1 36	1 38	1 46	1 48	-14.975849973899717
1677	1 36	1 38	1 50	1 52	21.651166235136728
1678	1 36	1 38	1 52	1 54	92.07662230093938
1679	1 36	1 38	1 54	1 56	26.782177857548653
1680	1 36	1 38	1 56	1 58	-119.68480660059123
1681	1 36	1 38	1 58	1 60	22.155811416628232
1682	1 36	1 38	1 57	1 59	8.95503174423855
1683	1 36	1 38	1 59	1 61	35.28097420889526
1684	1 36	1 38	1 61	1 63	43.43599710750317
1685	1 36	1 38	1 63	1 65	-76.63936252047077
1686	1 36	1 38	1 65	1 67	10.461579689686209
1687	1 36	1 38	1 67	1 69	20.92042963154116
1688	1 36	1 38	1 69	1 71	21.42647345901665
1689	1 36	1 38	1 71	1 1	-86.70693800959494
1690	1 36	1 38	1 60	1 62	45.93160588303096
1691	1 36	1 38	1 62	1 64	26.68331010982983
1692	1 36	1 38	1 64	1 66	-80.85900929113967
1693	1 36	1 38	1 66	1 68	16.43010152977905
1694	1 36	1 38	1 68	1 70	23.849898641637246
1695	1 36	1 38	1 70	1 72	12.867713119299115
1696	1 36	1 38	1 72	1 2	-82.9464492081733
1697	1 37	1 39	1 38	1 40	216.77245271074685
1698	1 37	1 39	1 40	1 42	-309.77905200294543
1699	1 37	1 39	1 42	1 44	-24.89651720111233
1700	1 37	1 39	1 44	1 46	126.73062015503876
1701	1 37	1 39	1 46	1 48	137.5088693066205
1702	1 37	1 39	1 48	1 50	-221.22718915004924
1703	1 37	1 39	1 50	1 52	1.4979525342453521
1704	1 37	1 39	1 52	1 54	70.07524222928456
1705	1 37	1 39	1 54	1 56	84.63694441999647
1706	1 37	1 39	1 56	1 58	-142.69225563909777
1707	1 37	1 39	1 41	1 43	-17.69017480244302
1708	1 37	1 39	1 43	1 45	-2.4675247209803306
1709	1 37	1 39	1 45	1 47	233.73620422682572
1710	1 37	1 39	1 47	1 49	-201.40432042480154
1711	1 37	1 39	1 49	1 51	-4.708066717450645
1712	1 37	1 39	1 51	1 53	28.547168364704095
1713	1 37	1 39	1 53	1 55	107.40334651840047
1714	1 37	1 39	1 55	1 57	-118.90976901507025
1715	1 37	1 39	1 57	1 59	3.7893074107033837
1716	1 37	1 39	1 59	1 61	22.171869543783643
1717	1 37	1 39	1 58	1 60	11.351796335686684
1718	1 37	1 39	1 60	1 62	40.806461986852426
1719	1 37	1 39	1 62	1 64	49.18343073106343
1720	1 37	1 39	1 64	1 66	-91.3163865068401
1721	1 37	1 39	1 66	1 68	11.555700439289476
1722	1 37	1 39	1 68	1 70	22.884438879428508
1723	1 37	1 39	1 70	1 72	18.258448908892632
1724	1 37	1 39	1 72	1 2	-80.1836716449829
1725	1 37	1 39	1 61	1 63	56.01422131800103
1726	1 37	1 39	1 63	1 65	-73.6859376475883
1727	1 37	1 39	1 65	1 67	6.9262964176351325
1728	1 37	1 39	1 67	1 69	16.732078323271935
1729	1 37	1 39	1 69	1 71	24.931609523774004
1730	1 37	1 39	1 71	1 1	-77.87267687084042
1731	1 38	1 40	1 39	1 41	-134.32904211132671
1732	1 38	1 40	1 41	1 43	-10.52008025322339
1733	1 38	1 40	1 43	1 45	-27.825344494018243
1734	1 38	1 40	1 45	1 47	137.66598594782755
1735	1 38	1 40	1 47	1 49	-92.9964404393946
1736	1 38	1 40	1 49	1 51	-4.611396938597238
1737	1 38	1 40	1 51	1 53	2.29326761315074
1738	1 38	1 40	1 53	1 55	84.86245212688117
1739	1 38	1 40	1 55	1 57	-75.6806263555101
1740	1 38	1 40	1 42	1 44	-17.16601122390128
1741	1 38	1 40	1 44	1 46	-7.505557986047409
1742	1 38	1 40	1 46	1 48	290.639665877112
1743	1 38	1 40	1 48	1 50	-253.80593536978023
1744	1 38	1 40	1 50	1 52	-4.6581507518231575
1745	1 38	1 40	1 52	1 54	25.57236447572832
1746	1 38	1 40	1 54	1 56	125.84257470368627
1747	1 38	1 40	1 56	1 58	-137.2064374820393
1748	1 38	1 40	1 58	1 60	4.0409223688824145
1749	1 38	1 40	1 60	1 62	23.97801928295382
1750	1 38	1 40	1 59	1 61	9.22063094179734
1751	1 38	1 40	1 61	1 63	48.32702594706423
1752	1 38	1 40	1 63	1 65	-53.81827837128844
1753	1 38	1 40	1 65	1 67	3.762241230159303
1754	1 38	1 40	1 67	1 69	10.330401214487097
1755	1 38	1 40	1 69	1 71	21.665149644614125
1756	1 38	1 40	1 71	1 1	-49.89024260728154
1757	1 38	1 40	1 62	1 64	60.277014719548816
1758	1 38	1 40	1 64	1 66	-81.14133703626472
1759	1 38	1 40	1 66	1 68	6.516585681604568
1760	1 38	1 40	1 68	1 70	16.636577630052948
1761	1 38	1 40	1 70	1 72	19.426454782324342
1762	1 38	1 40	1 72	1 2	-55.51468979512215
1763	1 39	1 41	1 40	1 42	631.4793997501492
1764	1 39	1 41	1 42	1 44	-236.70157407309853
1765	1 39	1 41	1 44	1 46	-207.4003383106373
1766	1 39	1 41	1 46	1 48	-97.73268932338414
1767	1 39	1 41	1 48	1 50	495.9749210225401
1768	1 39	1 41	1 50	1 52	-178.33441468115973
1769	1 39	1 41	1 52	1 54	-142.1610521290197
1770	1 39	1 41	1 54	1 56	-84.22776757404087
1771	1 39	1 41	1 56	1 58	348.0800760142114
1772	1 39	1 41	1 58	1 60	-115.45064937995414
1773	1 39	1 41	1 43	1 45	-185.47226447335967
1774	1 39	1 41	1 45	1 47	-207.24857910186748
1775	1 39	1 41	1 47	1 49	589.587909778303
1776	1 39	1 41	1 49	1 51	-217.9788430800267
1777	1 39	1 41	1 51	1 53	-148.5331405012765
1778	1 39	1 41	1 53	1 55	-134.99275799666637
1779	1 39	1 41	1 55	1 57	373.6665672830834
1780	1 39	1 41	1 57	1 59	-106.77252894805616
1781	1 39	1 41	1 59	1 61	-100.71325736352765
1782	1 39	1 41	1 61	1 63	-92.77096651781125
1783	1 39	1 41	1 60	1 62	-97.90843050235685
1784	1 39	1 41	1 62	1 64	-67.86386240946241
1785	1 39	1 41	1 64	1 66	239.97347590770124
1786	1 39	1 41	1 66	1 68	-71.54717620887502
1787	1 39	1 41	1 68	1 70	-61.841775900985425
1788	1 39	1 41	1 70	1 72	-32.28625525059543
1789	1 39	1 41	1 72	1 2	84.31110817038785
1790	1 39	1 41	1 63	1 65	240.73396112154063
1791	1 39	1 41	1 65	1 67	-64.06126296822939
1792	1 39	1 41	1 67	1 69	-66.36234795781851
1793	1 39	1 41	1 69	1 71	-52.70536136742409
1794	1 39	1 41	1 71	1 1	111.98061377206747
1795	1 40	1 42	1 41	1 43	-92.89512671761798
1796	1 40	1 42	1 43	1 45	-216.63220108498044
1797	1 40	1 42	1 45	1 47	-228.1407535074988
1798	1 40	1 42	1 47	1 49	481.5851756306025
1799	1 40	1 42	1 49	1 51	-78.67655710363172
1800	1 40	1 42	1 51	1 53	-162.00419698324833
1801	1 40	1 42	1 53	1 55	-167.76573066755543
1802	1 40	1 42	1 55	1 57	336.4524851032672
1803	1 40	1 42	1 57	1 59	-54.129905422565145
1804	1 40	1 42	1 59	1 61	-97.68772521618524
1805	1 40	1 42	1 44	1 46	-203.8352150237883
1806	1 40	1 42	1 46	1 48	-254.4582135901577
1807	1 40	1 42	1 48	1 50	603.8623622357175
1808	1 40	1 42	1 50	1 52	-161.02907561326504
1809	1 40	1 42	1 52	1 54	-155.26154373113786
1810	1 40	1 42	1 56	1 58	377.46415541065056
1811	1 40	1 42	1 58	1 60	-90.40500373885232
1812	1 40	1 42	1 60	1 62	-103.14450644440856
1813	1 40	1 42	1 62	1 64	-95.90820486076825
1814	1 40	1 42	1 61	1 63	-112.70647902012985
1815	1 40	1 42	1 63	1 65	223.3937026770405
1816	1 40	1 42	1 65	1 67	-41.52685987607942
1817	1 40	1 42	1 67	1 69	-61.278199214332474
1818	1 40	1 42	1 69	1 71	-59.29603695688236
1819	1 40	1 42	1 71	1 1	102.53250119861602
1820	1 40	1 42	1 64	1 66	246.35457379522057
1821	1 40	1 42	1 66	1 68	-56.39852921316478
1822	1 40	1 42	1 68	1 70	-63.61610297619453
1823	1 40	1 42	1 70	1 72	-40.32729423984373
1824	1 40	1 42	1 72	1 2	87.0258545504702
1825	1 41	1 43	1 42	1 44	157.1101632426547
1826	1 41	1 43	1 44	1 46	-53.89869835735887
1827	1 41	1 43	1 46	1 48	-12.201547558816603
1828	1 41	1 43	1 48	1 50	-94.0480093381286
1829	1 41	1 43	1 50	1 52	122.90250789722357
1830	1 41	1 43	1 52	1 54	-23.762513468806738
1831	1 41	1 43	1 54	1 56	-8.22790073048202
1832	1 41	1 43	1 56	1 58	-78.66987327774291
1833	1 41	1 43	1 58	1 60	69.54645115375152
1834	1 41	1 43	1 60	1 62	4.554762256704372
1835	1 41	1 43	1 45	1 47	-23.963096984048633
1836	1 41	1 43	1 49	1 51	251.403672632358
1837	1 41	1 43	1 51	1 53	-9.626967592879002
1838	1 41	1 43	1 53	1 55	-13.481996712126975
1839	1 41	1 43	1 55	1 57	-129.44478338117761
1840	1 41	1 43	1 57	1 59	97.00855944091703
1841	1 41	1 43	1 59	1 61	25.54717504798061
1842	1 41	1 43	1 63	1 65	-81.88536513363873
1843	1 41	1 43	1 64	1 66	-59.98094472852
1844	1 41	1 43	1 66	1 68	37.86321707916574
1845	1 41	1 43	1 68	1 70	11.421107591421913
1846	1 41	1 43	1 70	1 72	2.3250775522132248
1847	1 41	1 43	1 72	1 2	-37.0623185802513
1848	1 41	1 43	1 65	1 67	44.91006322691324
1849	1 41	1 43	1 67	1 69	22.33040379646163
1850	1 41	1 43	1 69	1 71	6.1360732630858354
1851	1 41	1 43	1 71	1 1	-54.701628713043974
1852	1 42	1 44	1 43	1 45	140.44933296285137
1853	1 42	1 44	1 45	1 47	-56.0456112655915
1854	1 42	1 44	1 47	1 49	-193.91712561370338
1855	1 42	1 44	1 49	1 51	115.05312396142273
1856	1 42	1 44	1 51	1 53	94.93759746319213
1857	1 42	1 44	1 53	1 55	-20.666948666601765
1858	1 42	1 44	1 55	1 57	-130.82031009612163
1859	1 42	1 44	1 57	1 59	58.12120905313704
1860	1 42	1 44	1 59	1 61	55.07973778537669
1861	1 42	1 44	1 61	1 63	4.933254608880519
1862	1 42	1 44	1 46	1 48	-23.276000808785327
1863	1 42	1 44	1 50	1 52	191.5628905008349
1864	1 42	1 44	1 54	1 56	-14.70318562591638
1865	1 42	1 44	1 56	1 58	-107.42338146250582
1866	1 42	1 44	1 58	1 60	79.0477289753421
1867	1 42	1 44	1 60	1 62	21.604933597362756
1868	1 42	1 44	1 64	1 66	-72.82249748911951
1869	1 42	1 44	1 63	1 65	-87.53660185210435
1870	1 42	1 44	1 65	1 67	32.868842330797605
1871	1 42	1 44	1 67	1 69	30.23154131844084
1872	1 42	1 44	1 69	1 71	10.549903849422066
1873	1 42	1 44	1 71	1 1	-60.39594523923978
1874	1 42	1 44	1 66	1 68	37.96684114756271
1875	1 42	1 44	1 68	1 70	19.00108006770148
1876	1 42	1 44	1 70	1 72	3.9939903831096837
1877	1 42	1 44	1 72	1 2	-46.42924134202334
1878	1 43	1 45	1 44	1 46	137.45457363056374
1879	1 43	1 45	1 46	1 48	-57.84543877140013
1880	1 43	1 45	1 48	1 50	-173.4617829214697
1881	1 43	1 45	1 50	1 52	88.24037957255527
1882	1 43	1 45	1 52	1 54	103.99348140998558
1883	1 43	1 45	1 54	1 56	-25.42055822918074
1884	1 43	1 45	1 56	1 58	-126.31958053486383
1885	1 43	1 45	1 58	1 60	52.314064336736166
1886	1 43	1 45	1 60	1 62	55.744998515282525
1887	1 43	1 45	1 62	1 64	4.218250904961879
1888	1 43	1 45	1 49	1 51	-11.892408625230864
1889	1 43	1 45	1 51	1 53	179.85865934861337
1890	1 43	1 45	1 55	1 57	-138.18811692417128
1891	1 43	1 45	1 57	1 59	17.589325670566673
1892	1 43	1 45	1 59	1 61	70.3700815672467
1893	1 43	1 45	1 61	1 63	25.711638319155092
1894	1 43	1 45	1 63	1 65	-94.6905381951062
1895	1 43	1 45	1 65	1 67	18.772748480138866
1896	1 43	1 45	1 64	1 66	-88.93786673268016
1897	1 43	1 45	1 66	1 68	29.879648445334883
1898	1 43	1 45	1 68	1 70	29.495266190426115
1899	1 43	1 45	1 70	1 72	8.182518310005523
1900	1 43	1 45	1 72	1 2	-60.29116923654735
1901	1 43	1 45	1 67	1 69	33.67455372715301
1902	1 43	1 45	1 69	1 71	19.572137898822085
1903	1 43	1 45	1 71	1 1	-68.57718474932645
1904	1 44	1 46	1 45	1 47	163.51737211839054
1905	1 44	1 46	1 47	1 49	-234.9543006557422
1906	1 44	1 46	1 49	1 51	-25.806191530466826
1907	1 44	1 46	1 51	1 53	102.38222230570885
1908	1 44	1 46	1 53	1 55	112.75568529446646
1909	1 44	1 46	1 55	1 57	-172.78086465705516
1910	1 44	1 46	1 59	1 61	52.20563800916332
1911	1 44	1 46	1 61	1 63	66.98420900683472
1912	1 44	1 46	1 63	1 65	-108.82320087887982
1913	1 44	1 46	1 50	1 52	-9.438149682022406
1914	1 44	1 46	1 52	1 54	191.83065151167582
1915	1 44	1 46	1 54	1 56	-2.458832232752398
1916	1 44	1 46	1 56	1 58	-156.6950320554722
1917	1 44	1 46	1 58	1 60	20.828997285082558
1918	1 44	1 46	1 60	1 62	79.54386295405956
1919	1 44	1 46	1 62	1 64	28.112986182101594
1920	1 44	1 46	1 64	1 66	-110.35107011374933
1921	1 44	1 46	1 66	1 68	19.919538354058698
1922	1 44	1 46	1 65	1 67	10.370631566789598
1923	1 44	1 46	1 67	1 69	29.91753378830456
1924	1 44	1 46	1 69	1 71	31.887739906262947
1925	1 44	1 46	1 71	1 1	-72.64889565650282
1926	1 44	1 46	1 68	1 70	36.54433323643609
1927	1 44	1 46	1 70	1 72	16.99750544438551
1928	1 44	1 46	1 72	1 2	-69.68115874588979
1929	1 45	1 47	1 46	1 48	166.92393379057086
1930	1 45	1 47	1 48	1 50	-261.60335650243763
1931	1 45	1 47	1 50	1 52	-23.434611535746505
1932	1 45	1 47	1 52	1 54	106.64072692890394
1933	1 45	1 47	1 54	1 56	132.1082701202194
1934	1 45	1 47	1 56	1 58	-200.80193056309975
1935	1 45	1 47	1 58	1 60	3.971989436422344
1936	1 45	1 47	1 60	1 62	61.212243696543304
1937	1 45	1 47	1 62	1 64	77.20477602555323
1938	1 45	1 47	1 64	1 66	-127.91437122324103
1939	1 45	1 47	1 49	1 51	-15.322104240333601
1940	1 45	1 47	1 53	1 55	224.97419800010738
1941	1 45	1 47	1 55	1 57	-197.86606807154496
1942	1 45	1 47	1 59	1 61	20.15827749973191
1943	1 45	1 47	1 61	1 63	96.38080726293025
1944	1 45	1 47	1 63	1 65	-106.72599672780504
1945	1 45	1 47	1 65	1 67	5.739565659584624
1946	1 45	1 47	1 67	1 69	20.21772500810976
1947	1 45	1 47	1 66	1 68	11.37939123023657
1948	1 45	1 47	1 68	1 70	32.97471640060762
1949	1 45	1 47	1 70	1 72	27.88803040112485
1950	1 45	1 47	1 72	1 2	-75.31913661717732
1951	1 45	1 47	1 69	1 71	38.566593595017494
1952	1 45	1 47	1 71	1 1	-69.94433293465474
1953	1 46	1 48	1 47	1 49	-92.36056187205148
1954	1 46	1 48	1 49	1 51	-8.405966768552481
1955	1 46	1 48	1 51	1 53	-24.024075325534398
1956	1 46	1 48	1 53	1 55	135.44534052627
1957	1 46	1 48	1 55	1 57	-96.62931589677537
1958	1 46	1 48	1 61	1 63	78.64035111544389
1959	1 46	1 48	1 63	1 65	-74.4750663865448
1960	1 46	1 48	1 65	1 67	3.0975452448304184
1961	1 46	1 48	1 50	1 52	-14.504915909497345
1962	1 46	1 48	1 52	1 54	-8.221710527783717
1963	1 46	1 48	1 54	1 56	270.4639882328171
1964	1 46	1 48	1 56	1 58	-237.73249509275306
1965	1 46	1 48	1 58	1 60	-0.8211712559714326
1966	1 46	1 48	1 60	1 62	24.046234527199637
1967	1 46	1 48	1 62	1 64	116.11203564159825
1968	1 46	1 48	1 64	1 66	-131.06869374634715
1969	1 46	1 48	1 66	1 68	5.92115535580958
1970	1 46	1 48	1 68	1 70	22.276817651612898
1971	1 46	1 48	1 67	1 69	11.161930193648846
1972	1 46	1 48	1 69	1 71	34.34153677896686
1973	1 46	1 48	1 71	1 1	-53.6260909732982
1974	1 46	1 48	1 70	1 72	34.53135268114582
1975	1 46	1 48	1 72	1 2	-65.87845776443626
1976	1 47	1 49	1 48	1 50	562.6666549609029
1977	1 47	1 49	1 50	1 52	-219.64619937211512
1978	1 47	1 49	1 52	1 54	-185.27377641030907
1979	1 47	1 49	1 54	1 56	-96.80070921248296
1980	1 47	1 49	1 56	1 58	450.6452573334066
1981	1 47	1 49	1 58	1 60	-159.4766011699415
1982	1 47	1 49	1 60	1 62	-127.18141592920354
1983	1 47	1 49	1 62	1 64	-82.46841138533135
1984	1 47	1 49	1 64	1 66	312.4653660498793
1985	1 47	1 49	1 66	1 68	-97.16387972974232
1986	1 47	1 49	1 51	1 53	-171.78026919812686
1987	1 47	1 49	1 53	1 55	-207.0985023169922
1988	1 47	1 49	1 55	1 57	527.0453018509913
1989	1 47	1 49	1 57	1 59	-157.6842579455352
1990	1 47	1 49	1 59	1 61	-129.54789957288833
1991	1 47	1 49	1 61	1 63	-125.169719526824
1992	1 47	1 49	1 63	1 65	324.51043168196645
1993	1 47	1 49	1 65	1 67	-89.61219391265782
1994	1 47	1 49	1 67	1 69	-87.62653448347879
1995	1 47	1 49	1 69	1 71	-68.59075462688068
1996	1 47	1 49	1 68	1 70	-81.39698323711208
1997	1 47	1 49	1 70	1 72	-40.805395090567046
1998	1 47	1 49	1 72	1 2	89.12582454571893
1999	1 47	1 49	1 71	1 1	100.2950183249987
2000	1 48	1 50	1 49	1 51	-94.34690332313228
2001	1 48	1 50	1 51	1 53	-196.55216485242772
2002	1 48	1 50	1 53	1 55	-226.9240675546623
2003	1 48	1 50	1 55	1 57	454.9777164420009
2004	1 48	1 50	1 57	1 59	-67.48163780292344
2005	1 48	1 50	1 59	1 61	-140.22978989077401
2006	1 48	1 50	1 61	1 63	-156.54171279987673
2007	1 48	1 50	1 63	1 65	309.37166265605913
2008	1 48	1 50	1 65	1 67	-54.54352229298995
2009	1 48	1 50	1 67	1 69	-87.1980045147316
2010	1 48	1 50	1 52	1 54	-182.7894096564071
2011	1 48	1 50	1 54	1 56	-250.16244589610716
2012	1 48	1 50	1 56	1 58	563.6379884105961
2013	1 48	1 50	1 58	1 60	-151.80108826054465
2014	1 48	1 50	1 60	1 62	-137.96349670679902
2015	1 48	1 50	1 62	1 64	-146.31177234641984
2016	1 48	1 50	1 64	1 66	353.183182613991
2017	1 48	1 50	1 66	1 68	-81.51286800548188
2018	1 48	1 50	1 68	1 70	-88.42235379149031
2019	1 48	1 50	1 70	1 72	-58.52307320973314
2020	1 48	1 50	1 69	1 71	-83.3827645125626
2021	1 48	1 50	1 71	1 1	98.11816972481704
2022	1 48	1 50	1 72	1 2	98.24583554426479
2023	1 49	1 51	1 50	1 52	152.8078732123467
2024	1 49	1 51	1 52	1 54	-49.59554243239216
2025	1 49	1 51	1 54	1 56	-9.212732787419789
2026	1 49	1 51	1 56	1 58	-82.48557607882671
2027	1 49	1 51	1 58	1 60	99.98025451195653
2028	1 49	1 51	1 60	1 62	-15.288690574118956
2029	1 49	1 51	1 62	1 64	-4.084901846010428
2030	1 49	1 51	1 64	1 66	-64.42281870788347
2031	1 49	1 51	1 66	1 68	53.49636831806471
2032	1 49	1 51	1 68	1 70	6.036186652297047
2033	1 49	1 51	1 53	1 55	-18.93648032938929
2034	1 49	1 51	1 57	1 59	183.56739680897476
2035	1 49	1 51	1 61	1 63	-8.887516111293582
2036	1 49	1 51	1 63	1 65	-102.27808804596606
2037	1 49	1 51	1 65	1 67	73.49310611290952
2038	1 49	1 51	1 67	1 69	21.788593789495316
2039	1 49	1 51	1 69	1 71	2.086938042061747
2040	1 49	1 51	1 71	1 1	-45.167553781326234
2041	1 49	1 51	1 72	1 2	-35.44049858276712
2042	1 50	1 52	1 51	1 53	120.83128387034083
2043	1 50	1 52	1 53	1 55	-49.73524302166348
2044	1 50	1 52	1 55	1 57	-167.6430298438882
2045	1 50	1 52	1 57	1 59	93.28227524921996
2046	1 50	1 52	1 59	1 61	88.57268700344858
2047	1 50	1 52	1 61	1 63	-18.786278182738418
2048	1 50	1 52	1 63	1 65	-115.58686978030173
2049	1 50	1 52	1 65	1 67	52.70121393772513
2050	1 50	1 52	1 67	1 69	46.64070431220482
2051	1 50	1 52	1 69	1 71	5.586234901767495
2052	1 50	1 52	1 54	1 56	-20.134147883557375
2053	1 50	1 52	1 58	1 60	172.78395482996908
2054	1 50	1 52	1 60	1 62	-6.8712862202067235
2055	1 50	1 52	1 62	1 64	-9.575008403769441
2056	1 50	1 52	1 64	1 66	-93.1513857039342
2057	1 50	1 52	1 66	1 68	66.6227122692365
2058	1 50	1 52	1 68	1 70	18.794852006479985
2059	1 50	1 52	1 72	1 2	-46.53880272821018
2060	1 50	1 52	1 71	1 1	-55.70026788731556
2061	1 51	1 53	1 52	1 54	138.84442228726732
2062	1 51	1 53	1 54	1 56	-58.95174293185067
2063	1 51	1 53	1 56	1 58	-159.81075489962564
2064	1 51	1 53	1 58	1 60	88.81999804771665
2065	1 51	1 53	1 60	1 62	87.85529782968646
2066	1 51	1 53	1 62	1 64	-22.641937069813178
2067	1 51	1 53	1 64	1 66	-114.74906987904194
2068	1 51	1 53	1 66	1 68	48.645544940267115
2069	1 51	1 53	1 68	1 70	45.652480644339185
2070	1 51	1 53	1 70	1 72	3.503343166175024
2071	1 51	1 53	1 59	1 61	161.84013258644345
2072	1 51	1 53	1 63	1 65	-126.70034069274192
2073	1 51	1 53	1 65	1 67	21.540994999384203
2074	1 51	1 53	1 67	1 69	61.09124574223043
2075	1 51	1 53	1 69	1 71	20.44292178658682
2076	1 51	1 53	1 71	1 1	-73.75576436558727
2077	1 51	1 53	1 72	1 2	-66.63112606232295
2078	1 52	1 54	1 53	1 55	130.38327331618825
2079	1 52	1 54	1 55	1 57	-208.75976679916323
2080	1 52	1 54	1 57	1 59	-17.95050394656572
2081	1 52	1 54	1 59	1 61	83.22829353145897
2082	1 52	1 54	1 61	1 63	102.87571135366252
2083	1 52	1 54	1 63	1 65	-156.40231160506278
2084	1 52	1 54	1 65	1 67	6.320037920134496
2085	1 52	1 54	1 67	1 69	46.01883603005359
2086	1 52	1 54	1 69	1 71	49.27268719015207
2087	1 52	1 54	1 71	1 1	-77.99475178677571
2088	1 52	1 54	1 58	1 60	-4.029759675683508
2089	1 52	1 54	1 60	1 62	177.4560652676497
2090	1 52	1 54	1 64	1 66	-140.89820898003512
2091	1 52	1 54	1 66	1 68	21.260952197077245
2092	1 52	1 54	1 68	1 70	64.0351109076132
2093	1 52	1 54	1 70	1 72	17.362639343040144
2094	1 52	1 54	1 72	1 2	-74.31943026250832
2095	1 53	1 55	1 54	1 56	187.2664381078581
2096	1 53	1 55	1 56	1 58	-258.96067608001005
2097	1 53	1 55	1 58	1 60	-19.592114370783683
2098	1 53	1 55	1 60	1 62	92.1039005075364
2099	1 53	1 55	1 62	1 64	130.86579655673518
2100	1 53	1 55	1 64	1 66	-192.8959942290644
2101	1 53	1 55	1 66	1 68	4.788185176547992
2102	1 53	1 55	1 68	1 70	48.56683053594831
2103	1 53	1 55	1 70	1 72	46.32376932373354
2104	1 53	1 55	1 72	1 2	-74.92129575967199
2105	1 53	1 55	1 57	1 59	-9.558537719855206
2106	1 53	1 55	1 59	1 61	-16.549254691809125
2107	1 53	1 55	1 61	1 63	207.73210389282386
2108	1 53	1 55	1 63	1 65	-175.30327530493872
2109	1 53	1 55	1 65	1 67	1.1362459739832949
2110	1 53	1 55	1 67	1 69	18.251278439291198
2111	1 53	1 55	1 69	1 71	66.67839577699829
2112	1 53	1 55	1 71	1 1	-65.23362026444525
2113	1 54	1 56	1 55	1 57	-115.30472466327308
2114	1 54	1 56	1 57	1 59	-4.467835500027731
2115	1 54	1 56	1 59	1 61	-21.766167778265906
2116	1 54	1 56	1 61	1 63	125.00402739168757
2117	1 54	1 56	1 63	1 65	-94.80803908865133
2118	1 54	1 56	1 67	1 69	6.072644330047648
2119	1 54	1 56	1 69	1 71	53.30688335785119
2120	1 54	1 56	1 71	1 1	-50.12448448245546
2121	1 54	1 56	1 58	1 60	-9.930952723071329
2122	1 54	1 56	1 62	1 64	258.5073027284707
2123	1 54	1 56	1 64	1 66	-228.3937418978481
2124	1 54	1 56	1 66	1 68	1.720590655315938
2125	1 54	1 56	1 68	1 70	23.441412828626568
2126	1 54	1 56	1 70	1 72	65.07569045025585
2127	1 54	1 56	1 72	1 2	-77.27419609889546
2128	1 55	1 57	1 56	1 58	536.6411136536994
2129	1 55	1 57	1 58	1 60	-194.6590042719178
2130	1 55	1 57	1 60	1 62	-167.17237762089866
2131	1 55	1 57	1 62	1 64	-105.58264810014649
2132	1 55	1 57	1 64	1 66	423.09160767067124
2133	1 55	1 57	1 66	1 68	-141.7469173290092
2134	1 55	1 57	1 68	1 70	-108.41816343566053
2135	1 55	1 57	1 70	1 72	-52.48708367966124
2136	1 55	1 57	1 72	1 2	106.35856951314115
2137	1 55	1 57	1 59	1 61	-149.82010912944617
2138	1 55	1 57	1 61	1 63	-193.52819889825406
2139	1 55	1 57	1 63	1 65	476.65130891016196
2140	1 55	1 57	1 65	1 67	-148.88746271203627
2141	1 55	1 57	1 67	1 69	-116.57535268208427
2142	1 55	1 57	1 69	1 71	-94.3984784641724
2143	1 55	1 57	1 71	1 1	107.75635400774297
2144	1 56	1 58	1 57	1 59	-81.54606705696327
2145	1 56	1 58	1 59	1 61	-172.3561120583091
2146	1 56	1 58	1 61	1 63	-211.45733673375992
2147	1 56	1 58	1 63	1 65	417.37480606890256
2148	1 56	1 58	1 65	1 67	-72.35974892098608
2149	1 56	1 58	1 67	1 69	-123.07423043522215
2150	1 56	1 58	1 69	1 71	-114.52375519896269
2151	1 56	1 58	1 71	1 1	115.00512353127094
2152	1 56	1 58	1 60	1 62	-162.37046858863275
2153	1 56	1 58	1 62	1 64	-236.5141418823704
2154	1 56	1 58	1 64	1 66	517.8421222223994
2155	1 56	1 58	1 66	1 68	-127.58605686879069
2156	1 56	1 58	1 68	1 70	-117.23586155423985
2157	1 56	1 58	1 70	1 72	-85.41322249717311
2158	1 56	1 58	1 72	1 2	132.48385753931547
2159	1 57	1 59	1 58	1 60	121.37177596928733
2160	1 57	1 59	1 60	1 62	-33.67943665743003
2161	1 57	1 59	1 62	1 64	-4.691595995614787
2162	1 57	1 59	1 64	1 66	-68.40307099878746
2163	1 57	1 59	1 66	1 68	81.15541889873953
2164	1 57	1 59	1 68	1 70	-9.10818683903959
2165	1 57	1 59	1 70	1 72	-1.8634005699609162
2166	1 57	1 59	1 72	1 2	-38.687501525581645
2167	1 57	1 59	1 61	1 63	-12.087648785323204
2168	1 57	1 59	1 65	1 67	156.94482965654032
2169	1 57	1 59	1 69	1 71	-4.172229340941595
2170	1 57	1 59	1 71	1 1	-44.133617106671736
2171	1 58	1 60	1 59	1 61	121.23070422916328
2172	1 58	1 60	1 61	1 63	-42.62841648413874
2173	1 58	1 60	1 63	1 65	-152.45978747531626
2174	1 58	1 60	1 65	1 67	88.1391245975784
2175	1 58	1 60	1 67	1 69	76.16418961611433
2176	1 58	1 60	1 69	1 71	-10.408201379480403
2177	1 58	1 60	1 71	1 1	-66.78801614298108
2178	1 58	1 60	1 62	1 64	-13.085870670529333
2179	1 58	1 60	1 66	1 68	143.9000835737901
2180	1 58	1 60	1 68	1 70	-1.5059798933819937
2181	1 58	1 60	1 70	1 72	-5.15393008538461
2182	1 58	1 60	1 72	1 2	-59.895853810882805
2183	1 59	1 61	1 60	1 62	95.1011793610798
2184	1 59	1 61	1 62	1 64	-40.40853176399456
2185	1 59	1 61	1 64	1 66	-142.1942423368804
2186	1 59	1 61	1 66	1 68	81.99773205541064
2187	1 59	1 61	1 68	1 70	69.18608176466105
2188	1 59	1 61	1 70	1 72	-10.497523778094688
2189	1 59	1 61	1 72	1 2	-70.10903501072804
2190	1 59	1 61	1 65	1 67	3.7149059878114152
2191	1 59	1 61	1 67	1 69	131.28954011504584
2192	1 59	1 61	1 71	1 1	-77.69647058636119
2193	1 60	1 62	1 61	1 63	139.2401594628751
2194	1 60	1 62	1 63	1 65	-195.2502584909888
2195	1 60	1 62	1 65	1 67	-8.652139706560167
2196	1 60	1 62	1 67	1 69	67.86445104124593
2197	1 60	1 62	1 69	1 71	85.53820754741734
2198	1 60	1 62	1 71	1 1	-100.76640189741155
2199	1 60	1 62	1 68	1 70	136.74326074280745
2200	1 60	1 62	1 70	1 72	2.5710785265566147
2201	1 60	1 62	1 72	1 2	-88.62988752385752
2202	1 61	1 63	1 62	1 64	146.17451596026353
2203	1 61	1 63	1 64	1 66	-237.8585359129267
2204	1 61	1 63	1 66	1 68	-10.816141116440688
2205	1 61	1 63	1 68	1 70	82.14695521701836
2206	1 61	1 63	1 70	1 72	75.27153856679834
2207	1 61	1 63	1 72	1 2	-105.40929996164174
2208	1 61	1 63	1 65	1 67	-4.924885030710255
2209	1 61	1 63	1 69	1 71	144.31931360869265
2210	1 61	1 63	1 71	1 1	-103.59545870367063
2211	1 62	1 64	1 63	1 65	-100.00901976161192
2212	1 62	1 64	1 65	1 67	-2.383572389104397
2213	1 62	1 64	1 67	1 69	-9.840219154516895
2214	1 62	1 64	1 69	1 71	75.56925238685793
2215	1 62	1 64	1 71	1 1	-39.90252951535647
2216	1 62	1 64	1 66	1 68	-5.129199903941046
2217	1 62	1 64	1 70	1 72	138.27670816683013
2218	1 62	1 64	1 72	1 2	-105.32209106817561
2219	1 63	1 65	1 64	1 66	485.0853641055046
2220	1 63	1 65	1 66	1 68	-176.74858355261597
2221	1 63	1 65	1 68	1 70	-147.2490664262084
2222	1 63	1 65	1 70	1 72	-64.51773216734657
2223	1 63	1 65	1 72	1 2	169.57523572884813
2224	1 63	1 65	1 67	1 69	-140.1404937329987
2225	1 63	1 65	1 69	1 71	-143.8641642303897
2226	1 63	1 65	1 71	1 1	177.30438211216295
2227	1 64	1 66	1 65	1 67	-80.2349275967697
2228	1 64	1 66	1 67	1 69	-154.00469039831216
2229	1 64	1 66	1 69	1 71	-154.86546911449847
2230	1 64	1 66	1 71	1 1	156.3229861625896
2231	1 64	1 66	1 68	1 70	-141.52449769042846
2232	1 64	1 66	1 70	1 72	-137.4899916727245
2233	1 64	1 66	1 72	1 2	205.32199873336515
2234	1 65	1 67	1 66	1 68	106.62754582075112
2235	1 65	1 67	1 68	1 70	-18.359555215245287
2236	1 65	1 67	1 70	1 72	-2.4062566219832364
2237	1 65	1 67	1 72	1 2	-42.353435906587805
2238	1 65	1 67	1 69	1 71	-6.2746983934784435
2239	1 65	1 67	1 71	1 1	-45.82799627653471
2240	1 66	1 68	1 67	1 69	98.44073605908406
2241	1 66	1 68	1 69	1 71	-19.876934797909684
2242	1 66	1 68	1 71	1 1	-64.90854977347846
2243	1 66	1 68	1 70	1 72	-5.8155865775837405
2244	1 66	1 68	1 72	1 2	-59.969070409424575
2245	1 67	1 69	1 68	1 70	87.2429056581968
2246	1 67	1 69	1 70	1 72	-19.232908145336985
2247	1 67	1 69	1 72	1 2	-77.9585775862069
2248	1 67	1 69	1 71	1 1	-84.15903226743998
2249	1 68	1 70	1 69	1 71	106.89950873272423
2250	1 68	1 70	1 71	1 1	-127.83427649228706
2251	1 68	1 70	1 72	1 2	-110.00083212156798
2252	1 69	1 71	1 70	1 72	119.78149072075087
2253	1 69	1 71	1 72	1 2	-167.96991753708335
2254	1 70	1 72	1 71	1 1	-80.10306848121074
2255	1 71	1 1	1 72	1 2	1522.7163876146788
