2137
1	1 1	1 3	1 2	1 4	568.7036249844189
2	1 1	1 3	1 4	1 6	-225.6349576315081
3	1 1	1 3	1 6	1 8	-53.86281537704688
4	1 1	1 3	1 8	1 10	-215.9728813812915
5	1 1	1 3	1 10	1 12	279.31947024714293
6	1 1	1 3	1 12	1 14	-45.05578898225957
7	1 1	1 3	1 14	1 16	-26.513849887124305
8	1 1	1 3	1 16	1 18	-176.5466405977792
9	1 1	1 3	1 18	1 20	165.40184837925682
10	1 1	1 3	1 20	1 22	14.398925436739763
11	1 1	1 3	1 5	1 7	-96.94636588569021
12	1 1	1 3	1 9	1 11	543.847904186154
13	1 1	1 3	1 11	1 13	18.863657628336156
14	1 1	1 3	1 13	1 15	-32.56969819862374
15	1 1	1 3	1 15	1 17	-313.7235522446931
16	1 1	1 3	1 17	1 19	232.25667202398384
17	1 1	1 3	1 19	1 21	73.38623547981527
18	1 1	1 3	1 21	1 23	-8.12625610873161
19	1 1	1 3	1 23	1 25	-208.0114276433465
20	1 1	1 3	1 22	1 24	-12.778527514351348
21	1 1	1 3	1 24	1 26	-136.2558926082457
22	1 1	1 3	1 26	1 28	97.60384103053987
23	1 1	1 3	1 28	1 30	28.567969208842428
24	1 1	1 3	1 30	1 32	-1.1829575233485539
25	1 1	1 3	1 32	1 34	-100.80634996522949
26	1 1	1 3	1 34	1 36	59.87324334240637
27	1 1	1 3	1 36	1 38	26.57384594008859
28	1 1	1 3	1 38	1 40	7.092495264657968
29	1 1	1 3	1 40	1 42	-78.835969835925
30	1 1	1 3	1 25	1 27	127.4964309257436
31	1 1	1 3	1 27	1 29	60.747044188056485
32	1 1	1 3	1 29	1 31	7.404979634351967
33	1 1	1 3	1 31	1 33	-143.56510711365127
34	1 1	1 3	1 33	1 35	74.58310002014551
35	1 1	1 3	1 35	1 37	44.09344863776445
36	1 1	1 3	1 37	1 39	13.514443321948011
37	1 1	1 3	1 39	1 41	-97.34646405320672
38	1 1	1 3	1 41	1 43	42.78046245524033
39	1 1	1 3	1 43	1 45	31.632162468640757
40	1 1	1 3	1 42	1 44	39.62586047331164
41	1 1	1 3	1 44	1 46	23.284420111751484
42	1 1	1 3	1 46	1 48	8.384239775509691
43	1 1	1 3	1 48	1 50	-61.92635262131749
44	1 1	1 3	1 50	1 52	28.018006305122164
45	1 1	1 3	1 52	1 54	19.104404365871133
46	1 1	1 3	1 54	1 56	8.782486175565097
47	1 1	1 3	1 56	1 58	-49.55808807608919
48	1 1	1 3	1 58	1 60	21.443197140100743
49	1 1	1 3	1 60	1 62	15.994158242204842
50	1 1	1 3	1 45	1 47	14.576334993879328
51	1 1	1 3	1 47	1 49	-69.14466505006317
52	1 1	1 3	1 49	1 51	25.826687217404
53	1 1	1 3	1 51	1 53	24.3712351422371
54	1 1	1 3	1 53	1 55	14.221854373643943
55	1 1	1 3	1 55	1 57	-53.23365496053006
56	1 1	1 3	1 57	1 59	16.85927419640642
57	1 1	1 3	1 59	1 61	19.30781708035261
58	1 1	1 3	1 61	1 63	12.695192279694458
59	1 1	1 3	1 63	1 65	-42.347311379443795
60	1 1	1 3	1 62	1 64	7.738620838565759
61	1 1	1 3	1 64	1 66	-40.36814516129032
62	1 1	1 3	1 66	1 68	16.46356872878096
63	1 1	1 3	1 68	1 70	13.805930264458667
64	1 1	1 3	1 70	1 72	5.597079678362573
65	1 1	1 3	1 65	1 67	12.689953240356811
66	1 1	1 3	1 67	1 69	15.718470623086798
67	1 1	1 3	1 69	1 71	10.508882779991216
68	1 2	1 4	1 3	1 5	529.1102390931869
69	1 2	1 4	1 5	1 7	-261.1839870616275
70	1 2	1 4	1 7	1 9	-524.42518419366
71	1 2	1 4	1 9	1 11	308.45200885257066
72	1 2	1 4	1 11	1 13	221.013558838853
73	1 2	1 4	1 13	1 15	-35.167418779442926
74	1 2	1 4	1 15	1 17	-346.4896416887135
75	1 2	1 4	1 17	1 19	158.70484564298079
76	1 2	1 4	1 19	1 21	146.72917519210125
77	1 2	1 4	1 21	1 23	6.701552635736018
78	1 2	1 4	1 6	1 8	-119.2382661003437
79	1 2	1 4	1 10	1 12	417.77088312045487
80	1 2	1 4	1 12	1 14	25.285289312310475
81	1 2	1 4	1 14	1 16	-43.6379278713174
82	1 2	1 4	1 16	1 18	-267.31746064621973
83	1 2	1 4	1 18	1 20	195.90871741984012
84	1 2	1 4	1 20	1 22	64.62911719671173
85	1 2	1 4	1 22	1 24	-12.62230710792786
86	1 2	1 4	1 24	1 26	-188.9203993240771
87	1 2	1 4	1 23	1 25	-238.87498596062616
88	1 2	1 4	1 25	1 27	101.89357109775771
89	1 2	1 4	1 27	1 29	90.57164645025887
90	1 2	1 4	1 29	1 31	22.74700640945595
91	1 2	1 4	1 33	1 35	66.24612564736674
92	1 2	1 4	1 35	1 37	57.615715836397605
93	1 2	1 4	1 37	1 39	24.576020856112077
94	1 2	1 4	1 39	1 41	-115.26317657681628
95	1 2	1 4	1 41	1 43	40.94783426400983
96	1 2	1 4	1 26	1 28	107.2178821761359
97	1 2	1 4	1 28	1 30	56.79366635665903
98	1 2	1 4	1 30	1 32	4.450249114506123
99	1 2	1 4	1 32	1 34	-134.10458963783367
100	1 2	1 4	1 34	1 36	64.84724501918002
101	1 2	1 4	1 36	1 38	41.70072279694017
102	1 2	1 4	1 38	1 40	14.122849584393126
103	1 2	1 4	1 40	1 42	-101.16548198708841
104	1 2	1 4	1 42	1 44	43.21326961631931
105	1 2	1 4	1 44	1 46	32.325775499986854
106	1 2	1 4	1 43	1 45	39.54222108572944
107	1 2	1 4	1 45	1 47	22.144543210029013
108	1 2	1 4	1 47	1 49	-82.15700027089613
109	1 2	1 4	1 49	1 51	26.454101844448722
110	1 2	1 4	1 51	1 53	29.58258093615502
111	1 2	1 4	1 53	1 55	19.917921173780936
112	1 2	1 4	1 55	1 57	-63.67804861267537
113	1 2	1 4	1 57	1 59	18.098380287322215
114	1 2	1 4	1 59	1 61	22.991439649552802
115	1 2	1 4	1 61	1 63	16.925973692847425
116	1 2	1 4	1 46	1 48	13.767329064804423
117	1 2	1 4	1 48	1 50	-76.97901893607416
118	1 2	1 4	1 50	1 52	31.036555098562225
119	1 2	1 4	1 52	1 54	25.05276242297904
120	1 2	1 4	1 54	1 56	12.953693180906152
121	1 2	1 4	1 56	1 58	-60.93131025416301
122	1 2	1 4	1 58	1 60	24.221971280253488
123	1 2	1 4	1 60	1 62	20.370533063809333
124	1 2	1 4	1 62	1 64	10.714958377290941
125	1 2	1 4	1 64	1 66	-49.35953332873785
126	1 2	1 4	1 63	1 65	-50.82961747724589
127	1 2	1 4	1 65	1 67	14.203881343427199
128	1 2	1 4	1 67	1 69	18.788862651346285
129	1 2	1 4	1 69	1 71	13.511268617181951
130	1 2	1 4	1 66	1 68	18.87224181318678
131	1 2	1 4	1 68	1 70	17.196431949991705
132	1 2	1 4	1 70	1 72	7.509285883642562
133	1 3	1 5	1 4	1 6	406.86071993551525
134	1 3	1 5	1 6	1 8	-262.91831771236957
135	1 3	1 5	1 8	1 10	-417.8259485002054
136	1 3	1 5	1 10	1 12	231.74261217892408
137	1 3	1 5	1 12	1 14	212.03621247156582
138	1 3	1 5	1 14	1 16	-53.80037530378381
139	1 3	1 5	1 16	1 18	-290.64181237131015
140	1 3	1 5	1 18	1 20	132.13564215550173
141	1 3	1 5	1 20	1 22	126.23397746422637
142	1 3	1 5	1 9	1 11	37.16568347699238
143	1 3	1 5	1 11	1 13	346.9664291139269
144	1 3	1 5	1 13	1 15	17.794434641691986
145	1 3	1 5	1 15	1 17	-335.001267579033
146	1 3	1 5	1 17	1 19	60.566799013706
147	1 3	1 5	1 19	1 21	168.8837186186014
148	1 3	1 5	1 21	1 23	44.80694164007839
149	1 3	1 5	1 23	1 25	-227.30206795061122
150	1 3	1 5	1 25	1 27	56.061912643917
151	1 3	1 5	1 24	1 26	-206.63523223940135
152	1 3	1 5	1 26	1 28	80.45819606269617
153	1 3	1 5	1 28	1 30	79.31087416893645
154	1 3	1 5	1 30	1 32	16.440190558104995
155	1 3	1 5	1 32	1 34	-141.24137885322398
156	1 3	1 5	1 34	1 36	51.80351939928299
157	1 3	1 5	1 36	1 38	50.29239465943931
158	1 3	1 5	1 38	1 40	22.654996615678066
159	1 3	1 5	1 40	1 42	-105.13032184533732
160	1 3	1 5	1 42	1 44	36.33937875849641
161	1 3	1 5	1 27	1 29	93.47679960307411
162	1 3	1 5	1 29	1 31	44.18332825300659
163	1 3	1 5	1 33	1 35	43.82213455942443
164	1 3	1 5	1 35	1 37	56.66875268041743
165	1 3	1 5	1 37	1 39	35.36649761674465
166	1 3	1 5	1 39	1 41	-109.5395521905512
167	1 3	1 5	1 41	1 43	30.21740249427363
168	1 3	1 5	1 43	1 45	38.228355422598426
169	1 3	1 5	1 45	1 47	27.192615902403723
170	1 3	1 5	1 44	1 46	35.92466916265515
171	1 3	1 5	1 46	1 48	18.746395122262783
172	1 3	1 5	1 48	1 50	-79.56873535791071
173	1 3	1 5	1 50	1 52	27.187694964407832
174	1 3	1 5	1 52	1 54	26.42009337621898
175	1 3	1 5	1 54	1 56	15.799622631273056
176	1 3	1 5	1 56	1 58	-61.92133787498546
177	1 3	1 5	1 58	1 60	21.897304646790243
178	1 3	1 5	1 60	1 62	21.02978745478657
179	1 3	1 5	1 62	1 64	12.250893629465983
180	1 3	1 5	1 47	1 49	-79.3988882696627
181	1 3	1 5	1 49	1 51	21.207918945197527
182	1 3	1 5	1 51	1 53	28.647912829355594
183	1 3	1 5	1 53	1 55	22.64591430876148
184	1 3	1 5	1 55	1 57	-62.05002019929976
185	1 3	1 5	1 57	1 59	15.448800763430647
186	1 3	1 5	1 59	1 61	22.14166260862485
187	1 3	1 5	1 61	1 63	18.498843526744846
188	1 3	1 5	1 63	1 65	-49.61396879782487
189	1 3	1 5	1 65	1 67	12.611432984754337
190	1 3	1 5	1 64	1 66	-49.552824267110395
191	1 3	1 5	1 66	1 68	17.468901158508906
192	1 3	1 5	1 68	1 70	17.495616389057574
193	1 3	1 5	1 70	1 72	8.066391572064
194	1 3	1 5	1 67	1 69	18.124271530972504
195	1 3	1 5	1 69	1 71	14.229025264402145
196	1 4	1 6	1 5	1 7	483.1216865611221
197	1 4	1 6	1 7	1 9	-638.8794558733409
198	1 4	1 6	1 9	1 11	-35.13529284507628
199	1 4	1 6	1 11	1 13	210.60027927216765
200	1 4	1 6	1 13	1 15	211.8612098616971
201	1 4	1 6	1 17	1 19	10.285755003505646
202	1 4	1 6	1 19	1 21	120.01280319444339
203	1 4	1 6	1 21	1 23	111.13908768838863
204	1 4	1 6	1 23	1 25	-214.73697970211248
205	1 4	1 6	1 12	1 14	354.0285109946372
206	1 4	1 6	1 16	1 18	-329.9132990918376
207	1 4	1 6	1 18	1 20	52.34066937461467
208	1 4	1 6	1 20	1 22	156.7126348062847
209	1 4	1 6	1 22	1 24	52.535233877143824
210	1 4	1 6	1 24	1 26	-226.3214116055642
211	1 4	1 6	1 26	1 28	45.322357723577234
212	1 4	1 6	1 25	1 27	24.0655450582886
213	1 4	1 6	1 27	1 29	73.22721329443115
214	1 4	1 6	1 29	1 31	71.6551610765046
215	1 4	1 6	1 33	1 35	25.136231270964274
216	1 4	1 6	1 35	1 37	47.36848669020913
217	1 4	1 6	1 37	1 39	46.56640270172916
218	1 4	1 6	1 39	1 41	-100.82068553872088
219	1 4	1 6	1 41	1 43	20.002495487508014
220	1 4	1 6	1 43	1 45	33.633480847148974
221	1 4	1 6	1 28	1 30	87.01894759301683
222	1 4	1 6	1 30	1 32	41.96259767820637
223	1 4	1 6	1 34	1 36	34.84342671778741
224	1 4	1 6	1 36	1 38	52.45970267021778
225	1 4	1 6	1 38	1 40	35.64620171908386
226	1 4	1 6	1 40	1 42	-106.67012944639552
227	1 4	1 6	1 42	1 44	27.423472205182996
228	1 4	1 6	1 44	1 46	36.05358470737998
229	1 4	1 6	1 46	1 48	24.959498987162476
230	1 4	1 6	1 45	1 47	31.698493936966337
231	1 4	1 6	1 47	1 49	-72.5205123657204
232	1 4	1 6	1 49	1 51	15.588456138678263
233	1 4	1 6	1 51	1 53	25.75412970324546
234	1 4	1 6	1 53	1 55	24.697983726305893
235	1 4	1 6	1 55	1 57	-57.26489852044033
236	1 4	1 6	1 57	1 59	12.25571087204931
237	1 4	1 6	1 59	1 61	19.919190159824577
238	1 4	1 6	1 61	1 63	19.299754604323716
239	1 4	1 6	1 63	1 65	-45.91501076645483
240	1 4	1 6	1 48	1 50	-77.83042804627578
241	1 4	1 6	1 50	1 52	21.84034918881774
242	1 4	1 6	1 52	1 54	25.914552760924092
243	1 4	1 6	1 54	1 56	18.77029125739015
244	1 4	1 6	1 56	1 58	-59.53040491783699
245	1 4	1 6	1 58	1 60	18.412022538319814
246	1 4	1 6	1 60	1 62	20.519294332029475
247	1 4	1 6	1 62	1 64	13.554416461623648
248	1 4	1 6	1 64	1 66	-47.30651901780442
249	1 4	1 6	1 66	1 68	15.162417326649592
250	1 4	1 6	1 65	1 67	10.545288635400698
251	1 4	1 6	1 67	1 69	16.57863927358613
252	1 4	1 6	1 69	1 71	14.342687423327657
253	1 4	1 6	1 71	1 1	-183.27544706196807
254	1 4	1 6	1 68	1 70	16.853842891898207
255	1 4	1 6	1 70	1 72	8.459578264058456
256	1 5	1 7	1 6	1 8	795.6395666657431
257	1 5	1 7	1 8	1 10	-974.2862242129232
258	1 5	1 7	1 10	1 12	-45.96102105790959
259	1 5	1 7	1 12	1 14	256.0774452007639
260	1 5	1 7	1 14	1 16	374.76833349048763
261	1 5	1 7	1 18	1 20	9.197472591155787
262	1 5	1 7	1 24	1 26	-317.55915273664135
263	1 5	1 7	1 9	1 11	-36.382891514654574
264	1 5	1 7	1 11	1 13	28.193085415968536
265	1 5	1 7	1 13	1 15	470.9837941237753
266	1 5	1 7	1 15	1 17	-444.94770394337496
267	1 5	1 7	1 17	1 19	-6.111150334236267
268	1 5	1 7	1 19	1 21	57.62457294115064
269	1 5	1 7	1 21	1 23	199.1046229716166
270	1 5	1 7	1 23	1 25	-230.0779034298423
271	1 5	1 7	1 25	1 27	9.56198406397274
272	1 5	1 7	1 27	1 29	52.31951529039165
273	1 5	1 7	1 26	1 28	23.584428501178323
274	1 5	1 7	1 28	1 30	90.23857621564318
275	1 5	1 7	1 30	1 32	105.37688991568183
276	1 5	1 7	1 32	1 34	-193.5060456958946
277	1 5	1 7	1 34	1 36	25.21000301704219
278	1 5	1 7	1 36	1 38	59.507025363699356
279	1 5	1 7	1 38	1 40	66.80330610009054
280	1 5	1 7	1 40	1 42	-134.53646741438314
281	1 5	1 7	1 42	1 44	23.846118362778512
282	1 5	1 7	1 44	1 46	42.32930277716778
283	1 5	1 7	1 29	1 31	115.09118864482116
284	1 5	1 7	1 33	1 35	16.17864932631376
285	1 5	1 7	1 35	1 37	41.62006299370063
286	1 5	1 7	1 37	1 39	69.31435808131431
287	1 5	1 7	1 39	1 41	-110.3925945551531
288	1 5	1 7	1 41	1 43	15.520659140613951
289	1 5	1 7	1 43	1 45	33.620626992748825
290	1 5	1 7	1 45	1 47	43.898962885992816
291	1 5	1 7	1 47	1 49	-80.99639261216798
292	1 5	1 7	1 46	1 48	40.92486925584033
293	1 5	1 7	1 48	1 50	-96.31624699733283
294	1 5	1 7	1 50	1 52	20.947899472238213
295	1 5	1 7	1 52	1 54	30.6274419937563
296	1 5	1 7	1 54	1 56	27.65930215746902
297	1 5	1 7	1 56	1 58	-71.82939258588178
298	1 5	1 7	1 58	1 60	18.790561165285325
299	1 5	1 7	1 60	1 62	24.373620802287384
300	1 5	1 7	1 62	1 64	18.63457758605695
301	1 5	1 7	1 64	1 66	-56.24621263300118
302	1 5	1 7	1 49	1 51	13.69483542206116
303	1 5	1 7	1 51	1 53	27.366925603327566
304	1 5	1 7	1 53	1 55	32.43437481659814
305	1 5	1 7	1 55	1 57	-65.1839890009878
306	1 5	1 7	1 57	1 59	11.802469375640818
307	1 5	1 7	1 59	1 61	21.78269427503684
308	1 5	1 7	1 61	1 63	24.8166731188499
309	1 5	1 7	1 63	1 65	-52.733203866087095
310	1 5	1 7	1 65	1 67	10.813391822584144
311	1 5	1 7	1 67	1 69	18.545171461819347
312	1 5	1 7	1 66	1 68	16.100244140987705
313	1 5	1 7	1 68	1 70	20.063103997647
314	1 5	1 7	1 70	1 72	11.124963924963925
315	1 5	1 7	1 69	1 71	17.811838247062752
316	1 6	1 8	1 7	1 9	-465.1319278601257
317	1 6	1 8	1 9	1 11	-27.735757575757575
318	1 6	1 8	1 11	1 13	-45.33649861949074
319	1 6	1 8	1 13	1 15	356.67661949990304
320	1 6	1 8	1 17	1 19	-9.796792207792208
321	1 6	1 8	1 19	1 21	10.58785558159173
322	1 6	1 8	1 21	1 23	198.2851449589757
323	1 6	1 8	1 23	1 25	-184.84723841313473
324	1 6	1 8	1 25	1 27	2.4680525359974466
325	1 6	1 8	1 10	1 12	-44.03473662689675
326	1 6	1 8	1 12	1 14	33.01622058835162
327	1 6	1 8	1 14	1 16	769.5201724226182
328	1 6	1 8	1 16	1 18	-742.7493682468792
329	1 6	1 8	1 18	1 20	-7.821808005334622
330	1 6	1 8	1 20	1 22	67.42367616523157
331	1 6	1 8	1 22	1 24	350.24867235669626
332	1 6	1 8	1 24	1 26	-390.22151590039937
333	1 6	1 8	1 26	1 28	9.630327555535953
334	1 6	1 8	1 28	1 30	70.30052577460222
335	1 6	1 8	1 27	1 29	29.511175332428778
336	1 6	1 8	1 29	1 31	127.04495172896803
337	1 6	1 8	1 33	1 35	10.052782745042261
338	1 6	1 8	1 35	1 37	31.906000569422126
339	1 6	1 8	1 37	1 39	77.84363812886936
340	1 6	1 8	1 39	1 41	-106.30791335073974
341	1 6	1 8	1 41	1 43	11.455448398462973
342	1 6	1 8	1 43	1 45	29.761011406237536
343	1 6	1 8	1 45	1 47	48.42659924757123
344	1 6	1 8	1 30	1 32	156.15181609444738
345	1 6	1 8	1 34	1 36	16.62809533950149
346	1 6	1 8	1 36	1 38	54.551356271849215
347	1 6	1 8	1 38	1 40	88.29224477004175
348	1 6	1 8	1 40	1 42	-145.09332907062583
349	1 6	1 8	1 42	1 44	19.14850193894406
350	1 6	1 8	1 44	1 46	41.42055631193049
351	1 6	1 8	1 46	1 48	50.92744996143102
352	1 6	1 8	1 48	1 50	-100.6091240545997
353	1 6	1 8	1 47	1 49	-79.14002830931659
354	1 6	1 8	1 49	1 51	11.273164157647724
355	1 6	1 8	1 51	1 53	25.756996345439468
356	1 6	1 8	1 53	1 55	35.63916693928694
357	1 6	1 8	1 55	1 57	-64.67157816865497
358	1 6	1 8	1 57	1 59	10.422792811230137
359	1 6	1 8	1 59	1 61	20.910972517494905
360	1 6	1 8	1 61	1 63	26.65027796828582
361	1 6	1 8	1 63	1 65	-52.62446554489668
362	1 6	1 8	1 65	1 67	10.024423155436594
363	1 6	1 8	1 50	1 52	18.306453980440747
364	1 6	1 8	1 52	1 54	30.646983285245582
365	1 6	1 8	1 54	1 56	32.74547013753837
366	1 6	1 8	1 56	1 58	-74.06716786377527
367	1 6	1 8	1 58	1 60	17.261085784383262
368	1 6	1 8	1 60	1 62	24.85431494054852
369	1 6	1 8	1 62	1 64	20.980326055871505
370	1 6	1 8	1 64	1 66	-57.555395317610525
371	1 6	1 8	1 66	1 68	15.269555144244027
372	1 6	1 8	1 68	1 70	20.46840184380457
373	1 6	1 8	1 67	1 69	18.16155706335972
374	1 6	1 8	1 69	1 71	18.822860467022856
375	1 6	1 8	1 71	1 1	-123.92664668480025
376	1 6	1 8	1 70	1 72	11.973299087817162
377	1 7	1 9	1 16	1 18	974.6337984940252
378	1 7	1 9	1 15	1 17	1082.8271035098564
379	1 7	1 9	1 23	1 25	689.830983589088
380	1 7	1 9	1 28	1 30	-200.07900802775288
381	1 7	1 9	1 30	1 32	-118.73786537625054
382	1 7	1 9	1 32	1 34	452.38309004934206
383	1 7	1 9	1 34	1 36	-149.82890625
384	1 7	1 9	1 36	1 38	-139.92840190264394
385	1 7	1 9	1 38	1 40	-96.52131576063763
386	1 7	1 9	1 40	1 42	332.17866541353385
387	1 7	1 9	1 42	1 44	-108.02028098320667
388	1 7	1 9	1 44	1 46	-105.05362578554595
389	1 7	1 9	1 46	1 48	-68.7531406132366
390	1 7	1 9	1 31	1 33	478.1973787069244
391	1 7	1 9	1 33	1 35	-151.96052749217705
392	1 7	1 9	1 35	1 37	-150.2316334692817
393	1 7	1 9	1 37	1 39	-119.02784467085178
394	1 7	1 9	1 39	1 41	335.46359428875564
395	1 7	1 9	1 41	1 43	-98.18078303624841
396	1 7	1 9	1 43	1 45	-109.15132213598415
397	1 7	1 9	1 45	1 47	-87.51600903007338
398	1 7	1 9	1 47	1 49	241.9907646443678
399	1 7	1 9	1 49	1 51	-66.16656382314261
400	1 7	1 9	1 48	1 50	249.07731419205857
401	1 7	1 9	1 50	1 52	-81.93083651894061
402	1 7	1 9	1 52	1 54	-79.50069351183481
403	1 7	1 9	1 54	1 56	-53.51631473152092
404	1 7	1 9	1 56	1 58	192.33233371120696
405	1 7	1 9	1 58	1 60	-66.44205974579418
406	1 7	1 9	1 60	1 62	-64.29657702458336
407	1 7	1 9	1 62	1 64	-39.87330479074666
408	1 7	1 9	1 64	1 66	153.67807012081204
409	1 7	1 9	1 66	1 68	-53.31055328786502
410	1 7	1 9	1 51	1 53	-85.20039491010257
411	1 7	1 9	1 53	1 55	-71.58027250442257
412	1 7	1 9	1 55	1 57	190.96649565633766
413	1 7	1 9	1 57	1 59	-47.873666744505854
414	1 7	1 9	1 59	1 61	-67.17415688985787
415	1 7	1 9	1 61	1 63	-58.34863060652788
416	1 7	1 9	1 63	1 65	153.34653314087973
417	1 7	1 9	1 65	1 67	-38.8568050811154
418	1 7	1 9	1 67	1 69	-55.63750998437229
419	1 7	1 9	1 69	1 71	-44.60602125552643
420	1 7	1 9	1 68	1 70	-54.18984266683398
421	1 7	1 9	1 70	1 72	-25.908337890515455
422	1 7	1 9	1 72	1 2	556.5422057794663
423	1 8	1 10	1 11	1 13	-388.10496921257766
424	1 8	1 10	1 13	1 15	-508.5148327139943
425	1 8	1 10	1 15	1 17	940.9218640841134
426	1 8	1 10	1 23	1 25	650.7874878798295
427	1 8	1 10	1 16	1 18	1286.7776785714286
428	1 8	1 10	1 29	1 31	-222.60288021747806
429	1 8	1 10	1 31	1 33	467.6875873303035
430	1 8	1 10	1 33	1 35	-104.572156698724
431	1 8	1 10	1 35	1 37	-146.8801548615305
432	1 8	1 10	1 37	1 39	-152.21954909825433
433	1 8	1 10	1 39	1 41	331.59306093498
434	1 8	1 10	1 41	1 43	-75.44152237522076
435	1 8	1 10	1 43	1 45	-108.49356500596386
436	1 8	1 10	1 45	1 47	-104.94049782271111
437	1 8	1 10	1 47	1 49	242.91074099686554
438	1 8	1 10	1 32	1 34	504.10532853608856
439	1 8	1 10	1 34	1 36	-124.04760220647687
440	1 8	1 10	1 36	1 38	-153.7790975738036
441	1 8	1 10	1 38	1 40	-138.20943874205247
442	1 8	1 10	1 40	1 42	363.1047255537536
443	1 8	1 10	1 42	1 44	-94.29909536754636
444	1 8	1 10	1 44	1 46	-113.71282378666726
445	1 8	1 10	1 46	1 48	-90.62901770507324
446	1 8	1 10	1 48	1 50	262.90544495242955
447	1 8	1 10	1 50	1 52	-74.12987299925112
448	1 8	1 10	1 49	1 51	-55.8708067828808
449	1 8	1 10	1 51	1 53	-85.06816400150079
450	1 8	1 10	1 53	1 55	-82.96802026120471
451	1 8	1 10	1 55	1 57	193.47334070449097
452	1 8	1 10	1 57	1 59	-42.64899849653233
453	1 8	1 10	1 59	1 61	-66.7326323707114
454	1 8	1 10	1 61	1 63	-65.16028262718787
455	1 8	1 10	1 63	1 65	155.48055623485328
456	1 8	1 10	1 65	1 67	-36.28932885659654
457	1 8	1 10	1 67	1 69	-55.88518814110893
458	1 8	1 10	1 52	1 54	-85.3752224377914
459	1 8	1 10	1 54	1 56	-66.77641000465744
460	1 8	1 10	1 56	1 58	203.0306131601739
461	1 8	1 10	1 58	1 60	-63.00447077433178
462	1 8	1 10	1 60	1 62	-68.74373815594302
463	1 8	1 10	1 62	1 64	-46.86850662294802
464	1 8	1 10	1 64	1 66	161.12151048303022
465	1 8	1 10	1 66	1 68	-51.78394446950918
466	1 8	1 10	1 68	1 70	-57.00746774885236
467	1 8	1 10	1 70	1 72	-29.19407238725313
468	1 8	1 10	1 69	1 71	-48.44838059687081
469	1 8	1 10	1 71	1 1	607.0150021750364
470	1 9	1 11	1 10	1 12	300.90281116870904
471	1 9	1 11	1 12	1 14	-71.3385060536993
472	1 9	1 11	1 14	1 16	-20.307940580758807
473	1 9	1 11	1 18	1 20	206.02013897067485
474	1 9	1 11	1 20	1 22	-23.65627130084951
475	1 9	1 11	1 22	1 24	-14.721108917732757
476	1 9	1 11	1 24	1 26	-137.46573212552113
477	1 9	1 11	1 26	1 28	121.8902405051587
478	1 9	1 11	1 28	1 30	12.659920332206699
479	1 9	1 11	1 13	1 15	-30.492995699241774
480	1 9	1 11	1 19	1 21	18.78697207506331
481	1 9	1 11	1 21	1 23	-18.717016709287883
482	1 9	1 11	1 23	1 25	-243.86736870001994
483	1 9	1 11	1 25	1 27	185.1085343858833
484	1 9	1 11	1 27	1 29	52.261944660051306
485	1 9	1 11	1 29	1 31	-2.1322070011711984
486	1 9	1 11	1 30	1 32	-5.221906465830859
487	1 9	1 11	1 32	1 34	-105.08189353299773
488	1 9	1 11	1 34	1 36	74.19290890987881
489	1 9	1 11	1 36	1 38	21.648492263006275
490	1 9	1 11	1 38	1 40	3.763898118048918
491	1 9	1 11	1 40	1 42	-83.77119996695941
492	1 9	1 11	1 42	1 44	48.15100011590984
493	1 9	1 11	1 44	1 46	22.48490082784499
494	1 9	1 11	1 46	1 48	6.557661009836266
495	1 9	1 11	1 48	1 50	-67.01285311871484
496	1 9	1 11	1 33	1 35	102.01717173218312
497	1 9	1 11	1 35	1 37	45.66044601529482
498	1 9	1 11	1 37	1 39	8.47893244057695
499	1 9	1 11	1 39	1 41	-111.02707976778561
500	1 9	1 11	1 41	1 43	56.150760758363305
501	1 9	1 11	1 43	1 45	34.43627498388137
502	1 9	1 11	1 45	1 47	12.709000880878168
503	1 9	1 11	1 47	1 49	-78.44801302568408
504	1 9	1 11	1 49	1 51	32.6986909195942
505	1 9	1 11	1 51	1 53	26.990156075027993
506	1 9	1 11	1 50	1 52	33.58730152502456
507	1 9	1 11	1 52	1 54	19.77194920844327
508	1 9	1 11	1 54	1 56	7.992113164050812
509	1 9	1 11	1 56	1 58	-54.186067572473604
510	1 9	1 11	1 58	1 60	25.270727728571586
511	1 9	1 11	1 60	1 62	17.065024641962584
512	1 9	1 11	1 62	1 64	7.579586913056263
513	1 9	1 11	1 64	1 66	-44.458862456379265
514	1 9	1 11	1 66	1 68	19.141030281383706
515	1 9	1 11	1 68	1 70	14.964642590119876
516	1 9	1 11	1 53	1 55	13.740640158727842
517	1 9	1 11	1 55	1 57	-59.8974085135189
518	1 9	1 11	1 57	1 59	20.666251017928918
519	1 9	1 11	1 59	1 61	21.792893632953334
520	1 9	1 11	1 61	1 63	12.95408384270986
521	1 9	1 11	1 63	1 65	-47.686518758295904
522	1 9	1 11	1 65	1 67	15.150341920595604
523	1 9	1 11	1 67	1 69	17.75674416253917
524	1 9	1 11	1 69	1 71	11.087661894408416
525	1 9	1 11	1 70	1 72	5.8011896987112515
526	1 10	1 12	1 11	1 13	227.95565221475005
527	1 10	1 12	1 13	1 15	-68.02535394201243
528	1 10	1 12	1 17	1 19	186.45875789473683
529	1 10	1 12	1 19	1 21	184.73844711209844
530	1 10	1 12	1 21	1 23	-27.428701258838498
531	1 10	1 12	1 23	1 25	-259.76175552486905
532	1 10	1 12	1 25	1 27	123.1700707051564
533	1 10	1 12	1 27	1 29	111.12156902709259
534	1 10	1 12	1 29	1 31	7.315813982906138
535	1 10	1 12	1 14	1 16	-36.08165993812399
536	1 10	1 12	1 18	1 20	323.06308266501196
537	1 10	1 12	1 20	1 22	11.271745372512004
538	1 10	1 12	1 22	1 24	-23.876296874571086
539	1 10	1 12	1 24	1 26	-205.39165373872567
540	1 10	1 12	1 26	1 28	147.0461326178567
541	1 10	1 12	1 28	1 30	48.34784102142933
542	1 10	1 12	1 30	1 32	-4.823125378107598
543	1 10	1 12	1 32	1 34	-135.9045287412673
544	1 10	1 12	1 33	1 35	79.66469220815898
545	1 10	1 12	1 35	1 37	68.18942316537498
546	1 10	1 12	1 37	1 39	19.503008450171627
547	1 10	1 12	1 39	1 41	-126.57098418685806
548	1 10	1 12	1 41	1 43	48.96282516579625
549	1 10	1 12	1 43	1 45	45.171865385085724
550	1 10	1 12	1 45	1 47	21.043135324122893
551	1 10	1 12	1 47	1 49	-91.18363226610509
552	1 10	1 12	1 49	1 51	31.114413750091714
553	1 10	1 12	1 34	1 36	81.37722613880861
554	1 10	1 12	1 36	1 38	41.74810988788923
555	1 10	1 12	1 38	1 40	9.166374140436822
556	1 10	1 12	1 40	1 42	-108.65436608807352
557	1 10	1 12	1 42	1 44	51.77692029777364
558	1 10	1 12	1 44	1 46	34.19338029725479
559	1 10	1 12	1 46	1 48	11.709164745710915
560	1 10	1 12	1 48	1 50	-83.43581541537233
561	1 10	1 12	1 50	1 52	36.25706392111634
562	1 10	1 12	1 52	1 54	26.94638029066067
563	1 10	1 12	1 51	1 53	33.27216498657602
564	1 10	1 12	1 53	1 55	20.19179321426819
565	1 10	1 12	1 55	1 57	-70.42799218368344
566	1 10	1 12	1 57	1 59	20.951256511257476
567	1 10	1 12	1 59	1 61	25.751956750416575
568	1 10	1 12	1 61	1 63	17.617150491499395
569	1 10	1 12	1 63	1 65	-56.004218909895286
570	1 10	1 12	1 65	1 67	16.140596078344572
571	1 10	1 12	1 67	1 69	20.87643900036977
572	1 10	1 12	1 69	1 71	14.379598172920359
573	1 10	1 12	1 54	1 56	12.446652671096267
574	1 10	1 12	1 56	1 58	-66.23903963549353
575	1 10	1 12	1 58	1 60	27.783086325413915
576	1 10	1 12	1 60	1 62	22.058714354574136
577	1 10	1 12	1 62	1 64	10.801072067044029
578	1 10	1 12	1 64	1 66	-53.97980037927708
579	1 10	1 12	1 66	1 68	21.419974470126057
580	1 10	1 12	1 68	1 70	18.724409985088503
581	1 10	1 12	1 70	1 72	7.719766369230209
582	1 10	1 12	1 71	1 1	-356.33923956114677
583	1 11	1 13	1 12	1 14	232.94650590959992
584	1 11	1 13	1 14	1 16	-73.76113859801838
585	1 11	1 13	1 18	1 20	159.0228749749657
586	1 11	1 13	1 20	1 22	174.5402217328141
587	1 11	1 13	1 22	1 24	-36.76142714931928
588	1 11	1 13	1 24	1 26	-231.1369622124902
589	1 11	1 13	1 26	1 28	99.16989531563428
590	1 11	1 13	1 28	1 30	104.9668881864454
591	1 11	1 13	1 30	1 32	2.8365488632343956
592	1 11	1 13	1 15	1 17	-295.90141499807254
593	1 11	1 13	1 19	1 21	298.4911855577154
594	1 11	1 13	1 23	1 25	-254.39831227167676
595	1 11	1 13	1 25	1 27	45.55241147321952
596	1 11	1 13	1 27	1 29	136.34179643060958
597	1 11	1 13	1 29	1 31	39.1148787561138
598	1 11	1 13	1 33	1 35	44.91050810509502
599	1 11	1 13	1 32	1 34	-162.55810343809074
600	1 11	1 13	1 34	1 36	63.25694637038603
601	1 11	1 13	1 36	1 38	63.7682639757892
602	1 11	1 13	1 38	1 40	19.880067171342436
603	1 11	1 13	1 40	1 42	-121.57248099003763
604	1 11	1 13	1 42	1 44	43.67726534108384
605	1 11	1 13	1 44	1 46	43.76401969359253
606	1 11	1 13	1 46	1 48	19.202100289822297
607	1 11	1 13	1 48	1 50	-92.38450692195133
608	1 11	1 13	1 50	1 52	32.209077471931565
609	1 11	1 13	1 35	1 37	74.98172500133174
610	1 11	1 13	1 37	1 39	38.36194380579778
611	1 11	1 13	1 39	1 41	-128.0560276704631
612	1 11	1 13	1 41	1 43	33.52236474359937
613	1 11	1 13	1 43	1 45	47.718550380178485
614	1 11	1 13	1 45	1 47	31.108951200111726
615	1 11	1 13	1 47	1 49	-93.25029386215985
616	1 11	1 13	1 49	1 51	24.22440343808007
617	1 11	1 13	1 51	1 53	34.53726841979831
618	1 11	1 13	1 53	1 55	26.01398333424627
619	1 11	1 13	1 52	1 54	31.57433674333942
620	1 11	1 13	1 54	1 56	17.44399044505909
621	1 11	1 13	1 56	1 58	-72.13764615117643
622	1 11	1 13	1 58	1 60	25.825106347541364
623	1 11	1 13	1 60	1 62	24.875528628920108
624	1 11	1 13	1 62	1 64	13.888860935310534
625	1 11	1 13	1 64	1 66	-57.94340157518636
626	1 11	1 13	1 66	1 68	20.563897798422914
627	1 11	1 13	1 68	1 70	20.568414616181084
628	1 11	1 13	1 70	1 72	9.41726158047663
629	1 11	1 13	1 55	1 57	-72.86485363600839
630	1 11	1 13	1 57	1 59	17.999472377286054
631	1 11	1 13	1 59	1 61	26.304072536780623
632	1 11	1 13	1 61	1 63	21.50818349593866
633	1 11	1 13	1 63	1 65	-58.27198679816812
634	1 11	1 13	1 65	1 67	14.773641183122557
635	1 11	1 13	1 67	1 69	21.456363423212192
636	1 11	1 13	1 69	1 71	16.61075013198814
637	1 11	1 13	1 72	1 2	-254.66422618225357
638	1 12	1 14	1 13	1 15	263.49745739946377
639	1 12	1 14	1 17	1 19	-22.90810500210172
640	1 12	1 14	1 19	1 21	159.1128511379331
641	1 12	1 14	1 21	1 23	164.65086634952974
642	1 12	1 14	1 25	1 27	10.53647974878495
643	1 12	1 14	1 27	1 29	98.03088355565241
644	1 12	1 14	1 29	1 31	101.95605822770878
645	1 12	1 14	1 18	1 20	2.6196046000790854
646	1 12	1 14	1 20	1 22	299.2153582539104
647	1 12	1 14	1 24	1 26	-266.2477980105888
648	1 12	1 14	1 26	1 28	39.484014003405335
649	1 12	1 14	1 28	1 30	135.5315775020296
650	1 12	1 14	1 30	1 32	39.378154801208126
651	1 12	1 14	1 34	1 36	37.83031986230482
652	1 12	1 14	1 33	1 35	22.189382905258277
653	1 12	1 14	1 35	1 37	61.87156479507226
654	1 12	1 14	1 37	1 39	63.70760491592435
655	1 12	1 14	1 39	1 41	-125.91745905245418
656	1 12	1 14	1 41	1 43	20.914307786681587
657	1 12	1 14	1 43	1 45	43.253026496382624
658	1 12	1 14	1 45	1 47	41.758190061933234
659	1 12	1 14	1 47	1 49	-90.92150341789906
660	1 12	1 14	1 49	1 51	17.623751552795028
661	1 12	1 14	1 51	1 53	32.579945416901936
662	1 12	1 14	1 36	1 38	73.93799910329986
663	1 12	1 14	1 38	1 40	42.726382359449644
664	1 12	1 14	1 42	1 44	32.20329391015665
665	1 12	1 14	1 44	1 46	48.21245465198031
666	1 12	1 14	1 46	1 48	31.095840633174593
667	1 12	1 14	1 48	1 50	-97.93110805534336
668	1 12	1 14	1 50	1 52	26.26778417178661
669	1 12	1 14	1 52	1 54	33.58991112902726
670	1 12	1 14	1 54	1 56	24.04385520361991
671	1 12	1 14	1 53	1 55	31.927265636172564
672	1 12	1 14	1 55	1 57	-71.67979111886306
673	1 12	1 14	1 57	1 59	14.46039121694758
674	1 12	1 14	1 59	1 61	24.96162819114045
675	1 12	1 14	1 61	1 63	24.688717677572747
676	1 12	1 14	1 63	1 65	-57.419346003889196
677	1 12	1 14	1 65	1 67	12.77943799754295
678	1 12	1 14	1 67	1 69	20.724371590927355
679	1 12	1 14	1 69	1 71	18.249078984163912
680	1 12	1 14	1 71	1 1	-168.56860008008044
681	1 12	1 14	1 56	1 58	-75.08615443766521
682	1 12	1 14	1 58	1 60	22.544958936126
683	1 12	1 14	1 60	1 62	26.16638750180521
684	1 12	1 14	1 62	1 64	17.30086378050288
685	1 12	1 14	1 64	1 66	-59.639921150355725
686	1 12	1 14	1 66	1 68	18.717691752701818
687	1 12	1 14	1 68	1 70	21.433510478247236
688	1 12	1 14	1 70	1 72	10.829797661204344
689	1 13	1 15	1 14	1 16	335.5112373117943
690	1 13	1 15	1 18	1 20	-25.84184446162456
691	1 13	1 15	1 20	1 22	158.725745985179
692	1 13	1 15	1 22	1 24	248.95292234053298
693	1 13	1 15	1 26	1 28	6.617452706531687
694	1 13	1 15	1 28	1 30	105.14426447444632
695	1 13	1 15	1 30	1 32	126.31891283363322
696	1 13	1 15	1 32	1 34	-206.03302767478812
697	1 13	1 15	1 17	1 19	-16.36496630968388
698	1 13	1 15	1 19	1 21	-2.9278585851622703
699	1 13	1 15	1 21	1 23	330.81258977577164
700	1 13	1 15	1 23	1 25	-295.8436279408499
701	1 13	1 15	1 27	1 29	38.598436512315196
702	1 13	1 15	1 29	1 31	155.02843127605252
703	1 13	1 15	1 33	1 35	9.722280526804443
704	1 13	1 15	1 35	1 37	39.23244959039083
705	1 13	1 15	1 34	1 36	18.45425853485064
706	1 13	1 15	1 36	1 38	67.46963322848424
707	1 13	1 15	1 38	1 40	79.14832463263637
708	1 13	1 15	1 40	1 42	-147.9046867353053
709	1 13	1 15	1 42	1 44	21.629029414881842
710	1 13	1 15	1 44	1 46	47.19813760677713
711	1 13	1 15	1 46	1 48	47.6831946774644
712	1 13	1 15	1 48	1 50	-105.1236881007674
713	1 13	1 15	1 50	1 52	20.36599334121835
714	1 13	1 15	1 52	1 54	33.53634407331489
715	1 13	1 15	1 37	1 39	84.82934652751655
716	1 13	1 15	1 39	1 41	-117.689549429196
717	1 13	1 15	1 41	1 43	12.309471410102802
718	1 13	1 15	1 43	1 45	34.21391489455665
719	1 13	1 15	1 45	1 47	51.03823837467453
720	1 13	1 15	1 47	1 49	-86.17437098050937
721	1 13	1 15	1 49	1 51	12.367416289500376
722	1 13	1 15	1 51	1 53	28.538497375558766
723	1 13	1 15	1 53	1 55	36.70752730343864
724	1 13	1 15	1 55	1 57	-69.27721376995606
725	1 13	1 15	1 54	1 56	31.72708026509573
726	1 13	1 15	1 56	1 58	-77.95095420527394
727	1 13	1 15	1 58	1 60	18.950465612868832
728	1 13	1 15	1 60	1 62	26.601176394856694
729	1 13	1 15	1 62	1 64	21.102741903758293
730	1 13	1 15	1 64	1 66	-60.638387917803485
731	1 13	1 15	1 66	1 68	16.601930421613872
732	1 13	1 15	1 68	1 70	21.758438720553027
733	1 13	1 15	1 70	1 72	12.418243229422353
734	1 13	1 15	1 57	1 59	11.43433787629511
735	1 13	1 15	1 59	1 61	22.75819434676312
736	1 13	1 15	1 61	1 63	27.630183777433018
737	1 13	1 15	1 63	1 65	-56.21900975120257
738	1 13	1 15	1 65	1 67	10.89246619517191
739	1 13	1 15	1 67	1 69	19.604886911470334
740	1 13	1 15	1 69	1 71	19.673749377336737
741	1 14	1 16	1 17	1 19	-11.920387938323799
742	1 14	1 16	1 19	1 21	-29.46696928427344
743	1 14	1 16	1 21	1 23	219.3010394137915
744	1 14	1 16	1 25	1 27	-2.7309073851203456
745	1 14	1 16	1 27	1 29	9.872909782867499
746	1 14	1 16	1 29	1 31	144.78772980314886
747	1 14	1 16	1 33	1 35	5.441472880386099
748	1 14	1 16	1 18	1 20	-19.191312328175293
749	1 14	1 16	1 22	1 24	516.2389156942286
750	1 14	1 16	1 24	1 26	-475.79968926425533
751	1 14	1 16	1 26	1 28	-1.2403387543183433
752	1 14	1 16	1 28	1 30	53.63198356639642
753	1 14	1 16	1 30	1 32	207.57320104644575
754	1 14	1 16	1 34	1 36	10.060386346186736
755	1 14	1 16	1 36	1 38	52.02645975430107
756	1 14	1 16	1 35	1 37	24.21212217287794
757	1 14	1 16	1 37	1 39	88.27417466353815
758	1 14	1 16	1 39	1 41	-104.94819686879163
759	1 14	1 16	1 41	1 43	8.522046263164116
760	1 14	1 16	1 43	1 45	27.31029571930792
761	1 14	1 16	1 45	1 47	54.22730444524966
762	1 14	1 16	1 47	1 49	-80.17488444079235
763	1 14	1 16	1 49	1 51	9.632220858895707
764	1 14	1 16	1 51	1 53	25.10449684413277
765	1 14	1 16	1 53	1 55	39.25971797163642
766	1 14	1 16	1 38	1 40	110.67184284010605
767	1 14	1 16	1 42	1 44	15.767969714831537
768	1 14	1 16	1 44	1 46	42.1500835147383
769	1 14	1 16	1 46	1 48	61.09947187256548
770	1 14	1 16	1 48	1 50	-108.3497047053748
771	1 14	1 16	1 50	1 52	16.696899269133517
772	1 14	1 16	1 52	1 54	31.81859829978672
773	1 14	1 16	1 54	1 56	37.956868458002475
774	1 14	1 16	1 56	1 58	-78.77776842041098
775	1 14	1 16	1 55	1 57	-66.34832064977417
776	1 14	1 16	1 57	1 59	9.605045447283675
777	1 14	1 16	1 59	1 61	20.833389445498675
778	1 14	1 16	1 61	1 63	28.9934811851842
779	1 14	1 16	1 63	1 65	-54.28355144902234
780	1 14	1 16	1 65	1 67	9.64503258466969
781	1 14	1 16	1 67	1 69	18.484418005478958
782	1 14	1 16	1 69	1 71	20.270920369555824
783	1 14	1 16	1 71	1 1	-108.23808138100145
784	1 14	1 16	1 58	1 60	16.58221993018089
785	1 14	1 16	1 60	1 62	25.96281478322472
786	1 14	1 16	1 62	1 64	23.659240019130365
787	1 14	1 16	1 64	1 66	-60.68664465950408
788	1 14	1 16	1 66	1 68	15.079388996696242
789	1 14	1 16	1 68	1 70	21.525526495204723
790	1 14	1 16	1 70	1 72	13.296769673773625
791	1 15	1 17	1 16	1 18	961.9123132866766
792	1 15	1 17	1 18	1 20	-353.6628672006081
793	1 15	1 17	1 20	1 22	-297.94942643777154
794	1 15	1 17	1 22	1 24	-187.76559521123676
795	1 15	1 17	1 24	1 26	747.2487613889239
796	1 15	1 17	1 26	1 28	-265.333460923936
797	1 15	1 17	1 30	1 32	-119.45345575383178
798	1 15	1 17	1 32	1 34	510.3530513918629
799	1 15	1 17	1 23	1 25	844.2942397718508
800	1 15	1 17	1 25	1 27	-305.12353966034414
801	1 15	1 17	1 31	1 33	566.3238818587183
802	1 15	1 17	1 33	1 35	-196.297451639083
803	1 15	1 17	1 36	1 38	-158.6924394613294
804	1 15	1 17	1 38	1 40	-103.18974164330946
805	1 15	1 17	1 40	1 42	382.27331189710605
806	1 15	1 17	1 42	1 44	-131.8909961008705
807	1 15	1 17	1 44	1 46	-120.81199162679425
808	1 15	1 17	1 46	1 48	-75.15955941771466
809	1 15	1 17	1 48	1 50	288.12115119844793
810	1 15	1 17	1 50	1 52	-98.83958075175548
811	1 15	1 17	1 52	1 54	-91.57690762231667
812	1 15	1 17	1 54	1 56	-59.517554033279076
813	1 15	1 17	1 39	1 41	396.564104364433
814	1 15	1 17	1 41	1 43	-124.55139596620722
815	1 15	1 17	1 43	1 45	-129.21010119036129
816	1 15	1 17	1 45	1 47	-98.60632061940466
817	1 15	1 17	1 47	1 49	286.54204067076626
818	1 15	1 17	1 49	1 51	-82.23442604383632
819	1 15	1 17	1 51	1 53	-99.7352043897096
820	1 15	1 17	1 53	1 55	-80.93941001593896
821	1 15	1 17	1 55	1 57	223.66330907797288
822	1 15	1 17	1 57	1 59	-58.013356132238805
823	1 15	1 17	1 56	1 58	224.55626553483256
824	1 15	1 17	1 58	1 60	-79.86944572656282
825	1 15	1 17	1 60	1 62	-74.82127586329946
826	1 15	1 17	1 62	1 64	-45.25468220723137
827	1 15	1 17	1 64	1 66	179.49640225022895
828	1 15	1 17	1 66	1 68	-63.76769192672764
829	1 15	1 17	1 68	1 70	-62.87847436889133
830	1 15	1 17	1 70	1 72	-29.687596853629465
831	1 15	1 17	1 72	1 2	378.6049734018842
832	1 15	1 17	1 59	1 61	-78.95331034159159
833	1 15	1 17	1 61	1 63	-66.58663892998028
834	1 15	1 17	1 63	1 65	179.43943197030546
835	1 15	1 17	1 65	1 67	-46.707004363323506
836	1 15	1 17	1 67	1 69	-65.47850507478633
837	1 15	1 17	1 69	1 71	-51.381343420344926
838	1 15	1 17	1 71	1 1	506.3710787835249
839	1 16	1 18	1 23	1 25	716.8849493632141
840	1 16	1 18	1 31	1 33	525.2896872050471
841	1 16	1 18	1 33	1 35	-112.01951782519764
842	1 16	1 18	1 24	1 26	949.0524583817266
843	1 16	1 18	1 32	1 34	580.9079748335172
844	1 16	1 18	1 37	1 39	-174.76003602508027
845	1 16	1 18	1 39	1 41	380.27990470628174
846	1 16	1 18	1 41	1 43	-84.23181303432436
847	1 16	1 18	1 43	1 45	-126.24321652818432
848	1 16	1 18	1 45	1 47	-121.47050337446588
849	1 16	1 18	1 47	1 49	277.5130083120205
850	1 16	1 18	1 49	1 51	-62.940511204481794
851	1 16	1 18	1 51	1 53	-97.96300791180855
852	1 16	1 18	1 53	1 55	-95.47512751130623
853	1 16	1 18	1 55	1 57	221.79434517637844
854	1 16	1 18	1 40	1 42	417.48079885360795
855	1 16	1 18	1 42	1 44	-109.62219048275452
856	1 16	1 18	1 44	1 46	-131.87408830328246
857	1 16	1 18	1 46	1 48	-105.81326961002156
858	1 16	1 18	1 48	1 50	305.52413174743276
859	1 16	1 18	1 50	1 52	-85.76103175479687
860	1 16	1 18	1 52	1 54	-97.96388779421774
861	1 16	1 18	1 56	1 58	232.62438597084707
862	1 16	1 18	1 58	1 60	-71.87303787741736
863	1 16	1 18	1 57	1 59	-48.696946848806846
864	1 16	1 18	1 59	1 61	-76.97263929541793
865	1 16	1 18	1 61	1 63	-75.21097132194039
866	1 16	1 18	1 63	1 65	179.12986597140466
867	1 16	1 18	1 65	1 67	-41.55988708306903
868	1 16	1 18	1 67	1 69	-64.35850686704109
869	1 16	1 18	1 69	1 71	-56.04199091740222
870	1 16	1 18	1 71	1 1	445.72846016973017
871	1 16	1 18	1 60	1 62	-79.10489547221346
872	1 16	1 18	1 62	1 64	-54.24024980165247
873	1 16	1 18	1 64	1 66	185.33528535876965
874	1 16	1 18	1 66	1 68	-59.530867707870954
875	1 16	1 18	1 68	1 70	-65.81352584042759
876	1 16	1 18	1 70	1 72	-33.68796258341938
877	1 16	1 18	1 72	1 2	396.89690467549747
878	1 17	1 19	1 18	1 20	204.4856356882534
879	1 17	1 19	1 20	1 22	-47.84170838841166
880	1 17	1 19	1 22	1 24	-12.841433980723897
881	1 17	1 19	1 26	1 28	153.43590039824392
882	1 17	1 19	1 28	1 30	-18.350548292285534
883	1 17	1 19	1 30	1 32	-8.276760419082622
884	1 17	1 19	1 34	1 36	96.3816312358904
885	1 17	1 19	1 36	1 38	9.046087729065732
886	1 17	1 19	1 21	1 23	-20.496415127577244
887	1 17	1 19	1 25	1 27	325.1744603586138
888	1 17	1 19	1 27	1 29	7.836443036274474
889	1 17	1 19	1 29	1 31	-12.680958527835733
890	1 17	1 19	1 33	1 35	159.00384121206397
891	1 17	1 19	1 35	1 37	39.963221010678126
892	1 17	1 19	1 39	1 41	-128.77981522956327
893	1 17	1 19	1 40	1 42	-90.14028124471145
894	1 17	1 19	1 42	1 44	62.636467923587865
895	1 17	1 19	1 44	1 46	19.00322387740652
896	1 17	1 19	1 46	1 48	3.6570347037498676
897	1 17	1 19	1 48	1 50	-74.1966336432605
898	1 17	1 19	1 50	1 52	43.034501245872534
899	1 17	1 19	1 52	1 54	19.766975378183886
900	1 17	1 19	1 54	1 56	6.437910143527408
901	1 17	1 19	1 56	1 58	-61.12302210518578
902	1 17	1 19	1 41	1 43	82.16349152736701
903	1 17	1 19	1 43	1 45	36.66906591136511
904	1 17	1 19	1 45	1 47	8.743242942345098
905	1 17	1 19	1 47	1 49	-93.05362894779691
906	1 17	1 19	1 49	1 51	45.48530556294561
907	1 17	1 19	1 51	1 53	30.457540404646366
908	1 17	1 19	1 53	1 55	12.305571006702129
909	1 17	1 19	1 55	1 57	-70.44469405299193
910	1 17	1 19	1 57	1 59	27.49643555611754
911	1 17	1 19	1 59	1 61	25.428105232892467
912	1 17	1 19	1 58	1 60	31.787568282263756
913	1 17	1 19	1 60	1 62	18.201479651194326
914	1 17	1 19	1 62	1 64	7.057404628725645
915	1 17	1 19	1 64	1 66	-50.54122764104071
916	1 17	1 19	1 66	1 68	23.679379017455105
917	1 17	1 19	1 68	1 70	16.545070577299008
918	1 17	1 19	1 70	1 72	5.868556193188356
919	1 17	1 19	1 61	1 63	12.78647735912292
920	1 17	1 19	1 63	1 65	-55.73658485850085
921	1 17	1 19	1 65	1 67	19.40608941001429
922	1 17	1 19	1 67	1 69	20.87081880567044
923	1 17	1 19	1 69	1 71	11.719750605917206
924	1 18	1 20	1 19	1 21	201.02463771639268
925	1 18	1 20	1 21	1 23	-48.89644537615871
926	1 18	1 20	1 25	1 27	160.20448017707503
927	1 18	1 20	1 27	1 29	141.67866311257345
928	1 18	1 20	1 29	1 31	-20.326676092630144
929	1 18	1 20	1 33	1 35	104.34786409070205
930	1 18	1 20	1 35	1 37	86.05447783021712
931	1 18	1 20	1 37	1 39	8.05449715955095
932	1 18	1 20	1 22	1 24	-24.546498390461586
933	1 18	1 20	1 26	1 28	253.37346358775415
934	1 18	1 20	1 30	1 32	-14.38199492235773
935	1 18	1 20	1 34	1 36	116.82393071851531
936	1 18	1 20	1 36	1 38	35.98517468727476
937	1 18	1 20	1 39	1 41	-147.41559372423376
938	1 18	1 20	1 41	1 43	63.661953237075394
939	1 18	1 20	1 43	1 45	55.16514436663194
940	1 18	1 20	1 45	1 47	18.126214898141264
941	1 18	1 20	1 47	1 49	-106.0649586257792
942	1 18	1 20	1 49	1 51	39.818151255682864
943	1 18	1 20	1 51	1 53	39.82320308030306
944	1 18	1 20	1 53	1 55	20.140098702371905
945	1 18	1 20	1 55	1 57	-82.21738918248411
946	1 18	1 20	1 57	1 59	26.2512802870865
947	1 18	1 20	1 42	1 44	67.76882417125762
948	1 18	1 20	1 44	1 46	35.43805007824726
949	1 18	1 20	1 46	1 48	7.950261857171633
950	1 18	1 20	1 48	1 50	-93.41922646993069
951	1 18	1 20	1 50	1 52	45.532612843555654
952	1 18	1 20	1 52	1 54	29.595395785949812
953	1 18	1 20	1 54	1 56	11.167312077593769
954	1 18	1 20	1 56	1 58	-75.23204581934627
955	1 18	1 20	1 58	1 60	34.11790563318426
956	1 18	1 20	1 60	1 62	24.56646241524473
957	1 18	1 20	1 59	1 61	30.697048585462596
958	1 18	1 20	1 61	1 63	18.65206636696665
959	1 18	1 20	1 63	1 65	-65.36478280025759
960	1 18	1 20	1 65	1 67	19.855187264721646
961	1 18	1 20	1 67	1 69	24.636711183677598
962	1 18	1 20	1 69	1 71	15.778505283951276
963	1 18	1 20	1 71	1 1	-232.25950545884922
964	1 18	1 20	1 62	1 64	10.720068785316629
965	1 18	1 20	1 64	1 66	-61.42182038413656
966	1 18	1 20	1 66	1 68	25.831309588055404
967	1 18	1 20	1 68	1 70	21.201761658089495
968	1 18	1 20	1 70	1 72	8.20546338193397
969	1 19	1 21	1 20	1 22	189.16832456966858
970	1 19	1 21	1 22	1 24	-58.84827461304356
971	1 19	1 21	1 26	1 28	140.91364030529974
972	1 19	1 21	1 28	1 30	141.0184757877781
973	1 19	1 21	1 30	1 32	-24.162744424150777
974	1 19	1 21	1 32	1 34	-194.18517518939393
975	1 19	1 21	1 34	1 36	87.28228003721424
976	1 19	1 21	1 36	1 38	84.76716602646181
977	1 19	1 21	1 38	1 40	9.945141256313132
978	1 19	1 21	1 25	1 27	11.332285349670233
979	1 19	1 21	1 27	1 29	245.39230854282104
980	1 19	1 21	1 33	1 35	44.60952673741134
981	1 19	1 21	1 35	1 37	113.2494793418943
982	1 19	1 21	1 37	1 39	34.562795024863135
983	1 19	1 21	1 39	1 41	-157.49339289845014
984	1 19	1 21	1 41	1 43	38.90969954835553
985	1 19	1 21	1 40	1 42	-146.5945183118523
986	1 19	1 21	1 42	1 44	57.79668288256363
987	1 19	1 21	1 44	1 46	56.72890611188885
988	1 19	1 21	1 46	1 48	17.337697486548095
989	1 19	1 21	1 48	1 50	-112.3984094667384
990	1 19	1 21	1 50	1 52	41.63229010563509
991	1 19	1 21	1 52	1 54	40.09263406373813
992	1 19	1 21	1 54	1 56	18.648341433822473
993	1 19	1 21	1 56	1 58	-88.4546140944661
994	1 19	1 21	1 58	1 60	32.87605573237198
995	1 19	1 21	1 43	1 45	66.19272496898165
996	1 19	1 21	1 45	1 47	34.91645753316483
997	1 19	1 21	1 49	1 51	29.84157779749548
998	1 19	1 21	1 51	1 53	45.29897394032527
999	1 19	1 21	1 53	1 55	30.707890529452605
1000	1 19	1 21	1 55	1 57	-90.67660335102853
1001	1 19	1 21	1 57	1 59	22.457917956649958
1002	1 19	1 21	1 59	1 61	33.58605905175248
1003	1 19	1 21	1 61	1 63	25.80340976331361
1004	1 19	1 21	1 60	1 62	31.090503096291876
1005	1 19	1 21	1 62	1 64	15.914352687243536
1006	1 19	1 21	1 64	1 66	-71.26247192340139
1007	1 19	1 21	1 66	1 68	25.990752655679472
1008	1 19	1 21	1 68	1 70	25.523761325733734
1009	1 19	1 21	1 70	1 72	11.142061402129691
1010	1 19	1 21	1 63	1 65	-72.25952154347928
1011	1 19	1 21	1 65	1 67	18.531477809715888
1012	1 19	1 21	1 67	1 69	26.978110448295205
1013	1 19	1 21	1 69	1 71	20.218828160512725
1014	1 20	1 22	1 21	1 23	185.70430446521766
1015	1 20	1 22	1 25	1 27	-17.154255172307884
1016	1 20	1 22	1 27	1 29	134.15299455291543
1017	1 20	1 22	1 29	1 31	136.5546992255853
1018	1 20	1 22	1 33	1 35	11.64184669704333
1019	1 20	1 22	1 35	1 37	82.84286454775781
1020	1 20	1 22	1 37	1 39	84.46791290865212
1021	1 20	1 22	1 39	1 41	-156.6627319997541
1022	1 20	1 22	1 26	1 28	4.811802772702287
1023	1 20	1 22	1 28	1 30	243.610873342326
1024	1 20	1 22	1 30	1 32	-3.117430011584
1025	1 20	1 22	1 34	1 36	35.257057561915765
1026	1 20	1 22	1 36	1 38	110.63867211061171
1027	1 20	1 22	1 38	1 40	39.6867638524135
1028	1 20	1 22	1 40	1 42	-158.47361161117533
1029	1 20	1 22	1 42	1 44	35.699277370401475
1030	1 20	1 22	1 41	1 43	18.760742990831815
1031	1 20	1 22	1 43	1 45	55.949766860336055
1032	1 20	1 22	1 45	1 47	53.93320200217388
1033	1 20	1 22	1 47	1 49	-111.3719354185939
1034	1 20	1 22	1 49	1 51	18.643726691342735
1035	1 20	1 22	1 51	1 53	41.00967166460343
1036	1 20	1 22	1 53	1 55	40.211059511542075
1037	1 20	1 22	1 55	1 57	-87.82418290746807
1038	1 20	1 22	1 57	1 59	16.41845971407027
1039	1 20	1 22	1 59	1 61	30.81629118814892
1040	1 20	1 22	1 44	1 46	65.19510126582279
1041	1 20	1 22	1 46	1 48	34.30551656431466
1042	1 20	1 22	1 48	1 50	-118.37654852320675
1043	1 20	1 22	1 50	1 52	30.634131181303697
1044	1 20	1 22	1 52	1 54	43.27378794854856
1045	1 20	1 22	1 54	1 56	28.45451198590439
1046	1 20	1 22	1 56	1 58	-91.26285430309332
1047	1 20	1 22	1 58	1 60	26.729121428928803
1048	1 20	1 22	1 60	1 62	32.760559117570956
1049	1 20	1 22	1 62	1 64	20.91636876302865
1050	1 20	1 22	1 61	1 63	30.75086813757974
1051	1 20	1 22	1 63	1 65	-70.16769760781342
1052	1 20	1 22	1 65	1 67	15.024375323106872
1053	1 20	1 22	1 67	1 69	25.399327082818193
1054	1 20	1 22	1 69	1 71	22.568245285538687
1055	1 20	1 22	1 71	1 1	-148.4935843775342
1056	1 20	1 22	1 64	1 66	-72.59636106469219
1057	1 20	1 22	1 66	1 68	22.411499564053507
1058	1 20	1 22	1 68	1 70	26.518157435351846
1059	1 20	1 22	1 70	1 72	13.278582529582756
1060	1 21	1 23	1 22	1 24	250.14846655963396
1061	1 21	1 23	1 26	1 28	-18.838062044541488
1062	1 21	1 23	1 28	1 30	154.32080354963426
1063	1 21	1 23	1 30	1 32	161.43221094810534
1064	1 21	1 23	1 34	1 36	9.846631405724057
1065	1 21	1 23	1 36	1 38	95.2917869483017
1066	1 21	1 23	1 38	1 40	106.18010387125953
1067	1 21	1 23	1 40	1 42	-191.66770205572703
1068	1 21	1 23	1 25	1 27	-11.370696956156104
1069	1 21	1 23	1 27	1 29	3.82724534961664
1070	1 21	1 23	1 29	1 31	292.5783323794634
1071	1 21	1 23	1 35	1 37	39.1410722872365
1072	1 21	1 23	1 37	1 39	131.511592578815
1073	1 21	1 23	1 41	1 43	10.007316748218965
1074	1 21	1 23	1 43	1 45	41.18412652499231
1075	1 21	1 23	1 42	1 44	21.56906744466177
1076	1 21	1 23	1 44	1 46	63.985628972319915
1077	1 21	1 23	1 46	1 48	63.61315651671926
1078	1 21	1 23	1 48	1 50	-135.23253789342345
1079	1 21	1 23	1 50	1 52	23.074689148512213
1080	1 21	1 23	1 52	1 54	44.242435851287524
1081	1 21	1 23	1 54	1 56	42.2855098404747
1082	1 21	1 23	1 56	1 58	-99.9455420032512
1083	1 21	1 23	1 58	1 60	22.52437618403509
1084	1 21	1 23	1 60	1 62	34.569779081549754
1085	1 21	1 23	1 45	1 47	72.04693624802313
1086	1 21	1 23	1 47	1 49	-109.25168140316
1087	1 21	1 23	1 49	1 51	12.647231333204708
1088	1 21	1 23	1 51	1 53	35.45865985386
1089	1 21	1 23	1 53	1 55	49.675354881583075
1090	1 21	1 23	1 55	1 57	-88.13823151027377
1091	1 21	1 23	1 57	1 59	12.9402565346863
1092	1 21	1 23	1 59	1 61	28.416990229666286
1093	1 21	1 23	1 61	1 63	36.63403200266689
1094	1 21	1 23	1 63	1 65	-71.05598638380116
1095	1 21	1 23	1 62	1 64	27.987981936357734
1096	1 21	1 23	1 64	1 66	-77.70869140457751
1097	1 21	1 23	1 66	1 68	20.28355368052087
1098	1 21	1 23	1 68	1 70	28.084283006566118
1099	1 21	1 23	1 70	1 72	16.270784685060807
1100	1 21	1 23	1 72	1 2	-140.4010541678016
1101	1 21	1 23	1 65	1 67	12.949697430634938
1102	1 21	1 23	1 67	1 69	24.63096114531611
1103	1 21	1 23	1 69	1 71	25.734890089925628
1104	1 22	1 24	1 25	1 27	-7.160137023954679
1105	1 22	1 24	1 27	1 29	-18.82210796490505
1106	1 22	1 24	1 29	1 31	194.22758343274037
1107	1 22	1 24	1 35	1 37	14.632486837392626
1108	1 22	1 24	1 37	1 39	118.81068725978145
1109	1 22	1 24	1 39	1 41	-121.89206788059616
1110	1 22	1 24	1 41	1 43	6.274231747140671
1111	1 22	1 24	1 26	1 28	-11.924936119661949
1112	1 22	1 24	1 28	1 30	14.371409097881715
1113	1 22	1 24	1 30	1 32	351.9863639048013
1114	1 22	1 24	1 34	1 36	3.1546611508024878
1115	1 22	1 24	1 36	1 38	51.88790287456446
1116	1 22	1 24	1 38	1 40	167.7982704292577
1117	1 22	1 24	1 42	1 44	13.483180184785322
1118	1 22	1 24	1 44	1 46	48.81742063907805
1119	1 22	1 24	1 43	1 45	27.1233734250973
1120	1 22	1 24	1 45	1 47	71.86698449394443
1121	1 22	1 24	1 47	1 49	-94.36400887974443
1122	1 22	1 24	1 49	1 51	9.032720579860861
1123	1 22	1 24	1 51	1 53	27.950001501627153
1124	1 22	1 24	1 53	1 55	51.36360855979528
1125	1 22	1 24	1 55	1 57	-80.1068696768518
1126	1 22	1 24	1 57	1 59	10.114845516368899
1127	1 22	1 24	1 59	1 61	24.137282783950056
1128	1 22	1 24	1 61	1 63	37.59286703299239
1129	1 22	1 24	1 46	1 48	88.22613175015871
1130	1 22	1 24	1 48	1 50	-137.9953116710875
1131	1 22	1 24	1 50	1 52	17.0599375906324
1132	1 22	1 24	1 52	1 54	38.40538110572466
1133	1 22	1 24	1 54	1 56	52.68207559681698
1134	1 22	1 24	1 56	1 58	-99.13599548663015
1135	1 22	1 24	1 58	1 60	18.261778201808184
1136	1 22	1 24	1 60	1 62	32.02171310390936
1137	1 22	1 24	1 62	1 64	31.92734377548384
1138	1 22	1 24	1 64	1 66	-75.53400613395226
1139	1 22	1 24	1 63	1 65	-66.04912965741366
1140	1 22	1 24	1 65	1 67	10.782267233474247
1141	1 22	1 24	1 67	1 69	22.005973797433185
1142	1 22	1 24	1 69	1 71	25.921695877228444
1143	1 22	1 24	1 71	1 1	-111.90984603202781
1144	1 22	1 24	1 66	1 68	17.267744426289482
1145	1 22	1 24	1 68	1 70	26.686486266710716
1146	1 22	1 24	1 70	1 72	17.52590607327268
1147	1 23	1 25	1 24	1 26	765.6332626937237
1148	1 23	1 25	1 28	1 30	-267.7938623640106
1149	1 23	1 25	1 30	1 32	-122.48740119485944
1150	1 23	1 25	1 32	1 34	615.6519053484119
1151	1 23	1 25	1 38	1 40	-113.3932739456879
1152	1 23	1 25	1 40	1 42	465.87165292969576
1153	1 23	1 25	1 27	1 29	-253.17554058231627
1154	1 23	1 25	1 29	1 31	-269.68121715831643
1155	1 23	1 25	1 31	1 33	775.8489429723725
1156	1 23	1 25	1 33	1 35	-289.13603446847293
1157	1 23	1 25	1 37	1 39	-164.3315534737945
1158	1 23	1 25	1 39	1 41	508.2271723772518
1159	1 23	1 25	1 41	1 43	-173.0878153821585
1160	1 23	1 25	1 44	1 46	-148.8437904980535
1161	1 23	1 25	1 46	1 48	-86.49258352633743
1162	1 23	1 25	1 48	1 50	359.50392113466046
1163	1 23	1 25	1 50	1 52	-130.08955805166414
1164	1 23	1 25	1 52	1 54	-114.02876062372117
1165	1 23	1 25	1 54	1 56	-70.6168887085093
1166	1 23	1 25	1 56	1 58	280.6206341577516
1167	1 23	1 25	1 58	1 60	-103.58011001259683
1168	1 23	1 25	1 60	1 62	-92.96893745492007
1169	1 23	1 25	1 62	1 64	-54.44234568288057
1170	1 23	1 25	1 47	1 49	362.97013847108593
1171	1 23	1 25	1 49	1 51	-111.78159806492596
1172	1 23	1 25	1 51	1 53	-125.93295010101718
1173	1 23	1 25	1 53	1 55	-98.48089780681181
1174	1 23	1 25	1 55	1 57	284.44292941303644
1175	1 23	1 25	1 57	1 59	-77.06880690413288
1176	1 23	1 25	1 59	1 61	-100.04826327516577
1177	1 23	1 25	1 61	1 63	-81.37698696254812
1178	1 23	1 25	1 63	1 65	226.83608089258993
1179	1 23	1 25	1 65	1 67	-60.80461191179882
1180	1 23	1 25	1 64	1 66	225.3279052420039
1181	1 23	1 25	1 66	1 68	-82.16467188610545
1182	1 23	1 25	1 68	1 70	-78.55306847472927
1183	1 23	1 25	1 70	1 72	-36.24642530379465
1184	1 23	1 25	1 72	1 2	301.9187436228123
1185	1 23	1 25	1 67	1 69	-82.73191077583772
1186	1 23	1 25	1 69	1 71	-63.33954280531111
1187	1 23	1 25	1 71	1 1	377.3799019607843
1188	1 24	1 26	1 25	1 27	-121.60417876738789
1189	1 24	1 26	1 27	1 29	-286.3939739442212
1190	1 24	1 26	1 29	1 31	-301.83288195698265
1191	1 24	1 26	1 31	1 33	627.698306871744
1192	1 24	1 26	1 33	1 35	-115.73358914019656
1193	1 24	1 26	1 35	1 37	-218.88474255560587
1194	1 24	1 26	1 37	1 39	-212.28795059984023
1195	1 24	1 26	1 39	1 41	460.21838964673475
1196	1 24	1 26	1 41	1 43	-94.13755963456872
1197	1 24	1 26	1 43	1 45	-158.64791707564927
1198	1 24	1 26	1 32	1 34	760.7348266841072
1199	1 24	1 26	1 36	1 38	-208.12797109873077
1200	1 24	1 26	1 40	1 42	516.6622737208463
1201	1 24	1 26	1 44	1 46	-160.445448441247
1202	1 24	1 26	1 45	1 47	-151.14297744007519
1203	1 24	1 26	1 47	1 49	343.2273698397644
1204	1 24	1 26	1 49	1 51	-74.58069064987276
1205	1 24	1 26	1 51	1 53	-123.02662873876926
1206	1 24	1 26	1 53	1 55	-119.24228788542695
1207	1 24	1 26	1 55	1 57	272.80317830770485
1208	1 24	1 26	1 57	1 59	-58.609048809885145
1209	1 24	1 26	1 59	1 61	-95.56354769394376
1210	1 24	1 26	1 61	1 63	-93.6807084546081
1211	1 24	1 26	1 63	1 65	221.3620797821823
1212	1 24	1 26	1 48	1 50	380.3374593175853
1213	1 24	1 26	1 50	1 52	-106.628006805419
1214	1 24	1 26	1 52	1 54	-122.81199091162361
1215	1 24	1 26	1 54	1 56	-96.51272965879267
1216	1 24	1 26	1 56	1 58	289.7700590298485
1217	1 24	1 26	1 58	1 60	-88.76402980506883
1218	1 24	1 26	1 60	1 62	-97.96245774987928
1219	1 24	1 26	1 62	1 64	-67.48793204236158
1220	1 24	1 26	1 64	1 66	228.7904678982435
1221	1 24	1 26	1 66	1 68	-72.75940440548906
1222	1 24	1 26	1 65	1 67	-50.61913234911579
1223	1 24	1 26	1 67	1 69	-79.56756565189674
1224	1 24	1 26	1 69	1 71	-69.57220973226063
1225	1 24	1 26	1 71	1 1	346.4026142150419
1226	1 24	1 26	1 68	1 70	-81.70708667425932
1227	1 24	1 26	1 70	1 72	-42.03770783564262
1228	1 24	1 26	1 72	1 2	309.10520141766085
1229	1 25	1 27	1 26	1 28	182.28004431536192
1230	1 25	1 27	1 28	1 30	-51.00821185428275
1231	1 25	1 27	1 30	1 32	-8.94667714041891
1232	1 25	1 27	1 34	1 36	136.52332692888945
1233	1 25	1 27	1 36	1 38	-19.459576895895964
1234	1 25	1 27	1 38	1 40	-5.379038603910201
1235	1 25	1 27	1 40	1 42	-102.00431381879753
1236	1 25	1 27	1 42	1 44	91.84711044059935
1237	1 25	1 27	1 44	1 46	8.330610373694672
1238	1 25	1 27	1 29	1 31	-18.429886294915864
1239	1 25	1 27	1 33	1 35	312.7114287387751
1240	1 25	1 27	1 35	1 37	3.1584982157748955
1241	1 25	1 27	1 37	1 39	-11.24265667683025
1242	1 25	1 27	1 41	1 43	144.76233626791196
1243	1 25	1 27	1 43	1 45	34.33695322675772
1244	1 25	1 27	1 45	1 47	0.9687339716366747
1245	1 25	1 27	1 47	1 49	-118.63696417829775
1246	1 25	1 27	1 48	1 50	-88.19655474035358
1247	1 25	1 27	1 50	1 52	62.966976580626934
1248	1 25	1 27	1 52	1 54	18.041410622223992
1249	1 25	1 27	1 54	1 56	3.604527506165982
1250	1 25	1 27	1 56	1 58	-74.24077016568903
1251	1 25	1 27	1 58	1 60	45.433909087509136
1252	1 25	1 27	1 60	1 62	19.696894520816755
1253	1 25	1 27	1 62	1 64	5.935776472143591
1254	1 25	1 27	1 64	1 66	-62.7902650670227
1255	1 25	1 27	1 49	1 51	74.9241594691229
1256	1 25	1 27	1 51	1 53	35.51561305594349
1257	1 25	1 27	1 53	1 55	8.966812877106607
1258	1 25	1 27	1 55	1 57	-91.91166097060834
1259	1 25	1 27	1 57	1 59	42.70281738955443
1260	1 25	1 27	1 59	1 61	32.371512032978195
1261	1 25	1 27	1 61	1 63	12.069114883574109
1262	1 25	1 27	1 63	1 65	-72.44010030944989
1263	1 25	1 27	1 65	1 67	28.678290830628512
1264	1 25	1 27	1 67	1 69	26.96792671262347
1265	1 25	1 27	1 66	1 68	33.14509690688392
1266	1 25	1 27	1 68	1 70	19.389409733327646
1267	1 25	1 27	1 70	1 72	5.895900645328238
1268	1 25	1 27	1 72	1 2	-101.7229349031063
1269	1 25	1 27	1 69	1 71	12.702731558421167
1270	1 25	1 27	1 71	1 1	-162.43069756119152
1271	1 26	1 28	1 27	1 29	165.0790342147103
1272	1 26	1 28	1 29	1 31	-45.88814080068339
1273	1 26	1 28	1 33	1 35	141.80464756334993
1274	1 26	1 28	1 35	1 37	119.74884921810121
1275	1 26	1 28	1 37	1 39	-19.002493780955007
1276	1 26	1 28	1 39	1 41	-179.00693135203747
1277	1 26	1 28	1 41	1 43	89.6632533310796
1278	1 26	1 28	1 43	1 45	74.46207374876579
1279	1 26	1 28	1 45	1 47	8.165030214475518
1280	1 26	1 28	1 30	1 32	-18.076502992217804
1281	1 26	1 28	1 34	1 36	229.0440552062746
1282	1 26	1 28	1 38	1 40	-9.83858166469462
1283	1 26	1 28	1 40	1 42	-141.37288566283297
1284	1 26	1 28	1 42	1 44	105.57298370561358
1285	1 26	1 28	1 44	1 46	31.378921348314606
1286	1 26	1 28	1 48	1 50	-106.96463366336633
1287	1 26	1 28	1 47	1 49	-130.99140799051713
1288	1 26	1 28	1 49	1 51	55.65709292998521
1289	1 26	1 28	1 51	1 53	51.63621609071724
1290	1 26	1 28	1 53	1 55	17.550930795144183
1291	1 26	1 28	1 55	1 57	-100.49470678154617
1292	1 26	1 28	1 57	1 59	35.879178508665774
1293	1 26	1 28	1 59	1 61	39.28836614274127
1294	1 26	1 28	1 61	1 63	18.966445298846555
1295	1 26	1 28	1 63	1 65	-80.53093040917439
1296	1 26	1 28	1 65	1 67	26.430377072821585
1297	1 26	1 28	1 50	1 52	64.91043229071164
1298	1 26	1 28	1 52	1 54	32.60335379278182
1299	1 26	1 28	1 54	1 56	7.472572569458267
1300	1 26	1 28	1 56	1 58	-89.61955343062253
1301	1 26	1 28	1 58	1 60	46.22722305721315
1302	1 26	1 28	1 60	1 62	28.324449877594976
1303	1 26	1 28	1 62	1 64	9.742466523178269
1304	1 26	1 28	1 64	1 66	-73.85244946183705
1305	1 26	1 28	1 66	1 68	33.94706470943632
1306	1 26	1 28	1 68	1 70	24.996084213909647
1307	1 26	1 28	1 67	1 69	31.094271515729016
1308	1 26	1 28	1 69	1 71	17.48291557962639
1309	1 26	1 28	1 71	1 1	-162.0533911522078
1310	1 26	1 28	1 70	1 72	8.47503318400531
1311	1 27	1 29	1 28	1 30	178.47880674915942
1312	1 27	1 29	1 30	1 32	-52.84564415172099
1313	1 27	1 29	1 34	1 36	129.0549332314497
1314	1 27	1 29	1 36	1 38	125.24997275776673
1315	1 27	1 29	1 38	1 40	-19.292806601950005
1316	1 27	1 29	1 40	1 42	-181.01395787483756
1317	1 27	1 29	1 42	1 44	82.15332141840511
1318	1 27	1 29	1 44	1 46	80.6645939592504
1319	1 27	1 29	1 46	1 48	7.289260699157889
1320	1 27	1 29	1 33	1 35	5.4497462156968695
1321	1 27	1 29	1 37	1 39	-1.6274260490018533
1322	1 27	1 29	1 39	1 41	-194.18296258602305
1323	1 27	1 29	1 41	1 43	36.26190083795841
1324	1 27	1 29	1 43	1 45	106.12092831555725
1325	1 27	1 29	1 45	1 47	34.14431121163408
1326	1 27	1 29	1 47	1 49	-148.07716096938213
1327	1 27	1 29	1 49	1 51	34.75876571774551
1328	1 27	1 29	1 48	1 50	-140.83504347240836
1329	1 27	1 29	1 50	1 52	56.75470581465635
1330	1 27	1 29	1 52	1 54	55.11713845363127
1331	1 27	1 29	1 54	1 56	17.389707900809377
1332	1 27	1 29	1 56	1 58	-111.4569026353011
1333	1 27	1 29	1 58	1 60	43.98761642498699
1334	1 27	1 29	1 60	1 62	41.163736194612525
1335	1 27	1 29	1 62	1 64	17.607970843135206
1336	1 27	1 29	1 64	1 66	-90.98024877889152
1337	1 27	1 29	1 66	1 68	34.280126987515885
1338	1 27	1 29	1 51	1 53	65.31824102094885
1339	1 27	1 29	1 53	1 55	36.08605049976184
1340	1 27	1 29	1 55	1 57	-116.05189715014285
1341	1 27	1 29	1 57	1 59	28.130269772611225
1342	1 27	1 29	1 59	1 61	45.86673229376521
1343	1 27	1 29	1 61	1 63	31.589001128441893
1344	1 27	1 29	1 63	1 65	-93.24508524284589
1345	1 27	1 29	1 65	1 67	23.818835281639892
1346	1 27	1 29	1 67	1 69	35.733331752457104
1347	1 27	1 29	1 69	1 71	25.35413681197643
1348	1 27	1 29	1 68	1 70	33.28225367325845
1349	1 27	1 29	1 70	1 72	13.343364287641073
1350	1 27	1 29	1 72	1 2	-137.95780524694322
1351	1 27	1 29	1 71	1 1	-154.35717538659446
1352	1 28	1 30	1 29	1 31	179.13891299584915
1353	1 28	1 30	1 33	1 35	-17.082967533222035
1354	1 28	1 30	1 35	1 37	131.12901679643915
1355	1 28	1 30	1 37	1 39	131.1737454192627
1356	1 28	1 30	1 41	1 43	9.734268173518362
1357	1 28	1 30	1 43	1 45	86.5538495556996
1358	1 28	1 30	1 45	1 47	82.31617955929084
1359	1 28	1 30	1 47	1 49	-159.04186831531177
1360	1 28	1 30	1 36	1 38	233.43907620042398
1361	1 28	1 30	1 38	1 40	5.061285694284435
1362	1 28	1 30	1 42	1 44	39.28761009285374
1363	1 28	1 30	1 44	1 46	112.25991948376029
1364	1 28	1 30	1 46	1 48	34.78357492803331
1365	1 28	1 30	1 48	1 50	-163.07174067142356
1366	1 28	1 30	1 50	1 52	39.224623358193014
1367	1 28	1 30	1 49	1 51	18.92252596527588
1368	1 28	1 30	1 51	1 53	60.87872016156973
1369	1 28	1 30	1 53	1 55	59.069767830492225
1370	1 28	1 30	1 55	1 57	-122.89948394459847
1371	1 28	1 30	1 57	1 59	19.9777036026559
1372	1 28	1 30	1 59	1 61	44.27599586372445
1373	1 28	1 30	1 61	1 63	44.36321514574318
1374	1 28	1 30	1 63	1 65	-98.19833698207663
1375	1 28	1 30	1 65	1 67	19.585261924661758
1376	1 28	1 30	1 67	1 69	35.83999244919229
1377	1 28	1 30	1 52	1 54	67.84009007605925
1378	1 28	1 30	1 54	1 56	36.00849340873722
1379	1 28	1 30	1 58	1 60	35.79134245942236
1380	1 28	1 30	1 60	1 62	48.54044626311925
1381	1 28	1 30	1 62	1 64	28.482125319240915
1382	1 28	1 30	1 64	1 66	-101.54674779572522
1383	1 28	1 30	1 66	1 68	30.51160785922302
1384	1 28	1 30	1 68	1 70	38.136058677204915
1385	1 28	1 30	1 70	1 72	18.590759162303666
1386	1 28	1 30	1 69	1 71	32.272407908990274
1387	1 28	1 30	1 71	1 1	-145.17428084523942
1388	1 28	1 30	1 72	1 2	-142.23320516166623
1389	1 29	1 31	1 30	1 32	223.9180502105569
1390	1 29	1 31	1 34	1 36	-18.342775524329127
1391	1 29	1 31	1 36	1 38	134.25673340995274
1392	1 29	1 31	1 38	1 40	169.1356328587827
1393	1 29	1 31	1 42	1 44	12.229703593142673
1394	1 29	1 31	1 44	1 46	91.22400516514756
1395	1 29	1 31	1 46	1 48	97.57738518076533
1396	1 29	1 31	1 48	1 50	-185.26892849428145
1397	1 29	1 31	1 33	1 35	-9.153036324765935
1398	1 29	1 31	1 37	1 39	257.89751643296734
1399	1 29	1 31	1 41	1 43	2.0015062385923588
1400	1 29	1 31	1 43	1 45	41.12865410094089
1401	1 29	1 31	1 45	1 47	118.01308538620044
1402	1 29	1 31	1 49	1 51	9.682864175518358
1403	1 29	1 31	1 51	1 53	42.40281988828413
1404	1 29	1 31	1 50	1 52	22.37695874450667
1405	1 29	1 31	1 52	1 54	61.27725039614228
1406	1 29	1 31	1 54	1 56	63.460462212345014
1407	1 29	1 31	1 56	1 58	-134.41926796103292
1408	1 29	1 31	1 58	1 60	25.38153033167211
1409	1 29	1 31	1 60	1 62	47.451336651806486
1410	1 29	1 31	1 62	1 64	40.980725694314856
1411	1 29	1 31	1 64	1 66	-104.38206225336677
1412	1 29	1 31	1 66	1 68	24.315966971796943
1413	1 29	1 31	1 68	1 70	38.04440084552497
1414	1 29	1 31	1 53	1 55	75.01111262954032
1415	1 29	1 31	1 55	1 57	-115.06788908542813
1416	1 29	1 31	1 57	1 59	13.107141360889344
1417	1 29	1 31	1 59	1 61	35.33981907828915
1418	1 29	1 31	1 61	1 63	52.82264059632354
1419	1 29	1 31	1 63	1 65	-93.26669959883242
1420	1 29	1 31	1 65	1 67	14.746139288857261
1421	1 29	1 31	1 67	1 69	31.480863195350697
1422	1 29	1 31	1 69	1 71	36.06848118887968
1423	1 29	1 31	1 71	1 1	-128.31908512849876
1424	1 29	1 31	1 70	1 72	23.273783954207847
1425	1 29	1 31	1 72	1 2	-135.51775078258805
1426	1 30	1 32	1 33	1 35	-4.373370744082486
1427	1 30	1 32	1 35	1 37	-17.979421390774423
1428	1 30	1 32	1 37	1 39	162.0165834441221
1429	1 30	1 32	1 43	1 45	15.334092003745914
1430	1 30	1 32	1 45	1 47	98.20665602286164
1431	1 30	1 32	1 47	1 49	-104.75887402700249
1432	1 30	1 32	1 49	1 51	5.605796629781436
1433	1 30	1 32	1 34	1 36	-9.668179647601669
1434	1 30	1 32	1 36	1 38	8.584243556635258
1435	1 30	1 32	1 38	1 40	310.4255785079651
1436	1 30	1 32	1 42	1 44	4.383135232264925
1437	1 30	1 32	1 44	1 46	45.715687707641194
1438	1 30	1 32	1 46	1 48	144.64807151184704
1439	1 30	1 32	1 48	1 50	-181.87919158361018
1440	1 30	1 32	1 50	1 52	12.888974317856185
1441	1 30	1 32	1 52	1 54	43.040032603921134
1442	1 30	1 32	1 51	1 53	25.7927515525802
1443	1 30	1 32	1 53	1 55	69.44134295269288
1444	1 30	1 32	1 55	1 57	-92.19783099804133
1445	1 30	1 32	1 57	1 59	8.693817053578446
1446	1 30	1 32	1 59	1 61	25.2982835720804
1447	1 30	1 32	1 61	1 63	50.0987510436621
1448	1 30	1 32	1 63	1 65	-78.02738535049076
1449	1 30	1 32	1 65	1 67	10.662319682597627
1450	1 30	1 32	1 67	1 69	24.717109387575135
1451	1 30	1 32	1 69	1 71	33.63799662305084
1452	1 30	1 32	1 54	1 56	78.81358920349142
1453	1 30	1 32	1 58	1 60	17.154412179361472
1454	1 30	1 32	1 60	1 62	38.18987319891742
1455	1 30	1 32	1 62	1 64	45.77577932441764
1456	1 30	1 32	1 64	1 66	-93.82771250808015
1457	1 30	1 32	1 66	1 68	17.96023551112596
1458	1 30	1 32	1 68	1 70	32.54418131138618
1459	1 30	1 32	1 70	1 72	23.948067226890757
1460	1 30	1 32	1 72	1 2	-114.33533613445378
1461	1 30	1 32	1 71	1 1	-104.89834582612596
1462	1 31	1 33	1 32	1 34	715.9257040773434
1463	1 31	1 33	1 38	1 40	-140.6263607276388
1464	1 31	1 33	1 40	1 42	602.5569783592839
1465	1 31	1 33	1 42	1 44	-237.1141830990024
1466	1 31	1 33	1 48	1 50	468.00298518920965
1467	1 31	1 33	1 35	1 37	-228.37098498940605
1468	1 31	1 33	1 37	1 39	-238.3880352745691
1469	1 31	1 33	1 39	1 41	717.2525702139769
1470	1 31	1 33	1 41	1 43	-280.2425000465224
1471	1 31	1 33	1 47	1 49	492.273289616653
1472	1 31	1 33	1 49	1 51	-165.96345518216464
1473	1 31	1 33	1 51	1 53	-164.2667086980333
1474	1 31	1 33	1 52	1 54	-148.150432954885
1475	1 31	1 33	1 54	1 56	-88.49180310708546
1476	1 31	1 33	1 56	1 58	371.5552923315059
1477	1 31	1 33	1 58	1 60	-144.77800094517957
1478	1 31	1 33	1 60	1 62	-122.49871308775911
1479	1 31	1 33	1 62	1 64	-69.52176886822782
1480	1 31	1 33	1 64	1 66	301.52989450392766
1481	1 31	1 33	1 66	1 68	-113.73502120430814
1482	1 31	1 33	1 68	1 70	-104.19496257235767
1483	1 31	1 33	1 70	1 72	-47.06662741330689
1484	1 31	1 33	1 55	1 57	381.1843389711895
1485	1 31	1 33	1 57	1 59	-111.13316675655311
1486	1 31	1 33	1 59	1 61	-134.86058140520385
1487	1 31	1 33	1 61	1 63	-105.02873986412447
1488	1 31	1 33	1 63	1 65	305.98283516146273
1489	1 31	1 33	1 65	1 67	-85.5652450037214
1490	1 31	1 33	1 67	1 69	-111.60224282671345
1491	1 31	1 33	1 69	1 71	-82.78215579710144
1492	1 31	1 33	1 71	1 1	303.24030856303875
1493	1 31	1 33	1 72	1 2	255.2782209347026
1494	1 32	1 34	1 33	1 35	-109.79798882474839
1495	1 32	1 34	1 35	1 37	-272.1137129596277
1496	1 32	1 34	1 37	1 39	-270.28160427601335
1497	1 32	1 34	1 39	1 41	589.3683701963373
1498	1 32	1 34	1 41	1 43	-108.71307133890406
1499	1 32	1 34	1 43	1 45	-219.1605424062128
1500	1 32	1 34	1 45	1 47	-194.7594536168499
1501	1 32	1 34	1 47	1 49	447.99125646768096
1502	1 32	1 34	1 49	1 51	-92.45149952550943
1503	1 32	1 34	1 51	1 53	-166.21496249022175
1504	1 32	1 34	1 38	1 40	-297.75686574865364
1505	1 32	1 34	1 40	1 42	719.3867706919946
1506	1 32	1 34	1 44	1 46	-205.8645909090909
1507	1 32	1 34	1 48	1 50	505.30581818181815
1508	1 32	1 34	1 53	1 55	-157.20031028142085
1509	1 32	1 34	1 55	1 57	361.0804606616135
1510	1 32	1 34	1 57	1 59	-75.54616670737127
1511	1 32	1 34	1 59	1 61	-128.8542630884942
1512	1 32	1 34	1 61	1 63	-124.58234844365171
1513	1 32	1 34	1 63	1 65	291.0596829810901
1514	1 32	1 34	1 65	1 67	-66.21952095617276
1515	1 32	1 34	1 67	1 69	-106.34650737446677
1516	1 32	1 34	1 69	1 71	-92.6750839111647
1517	1 32	1 34	1 71	1 1	284.96581931197085
1518	1 32	1 34	1 56	1 58	381.3218924650156
1519	1 32	1 34	1 58	1 60	-119.25322225836041
1520	1 32	1 34	1 60	1 62	-131.3791702898121
1521	1 32	1 34	1 62	1 64	-90.08000085318386
1522	1 32	1 34	1 64	1 66	305.09544940779415
1523	1 32	1 34	1 66	1 68	-96.90654105712736
1524	1 32	1 34	1 68	1 70	-108.68939270851612
1525	1 32	1 34	1 70	1 72	-55.90927467675812
1526	1 32	1 34	1 72	1 2	263.1572312279661
1527	1 33	1 35	1 34	1 36	173.43884875698672
1528	1 33	1 35	1 36	1 38	-50.242564358835075
1529	1 33	1 35	1 38	1 40	-8.076354489164087
1530	1 33	1 35	1 42	1 44	141.90219325286785
1531	1 33	1 35	1 44	1 46	-22.038176448890695
1532	1 33	1 35	1 46	1 48	-6.477927306500883
1533	1 33	1 35	1 48	1 50	-105.78714699728536
1534	1 33	1 35	1 50	1 52	99.7167958847777
1535	1 33	1 35	1 52	1 54	6.8237415310934
1536	1 33	1 35	1 37	1 39	-18.316395141443564
1537	1 33	1 35	1 41	1 43	306.16050025126276
1538	1 33	1 35	1 43	1 45	-3.8333464585335237
1539	1 33	1 35	1 45	1 47	-12.55520253164557
1540	1 33	1 35	1 49	1 51	141.47245095530832
1541	1 33	1 35	1 51	1 53	34.40053567143006
1542	1 33	1 35	1 55	1 57	-122.80419174321614
1543	1 33	1 35	1 54	1 56	-1.8516538493387062
1544	1 33	1 35	1 56	1 58	-93.18422331824908
1545	1 33	1 35	1 58	1 60	70.74415256596475
1546	1 33	1 35	1 60	1 62	18.046992408318633
1547	1 33	1 35	1 62	1 64	2.8150740566705155
1548	1 33	1 35	1 64	1 66	-80.32233284390864
1549	1 33	1 35	1 66	1 68	50.32916255629988
1550	1 33	1 35	1 68	1 70	21.918264600728484
1551	1 33	1 35	1 70	1 72	4.98364645671602
1552	1 33	1 35	1 72	1 2	-94.65887161878817
1553	1 33	1 35	1 57	1 59	74.81157957244656
1554	1 33	1 35	1 59	1 61	41.43692676090684
1555	1 33	1 35	1 61	1 63	7.893301814476178
1556	1 33	1 35	1 63	1 65	-99.7431539155976
1557	1 33	1 35	1 65	1 67	47.11105398632091
1558	1 33	1 35	1 67	1 69	36.257373231932576
1559	1 33	1 35	1 69	1 71	12.479619925218671
1560	1 33	1 35	1 71	1 1	-128.22556253201992
1561	1 34	1 36	1 35	1 37	169.27369332258738
1562	1 34	1 36	1 37	1 39	-50.666114852260975
1563	1 34	1 36	1 41	1 43	140.67257426312113
1564	1 34	1 36	1 43	1 45	122.24043434810574
1565	1 34	1 36	1 45	1 47	-18.023273750110114
1566	1 34	1 36	1 47	1 49	-186.05229960689041
1567	1 34	1 36	1 49	1 51	91.13816803708033
1568	1 34	1 36	1 51	1 53	81.40569494911446
1569	1 34	1 36	1 53	1 55	9.43740515783187
1570	1 34	1 36	1 38	1 40	-18.008088291642494
1571	1 34	1 36	1 42	1 44	231.36381927471172
1572	1 34	1 36	1 46	1 48	-11.275700305896716
1573	1 34	1 36	1 48	1 50	-152.09719197707736
1574	1 34	1 36	1 50	1 52	115.69866685508289
1575	1 34	1 36	1 52	1 54	34.7848828401833
1576	1 34	1 36	1 56	1 58	-118.26896912229516
1577	1 34	1 36	1 55	1 57	-143.23470133930067
1578	1 34	1 36	1 57	1 59	57.68450409124863
1579	1 34	1 36	1 59	1 61	60.3263685209106
1580	1 34	1 36	1 61	1 63	18.765983032652265
1581	1 34	1 36	1 63	1 65	-114.27766818277978
1582	1 34	1 36	1 65	1 67	41.53620945778658
1583	1 34	1 36	1 67	1 69	46.03200427777571
1584	1 34	1 36	1 69	1 71	20.877374194904725
1585	1 34	1 36	1 71	1 1	-126.64158645516989
1586	1 34	1 36	1 58	1 60	75.97601705036942
1587	1 34	1 36	1 60	1 62	35.887772693677775
1588	1 34	1 36	1 62	1 64	7.34663314388907
1589	1 34	1 36	1 64	1 66	-102.0538190875732
1590	1 34	1 36	1 66	1 68	53.1584652918917
1591	1 34	1 36	1 68	1 70	33.412876387210105
1592	1 34	1 36	1 70	1 72	9.068913404593385
1593	1 35	1 37	1 36	1 38	165.0798168616948
1594	1 35	1 37	1 38	1 40	-53.31356270662903
1595	1 35	1 37	1 42	1 44	130.04009787700636
1596	1 35	1 37	1 44	1 46	124.74247162120568
1597	1 35	1 37	1 46	1 48	-20.730017361986313
1598	1 35	1 37	1 48	1 50	-187.38612180846638
1599	1 35	1 37	1 50	1 52	86.16171230118081
1600	1 35	1 37	1 52	1 54	84.70474129879776
1601	1 35	1 37	1 54	1 56	8.37092360062548
1602	1 35	1 37	1 43	1 45	224.9728981853943
1603	1 35	1 37	1 45	1 47	4.949824165032784
1604	1 35	1 37	1 47	1 49	-198.88176196543426
1605	1 35	1 37	1 49	1 51	35.08308637545723
1606	1 35	1 37	1 51	1 53	112.39020346671872
1607	1 35	1 37	1 53	1 55	37.937974177327106
1608	1 35	1 37	1 55	1 57	-160.04927546126405
1609	1 35	1 37	1 57	1 59	35.86482367839134
1610	1 35	1 37	1 56	1 58	-150.4571768069958
1611	1 35	1 37	1 58	1 60	64.64519965632036
1612	1 35	1 37	1 60	1 62	59.94294737673394
1613	1 35	1 37	1 62	1 64	17.378958357846663
1614	1 35	1 37	1 64	1 66	-123.38276696397773
1615	1 35	1 37	1 66	1 68	49.37514606109177
1616	1 35	1 37	1 68	1 70	46.87169205753585
1617	1 35	1 37	1 70	1 72	15.94579566162561
1618	1 35	1 37	1 72	1 2	-120.58417174012231
1619	1 35	1 37	1 59	1 61	71.43658486948281
1620	1 35	1 37	1 61	1 63	39.33849686673711
1621	1 35	1 37	1 63	1 65	-127.63941666027172
1622	1 35	1 37	1 65	1 67	32.5128120386667
1623	1 35	1 37	1 67	1 69	52.343659145569156
1624	1 35	1 37	1 69	1 71	33.503968357638115
1625	1 35	1 37	1 71	1 1	-132.68969075686016
1626	1 36	1 38	1 37	1 39	173.11286152452362
1627	1 36	1 38	1 41	1 43	-20.346214933244188
1628	1 36	1 38	1 43	1 45	132.45210333591388
1629	1 36	1 38	1 45	1 47	127.58111529818802
1630	1 36	1 38	1 47	1 49	-222.17893147078337
1631	1 36	1 38	1 49	1 51	8.940657619997033
1632	1 36	1 38	1 51	1 53	91.48338989486291
1633	1 36	1 38	1 53	1 55	87.44394347652232
1634	1 36	1 38	1 55	1 57	-170.29220623822673
1635	1 36	1 38	1 44	1 46	231.0473498478531
1636	1 36	1 38	1 46	1 48	-5.757259019348142
1637	1 36	1 38	1 48	1 50	-207.2300409207161
1638	1 36	1 38	1 50	1 52	40.59422291431286
1639	1 36	1 38	1 52	1 54	114.00692173705218
1640	1 36	1 38	1 54	1 56	35.56672275196768
1641	1 36	1 38	1 58	1 60	43.94367113828707
1642	1 36	1 38	1 57	1 59	19.84950356221959
1643	1 36	1 38	1 59	1 61	62.93511323210174
1644	1 36	1 38	1 61	1 63	63.631509923713736
1645	1 36	1 38	1 63	1 65	-132.77225107325856
1646	1 36	1 38	1 65	1 67	23.19989306073017
1647	1 36	1 38	1 67	1 69	49.690916793174615
1648	1 36	1 38	1 69	1 71	45.250583642983145
1649	1 36	1 38	1 71	1 1	-139.42034983788977
1650	1 36	1 38	1 60	1 62	73.69189786723506
1651	1 36	1 38	1 62	1 64	34.94663309010035
1652	1 36	1 38	1 66	1 68	39.21239842872657
1653	1 36	1 38	1 68	1 70	54.38778371979199
1654	1 36	1 38	1 70	1 72	24.55552789560716
1655	1 36	1 38	1 72	1 2	-136.93660331332768
1656	1 37	1 39	1 38	1 40	195.5719298245614
1657	1 37	1 39	1 42	1 44	-17.02219480037754
1658	1 37	1 39	1 44	1 46	139.591277010731
1659	1 37	1 39	1 46	1 48	134.35376987664728
1660	1 37	1 39	1 50	1 52	12.393691911254983
1661	1 37	1 39	1 52	1 54	88.36940077211594
1662	1 37	1 39	1 54	1 56	91.39048269985176
1663	1 37	1 39	1 56	1 58	-178.09596547906648
1664	1 37	1 39	1 41	1 43	-11.561205032167734
1665	1 37	1 39	1 43	1 45	9.673925164025452
1666	1 37	1 39	1 45	1 47	232.28166321622925
1667	1 37	1 39	1 51	1 53	43.965376251569545
1668	1 37	1 39	1 53	1 55	121.2287437119781
1669	1 37	1 39	1 55	1 57	-154.59071462216212
1670	1 37	1 39	1 57	1 59	9.993071443250344
1671	1 37	1 39	1 59	1 61	41.59654474329352
1672	1 37	1 39	1 58	1 60	24.17815817172498
1673	1 37	1 39	1 60	1 62	65.91988051762591
1674	1 37	1 39	1 62	1 64	58.73203361061636
1675	1 37	1 39	1 64	1 66	-136.98985335483627
1676	1 37	1 39	1 66	1 68	26.91207866691322
1677	1 37	1 39	1 68	1 70	51.501218917601165
1678	1 37	1 39	1 70	1 72	32.80461228689793
1679	1 37	1 39	1 72	1 2	-129.81715972906704
1680	1 37	1 39	1 61	1 63	78.05054143987104
1681	1 37	1 39	1 65	1 67	14.873895865196276
1682	1 37	1 39	1 67	1 69	38.95493779433472
1683	1 37	1 39	1 69	1 71	50.76137424514009
1684	1 37	1 39	1 71	1 1	-122.94566694564003
1685	1 38	1 40	1 41	1 43	-6.335936973998855
1686	1 38	1 40	1 43	1 45	-18.918885448449018
1687	1 38	1 40	1 45	1 47	136.96742286995274
1688	1 38	1 40	1 47	1 49	-105.53911678823387
1689	1 38	1 40	1 51	1 53	11.809816977988856
1690	1 38	1 40	1 53	1 55	97.08375625287363
1691	1 38	1 40	1 55	1 57	-101.0867692785329
1692	1 38	1 40	1 57	1 59	4.343988624424991
1693	1 38	1 40	1 42	1 44	-11.408770934376715
1694	1 38	1 40	1 46	1 48	278.3575898828312
1695	1 38	1 40	1 48	1 50	-258.92144521288094
1696	1 38	1 40	1 50	1 52	1.611240720178126
1697	1 38	1 40	1 52	1 54	37.897680972693436
1698	1 38	1 40	1 54	1 56	131.92691105036587
1699	1 38	1 40	1 58	1 60	11.087931892335508
1700	1 38	1 40	1 60	1 62	43.009476857148094
1701	1 38	1 40	1 59	1 61	20.93981316806463
1702	1 38	1 40	1 61	1 63	68.62744130119947
1703	1 38	1 40	1 63	1 65	-88.03743631396293
1704	1 38	1 40	1 65	1 67	8.328299030915385
1705	1 38	1 40	1 67	1 69	25.12272285700751
1706	1 38	1 40	1 69	1 71	44.51850677442587
1707	1 38	1 40	1 71	1 1	-88.02577845440253
1708	1 38	1 40	1 62	1 64	70.94985425343236
1709	1 38	1 40	1 66	1 68	15.662586363075121
1710	1 38	1 40	1 68	1 70	38.752480461790434
1711	1 38	1 40	1 70	1 72	34.63111696152766
1712	1 38	1 40	1 72	1 2	-99.01215934858143
1713	1 39	1 41	1 40	1 42	697.2531583864809
1714	1 39	1 41	1 42	1 44	-301.90083094357874
1715	1 39	1 41	1 44	1 46	-243.0606322849339
1716	1 39	1 41	1 46	1 48	-105.77648109083515
1717	1 39	1 41	1 48	1 50	613.8973025591106
1718	1 39	1 41	1 50	1 52	-268.294906465589
1719	1 39	1 41	1 52	1 54	-192.26434636093722
1720	1 39	1 41	1 56	1 58	501.46281456449174
1721	1 39	1 41	1 58	1 60	-214.17694243581036
1722	1 39	1 41	1 47	1 49	722.0031305114638
1723	1 39	1 41	1 49	1 51	-280.58235661822164
1724	1 39	1 41	1 55	1 57	541.7644493717664
1725	1 39	1 41	1 60	1 62	-163.96223702615436
1726	1 39	1 41	1 62	1 64	-85.20342099263539
1727	1 39	1 41	1 64	1 66	414.71359278162595
1728	1 39	1 41	1 66	1 68	-168.5881169866096
1729	1 39	1 41	1 68	1 70	-141.86768595427998
1730	1 39	1 41	1 70	1 72	-60.24033999218604
1731	1 39	1 41	1 72	1 2	243.59947066043847
1732	1 39	1 41	1 63	1 65	427.9371732849142
1733	1 39	1 41	1 65	1 67	-132.0249993212301
1734	1 39	1 41	1 67	1 69	-156.67680165236357
1735	1 39	1 41	1 69	1 71	-109.55967702320459
1736	1 39	1 41	1 71	1 1	262.99983365146784
1737	1 40	1 42	1 41	1 43	-124.60200661614422
1738	1 40	1 42	1 43	1 45	-275.4182976777693
1739	1 40	1 42	1 45	1 47	-246.5753668297021
1740	1 40	1 42	1 47	1 49	601.3900613881794
1741	1 40	1 42	1 49	1 51	-121.82377191268336
1742	1 40	1 42	1 51	1 53	-235.92518669997995
1743	1 40	1 42	1 53	1 55	-203.6185478433349
1744	1 40	1 42	1 55	1 57	488.14377164997836
1745	1 40	1 42	1 57	1 59	-100.9660409706085
1746	1 40	1 42	1 59	1 61	-181.15493173101083
1747	1 40	1 42	1 44	1 46	-243.6162649178778
1748	1 40	1 42	1 46	1 48	-257.6681207415958
1749	1 40	1 42	1 50	1 52	-243.01692245817247
1750	1 40	1 42	1 52	1 54	-208.6313825228542
1751	1 40	1 42	1 54	1 56	-170.26069370567376
1752	1 40	1 42	1 56	1 58	520.7474210690841
1753	1 40	1 42	1 58	1 60	-172.63684813550117
1754	1 40	1 42	1 60	1 62	-175.04548355287216
1755	1 40	1 42	1 62	1 64	-119.32420267489712
1756	1 40	1 42	1 61	1 63	-164.83183003868402
1757	1 40	1 42	1 63	1 65	396.13802826030593
1758	1 40	1 42	1 65	1 67	-89.87834925268109
1759	1 40	1 42	1 67	1 69	-147.5484201847999
1760	1 40	1 42	1 69	1 71	-124.31227185550578
1761	1 40	1 42	1 71	1 1	253.47609706083387
1762	1 40	1 42	1 64	1 66	410.0052202875306
1763	1 40	1 42	1 66	1 68	-135.81189726725492
1764	1 40	1 42	1 68	1 70	-147.80605988899492
1765	1 40	1 42	1 70	1 72	-74.93788970436222
1766	1 40	1 42	1 72	1 2	246.8571519212908
1767	1 41	1 43	1 42	1 44	190.52768348915149
1768	1 41	1 43	1 44	1 46	-52.893939931873554
1769	1 41	1 43	1 46	1 48	-9.231457099585754
1770	1 41	1 43	1 50	1 52	171.01720301580065
1771	1 41	1 43	1 52	1 54	-21.07867371374401
1772	1 41	1 43	1 54	1 56	-7.200611277048523
1773	1 41	1 43	1 56	1 58	-132.53631665511656
1774	1 41	1 43	1 58	1 60	123.02536130918043
1775	1 41	1 43	1 60	1 62	10.854672135416305
1776	1 41	1 43	1 45	1 47	-20.658892111586397
1777	1 41	1 43	1 53	1 55	-12.628432491317346
1778	1 41	1 43	1 55	1 57	-203.66648600285404
1779	1 41	1 43	1 57	1 59	150.26079386624008
1780	1 41	1 43	1 59	1 61	51.54960847886913
1781	1 41	1 43	1 63	1 65	-149.69353711893808
1782	1 41	1 43	1 64	1 66	-117.41607381748686
1783	1 41	1 43	1 66	1 68	86.57547239045093
1784	1 41	1 43	1 68	1 70	25.37030464359657
1785	1 41	1 43	1 72	1 2	-79.52993675505536
1786	1 41	1 43	1 65	1 67	89.09165169955745
1787	1 41	1 43	1 67	1 69	52.759805154868324
1788	1 41	1 43	1 69	1 71	11.850712811106774
1789	1 41	1 43	1 71	1 1	-98.01716457068366
1790	1 42	1 44	1 43	1 45	179.78465091028283
1791	1 42	1 44	1 45	1 47	-55.04232899799662
1792	1 42	1 44	1 47	1 49	-274.2598324793063
1793	1 42	1 44	1 49	1 51	159.2133982749261
1794	1 42	1 44	1 51	1 53	138.75388645760293
1795	1 42	1 44	1 53	1 55	-20.2504423835412
1796	1 42	1 44	1 55	1 57	-215.86949414960947
1797	1 42	1 44	1 57	1 59	101.71212946737546
1798	1 42	1 44	1 59	1 61	102.45140323036372
1799	1 42	1 44	1 61	1 63	8.440115718253196
1800	1 42	1 44	1 46	1 48	-19.965158353004746
1801	1 42	1 44	1 50	1 52	266.9851479826991
1802	1 42	1 44	1 54	1 56	-13.859641311788218
1803	1 42	1 44	1 58	1 60	145.19159302514527
1804	1 42	1 44	1 60	1 62	38.49660600681713
1805	1 42	1 44	1 63	1 65	-174.0334332165468
1806	1 42	1 44	1 65	1 67	71.68005302798605
1807	1 42	1 44	1 67	1 69	74.74325885736263
1808	1 42	1 44	1 69	1 71	22.178662538276136
1809	1 42	1 44	1 71	1 1	-120.4133065953654
1810	1 42	1 44	1 66	1 68	93.11630672733136
1811	1 42	1 44	1 68	1 70	44.29399636229479
1812	1 42	1 44	1 70	1 72	7.414864121674157
1813	1 43	1 45	1 44	1 46	161.19151181691302
1814	1 43	1 45	1 46	1 48	-52.41428665336764
1815	1 43	1 45	1 50	1 52	137.38604567918378
1816	1 43	1 45	1 52	1 54	133.151820249802
1817	1 43	1 45	1 54	1 56	-22.96361840411204
1818	1 43	1 45	1 56	1 58	-202.18024796155458
1819	1 43	1 45	1 58	1 60	101.04740418135933
1820	1 43	1 45	1 60	1 62	90.00405537868195
1821	1 43	1 45	1 62	1 64	6.819712925381506
1822	1 43	1 45	1 47	1 49	-233.64430014430013
1823	1 43	1 45	1 51	1 53	239.74331747563818
1824	1 43	1 45	1 53	1 55	4.517277143719738
1825	1 43	1 45	1 55	1 57	-216.44136883734234
1826	1 43	1 45	1 57	1 59	39.9819748860738
1827	1 43	1 45	1 59	1 61	124.16986497032056
1828	1 43	1 45	1 61	1 63	39.53604629012254
1829	1 43	1 45	1 65	1 67	43.95173032368986
1830	1 43	1 45	1 64	1 66	-167.62421245421245
1831	1 43	1 45	1 66	1 68	74.3247738690747
1832	1 43	1 45	1 68	1 70	67.60481029810299
1833	1 43	1 45	1 70	1 72	15.883737839221709
1834	1 43	1 45	1 72	1 2	-129.1233374621525
1835	1 43	1 45	1 67	1 69	80.57170795844779
1836	1 43	1 45	1 69	1 71	41.46966193587089
1837	1 43	1 45	1 71	1 1	-136.9324958059477
1838	1 44	1 46	1 45	1 47	185.4078095482385
1839	1 44	1 46	1 49	1 51	-23.601564242155064
1840	1 44	1 46	1 51	1 53	137.15887463053076
1841	1 44	1 46	1 53	1 55	138.69278675629988
1842	1 44	1 46	1 57	1 59	8.599156491184498
1843	1 44	1 46	1 59	1 61	90.86188110738496
1844	1 44	1 46	1 61	1 63	98.75155406477393
1845	1 44	1 46	1 63	1 65	-184.0108612058549
1846	1 44	1 46	1 52	1 54	233.56523866190685
1847	1 44	1 46	1 54	1 56	8.750560076704874
1848	1 44	1 46	1 58	1 60	42.381742438922565
1849	1 44	1 46	1 60	1 62	124.38837454601122
1850	1 44	1 46	1 62	1 64	38.939032114279414
1851	1 44	1 46	1 64	1 66	-182.8808655164073
1852	1 44	1 46	1 66	1 68	46.33076474741007
1853	1 44	1 46	1 65	1 67	22.5537400850107
1854	1 44	1 46	1 67	1 69	69.7909273117819
1855	1 44	1 46	1 69	1 71	67.58470256454235
1856	1 44	1 46	1 71	1 1	-138.7427883310719
1857	1 44	1 46	1 68	1 70	83.05217233513585
1858	1 44	1 46	1 70	1 72	33.17028588156335
1859	1 44	1 46	1 72	1 2	-138.4266159286995
1860	1 45	1 47	1 46	1 48	170.83301909141852
1861	1 45	1 47	1 50	1 52	-20.125945753592873
1862	1 45	1 47	1 52	1 54	134.34857542180865
1863	1 45	1 47	1 54	1 56	148.1433755011661
1864	1 45	1 47	1 58	1 60	11.96489301969946
1865	1 45	1 47	1 60	1 62	100.7398947180193
1866	1 45	1 47	1 62	1 64	95.81277223023145
1867	1 45	1 47	1 64	1 66	-195.49251474217675
1868	1 45	1 47	1 49	1 51	-13.657636245541335
1869	1 45	1 47	1 51	1 53	11.290910746240195
1870	1 45	1 47	1 53	1 55	255.92659470137528
1871	1 45	1 47	1 57	1 59	0.7861012059989942
1872	1 45	1 47	1 59	1 61	40.68656599133658
1873	1 45	1 47	1 61	1 63	136.07962914030145
1874	1 45	1 47	1 65	1 67	11.59979177216495
1875	1 45	1 47	1 67	1 69	47.21399976797919
1876	1 45	1 47	1 66	1 68	25.740102448660952
1877	1 45	1 47	1 68	1 70	75.94130726628833
1878	1 45	1 47	1 70	1 72	51.990066166822004
1879	1 45	1 47	1 72	1 2	-139.9220379149873
1880	1 45	1 47	1 69	1 71	80.46189585066357
1881	1 45	1 47	1 71	1 1	-127.53068373630785
1882	1 46	1 48	1 47	1 49	-106.06995250690355
1883	1 46	1 48	1 49	1 51	-6.737421341621737
1884	1 46	1 48	1 51	1 53	-17.74942726286176
1885	1 46	1 48	1 53	1 55	153.83448263354654
1886	1 46	1 48	1 55	1 57	-123.62040422347302
1887	1 46	1 48	1 59	1 61	11.519516270607436
1888	1 46	1 48	1 61	1 63	109.65567996354667
1889	1 46	1 48	1 63	1 65	-115.38348857396005
1890	1 46	1 48	1 65	1 67	5.946299405757992
1891	1 46	1 48	1 50	1 52	-11.673310711163165
1892	1 46	1 48	1 54	1 56	274.6174898418741
1893	1 46	1 48	1 56	1 58	-257.0915012478485
1894	1 46	1 48	1 58	1 60	2.571989248371812
1895	1 46	1 48	1 60	1 62	47.93712701240737
1896	1 46	1 48	1 62	1 64	133.03824843140757
1897	1 46	1 48	1 66	1 68	13.144240201559402
1898	1 46	1 48	1 68	1 70	51.83008827825972
1899	1 46	1 48	1 67	1 69	26.622335065380145
1900	1 46	1 48	1 69	1 71	68.90201145506796
1901	1 46	1 48	1 71	1 1	-96.24257122591322
1902	1 46	1 48	1 70	1 72	59.9256417487116
1903	1 46	1 48	1 72	1 2	-117.8784969148355
1904	1 47	1 49	1 48	1 50	752.3377460056403
1905	1 47	1 49	1 50	1 52	-360.76191909910733
1906	1 47	1 49	1 52	1 54	-252.6753462877641
1907	1 47	1 49	1 54	1 56	-118.40694717780814
1908	1 47	1 49	1 56	1 58	680.6770794179972
1909	1 47	1 49	1 58	1 60	-320.15665872561624
1910	1 47	1 49	1 60	1 62	-219.51170555061282
1911	1 47	1 49	1 62	1 64	-105.72823239974966
1912	1 47	1 49	1 64	1 66	574.8631254596264
1913	1 47	1 49	1 66	1 68	-247.77882676551224
1914	1 47	1 49	1 53	1 55	-247.7981273957841
1915	1 47	1 49	1 55	1 57	798.5198571910937
1916	1 47	1 49	1 57	1 59	-286.20052123973903
1917	1 47	1 49	1 59	1 61	-256.7062668769448
1918	1 47	1 49	1 63	1 65	614.2654058273225
1919	1 47	1 49	1 67	1 69	-220.40054456741436
1920	1 47	1 49	1 68	1 70	-194.6574950272538
1921	1 47	1 49	1 70	1 72	-78.51962610288463
1922	1 47	1 49	1 72	1 2	266.1155825071221
1923	1 47	1 49	1 71	1 1	270.0499444822742
1924	1 48	1 50	1 55	1 57	683.1838854638847
1925	1 48	1 50	1 63	1 65	565.6942663328757
1926	1 48	1 50	1 56	1 58	778.6205238095238
1927	1 48	1 50	1 58	1 60	-282.9189039007587
1928	1 48	1 50	1 64	1 66	596.1476910828026
1929	1 48	1 50	1 66	1 68	-205.89614137483787
1930	1 48	1 50	1 70	1 72	-107.4465565796211
1931	1 48	1 50	1 69	1 71	-178.28344833930464
1932	1 48	1 50	1 71	1 1	273.6011652794292
1933	1 48	1 50	1 72	1 2	283.67686398211566
1934	1 49	1 51	1 50	1 52	243.2259403338365
1935	1 49	1 51	1 52	1 54	-60.63957554365615
1936	1 49	1 51	1 54	1 56	-10.300504955777665
1937	1 49	1 51	1 58	1 60	200.23335228863647
1938	1 49	1 51	1 60	1 62	-22.07591654444147
1939	1 49	1 51	1 62	1 64	-6.93131507362701
1940	1 49	1 51	1 64	1 66	-151.80832921278866
1941	1 49	1 51	1 66	1 68	139.46906755212126
1942	1 49	1 51	1 68	1 70	14.958625390151429
1943	1 49	1 51	1 53	1 55	-22.956872875673533
1944	1 49	1 51	1 57	1 59	328.4997139992729
1945	1 49	1 51	1 59	1 61	16.934000773821815
1946	1 49	1 51	1 61	1 63	-15.012474552782045
1947	1 49	1 51	1 65	1 67	166.94388941070264
1948	1 49	1 51	1 67	1 69	60.09587531267962
1949	1 49	1 51	1 69	1 71	3.043386859807579
1950	1 49	1 51	1 71	1 1	-87.18951052054624
1951	1 49	1 51	1 72	1 2	-75.40255566071842
1952	1 50	1 52	1 51	1 53	194.74297024595006
1953	1 50	1 52	1 53	1 55	-61.281468515157584
1954	1 50	1 52	1 57	1 59	185.2814242908263
1955	1 50	1 52	1 59	1 61	175.04747954577832
1956	1 50	1 52	1 61	1 63	-30.953056289700314
1957	1 50	1 52	1 63	1 65	-264.2314736838327
1958	1 50	1 52	1 65	1 67	129.5940665849215
1959	1 50	1 52	1 67	1 69	124.54042579992186
1960	1 50	1 52	1 69	1 71	10.27861047666742
1961	1 50	1 52	1 54	1 56	-23.169927798468137
1962	1 50	1 52	1 60	1 62	-6.513005368232458
1963	1 50	1 52	1 62	1 64	-15.51941922392082
1964	1 50	1 52	1 66	1 68	178.2987962488907
1965	1 50	1 52	1 68	1 70	45.57789847205068
1966	1 50	1 52	1 72	1 2	-114.17856610542054
1967	1 50	1 52	1 71	1 1	-127.11018887762381
1968	1 51	1 53	1 52	1 54	193.03091905325823
1969	1 51	1 53	1 54	1 56	-63.50499779729813
1970	1 51	1 53	1 58	1 60	173.39242170634247
1971	1 51	1 53	1 60	1 62	147.34049936666358
1972	1 51	1 53	1 62	1 64	-29.247183141020656
1973	1 51	1 53	1 64	1 66	-240.9528357395805
1974	1 51	1 53	1 66	1 68	124.97853219232783
1975	1 51	1 53	1 68	1 70	107.61135137726052
1976	1 51	1 53	1 70	1 72	6.8894222272993115
1977	1 51	1 53	1 59	1 61	286.55204228826744
1978	1 51	1 53	1 65	1 67	53.3271746640647
1979	1 51	1 53	1 67	1 69	150.54749727553786
1980	1 51	1 53	1 69	1 71	44.73968877908926
1981	1 51	1 53	1 71	1 1	-158.74822921410953
1982	1 51	1 53	1 72	1 2	-149.0212082446755
1983	1 52	1 54	1 53	1 55	171.95988260250869
1984	1 52	1 54	1 57	1 59	-27.326132583942787
1985	1 52	1 54	1 59	1 61	147.3437693236392
1986	1 52	1 54	1 61	1 63	158.65867818777048
1987	1 52	1 54	1 65	1 67	11.54342025700998
1988	1 52	1 54	1 67	1 69	109.77526344062909
1989	1 52	1 54	1 69	1 71	109.11926140925502
1990	1 52	1 54	1 71	1 1	-165.5520039783308
1991	1 52	1 54	1 56	1 58	-257.63611940298506
1992	1 52	1 54	1 60	1 62	283.5478392289463
1993	1 52	1 54	1 66	1 68	48.258765576943674
1994	1 52	1 54	1 68	1 70	150.2558557596015
1995	1 52	1 54	1 70	1 72	36.82241336196118
1996	1 52	1 54	1 72	1 2	-163.45542316877794
1997	1 53	1 55	1 54	1 56	224.64838631277195
1998	1 53	1 55	1 58	1 60	-30.026433590727788
1999	1 53	1 55	1 60	1 62	156.25242453309568
2000	1 53	1 55	1 62	1 64	170.74921278954292
2001	1 53	1 55	1 66	1 68	8.625986369611878
2002	1 53	1 55	1 68	1 70	117.48913990629535
2003	1 53	1 55	1 70	1 72	91.03432333366554
2004	1 53	1 55	1 72	1 2	-165.4621811929382
2005	1 53	1 55	1 57	1 59	-15.91411946262831
2006	1 53	1 55	1 59	1 61	-12.553970014141616
2007	1 53	1 55	1 61	1 63	293.59077737586875
2008	1 53	1 55	1 67	1 69	44.87426827191925
2009	1 53	1 55	1 69	1 71	144.28127052219043
2010	1 53	1 55	1 71	1 1	-143.09060530679932
2011	1 54	1 56	1 55	1 57	-148.30963670567525
2012	1 54	1 56	1 57	1 59	-7.2109367345016855
2013	1 54	1 56	1 59	1 61	-24.056998962874168
2014	1 54	1 56	1 61	1 63	180.747330200119
2015	1 54	1 56	1 67	1 69	16.313466065507967
2016	1 54	1 56	1 69	1 71	111.5217850651392
2017	1 54	1 56	1 71	1 1	-103.57436125965538
2018	1 54	1 56	1 58	1 60	-14.728071321901446
2019	1 54	1 56	1 62	1 64	307.2651801746274
2020	1 54	1 56	1 68	1 70	60.14551774241403
2021	1 54	1 56	1 70	1 72	117.28937968073913
2022	1 54	1 56	1 72	1 2	-151.30494176293644
2023	1 55	1 57	1 58	1 60	-438.6931629098345
2024	1 55	1 57	1 60	1 62	-297.13694089664546
2025	1 55	1 57	1 62	1 64	-138.900557387415
2026	1 55	1 57	1 66	1 68	-392.3229151451858
2027	1 55	1 57	1 68	1 70	-271.9116137300741
2028	1 55	1 57	1 70	1 72	-104.91682837161733
2029	1 55	1 57	1 72	1 2	323.2953177704801
2030	1 55	1 57	1 59	1 61	-326.5761189259947
2031	1 55	1 57	1 61	1 63	-282.0806738523312
2032	1 55	1 57	1 67	1 69	-317.0079501062921
2033	1 55	1 57	1 69	1 71	-210.6540083767722
2034	1 55	1 57	1 71	1 1	315.96140838361384
2035	1 56	1 58	1 57	1 59	-189.77595195898047
2036	1 56	1 58	1 59	1 61	-373.6665107194982
2037	1 56	1 58	1 61	1 63	-319.67041333366126
2038	1 56	1 58	1 65	1 67	-188.2223930514383
2039	1 56	1 58	1 67	1 69	-338.0515998530283
2040	1 56	1 58	1 69	1 71	-253.9403896483008
2041	1 56	1 58	1 71	1 1	328.76537646953244
2042	1 56	1 58	1 60	1 62	-306.48982556108575
2043	1 56	1 58	1 62	1 64	-286.68549940723176
2044	1 56	1 58	1 66	1 68	-361.1822111168419
2045	1 56	1 58	1 68	1 70	-297.2867039993209
2046	1 56	1 58	1 70	1 72	-161.71897081413212
2047	1 56	1 58	1 72	1 2	364.3629965009227
2048	1 57	1 59	1 58	1 60	277.29975779735827
2049	1 57	1 59	1 60	1 62	-70.67084834609021
2050	1 57	1 59	1 62	1 64	-10.79487142331179
2051	1 57	1 59	1 66	1 68	234.4624049272487
2052	1 57	1 59	1 68	1 70	-32.848850251380014
2053	1 57	1 59	1 70	1 72	-8.010914056075347
2054	1 57	1 59	1 72	1 2	-80.46398960705318
2055	1 57	1 59	1 61	1 63	-27.21735781328288
2056	1 57	1 59	1 65	1 67	413.20078887945397
2057	1 57	1 59	1 69	1 71	-17.96747822209118
2058	1 57	1 59	1 71	1 1	-89.77720478069423
2059	1 58	1 60	1 59	1 61	264.8340306061924
2060	1 58	1 60	1 61	1 63	-83.31894449628487
2061	1 58	1 60	1 65	1 67	242.31259671312213
2062	1 58	1 60	1 67	1 69	217.6193617620924
2063	1 58	1 60	1 69	1 71	-35.72446757984511
2064	1 58	1 60	1 71	1 1	-148.40842975206613
2065	1 58	1 60	1 62	1 64	-26.283746133858983
2066	1 58	1 60	1 66	1 68	416.3415510325386
2067	1 58	1 60	1 68	1 70	-12.608823587960073
2068	1 58	1 60	1 70	1 72	-17.241914431257932
2069	1 58	1 60	1 72	1 2	-134.1377948119232
2070	1 59	1 61	1 60	1 62	189.27849790909545
2071	1 59	1 61	1 62	1 64	-63.321869244612444
2072	1 59	1 61	1 66	1 68	223.854128698542
2073	1 59	1 61	1 68	1 70	176.85586133038117
2074	1 59	1 61	1 70	1 72	-25.03698664193947
2075	1 59	1 61	1 72	1 2	-167.36816083178826
2076	1 59	1 61	1 67	1 69	363.8934855552754
2077	1 59	1 61	1 71	1 1	-182.7299217730998
2078	1 60	1 62	1 61	1 63	251.38315258194814
2079	1 60	1 62	1 65	1 67	-33.5097969312258
2080	1 60	1 62	1 67	1 69	175.73203352769679
2081	1 60	1 62	1 69	1 71	207.02685303349085
2082	1 60	1 62	1 71	1 1	-238.86386343598463
2083	1 60	1 62	1 66	1 68	-15.928942261465039
2084	1 60	1 62	1 68	1 70	352.9444048134251
2085	1 60	1 62	1 70	1 72	13.190220174091142
2086	1 60	1 62	1 72	1 2	-220.45752200788553
2087	1 61	1 63	1 62	1 64	218.93116253525238
2088	1 61	1 63	1 66	1 68	-36.62377108872436
2089	1 61	1 63	1 68	1 70	210.81812356952125
2090	1 61	1 63	1 70	1 72	160.83018526126003
2091	1 61	1 63	1 72	1 2	-251.25189796678646
2092	1 61	1 63	1 65	1 67	-19.83491513141092
2093	1 61	1 63	1 67	1 69	4.2449382841249035
2094	1 61	1 63	1 69	1 71	325.0310880076154
2095	1 61	1 63	1 71	1 1	-237.43208657221064
2096	1 62	1 64	1 65	1 67	-9.718443483036122
2097	1 62	1 64	1 67	1 69	-24.651349757662054
2098	1 62	1 64	1 69	1 71	160.57491788991695
2099	1 62	1 64	1 71	1 1	-87.69593302489866
2100	1 62	1 64	1 66	1 68	-18.094824755807274
2101	1 62	1 64	1 68	1 70	11.322947133012798
2102	1 62	1 64	1 70	1 72	259.3530650361083
2103	1 62	1 64	1 72	1 2	-206.89095860283163
2104	1 63	1 65	1 66	1 68	-549.1788459427532
2105	1 63	1 65	1 68	1 70	-381.4299660411542
2106	1 63	1 65	1 70	1 72	-133.80218137428346
2107	1 63	1 65	1 72	1 2	448.20317634435
2108	1 63	1 65	1 67	1 69	-421.8853916695537
2109	1 63	1 65	1 69	1 71	-321.81779028295557
2110	1 63	1 65	1 71	1 1	456.42138745326105
2111	1 64	1 66	1 65	1 67	-237.25871410825482
2112	1 64	1 66	1 67	1 69	-471.77584877268885
2113	1 64	1 66	1 69	1 71	-353.60226993056165
2114	1 64	1 66	1 71	1 1	415.6966337666506
2115	1 64	1 66	1 68	1 70	-390.9984836927083
2116	1 64	1 66	1 70	1 72	-262.5208353340376
2117	1 64	1 66	1 72	1 2	499.35089449358514
2118	1 65	1 67	1 66	1 68	360.80949233353294
2119	1 65	1 67	1 68	1 70	-95.38164491818642
2120	1 65	1 67	1 70	1 72	-15.450514798889584
2121	1 65	1 67	1 72	1 2	-91.58783277718433
2122	1 65	1 67	1 69	1 71	-39.15622700027673
2123	1 65	1 67	1 71	1 1	-101.16950107191035
2124	1 66	1 68	1 67	1 69	317.2306238715015
2125	1 66	1 68	1 69	1 71	-97.1576359648781
2126	1 66	1 68	1 71	1 1	-161.8921835057316
2127	1 66	1 68	1 70	1 72	-31.08845808216901
2128	1 67	1 69	1 68	1 70	267.0153815558482
2129	1 67	1 69	1 70	1 72	-71.3747169795557
2130	1 67	1 69	1 72	1 2	-199.51281925307757
2131	1 67	1 69	1 71	1 1	-220.87409633630125
2132	1 68	1 70	1 69	1 71	309.62303041868114
2133	1 68	1 70	1 71	1 1	-328.3915289196151
2134	1 69	1 71	1 70	1 72	279.69207787882726
2135	1 69	1 71	1 72	1 2	-379.7254792857973
2136	1 70	1 72	1 71	1 1	-147.76766687396352
2137	1 71	1 1	1 72	1 2	1722.1884861577576
