2244
1	1 1	1 3	1 2	1 4	471.1110759872098
2	1 1	1 3	1 4	1 6	-169.45640204148904
3	1 1	1 3	1 6	1 8	-28.504736463301448
4	1 1	1 3	1 8	1 10	-199.41172265904217
5	1 1	1 3	1 10	1 12	238.38154321721552
6	1 1	1 3	1 12	1 14	-28.847811831026114
7	1 1	1 3	1 14	1 16	-13.906912198144127
8	1 1	1 3	1 16	1 18	-164.80057048214942
9	1 1	1 3	1 18	1 20	150.28794712742092
10	1 1	1 3	1 20	1 22	14.58584471603163
11	1 1	1 3	1 5	1 7	-61.795009155001836
12	1 1	1 3	1 9	1 11	449.9325902865195
13	1 1	1 3	1 11	1 13	23.435664260479072
14	1 1	1 3	1 13	1 15	-20.525018152556743
15	1 1	1 3	1 15	1 17	-281.87256103320544
16	1 1	1 3	1 17	1 19	209.94684571666966
17	1 1	1 3	1 19	1 21	67.24914507234874
18	1 1	1 3	1 21	1 23	-4.646524606903158
19	1 1	1 3	1 23	1 25	-193.47639262970318
20	1 1	1 3	1 22	1 24	-7.109783211420601
21	1 1	1 3	1 24	1 26	-128.9699843796701
22	1 1	1 3	1 26	1 28	91.98388539263746
23	1 1	1 3	1 28	1 30	28.04720255026761
24	1 1	1 3	1 30	1 32	0.3280411780745819
25	1 1	1 3	1 32	1 34	-95.30769228033674
26	1 1	1 3	1 34	1 36	54.24152236406577
27	1 1	1 3	1 36	1 38	25.346994867431473
28	1 1	1 3	1 38	1 40	9.309748974322968
29	1 1	1 3	1 40	1 42	-74.31556294638301
30	1 1	1 3	1 25	1 27	119.70061164759213
31	1 1	1 3	1 27	1 29	56.327681042626125
32	1 1	1 3	1 29	1 31	8.856892122348167
33	1 1	1 3	1 31	1 33	-131.9870240733249
34	1 1	1 3	1 33	1 35	65.72793000889341
35	1 1	1 3	1 35	1 37	40.18188559618734
36	1 1	1 3	1 37	1 39	15.501671388308162
37	1 1	1 3	1 39	1 41	-87.4703538625619
38	1 1	1 3	1 41	1 43	35.140679531213834
39	1 1	1 3	1 43	1 45	28.13085080739607
40	1 1	1 3	1 42	1 44	34.12207169362179
41	1 1	1 3	1 44	1 46	21.186570540005654
42	1 1	1 3	1 46	1 48	9.585360040312422
43	1 1	1 3	1 48	1 50	-55.519844932411495
44	1 1	1 3	1 50	1 52	22.861132440970568
45	1 1	1 3	1 52	1 54	16.59289924977932
46	1 1	1 3	1 54	1 56	8.94833604620253
47	1 1	1 3	1 56	1 58	-42.249223170321436
48	1 1	1 3	1 58	1 60	16.232913333529993
49	1 1	1 3	1 60	1 62	13.269978897960794
50	1 1	1 3	1 45	1 47	14.562068085182826
51	1 1	1 3	1 47	1 49	-60.64689166957476
52	1 1	1 3	1 49	1 51	20.7079219256538
53	1 1	1 3	1 51	1 53	20.39784173419543
54	1 1	1 3	1 53	1 55	13.37939176377311
55	1 1	1 3	1 55	1 57	-44.409539330800946
56	1 1	1 3	1 57	1 59	12.736265055272394
57	1 1	1 3	1 59	1 61	15.173942744079305
58	1 1	1 3	1 61	1 63	10.975732657176026
59	1 1	1 3	1 63	1 65	-33.52424743053191
60	1 1	1 3	1 62	1 64	7.27140420191088
61	1 1	1 3	1 64	1 66	-32.687170304099894
62	1 1	1 3	1 66	1 68	11.65262452116411
63	1 1	1 3	1 68	1 70	10.836992257950271
64	1 1	1 3	1 70	1 72	5.938030761383732
65	1 1	1 3	1 65	1 67	9.16740468303135
66	1 1	1 3	1 67	1 69	11.848320616855272
67	1 1	1 3	1 69	1 71	8.732050427525479
68	1 2	1 4	1 3	1 5	421.0952899565056
69	1 2	1 4	1 5	1 7	-188.11007567924207
70	1 2	1 4	1 7	1 9	-466.92645938382225
71	1 2	1 4	1 9	1 11	277.70457502731597
72	1 2	1 4	1 11	1 13	190.1566619988883
73	1 2	1 4	1 13	1 15	-19.183855668394056
74	1 2	1 4	1 15	1 17	-324.4265883613079
75	1 2	1 4	1 17	1 19	157.25725315123978
76	1 2	1 4	1 19	1 21	135.5934338407045
77	1 2	1 4	1 21	1 23	9.590801330658712
78	1 2	1 4	1 6	1 8	-68.65548752527413
79	1 2	1 4	1 10	1 12	364.2521715364204
80	1 2	1 4	1 12	1 14	24.72470440882066
81	1 2	1 4	1 14	1 16	-22.23649882351829
82	1 2	1 4	1 16	1 18	-252.39135475867675
83	1 2	1 4	1 18	1 20	185.21344563737887
84	1 2	1 4	1 20	1 22	58.51288771356569
85	1 2	1 4	1 24	1 26	-183.9491690071715
86	1 2	1 4	1 23	1 25	-230.92971887708396
87	1 2	1 4	1 25	1 27	101.98696110017919
88	1 2	1 4	1 27	1 29	87.16890329295558
89	1 2	1 4	1 29	1 31	25.12375044518244
90	1 2	1 4	1 31	1 33	-160.36060013929733
91	1 2	1 4	1 33	1 35	61.59999708662225
92	1 2	1 4	1 35	1 37	55.10717252997928
93	1 2	1 4	1 37	1 39	28.358936691378617
94	1 2	1 4	1 39	1 41	-110.46962921318763
95	1 2	1 4	1 41	1 43	35.5373571654833
96	1 2	1 4	1 26	1 28	105.21607385032836
97	1 2	1 4	1 28	1 30	57.58879229176216
98	1 2	1 4	1 30	1 32	6.089170131200868
99	1 2	1 4	1 32	1 34	-132.56945380619345
100	1 2	1 4	1 34	1 36	61.29986517476553
101	1 2	1 4	1 36	1 38	41.69106570669676
102	1 2	1 4	1 38	1 40	17.537643421962386
103	1 2	1 4	1 40	1 42	-99.72532389300716
104	1 2	1 4	1 42	1 44	39.222016969590484
105	1 2	1 4	1 44	1 46	30.777570375921613
106	1 2	1 4	1 43	1 45	36.85069506703543
107	1 2	1 4	1 45	1 47	22.972726319291354
108	1 2	1 4	1 47	1 49	-76.28711073072634
109	1 2	1 4	1 49	1 51	22.434925628798283
110	1 2	1 4	1 51	1 53	26.057044854952515
111	1 2	1 4	1 53	1 55	19.482214090083637
112	1 2	1 4	1 55	1 57	-56.099713592717315
113	1 2	1 4	1 57	1 59	14.373851812693658
114	1 2	1 4	1 59	1 61	19.05934956097917
115	1 2	1 4	1 61	1 63	15.310441461313719
116	1 2	1 4	1 46	1 48	15.893915029408085
117	1 2	1 4	1 48	1 50	-73.57558419342234
118	1 2	1 4	1 50	1 52	26.773731903368017
119	1 2	1 4	1 52	1 54	22.826004575373226
120	1 2	1 4	1 54	1 56	13.679040400524888
121	1 2	1 4	1 56	1 58	-55.40910876816638
122	1 2	1 4	1 58	1 60	19.3585729762908
123	1 2	1 4	1 60	1 62	17.759654768492812
124	1 2	1 4	1 62	1 64	10.551550154943719
125	1 2	1 4	1 64	1 66	-42.42756911072499
126	1 2	1 4	1 63	1 65	-42.52624831865693
127	1 2	1 4	1 65	1 67	10.82164798326371
128	1 2	1 4	1 67	1 69	14.902843465627996
129	1 2	1 4	1 69	1 71	11.775250083989171
130	1 2	1 4	1 71	1 1	-577.2375932447421
131	1 2	1 4	1 66	1 68	14.167072740937773
132	1 2	1 4	1 68	1 70	14.175225337520665
133	1 2	1 4	1 70	1 72	8.307353986416526
134	1 3	1 5	1 4	1 6	318.354060935424
135	1 3	1 5	1 6	1 8	-170.18057523056464
136	1 3	1 5	1 8	1 10	-379.5919438101441
137	1 3	1 5	1 10	1 12	212.5187064631914
138	1 3	1 5	1 12	1 14	173.12482633596434
139	1 3	1 5	1 14	1 16	-23.046500693226186
140	1 3	1 5	1 16	1 18	-276.2494172463217
141	1 3	1 5	1 18	1 20	126.77375708473755
142	1 3	1 5	1 20	1 22	114.0783814565296
143	1 3	1 5	1 22	1 24	10.278089115367141
144	1 3	1 5	1 9	1 11	46.69410762490596
145	1 3	1 5	1 11	1 13	282.5544866231854
146	1 3	1 5	1 13	1 15	31.82233875539417
147	1 3	1 5	1 15	1 17	-303.84433449134997
148	1 3	1 5	1 17	1 19	64.6479340511861
149	1 3	1 5	1 19	1 21	152.7822066054579
150	1 3	1 5	1 21	1 23	46.55534783058606
151	1 3	1 5	1 23	1 25	-218.3020263225171
152	1 3	1 5	1 25	1 27	56.60220152238027
153	1 3	1 5	1 24	1 26	-201.21965291860084
154	1 3	1 5	1 26	1 28	77.7609810049014
155	1 3	1 5	1 28	1 30	81.55767807639361
156	1 3	1 5	1 30	1 32	18.228537416591834
157	1 3	1 5	1 32	1 34	-141.3668510864337
158	1 3	1 5	1 34	1 36	48.69110533516972
159	1 3	1 5	1 36	1 38	51.425406570719865
160	1 3	1 5	1 38	1 40	26.715570020433518
161	1 3	1 5	1 40	1 42	-106.58290307399216
162	1 3	1 5	1 42	1 44	33.20354219908589
163	1 3	1 5	1 27	1 29	90.44395103701325
164	1 3	1 5	1 29	1 31	48.34705278781651
165	1 3	1 5	1 31	1 33	-154.76887620009452
166	1 3	1 5	1 33	1 35	40.56222541393224
167	1 3	1 5	1 35	1 37	54.644199424490154
168	1 3	1 5	1 37	1 39	40.69878311416289
169	1 3	1 5	1 39	1 41	-107.81800240089797
170	1 3	1 5	1 41	1 43	26.295158400359938
171	1 3	1 5	1 43	1 45	36.0743883039701
172	1 3	1 5	1 45	1 47	28.572313399293144
173	1 3	1 5	1 44	1 46	34.702690687872064
174	1 3	1 5	1 46	1 48	21.225748146266646
175	1 3	1 5	1 48	1 50	-77.04325665499744
176	1 3	1 5	1 50	1 52	23.618506206267732
177	1 3	1 5	1 52	1 54	24.339172775159938
178	1 3	1 5	1 54	1 56	16.746835183876286
179	1 3	1 5	1 56	1 58	-57.055319357936014
180	1 3	1 5	1 58	1 60	17.643317323357913
181	1 3	1 5	1 60	1 62	18.49950766502971
182	1 3	1 5	1 62	1 64	12.192085265650986
183	1 3	1 5	1 47	1 49	-75.47110392977997
184	1 3	1 5	1 49	1 51	18.12060753885685
185	1 3	1 5	1 51	1 53	25.534328689199747
186	1 3	1 5	1 53	1 55	22.453983931096925
187	1 3	1 5	1 55	1 57	-55.87942774984959
188	1 3	1 5	1 57	1 59	12.45601314282574
189	1 3	1 5	1 59	1 61	18.538727934136812
190	1 3	1 5	1 61	1 63	16.92654608228929
191	1 3	1 5	1 63	1 65	-42.18221423599307
192	1 3	1 5	1 65	1 67	9.77602815536292
193	1 3	1 5	1 64	1 66	-43.35975390560597
194	1 3	1 5	1 66	1 68	13.271989367359708
195	1 3	1 5	1 68	1 70	14.559969227779217
196	1 3	1 5	1 70	1 72	9.051345121517894
197	1 3	1 5	1 72	1 2	-426.720128081463
198	1 3	1 5	1 67	1 69	14.575449404635943
199	1 3	1 5	1 69	1 71	12.553587193748687
200	1 3	1 5	1 71	1 1	-282.9906837016894
201	1 4	1 6	1 5	1 7	351.1761151292017
202	1 4	1 6	1 7	1 9	-479.99972507396717
203	1 4	1 6	1 9	1 11	-21.06558673567678
204	1 4	1 6	1 11	1 13	163.57288686284147
205	1 4	1 6	1 13	1 15	182.68218645279916
206	1 4	1 6	1 17	1 19	12.960536030257769
207	1 4	1 6	1 19	1 21	104.45008409876215
208	1 4	1 6	1 21	1 23	105.21007606197003
209	1 4	1 6	1 23	1 25	-197.72436573261086
210	1 4	1 6	1 12	1 14	271.85244777167975
211	1 4	1 6	1 14	1 16	32.429089052173666
212	1 4	1 6	1 16	1 18	-289.6787929452179
213	1 4	1 6	1 18	1 20	47.96401322163283
214	1 4	1 6	1 20	1 22	136.7520957963053
215	1 4	1 6	1 22	1 24	55.207551412016045
216	1 4	1 6	1 24	1 26	-208.30659415946593
217	1 4	1 6	1 26	1 28	40.646621954794185
218	1 4	1 6	1 25	1 27	22.50706801884764
219	1 4	1 6	1 27	1 29	68.77524960313369
220	1 4	1 6	1 29	1 31	75.32308380304397
221	1 4	1 6	1 31	1 33	-140.32829596873717
222	1 4	1 6	1 33	1 35	21.70211101340837
223	1 4	1 6	1 35	1 37	44.814648111855384
224	1 4	1 6	1 37	1 39	51.76948004834766
225	1 4	1 6	1 39	1 41	-99.10080213903743
226	1 4	1 6	1 41	1 43	16.69020346694006
227	1 4	1 6	1 43	1 45	31.119144203525707
228	1 4	1 6	1 28	1 30	89.0822682497469
229	1 4	1 6	1 30	1 32	40.94746773130865
230	1 4	1 6	1 32	1 34	-141.8367869306702
231	1 4	1 6	1 34	1 36	31.126456731426785
232	1 4	1 6	1 36	1 38	53.40160541632469
233	1 4	1 6	1 38	1 40	38.46213104996388
234	1 4	1 6	1 40	1 42	-105.5589921477163
235	1 4	1 6	1 42	1 44	24.389870405418733
236	1 4	1 6	1 44	1 46	34.413917372545704
237	1 4	1 6	1 46	1 48	26.64630383371676
238	1 4	1 6	1 45	1 47	32.51118033847566
239	1 4	1 6	1 47	1 49	-68.23101003827085
240	1 4	1 6	1 49	1 51	12.963050442625715
241	1 4	1 6	1 51	1 53	22.492905115726273
242	1 4	1 6	1 53	1 55	23.842176800681663
243	1 4	1 6	1 55	1 57	-51.06148239700142
244	1 4	1 6	1 57	1 59	9.618824231088364
245	1 4	1 6	1 59	1 61	16.361587385692218
246	1 4	1 6	1 61	1 63	17.269722751301376
247	1 4	1 6	1 63	1 65	-38.49568520320027
248	1 4	1 6	1 48	1 50	-75.15729592119285
249	1 4	1 6	1 50	1 52	18.65480551670294
250	1 4	1 6	1 52	1 54	23.592654982368614
251	1 4	1 6	1 54	1 56	19.25309850392413
252	1 4	1 6	1 56	1 58	-54.76422340542621
253	1 4	1 6	1 58	1 60	14.580009066497901
254	1 4	1 6	1 60	1 62	17.770745835501913
255	1 4	1 6	1 62	1 64	13.214997361045075
256	1 4	1 6	1 64	1 66	-41.022789876781985
257	1 4	1 6	1 66	1 68	11.374124279596405
258	1 4	1 6	1 65	1 67	8.045964589861146
259	1 4	1 6	1 67	1 69	13.093344003808795
260	1 4	1 6	1 69	1 71	12.403151289551094
261	1 4	1 6	1 71	1 1	-165.14936867481327
262	1 4	1 6	1 68	1 70	13.736342671481449
263	1 4	1 6	1 70	1 72	9.28963719854065
264	1 4	1 6	1 72	1 2	-209.50023166302105
265	1 5	1 7	1 6	1 8	423.53498763105
266	1 5	1 7	1 8	1 10	-562.8342399757237
267	1 5	1 7	1 10	1 12	-26.230913963388943
268	1 5	1 7	1 12	1 14	186.82880702088033
269	1 5	1 7	1 14	1 16	229.55428690834293
270	1 5	1 7	1 18	1 20	8.994496700329552
271	1 5	1 7	1 20	1 22	110.79639948380189
272	1 5	1 7	1 22	1 24	138.2201792327472
273	1 5	1 7	1 24	1 26	-237.41376565358428
274	1 5	1 7	1 9	1 11	-22.266618882008977
275	1 5	1 7	1 11	1 13	25.151183814859124
276	1 5	1 7	1 13	1 15	315.1049888153551
277	1 5	1 7	1 15	1 17	-303.1023094121572
278	1 5	1 7	1 17	1 19	-2.9485194873865845
279	1 5	1 7	1 19	1 21	47.9378653876
280	1 5	1 7	1 21	1 23	152.32860106756868
281	1 5	1 7	1 23	1 25	-180.46658194985008
282	1 5	1 7	1 25	1 27	7.393796990145113
283	1 5	1 7	1 27	1 29	44.57579185349397
284	1 5	1 7	1 26	1 28	18.217995087106885
285	1 5	1 7	1 28	1 30	81.95308506308507
286	1 5	1 7	1 30	1 32	74.24654678314074
287	1 5	1 7	1 32	1 34	-152.28898621248987
288	1 5	1 7	1 34	1 36	19.662647537950953
289	1 5	1 7	1 36	1 38	52.2089087579866
290	1 5	1 7	1 38	1 40	53.483906470427215
291	1 5	1 7	1 40	1 42	-110.61147695864113
292	1 5	1 7	1 42	1 44	18.539870475390323
293	1 5	1 7	1 44	1 46	34.21732279171211
294	1 5	1 7	1 29	1 31	97.63593424760533
295	1 5	1 7	1 33	1 35	11.841624567520947
296	1 5	1 7	1 35	1 37	34.82919949007862
297	1 5	1 7	1 37	1 39	61.77083957920197
298	1 5	1 7	1 39	1 41	-92.85348755865311
299	1 5	1 7	1 41	1 43	11.2167186449742
300	1 5	1 7	1 43	1 45	26.85453943662521
301	1 5	1 7	1 45	1 47	36.54088709344511
302	1 5	1 7	1 47	1 49	-64.97776571231825
303	1 5	1 7	1 46	1 48	33.429435884137646
304	1 5	1 7	1 48	1 50	-76.62806643635327
305	1 5	1 7	1 50	1 52	15.37391795457502
306	1 5	1 7	1 52	1 54	23.27272983412938
307	1 5	1 7	1 54	1 56	22.386785151973193
308	1 5	1 7	1 56	1 58	-54.88516372930347
309	1 5	1 7	1 58	1 60	12.65919310307963
310	1 5	1 7	1 60	1 62	17.506125802274177
311	1 5	1 7	1 62	1 64	14.617989047958968
312	1 5	1 7	1 64	1 66	-40.63586556326918
313	1 5	1 7	1 49	1 51	9.89886348086334
314	1 5	1 7	1 51	1 53	20.366842815508114
315	1 5	1 7	1 53	1 55	25.74562835127607
316	1 5	1 7	1 55	1 57	-48.93260486946319
317	1 5	1 7	1 57	1 59	8.00191991762939
318	1 5	1 7	1 59	1 61	15.084136748528078
319	1 5	1 7	1 61	1 63	18.145704243256375
320	1 5	1 7	1 63	1 65	-37.052280404313606
321	1 5	1 7	1 65	1 67	7.051884226371465
322	1 5	1 7	1 67	1 69	12.304076801371664
323	1 5	1 7	1 66	1 68	10.235798326608727
324	1 5	1 7	1 68	1 70	13.559231620677387
325	1 5	1 7	1 70	1 72	9.873008794041885
326	1 5	1 7	1 69	1 71	12.685226158745635
327	1 6	1 8	1 7	1 9	-219.32340494006792
328	1 6	1 8	1 9	1 11	-14.971380822147939
329	1 6	1 8	1 11	1 13	-20.076636117828773
330	1 6	1 8	1 13	1 15	214.30101041040817
331	1 6	1 8	1 17	1 19	-5.558487686577246
332	1 6	1 8	1 19	1 21	11.474499291595741
333	1 6	1 8	1 21	1 23	129.47808747840992
334	1 6	1 8	1 23	1 25	-125.53006890517767
335	1 6	1 8	1 10	1 12	-23.131197916701787
336	1 6	1 8	1 12	1 14	34.00614041142428
337	1 6	1 8	1 14	1 16	406.78490515970907
338	1 6	1 8	1 16	1 18	-405.89113723298317
339	1 6	1 8	1 18	1 20	-3.495339865545718
340	1 6	1 8	1 20	1 22	53.62986469479178
341	1 6	1 8	1 22	1 24	190.22936145110197
342	1 6	1 8	1 24	1 26	-227.17678426019992
343	1 6	1 8	1 26	1 28	6.272332908649874
344	1 6	1 8	1 28	1 30	55.69961040101981
345	1 6	1 8	1 27	1 29	22.413363835694675
346	1 6	1 8	1 29	1 31	89.0627979428979
347	1 6	1 8	1 31	1 33	-99.90668382841157
348	1 6	1 8	1 33	1 35	6.093356636797932
349	1 6	1 8	1 35	1 37	22.913723406927666
350	1 6	1 8	1 37	1 39	56.245661035899886
351	1 6	1 8	1 39	1 41	-74.85316406643787
352	1 6	1 8	1 41	1 43	6.999846459544816
353	1 6	1 8	1 43	1 45	19.873905799201665
354	1 6	1 8	1 45	1 47	32.78641168069393
355	1 6	1 8	1 30	1 32	90.17816326742462
356	1 6	1 8	1 32	1 34	-135.33362404817854
357	1 6	1 8	1 34	1 36	11.054452141152737
358	1 6	1 8	1 36	1 38	40.31744219818448
359	1 6	1 8	1 38	1 40	56.40706959367892
360	1 6	1 8	1 40	1 42	-96.28148650082207
361	1 6	1 8	1 42	1 44	12.592688258178189
362	1 6	1 8	1 44	1 46	27.694086402914493
363	1 6	1 8	1 46	1 48	33.154196503018525
364	1 6	1 8	1 48	1 50	-65.8829630937752
365	1 6	1 8	1 47	1 49	-52.443728348554444
366	1 6	1 8	1 49	1 51	6.867694319702361
367	1 6	1 8	1 51	1 53	15.827438232618515
368	1 6	1 8	1 53	1 55	22.71766402629835
369	1 6	1 8	1 55	1 57	-40.06785626268568
370	1 6	1 8	1 57	1 59	5.877242536917567
371	1 6	1 8	1 59	1 61	11.94763548493773
372	1 6	1 8	1 61	1 63	15.812291509588835
373	1 6	1 8	1 63	1 65	-30.40359834179796
374	1 6	1 8	1 65	1 67	5.42492239539449
375	1 6	1 8	1 50	1 52	11.242524263251191
376	1 6	1 8	1 52	1 54	19.163373840465326
377	1 6	1 8	1 54	1 56	21.058726154944964
378	1 6	1 8	1 56	1 58	-46.59924353214275
379	1 6	1 8	1 58	1 60	9.64480360842811
380	1 6	1 8	1 60	1 62	14.605014179593901
381	1 6	1 8	1 62	1 64	13.326679329984488
382	1 6	1 8	1 64	1 66	-34.20675473863845
383	1 6	1 8	1 66	1 68	8.051584155623909
384	1 6	1 8	1 68	1 70	11.289275956724087
385	1 6	1 8	1 67	1 69	9.919817702217193
386	1 6	1 8	1 69	1 71	10.91333962959777
387	1 6	1 8	1 71	1 1	-81.33307726347802
388	1 6	1 8	1 70	1 72	8.661013562062152
389	1 6	1 8	1 72	1 2	-94.0166718294511
390	1 7	1 9	1 8	1 10	1103.039406755186
391	1 7	1 9	1 14	1 16	-184.30995752829404
392	1 7	1 9	1 16	1 18	796.2976957070707
393	1 7	1 9	1 15	1 17	911.2723163540778
394	1 7	1 9	1 17	1 19	-329.5465579710145
395	1 7	1 9	1 23	1 25	622.7696590803746
396	1 7	1 9	1 28	1 30	-194.29094717426216
397	1 7	1 9	1 30	1 32	-91.77563050802783
398	1 7	1 9	1 32	1 34	407.59019558057196
399	1 7	1 9	1 34	1 36	-135.47135060452536
400	1 7	1 9	1 36	1 38	-132.84044334092656
401	1 7	1 9	1 38	1 40	-90.54367906260961
402	1 7	1 9	1 40	1 42	306.3589261988909
403	1 7	1 9	1 42	1 44	-93.7944493745099
404	1 7	1 9	1 44	1 46	-93.9094605153629
405	1 7	1 9	1 46	1 48	-65.59536870040604
406	1 7	1 9	1 31	1 33	443.4639021924223
407	1 7	1 9	1 33	1 35	-135.60373389158946
408	1 7	1 9	1 35	1 37	-137.4509605779192
409	1 7	1 9	1 37	1 39	-119.93599277086639
410	1 7	1 9	1 39	1 41	307.15168495297803
411	1 7	1 9	1 41	1 43	-81.63935115078951
412	1 7	1 9	1 43	1 45	-96.98809990297059
413	1 7	1 9	1 45	1 47	-82.11218729321374
414	1 7	1 9	1 47	1 49	213.95359065376812
415	1 7	1 9	1 49	1 51	-53.72566675775154
416	1 7	1 9	1 48	1 50	221.2263863232506
417	1 7	1 9	1 50	1 52	-67.29962909397838
418	1 7	1 9	1 52	1 54	-67.69421143728923
419	1 7	1 9	1 54	1 56	-49.77266627214923
420	1 7	1 9	1 56	1 58	163.58720785372424
421	1 7	1 9	1 58	1 60	-50.401571592225174
422	1 7	1 9	1 60	1 62	-52.14474688418187
423	1 7	1 9	1 62	1 64	-35.53380048712587
424	1 7	1 9	1 64	1 66	123.80058754760813
425	1 7	1 9	1 66	1 68	-37.837722894035664
426	1 7	1 9	1 51	1 53	-70.8961872001872
427	1 7	1 9	1 53	1 55	-64.35351684258195
428	1 7	1 9	1 55	1 57	159.50284316931769
429	1 7	1 9	1 57	1 59	-36.33651294850365
430	1 7	1 9	1 59	1 61	-52.29005857740586
431	1 7	1 9	1 61	1 63	-48.365178160677424
432	1 7	1 9	1 63	1 65	120.41487167070218
433	1 7	1 9	1 65	1 67	-28.198397127165187
434	1 7	1 9	1 67	1 69	-41.45322565926324
435	1 7	1 9	1 69	1 71	-35.87400197726149
436	1 7	1 9	1 68	1 70	-41.46291118862108
437	1 7	1 9	1 70	1 72	-26.205104454116164
438	1 7	1 9	1 72	1 2	505.4565827716133
439	1 7	1 9	1 71	1 1	668.2250314465409
440	1 8	1 10	1 15	1 17	780.3826746834773
441	1 8	1 10	1 23	1 25	564.1415832594546
442	1 8	1 10	1 12	1 14	-314.95182911088983
443	1 8	1 10	1 14	1 16	-403.17478523373427
444	1 8	1 10	1 16	1 18	948.6737405106971
445	1 8	1 10	1 18	1 20	-279.95479074925163
446	1 8	1 10	1 24	1 26	636.1716058003683
447	1 8	1 10	1 29	1 31	-191.1975184707309
448	1 8	1 10	1 31	1 33	415.8717699216951
449	1 8	1 10	1 33	1 35	-91.44282520919714
450	1 8	1 10	1 35	1 37	-131.18359561334813
451	1 8	1 10	1 37	1 39	-139.60402400238013
452	1 8	1 10	1 39	1 41	295.0785592852151
453	1 8	1 10	1 41	1 43	-61.32683240211842
454	1 8	1 10	1 43	1 45	-92.3484107882841
455	1 8	1 10	1 45	1 47	-90.8758262430476
456	1 8	1 10	1 47	1 49	204.58098921678555
457	1 8	1 10	1 32	1 34	421.9057844255148
458	1 8	1 10	1 34	1 36	-110.52659757991586
459	1 8	1 10	1 36	1 38	-141.38050209109443
460	1 8	1 10	1 38	1 40	-113.78639178709521
461	1 8	1 10	1 40	1 42	311.9736967539062
462	1 8	1 10	1 42	1 44	-80.04867040490973
463	1 8	1 10	1 44	1 46	-96.66749979347995
464	1 8	1 10	1 46	1 48	-77.32969932893434
465	1 8	1 10	1 48	1 50	221.8599882985493
466	1 8	1 10	1 50	1 52	-59.0615399877769
467	1 8	1 10	1 49	1 51	-44.17186610622181
468	1 8	1 10	1 51	1 53	-67.61051048931304
469	1 8	1 10	1 53	1 55	-68.60866311327582
470	1 8	1 10	1 55	1 57	154.00589082594556
471	1 8	1 10	1 57	1 59	-31.2674837006088
472	1 8	1 10	1 59	1 61	-49.63727143818387
473	1 8	1 10	1 61	1 63	-50.35753744859884
474	1 8	1 10	1 63	1 65	116.29917298654286
475	1 8	1 10	1 65	1 67	-25.37166452727517
476	1 8	1 10	1 67	1 69	-39.62912516327162
477	1 8	1 10	1 52	1 54	-68.56728741986458
478	1 8	1 10	1 54	1 56	-55.79314440311412
479	1 8	1 10	1 56	1 58	162.98377740486768
480	1 8	1 10	1 58	1 60	-45.7022597176492
481	1 8	1 10	1 60	1 62	-52.39612947812073
482	1 8	1 10	1 62	1 64	-38.48613908830897
483	1 8	1 10	1 64	1 66	122.81700508756921
484	1 8	1 10	1 66	1 68	-35.1649413968355
485	1 8	1 10	1 68	1 70	-40.96463911827921
486	1 8	1 10	1 70	1 72	-27.400453638178192
487	1 8	1 10	1 69	1 71	-36.471879558619925
488	1 8	1 10	1 71	1 1	529.1027134422461
489	1 9	1 11	1 10	1 12	266.6208345752706
490	1 9	1 11	1 12	1 14	-49.32625775405947
491	1 9	1 11	1 14	1 16	-12.041959351587145
492	1 9	1 11	1 18	1 20	192.54548693264405
493	1 9	1 11	1 20	1 22	-15.775771796929359
494	1 9	1 11	1 22	1 24	-9.850324018316744
495	1 9	1 11	1 24	1 26	-136.42400873551367
496	1 9	1 11	1 26	1 28	118.65928642927207
497	1 9	1 11	1 28	1 30	13.985011697213288
498	1 9	1 11	1 13	1 15	-21.793431830745263
499	1 9	1 11	1 17	1 19	350.2157256787225
500	1 9	1 11	1 19	1 21	24.634222786094277
501	1 9	1 11	1 21	1 23	-14.032525651661619
502	1 9	1 11	1 23	1 25	-235.93269762299616
503	1 9	1 11	1 25	1 27	178.39288260442032
504	1 9	1 11	1 27	1 29	50.72617559798478
505	1 9	1 11	1 30	1 32	-3.16871569786314
506	1 9	1 11	1 32	1 34	-102.35634630981346
507	1 9	1 11	1 34	1 36	68.90676214256546
508	1 9	1 11	1 36	1 38	21.3200657269866
509	1 9	1 11	1 38	1 40	6.603556359508513
510	1 9	1 11	1 40	1 42	-80.74597301072362
511	1 9	1 11	1 42	1 44	42.518030507913295
512	1 9	1 11	1 44	1 46	21.188083121289228
513	1 9	1 11	1 46	1 48	8.27216220600162
514	1 9	1 11	1 48	1 50	-61.45824491033325
515	1 9	1 11	1 33	1 35	92.652183544828
516	1 9	1 11	1 35	1 37	42.89134325935335
517	1 9	1 11	1 37	1 39	11.179368781319647
518	1 9	1 11	1 39	1 41	-101.90161468701615
519	1 9	1 11	1 41	1 43	47.46915008051908
520	1 9	1 11	1 43	1 45	31.669076057762187
521	1 9	1 11	1 45	1 47	13.367318511009273
522	1 9	1 11	1 47	1 49	-70.38404677117644
523	1 9	1 11	1 49	1 51	26.896161325014695
524	1 9	1 11	1 51	1 53	23.395055805639746
525	1 9	1 11	1 50	1 52	28.206032334758916
526	1 9	1 11	1 52	1 54	17.8023192125014
527	1 9	1 11	1 54	1 56	8.595974391651774
528	1 9	1 11	1 56	1 58	-47.55657412761193
529	1 9	1 11	1 58	1 60	19.735084061982306
530	1 9	1 11	1 60	1 62	14.647796149952708
531	1 9	1 11	1 62	1 64	7.41252617947759
532	1 9	1 11	1 64	1 66	-36.99904717776262
533	1 9	1 11	1 66	1 68	13.93381756310944
534	1 9	1 11	1 68	1 70	12.167252749206048
535	1 9	1 11	1 53	1 55	13.553185204840307
536	1 9	1 11	1 55	1 57	-51.335802614594435
537	1 9	1 11	1 57	1 59	15.977733925826504
538	1 9	1 11	1 59	1 61	17.677388488872545
539	1 9	1 11	1 61	1 63	11.611764874485036
540	1 9	1 11	1 63	1 65	-38.75950918786725
541	1 9	1 11	1 65	1 67	11.228556987231752
542	1 9	1 11	1 67	1 69	13.779642187145544
543	1 9	1 11	1 69	1 71	9.53181796118188
544	1 9	1 11	1 70	1 72	6.3646170669333975
545	1 9	1 11	1 72	1 2	-184.54156972388685
546	1 10	1 12	1 11	1 13	204.20675054932065
547	1 10	1 12	1 13	1 15	-47.03122406455901
548	1 10	1 12	1 17	1 19	179.99247409418393
549	1 10	1 12	1 19	1 21	167.7802228921785
550	1 10	1 12	1 21	1 23	-18.730339710624946
551	1 10	1 12	1 23	1 25	-249.63267753766957
552	1 10	1 12	1 25	1 27	120.935016340712
553	1 10	1 12	1 27	1 29	104.71011226266128
554	1 10	1 12	1 29	1 31	10.676580656034105
555	1 10	1 12	1 14	1 16	-20.82400962322881
556	1 10	1 12	1 18	1 20	290.5321922294751
557	1 10	1 12	1 20	1 22	17.53983134094827
558	1 10	1 12	1 22	1 24	-15.084591240127885
559	1 10	1 12	1 24	1 26	-198.79616563182998
560	1 10	1 12	1 26	1 28	140.68493947391735
561	1 10	1 12	1 28	1 30	48.96740933117006
562	1 10	1 12	1 30	1 32	-1.9762621112081105
563	1 10	1 12	1 31	1 33	-173.59178168658474
564	1 10	1 12	1 33	1 35	72.76917991270207
565	1 10	1 12	1 35	1 37	63.699079570023514
566	1 10	1 12	1 37	1 39	23.172993207799877
567	1 10	1 12	1 39	1 41	-119.55796892364826
568	1 10	1 12	1 41	1 43	41.68365723640369
569	1 10	1 12	1 43	1 45	41.22461218174982
570	1 10	1 12	1 45	1 47	21.674319733243664
571	1 10	1 12	1 47	1 49	-82.71048737217431
572	1 10	1 12	1 49	1 51	25.8585508347152
573	1 10	1 12	1 34	1 36	75.41154239935472
574	1 10	1 12	1 36	1 38	40.97921915607601
575	1 10	1 12	1 38	1 40	12.974748722501218
576	1 10	1 12	1 40	1 42	-104.62319050835085
577	1 10	1 12	1 42	1 44	45.8589148447639
578	1 10	1 12	1 44	1 46	31.84284283472545
579	1 10	1 12	1 46	1 48	13.958420123808835
580	1 10	1 12	1 48	1 50	-77.7766148478785
581	1 10	1 12	1 50	1 52	30.537206454455376
582	1 10	1 12	1 52	1 54	24.06607818683235
583	1 10	1 12	1 51	1 53	28.80591435010593
584	1 10	1 12	1 53	1 55	19.559622125961674
585	1 10	1 12	1 55	1 57	-61.123817389449904
586	1 10	1 12	1 57	1 59	16.3775126955594
587	1 10	1 12	1 59	1 61	21.004600226597898
588	1 10	1 12	1 61	1 63	15.764272119397361
589	1 10	1 12	1 63	1 65	-46.09340744568128
590	1 10	1 12	1 65	1 67	12.099522381318234
591	1 10	1 12	1 67	1 69	16.294184533847265
592	1 10	1 12	1 69	1 71	12.359949990625017
593	1 10	1 12	1 54	1 56	13.00352318451247
594	1 10	1 12	1 56	1 58	-58.73120948272158
595	1 10	1 12	1 58	1 60	21.762120708353123
596	1 10	1 12	1 60	1 62	18.898541459138016
597	1 10	1 12	1 62	1 64	10.508406727692144
598	1 10	1 12	1 64	1 66	-45.39281332702385
599	1 10	1 12	1 66	1 68	15.720893122212086
600	1 10	1 12	1 68	1 70	15.160069462701042
601	1 10	1 12	1 70	1 72	8.467465429307534
602	1 10	1 12	1 72	1 2	-287.8267676407871
603	1 10	1 12	1 71	1 1	-329.4721570760237
604	1 11	1 13	1 12	1 14	175.86949679065174
605	1 11	1 13	1 14	1 16	-40.57623964984799
606	1 11	1 13	1 18	1 20	145.46376791222207
607	1 11	1 13	1 20	1 22	144.9039075709831
608	1 11	1 13	1 22	1 24	-20.67726381418276
609	1 11	1 13	1 24	1 26	-212.0565018991842
610	1 11	1 13	1 26	1 28	90.41747697276847
611	1 11	1 13	1 28	1 30	99.28086526531781
612	1 11	1 13	1 30	1 32	5.160424748125993
613	1 11	1 13	1 17	1 19	10.13222458527257
614	1 11	1 13	1 19	1 21	251.69678627904
615	1 11	1 13	1 23	1 25	-227.54292811789514
616	1 11	1 13	1 25	1 27	44.02409003952719
617	1 11	1 13	1 27	1 29	123.66960149108908
618	1 11	1 13	1 29	1 31	39.50332921833048
619	1 11	1 13	1 33	1 35	38.95052272935363
620	1 11	1 13	1 32	1 34	-150.81232581287324
621	1 11	1 13	1 34	1 36	55.408867111550876
622	1 11	1 13	1 36	1 38	59.4990197203451
623	1 11	1 13	1 38	1 40	22.848050487422213
624	1 11	1 13	1 40	1 42	-113.5765404040404
625	1 11	1 13	1 42	1 44	37.099548912158696
626	1 11	1 13	1 44	1 46	38.84685833250718
627	1 11	1 13	1 46	1 48	20.501822304679447
628	1 11	1 13	1 48	1 50	-82.6495259302288
629	1 11	1 13	1 50	1 52	25.99352429335108
630	1 11	1 13	1 35	1 37	66.88991997031982
631	1 11	1 13	1 37	1 39	40.597822266987436
632	1 11	1 13	1 39	1 41	-117.25218726197674
633	1 11	1 13	1 41	1 43	27.230457690725636
634	1 11	1 13	1 43	1 45	41.6868197933271
635	1 11	1 13	1 45	1 47	30.086627134759883
636	1 11	1 13	1 47	1 49	-82.22959143701283
637	1 11	1 13	1 49	1 51	19.358701254275687
638	1 11	1 13	1 51	1 53	28.574420200045438
639	1 11	1 13	1 53	1 55	24.02410874176561
640	1 11	1 13	1 52	1 54	26.885958386907177
641	1 11	1 13	1 54	1 56	17.17017398412345
642	1 11	1 13	1 56	1 58	-61.678458134077886
643	1 11	1 13	1 58	1 60	19.374054513064642
644	1 11	1 13	1 60	1 62	20.249494278035336
645	1 11	1 13	1 62	1 64	12.805214555817395
646	1 11	1 13	1 64	1 66	-46.857177940834575
647	1 11	1 13	1 66	1 68	14.481784535964906
648	1 11	1 13	1 68	1 70	15.834334145651853
649	1 11	1 13	1 70	1 72	9.704877733943931
650	1 11	1 13	1 55	1 57	-60.876047267177285
651	1 11	1 13	1 57	1 59	13.447799958406675
652	1 11	1 13	1 59	1 61	20.45303697867635
653	1 11	1 13	1 61	1 63	18.18092225642137
654	1 11	1 13	1 63	1 65	-45.84877286422115
655	1 11	1 13	1 65	1 67	10.628115209635626
656	1 11	1 13	1 67	1 69	15.957583237934996
657	1 11	1 13	1 69	1 71	13.536858498788781
658	1 11	1 13	1 72	1 2	-223.6050063537852
659	1 12	1 14	1 13	1 15	205.47443341563024
660	1 12	1 14	1 17	1 19	-16.055647443329164
661	1 12	1 14	1 19	1 21	132.46665998533928
662	1 12	1 14	1 21	1 23	138.44673100871734
663	1 12	1 14	1 25	1 27	8.508579038967408
664	1 12	1 14	1 27	1 29	86.81107750600222
665	1 12	1 14	1 29	1 31	97.07004188858724
666	1 12	1 14	1 31	1 33	-166.67200342465753
667	1 12	1 14	1 18	1 20	6.372204069937455
668	1 12	1 14	1 20	1 22	239.1357898464204
669	1 12	1 14	1 24	1 26	-231.5353995937312
670	1 12	1 14	1 26	1 28	32.49629181555102
671	1 12	1 14	1 28	1 30	128.4249245365607
672	1 12	1 14	1 30	1 32	36.646113034315576
673	1 12	1 14	1 34	1 36	31.65173067035292
674	1 12	1 14	1 33	1 35	17.386275897309247
675	1 12	1 14	1 35	1 37	54.89723505615098
676	1 12	1 14	1 37	1 39	65.00971406592652
677	1 12	1 14	1 39	1 41	-117.08256978674936
678	1 12	1 14	1 41	1 43	16.250210897963264
679	1 12	1 14	1 43	1 45	37.381356969624036
680	1 12	1 14	1 45	1 47	39.91304111693754
681	1 12	1 14	1 47	1 49	-80.32363024391462
682	1 12	1 14	1 49	1 51	13.789076536112109
683	1 12	1 14	1 51	1 53	26.630328598734543
684	1 12	1 14	1 36	1 38	70.28109241705982
685	1 12	1 14	1 38	1 40	43.28334148406768
686	1 12	1 14	1 42	1 44	26.881638010531937
687	1 12	1 14	1 44	1 46	42.87500562352777
688	1 12	1 14	1 46	1 48	31.24662016070844
689	1 12	1 14	1 48	1 50	-88.44671993491687
690	1 12	1 14	1 50	1 52	20.99689049121226
691	1 12	1 14	1 52	1 54	28.493675275751784
692	1 12	1 14	1 54	1 56	22.797288642043615
693	1 12	1 14	1 53	1 55	28.797838306799193
694	1 12	1 14	1 55	1 57	-59.97347431533623
695	1 12	1 14	1 57	1 59	10.682043664963944
696	1 12	1 14	1 59	1 61	19.205893322381204
697	1 12	1 14	1 61	1 63	20.670397796348475
698	1 12	1 14	1 63	1 65	-45.12081663750776
699	1 12	1 14	1 65	1 67	9.146432581439555
700	1 12	1 14	1 67	1 69	15.313022053856157
701	1 12	1 14	1 69	1 71	14.741343731154835
702	1 12	1 14	1 71	1 1	-145.71590231908874
703	1 12	1 14	1 56	1 58	-64.19712136080389
704	1 12	1 14	1 58	1 60	16.64627110825346
705	1 12	1 14	1 60	1 62	21.153996189331558
706	1 12	1 14	1 62	1 64	15.69594828641311
707	1 12	1 14	1 64	1 66	-48.2136647765867
708	1 12	1 14	1 66	1 68	13.09425393111094
709	1 12	1 14	1 68	1 70	16.257495226882504
710	1 12	1 14	1 70	1 72	11.049673571895386
711	1 12	1 14	1 72	1 2	-163.5605147629565
712	1 13	1 15	1 14	1 16	220.81151449474095
713	1 13	1 15	1 18	1 20	-18.65860975513872
714	1 13	1 15	1 20	1 22	134.63646599984514
715	1 13	1 15	1 22	1 24	175.47347486457718
716	1 13	1 15	1 26	1 28	4.884200261893437
717	1 13	1 15	1 28	1 30	100.54613930130878
718	1 13	1 15	1 30	1 32	95.86364193715556
719	1 13	1 15	1 32	1 34	-172.69681714443112
720	1 13	1 15	1 17	1 19	-12.802729960185603
721	1 13	1 15	1 21	1 23	251.16350724467185
722	1 13	1 15	1 23	1 25	-230.34853946256015
723	1 13	1 15	1 27	1 29	36.18259326567156
724	1 13	1 15	1 29	1 31	136.59287618689854
725	1 13	1 15	1 33	1 35	7.233073147574747
726	1 13	1 15	1 35	1 37	35.224570372668396
727	1 13	1 15	1 34	1 36	15.3023593934378
728	1 13	1 15	1 36	1 38	62.907854790470246
729	1 13	1 15	1 38	1 40	67.79256299623484
730	1 13	1 15	1 40	1 42	-129.70183368008037
731	1 13	1 15	1 42	1 44	18.119031548642987
732	1 13	1 15	1 44	1 46	40.52017404642384
733	1 13	1 15	1 46	1 48	41.524093868968436
734	1 13	1 15	1 48	1 50	-89.44649721954835
735	1 13	1 15	1 50	1 52	16.01283781504883
736	1 13	1 15	1 52	1 54	27.141159048610476
737	1 13	1 15	1 37	1 39	79.65745863321331
738	1 13	1 15	1 41	1 43	9.544048842213144
739	1 13	1 15	1 43	1 45	29.255688544036005
740	1 13	1 15	1 45	1 47	45.20715430113356
741	1 13	1 15	1 47	1 49	-74.15790598290599
742	1 13	1 15	1 49	1 51	9.63741861742124
743	1 13	1 15	1 51	1 53	22.691756085823883
744	1 13	1 15	1 53	1 55	31.060451013050425
745	1 13	1 15	1 55	1 57	-55.92148166438366
746	1 13	1 15	1 54	1 56	27.337217424617172
747	1 13	1 15	1 56	1 58	-63.67480150302653
748	1 13	1 15	1 58	1 60	13.660011835496192
749	1 13	1 15	1 60	1 62	20.32258965076042
750	1 13	1 15	1 62	1 64	17.647187248593163
751	1 13	1 15	1 64	1 66	-46.863641146234116
752	1 13	1 15	1 66	1 68	11.286989004446284
753	1 13	1 15	1 68	1 70	15.643959565583245
754	1 13	1 15	1 70	1 72	11.722566481510071
755	1 13	1 15	1 57	1 59	8.29446635306773
756	1 13	1 15	1 59	1 61	16.908928449884502
757	1 13	1 15	1 61	1 63	21.555528151722466
758	1 13	1 15	1 63	1 65	-42.2583114241954
759	1 13	1 15	1 65	1 67	7.627105457369773
760	1 13	1 15	1 67	1 69	13.899451491879685
761	1 13	1 15	1 69	1 71	14.921154168711523
762	1 14	1 16	1 15	1 17	-158.2845662269024
763	1 14	1 16	1 17	1 19	-7.99080550551988
764	1 14	1 16	1 19	1 21	-16.808722978513636
765	1 14	1 16	1 21	1 23	154.04821192765928
766	1 14	1 16	1 25	1 27	-2.5883881559414137
767	1 14	1 16	1 27	1 29	8.609995376190824
768	1 14	1 16	1 29	1 31	107.59050121935306
769	1 14	1 16	1 31	1 33	-102.18206243988912
770	1 14	1 16	1 33	1 35	3.1321760647042822
771	1 14	1 16	1 18	1 20	-12.211231158225402
772	1 14	1 16	1 22	1 24	304.78670668774885
773	1 14	1 16	1 24	1 26	-288.20140138824434
774	1 14	1 16	1 26	1 28	-1.4876539057032983
775	1 14	1 16	1 28	1 30	46.37475542657545
776	1 14	1 16	1 30	1 32	129.52603977891687
777	1 14	1 16	1 34	1 36	6.855274067511699
778	1 14	1 16	1 36	1 38	40.81735520628797
779	1 14	1 16	1 35	1 37	18.477689518525736
780	1 14	1 16	1 37	1 39	67.15365553086443
781	1 14	1 16	1 39	1 41	-79.02989417164159
782	1 14	1 16	1 41	1 43	5.412362619156971
783	1 14	1 16	1 43	1 45	19.14479384689666
784	1 14	1 16	1 45	1 47	38.51332949112414
785	1 14	1 16	1 47	1 49	-55.940110632870244
786	1 14	1 16	1 49	1 51	6.1494448977331775
787	1 14	1 16	1 51	1 53	16.134182233363756
788	1 14	1 16	1 53	1 55	26.195863785267456
789	1 14	1 16	1 38	1 40	74.18796062906182
790	1 14	1 16	1 42	1 44	10.902466453454636
791	1 14	1 16	1 44	1 46	29.571895236646856
792	1 14	1 16	1 46	1 48	41.63639911439709
793	1 14	1 16	1 48	1 50	-74.35180116003573
794	1 14	1 16	1 50	1 52	10.703671907451906
795	1 14	1 16	1 52	1 54	20.79167647088913
796	1 14	1 16	1 54	1 56	25.544178208294795
797	1 14	1 16	1 56	1 58	-51.82805138685883
798	1 14	1 16	1 55	1 57	-43.26320114731817
799	1 14	1 16	1 57	1 59	5.689817591751048
800	1 14	1 16	1 59	1 61	12.4815266301049
801	1 14	1 16	1 61	1 63	18.05417053037076
802	1 14	1 16	1 63	1 65	-32.905787814468475
803	1 14	1 16	1 65	1 67	5.4944569298017925
804	1 14	1 16	1 67	1 69	10.557724093551082
805	1 14	1 16	1 69	1 71	12.29025923249469
806	1 14	1 16	1 71	1 1	-74.34323984377028
807	1 14	1 16	1 58	1 60	9.683764798102246
808	1 14	1 16	1 60	1 62	16.006318352147915
809	1 14	1 16	1 62	1 64	15.764089456414295
810	1 14	1 16	1 64	1 66	-37.855671549599606
811	1 14	1 16	1 66	1 68	8.326935564472421
812	1 14	1 16	1 68	1 70	12.396063744989384
813	1 14	1 16	1 70	1 72	10.053201237037548
814	1 14	1 16	1 72	1 2	-83.96750609638232
815	1 15	1 17	1 16	1 18	804.2436514639639
816	1 15	1 17	1 18	1 20	-340.65141595779045
817	1 15	1 17	1 20	1 22	-254.39241286896151
818	1 15	1 17	1 22	1 24	-138.28007912696717
819	1 15	1 17	1 24	1 26	648.6228267228266
820	1 15	1 17	1 26	1 28	-256.7585364052577
821	1 15	1 17	1 28	1 30	-214.0138234599773
822	1 15	1 17	1 30	1 32	-94.7177539788918
823	1 15	1 17	1 32	1 34	467.99813408298803
824	1 15	1 17	1 34	1 36	-167.6281217552725
825	1 15	1 17	1 21	1 23	-229.83170379209758
826	1 15	1 17	1 23	1 25	766.8383181074203
827	1 15	1 17	1 25	1 27	-313.1204879696281
828	1 15	1 17	1 31	1 33	528.5341053065795
829	1 15	1 17	1 33	1 35	-179.78878474376094
830	1 15	1 17	1 35	1 37	-157.7029885858079
831	1 15	1 17	1 36	1 38	-150.8331177153359
832	1 15	1 17	1 38	1 40	-99.25915108744489
833	1 15	1 17	1 40	1 42	357.03100324091236
834	1 15	1 17	1 42	1 44	-116.56658506494392
835	1 15	1 17	1 44	1 46	-108.67483398144472
836	1 15	1 17	1 46	1 48	-73.24201329439919
837	1 15	1 17	1 48	1 50	258.91161520136563
838	1 15	1 17	1 50	1 52	-82.37137063658386
839	1 15	1 17	1 52	1 54	-78.82365590161496
840	1 15	1 17	1 54	1 56	-56.22150366650233
841	1 15	1 17	1 39	1 41	368.8749187689387
842	1 15	1 17	1 41	1 43	-106.23622204985269
843	1 15	1 17	1 43	1 45	-115.88907409165816
844	1 15	1 17	1 45	1 47	-93.49563071430478
845	1 15	1 17	1 47	1 49	256.34072135115224
846	1 15	1 17	1 49	1 51	-68.02728538474861
847	1 15	1 17	1 51	1 53	-84.32807905482323
848	1 15	1 17	1 53	1 55	-73.8703885216704
849	1 15	1 17	1 55	1 57	189.6986945247478
850	1 15	1 17	1 57	1 59	-44.76996539390918
851	1 15	1 17	1 56	1 58	193.25455601947525
852	1 15	1 17	1 58	1 60	-61.49759384095901
853	1 15	1 17	1 60	1 62	-61.4072955118521
854	1 15	1 17	1 62	1 64	-40.914728750032424
855	1 15	1 17	1 64	1 66	146.43857279415917
856	1 15	1 17	1 66	1 68	-45.84214630726175
857	1 15	1 17	1 68	1 70	-48.85901160783889
858	1 15	1 17	1 70	1 72	-30.429600204872976
859	1 15	1 17	1 72	1 2	351.5820622825287
860	1 15	1 17	1 59	1 61	-62.50737250101143
861	1 15	1 17	1 61	1 63	-55.95059303128059
862	1 15	1 17	1 63	1 65	142.7659866583138
863	1 15	1 17	1 65	1 67	-34.37753365154588
864	1 15	1 17	1 67	1 69	-49.44554495884984
865	1 15	1 17	1 69	1 71	-41.88057895792588
866	1 15	1 17	1 71	1 1	456.2846035652434
867	1 16	1 18	1 17	1 19	-149.97660523605379
868	1 16	1 18	1 19	1 21	-306.38463227593667
869	1 16	1 18	1 21	1 23	-265.1585350790514
870	1 16	1 18	1 23	1 25	630.8043801484985
871	1 16	1 18	1 25	1 27	-131.75157977475587
872	1 16	1 18	1 27	1 29	-233.00367985053538
873	1 16	1 18	1 29	1 31	-214.9157956264613
874	1 16	1 18	1 31	1 33	474.4975904530252
875	1 16	1 18	1 33	1 35	-99.60004609740943
876	1 16	1 18	1 35	1 37	-155.37307211522398
877	1 16	1 18	1 22	1 24	-293.0959137841562
878	1 16	1 18	1 24	1 26	757.280495379488
879	1 16	1 18	1 30	1 32	-159.75666549637555
880	1 16	1 18	1 32	1 34	490.39816355810615
881	1 16	1 18	1 37	1 39	-161.3579989592866
882	1 16	1 18	1 39	1 41	343.4235137102645
883	1 16	1 18	1 41	1 43	-69.62291105828893
884	1 16	1 18	1 43	1 45	-109.39831617878954
885	1 16	1 18	1 45	1 47	-106.13469087260381
886	1 16	1 18	1 47	1 49	238.25780885780887
887	1 16	1 18	1 49	1 51	-50.57079613403724
888	1 16	1 18	1 51	1 53	-78.9616462976276
889	1 16	1 18	1 53	1 55	-79.68629716291312
890	1 16	1 18	1 55	1 57	178.8412589323245
891	1 16	1 18	1 40	1 42	363.8837675350701
892	1 16	1 18	1 42	1 44	-94.66180431018216
893	1 16	1 18	1 44	1 46	-113.62541278166277
894	1 16	1 18	1 46	1 48	-90.50121199383494
895	1 16	1 18	1 48	1 50	259.9709977912225
896	1 16	1 18	1 50	1 52	-69.21784796239683
897	1 16	1 18	1 52	1 54	-79.77369450667993
898	1 16	1 18	1 54	1 56	-64.814885033286
899	1 16	1 18	1 56	1 58	189.32745726495727
900	1 16	1 18	1 58	1 60	-53.023917499707636
901	1 16	1 18	1 57	1 59	-36.18844301989931
902	1 16	1 18	1 59	1 61	-58.01501845812384
903	1 16	1 18	1 61	1 63	-58.74528971989977
904	1 16	1 18	1 63	1 65	135.46369046108157
905	1 16	1 18	1 65	1 67	-29.457738324609572
906	1 16	1 18	1 67	1 69	-46.2050241484102
907	1 16	1 18	1 69	1 71	-42.65098438216124
908	1 16	1 18	1 71	1 1	386.3400065548243
909	1 16	1 18	1 60	1 62	-60.923379380691685
910	1 16	1 18	1 62	1 64	-44.73272707902235
911	1 16	1 18	1 64	1 66	141.97816829095075
912	1 16	1 18	1 66	1 68	-40.78182471623185
913	1 16	1 18	1 68	1 70	-47.61939254120968
914	1 16	1 18	1 70	1 72	-31.805858618463525
915	1 16	1 18	1 72	1 2	346.8781406522533
916	1 17	1 19	1 18	1 20	199.5813103742414
917	1 17	1 19	1 20	1 22	-40.649249191170405
918	1 17	1 19	1 22	1 24	-9.738958764149132
919	1 17	1 19	1 26	1 28	155.12369273965518
920	1 17	1 19	1 28	1 30	-17.931826294313243
921	1 17	1 19	1 30	1 32	-6.39753885431791
922	1 17	1 19	1 32	1 34	-108.05130515946871
923	1 17	1 19	1 34	1 36	93.06394221513243
924	1 17	1 19	1 36	1 38	8.742257672138926
925	1 17	1 19	1 21	1 23	-17.225984049140536
926	1 17	1 19	1 25	1 27	325.2018258336036
927	1 17	1 19	1 27	1 29	7.3212669379029105
928	1 17	1 19	1 29	1 31	-11.076676856830137
929	1 17	1 19	1 33	1 35	149.97496260187512
930	1 17	1 19	1 35	1 37	38.18402746551503
931	1 17	1 19	1 37	1 39	2.5555666895932063
932	1 17	1 19	1 38	1 40	2.2456548767553777
933	1 17	1 19	1 40	1 42	-88.44540158797474
934	1 17	1 19	1 42	1 44	57.142126907879614
935	1 17	1 19	1 44	1 46	18.39334542620287
936	1 17	1 19	1 46	1 48	5.492573659134203
937	1 17	1 19	1 48	1 50	-69.15466350323192
938	1 17	1 19	1 50	1 52	37.09704500503318
939	1 17	1 19	1 52	1 54	18.240427483991695
940	1 17	1 19	1 54	1 56	7.215469925771887
941	1 17	1 19	1 56	1 58	-54.294370229007626
942	1 17	1 19	1 41	1 43	71.97931186580848
943	1 17	1 19	1 43	1 45	34.5214269432904
944	1 17	1 19	1 45	1 47	9.647051651449171
945	1 17	1 19	1 47	1 49	-84.56598230893704
946	1 17	1 19	1 49	1 51	38.49020269153033
947	1 17	1 19	1 51	1 53	27.05030968765955
948	1 17	1 19	1 53	1 55	12.485886253917336
949	1 17	1 19	1 55	1 57	-61.22172334368541
950	1 17	1 19	1 57	1 59	21.818133827330048
951	1 17	1 19	1 59	1 61	21.18744020106955
952	1 17	1 19	1 58	1 60	25.453291071553938
953	1 17	1 19	1 60	1 62	15.999845543253969
954	1 17	1 19	1 62	1 64	7.050075439529298
955	1 17	1 19	1 64	1 66	-42.68609878561091
956	1 17	1 19	1 66	1 68	17.605466625436364
957	1 17	1 19	1 68	1 70	13.812970102957351
958	1 17	1 19	1 70	1 72	6.601728500494017
959	1 17	1 19	1 72	1 2	-117.63506099897415
960	1 17	1 19	1 61	1 63	11.746988231717111
961	1 17	1 19	1 63	1 65	-46.13736130264196
962	1 17	1 19	1 65	1 67	14.730221161966117
963	1 17	1 19	1 67	1 69	16.573667808006242
964	1 17	1 19	1 69	1 71	10.31429820116267
965	1 18	1 20	1 19	1 21	182.64249736512687
966	1 18	1 20	1 21	1 23	-38.3382936815744
967	1 18	1 20	1 25	1 27	158.71714329231366
968	1 18	1 20	1 27	1 29	133.22155441588643
969	1 18	1 20	1 29	1 31	-16.4190144466782
970	1 18	1 20	1 33	1 35	95.89671684302378
971	1 18	1 20	1 35	1 37	80.23652307077853
972	1 18	1 20	1 37	1 39	11.372352719667605
973	1 18	1 20	1 22	1 24	-17.63025953172153
974	1 18	1 20	1 30	1 32	-10.499716814152686
975	1 18	1 20	1 34	1 36	110.17958519500716
976	1 18	1 20	1 36	1 38	34.13020400535342
977	1 18	1 20	1 38	1 40	5.644999609621152
978	1 18	1 20	1 39	1 41	-136.99812136620085
979	1 18	1 20	1 41	1 43	54.26564859516421
980	1 18	1 20	1 43	1 45	50.0828216832628
981	1 18	1 20	1 45	1 47	18.520521196292574
982	1 18	1 20	1 47	1 49	-95.297984845352
983	1 18	1 20	1 49	1 51	33.003389449901086
984	1 18	1 20	1 51	1 53	34.18766459061075
985	1 18	1 20	1 53	1 55	19.296328160808542
986	1 18	1 20	1 55	1 57	-70.30161883692315
987	1 18	1 20	1 57	1 59	20.396324751847363
988	1 18	1 20	1 42	1 44	60.364326120352366
989	1 18	1 20	1 44	1 46	32.762457402984
990	1 18	1 20	1 46	1 48	10.373547240994341
991	1 18	1 20	1 48	1 50	-86.0603942573332
992	1 18	1 20	1 50	1 52	38.40738767658949
993	1 18	1 20	1 52	1 54	26.26406323609894
994	1 18	1 20	1 54	1 56	11.729919024264104
995	1 18	1 20	1 56	1 58	-65.79048441631753
996	1 18	1 20	1 58	1 60	26.64918651874287
997	1 18	1 20	1 60	1 62	20.97454253707253
998	1 18	1 20	1 59	1 61	24.854593884568366
999	1 18	1 20	1 61	1 63	16.51066911067133
1000	1 18	1 20	1 63	1 65	-53.13068278309404
1001	1 18	1 20	1 65	1 67	14.769899114994935
1002	1 18	1 20	1 67	1 69	19.061101750581386
1003	1 18	1 20	1 69	1 71	13.430974302990302
1004	1 18	1 20	1 71	1 1	-212.3968117737439
1005	1 18	1 20	1 62	1 64	10.353512407669388
1006	1 18	1 20	1 64	1 66	-50.979220219777496
1007	1 18	1 20	1 66	1 68	18.888378437294847
1008	1 18	1 20	1 68	1 70	17.10223447003633
1009	1 18	1 20	1 70	1 72	8.935426802299869
1010	1 18	1 20	1 72	1 2	-163.9693756509684
1011	1 19	1 21	1 20	1 22	167.16316936095697
1012	1 19	1 21	1 22	1 24	-41.58918047169324
1013	1 19	1 21	1 26	1 28	127.28104956670529
1014	1 19	1 21	1 28	1 30	136.09080478700042
1015	1 19	1 21	1 30	1 32	-17.366468597845994
1016	1 19	1 21	1 32	1 34	-184.6814894688982
1017	1 19	1 21	1 34	1 36	76.54423144019088
1018	1 19	1 21	1 36	1 38	80.51225638809791
1019	1 19	1 21	1 38	1 40	16.03161633789906
1020	1 19	1 21	1 25	1 27	7.8912570069815295
1021	1 19	1 21	1 27	1 29	226.85478254205518
1022	1 19	1 21	1 29	1 31	5.765250761395032
1023	1 19	1 21	1 33	1 35	36.50587389333219
1024	1 19	1 21	1 35	1 37	102.40432840004698
1025	1 19	1 21	1 37	1 39	39.07005668263723
1026	1 19	1 21	1 39	1 41	-144.6417899021921
1027	1 19	1 21	1 41	1 43	31.016817730505437
1028	1 19	1 21	1 40	1 42	-138.80839058144167
1029	1 19	1 21	1 42	1 44	49.15832017667289
1030	1 19	1 21	1 44	1 46	50.83797458078189
1031	1 19	1 21	1 46	1 48	20.35578765462042
1032	1 19	1 21	1 48	1 50	-101.64785762986321
1033	1 19	1 21	1 50	1 52	33.661905258220855
1034	1 19	1 21	1 52	1 54	34.488392972388645
1035	1 19	1 21	1 54	1 56	19.09480001698759
1036	1 19	1 21	1 56	1 58	-76.24835477714848
1037	1 19	1 21	1 58	1 60	24.750418241882485
1038	1 19	1 21	1 43	1 45	58.02274975759356
1039	1 19	1 21	1 45	1 47	34.505219650173785
1040	1 19	1 21	1 47	1 49	-101.87255877873937
1041	1 19	1 21	1 49	1 51	23.61967581384775
1042	1 19	1 21	1 51	1 53	37.65279220325092
1043	1 19	1 21	1 53	1 55	28.845053197173627
1044	1 19	1 21	1 55	1 57	-76.34129516198797
1045	1 19	1 21	1 57	1 59	16.77329803739876
1046	1 19	1 21	1 59	1 61	26.319289646405885
1047	1 19	1 21	1 61	1 63	22.198129929951993
1048	1 19	1 21	1 60	1 62	25.603464085920045
1049	1 19	1 21	1 62	1 64	14.994021113451321
1050	1 19	1 21	1 64	1 66	-58.09286369086685
1051	1 19	1 21	1 66	1 68	18.36581460846878
1052	1 19	1 21	1 68	1 70	19.856632674780784
1053	1 19	1 21	1 70	1 72	11.724382232714245
1054	1 19	1 21	1 63	1 65	-57.32651638737991
1055	1 19	1 21	1 65	1 67	13.382369626423499
1056	1 19	1 21	1 67	1 69	20.198486981331357
1057	1 19	1 21	1 69	1 71	16.69753662502601
1058	1 20	1 22	1 21	1 23	154.2012190133932
1059	1 20	1 22	1 25	1 27	-18.71333829757465
1060	1 20	1 22	1 27	1 29	123.17682418623795
1061	1 20	1 22	1 29	1 31	128.21478603080902
1062	1 20	1 22	1 33	1 35	7.074744423390351
1063	1 20	1 22	1 35	1 37	74.40099936160559
1064	1 20	1 22	1 37	1 39	85.81143262002576
1065	1 20	1 22	1 39	1 41	-146.708763284521
1066	1 20	1 22	1 26	1 28	-1.0033413337268178
1067	1 20	1 22	1 28	1 30	228.32001240455753
1068	1 20	1 22	1 34	1 36	28.39733026231007
1069	1 20	1 22	1 36	1 38	105.06310884828139
1070	1 20	1 22	1 38	1 40	43.263042677828174
1071	1 20	1 22	1 42	1 44	30.103042242717574
1072	1 20	1 22	1 41	1 43	14.211830346419909
1073	1 20	1 22	1 43	1 45	48.6905329291056
1074	1 20	1 22	1 45	1 47	51.89885644384563
1075	1 20	1 22	1 47	1 49	-99.88474531791523
1076	1 20	1 22	1 49	1 51	14.6369753578735
1077	1 20	1 22	1 51	1 53	33.78541359641941
1078	1 20	1 22	1 53	1 55	36.71701358012388
1079	1 20	1 22	1 55	1 57	-74.37461206041777
1080	1 20	1 22	1 57	1 59	12.216301703134928
1081	1 20	1 22	1 59	1 61	23.924998392722244
1082	1 20	1 22	1 44	1 46	58.56729513419512
1083	1 20	1 22	1 46	1 48	36.0010731802939
1084	1 20	1 22	1 48	1 50	-108.08203818526604
1085	1 20	1 22	1 50	1 52	24.690775309667334
1086	1 20	1 22	1 52	1 54	37.04125728355851
1087	1 20	1 22	1 54	1 56	27.662752695692195
1088	1 20	1 22	1 56	1 58	-79.39003831561206
1089	1 20	1 22	1 58	1 60	19.981383744041523
1090	1 20	1 22	1 60	1 62	26.864134499082667
1091	1 20	1 22	1 62	1 64	19.3737047063674
1092	1 20	1 22	1 61	1 63	26.07209958430088
1093	1 20	1 22	1 63	1 65	-55.75273500535344
1094	1 20	1 22	1 65	1 67	10.86001096167
1095	1 20	1 22	1 67	1 69	18.938382647398754
1096	1 20	1 22	1 69	1 71	18.439437488979017
1097	1 20	1 22	1 71	1 1	-130.6885583293448
1098	1 20	1 22	1 64	1 66	-59.392752929668546
1099	1 20	1 22	1 66	1 68	15.878678550428834
1100	1 20	1 22	1 68	1 70	20.341779418925746
1101	1 20	1 22	1 70	1 72	13.74335453799836
1102	1 20	1 22	1 72	1 2	-134.15863301109388
1103	1 21	1 23	1 22	1 24	186.57399888584834
1104	1 21	1 23	1 26	1 28	-17.887898084092456
1105	1 21	1 23	1 28	1 30	142.0753080852185
1106	1 21	1 23	1 30	1 32	127.49582251038856
1107	1 21	1 23	1 32	1 34	-229.6304529877473
1108	1 21	1 23	1 34	1 36	7.348467052881599
1109	1 21	1 23	1 36	1 38	87.42571807930423
1110	1 21	1 23	1 38	1 40	93.65162457690846
1111	1 21	1 23	1 40	1 42	-169.69305745600462
1112	1 21	1 23	1 25	1 27	-11.361764752208149
1113	1 21	1 23	1 29	1 31	249.1630997100906
1114	1 21	1 23	1 35	1 37	34.60175807194848
1115	1 21	1 23	1 37	1 39	122.33847619618277
1116	1 21	1 23	1 39	1 41	-141.78485899719766
1117	1 21	1 23	1 41	1 43	7.539370432600377
1118	1 21	1 23	1 43	1 45	34.51597198043659
1119	1 21	1 23	1 42	1 44	17.939437071107964
1120	1 21	1 23	1 44	1 46	54.62735014387483
1121	1 21	1 23	1 46	1 48	56.716249159381306
1122	1 21	1 23	1 48	1 50	-116.23637842366117
1123	1 21	1 23	1 50	1 52	18.027072131874196
1124	1 21	1 23	1 52	1 54	35.769398857683086
1125	1 21	1 23	1 54	1 56	37.05080136589412
1126	1 21	1 23	1 56	1 58	-82.33725108702906
1127	1 21	1 23	1 58	1 60	16.168225478793573
1128	1 21	1 23	1 60	1 62	26.441876082652502
1129	1 21	1 23	1 45	1 47	64.1058572397875
1130	1 21	1 23	1 47	1 49	-94.22018039916001
1131	1 21	1 23	1 49	1 51	9.834184785865663
1132	1 21	1 23	1 51	1 53	28.01043596934266
1133	1 21	1 23	1 53	1 55	42.24830487770965
1134	1 21	1 23	1 55	1 57	-71.38198526707473
1135	1 21	1 23	1 57	1 59	9.35236691843852
1136	1 21	1 23	1 59	1 61	21.02429746960868
1137	1 21	1 23	1 61	1 63	28.727413178190197
1138	1 21	1 23	1 63	1 65	-53.57676198392521
1139	1 21	1 23	1 62	1 64	23.66722729212003
1140	1 21	1 23	1 64	1 66	-60.40730544097414
1141	1 21	1 23	1 66	1 68	13.78627941539224
1142	1 21	1 23	1 68	1 70	20.20950303898131
1143	1 21	1 23	1 70	1 72	15.542904225927066
1144	1 21	1 23	1 72	1 2	-119.99134390537094
1145	1 21	1 23	1 65	1 67	9.072781719982864
1146	1 21	1 23	1 67	1 69	17.43202577990965
1147	1 21	1 23	1 69	1 71	19.56272901573667
1148	1 22	1 24	1 25	1 27	-6.411235444681857
1149	1 22	1 24	1 27	1 29	-14.915072970990503
1150	1 22	1 24	1 29	1 31	156.27473823614616
1151	1 22	1 24	1 35	1 37	12.133660718225421
1152	1 22	1 24	1 37	1 39	97.60546884805981
1153	1 22	1 24	1 39	1 41	-99.54629649055218
1154	1 22	1 24	1 41	1 43	4.168012449343229
1155	1 22	1 24	1 26	1 28	-10.089741837583176
1156	1 22	1 24	1 28	1 30	17.541549317444733
1157	1 22	1 24	1 30	1 32	247.62647212600484
1158	1 22	1 24	1 36	1 38	44.29649926680055
1159	1 22	1 24	1 38	1 40	123.68262821260078
1160	1 22	1 24	1 42	1 44	9.98647160293877
1161	1 22	1 24	1 44	1 46	37.08352713858277
1162	1 22	1 24	1 43	1 45	20.291393834147506
1163	1 22	1 24	1 45	1 47	55.16622975105763
1164	1 22	1 24	1 47	1 49	-71.52850294814758
1165	1 22	1 24	1 49	1 51	6.174809526756089
1166	1 22	1 24	1 51	1 53	19.206321284852947
1167	1 22	1 24	1 53	1 55	37.06582782736734
1168	1 22	1 24	1 55	1 57	-56.140476071794595
1169	1 22	1 24	1 57	1 59	6.384589633769181
1170	1 22	1 24	1 59	1 61	15.416334879733144
1171	1 22	1 24	1 61	1 63	25.12327619494088
1172	1 22	1 24	1 46	1 48	65.40949230189511
1173	1 22	1 24	1 48	1 50	-102.10033815767686
1174	1 22	1 24	1 50	1 52	11.632649364280972
1175	1 22	1 24	1 52	1 54	26.924904122670654
1176	1 22	1 24	1 54	1 56	38.39111839581156
1177	1 22	1 24	1 56	1 58	-70.5006160897329
1178	1 22	1 24	1 58	1 60	11.345876053599712
1179	1 22	1 24	1 60	1 62	21.097391111259356
1180	1 22	1 24	1 62	1 64	22.97210287126926
1181	1 22	1 24	1 64	1 66	-50.71042263912239
1182	1 22	1 24	1 63	1 65	-42.92699854542556
1183	1 22	1 24	1 65	1 67	6.585255080206312
1184	1 22	1 24	1 67	1 69	13.462074566381101
1185	1 22	1 24	1 69	1 71	16.898525951032838
1186	1 22	1 24	1 71	1 1	-82.72952154501445
1187	1 22	1 24	1 66	1 68	10.242706714072353
1188	1 22	1 24	1 68	1 70	16.459214120605203
1189	1 22	1 24	1 70	1 72	14.229855826992392
1190	1 22	1 24	1 72	1 2	-91.55536489816954
1191	1 23	1 25	1 24	1 26	688.2097673160172
1192	1 23	1 25	1 28	1 30	-252.8201581027668
1193	1 23	1 25	1 30	1 32	-98.48375065217783
1194	1 23	1 25	1 32	1 34	578.7273757026555
1195	1 23	1 25	1 34	1 36	-226.77425038441822
1196	1 23	1 25	1 36	1 38	-180.8618101598028
1197	1 23	1 25	1 40	1 42	446.91789421997754
1198	1 23	1 25	1 42	1 44	-158.05807390032214
1199	1 23	1 25	1 27	1 29	-238.36663717793812
1200	1 23	1 25	1 31	1 33	737.401940073815
1201	1 23	1 25	1 33	1 35	-285.2795779182765
1202	1 23	1 25	1 35	1 37	-193.4443664942592
1203	1 23	1 25	1 37	1 39	-164.613775218177
1204	1 23	1 25	1 39	1 41	483.68320687249263
1205	1 23	1 25	1 41	1 43	-156.2352226928812
1206	1 23	1 25	1 43	1 45	-146.2345096337606
1207	1 23	1 25	1 44	1 46	-135.66299160777712
1208	1 23	1 25	1 46	1 48	-86.55318337219356
1209	1 23	1 25	1 48	1 50	331.675777432312
1210	1 23	1 25	1 50	1 52	-112.60768877155652
1211	1 23	1 25	1 52	1 54	-100.2797966114565
1212	1 23	1 25	1 54	1 56	-68.21852564158988
1213	1 23	1 25	1 56	1 58	247.8564978588717
1214	1 23	1 25	1 58	1 60	-82.72246803177231
1215	1 23	1 25	1 60	1 62	-78.28401957086581
1216	1 23	1 25	1 62	1 64	-50.32265115080729
1217	1 23	1 25	1 47	1 49	334.2647428229665
1218	1 23	1 25	1 49	1 51	-97.40482275792607
1219	1 23	1 25	1 51	1 53	-109.70262267343486
1220	1 23	1 25	1 53	1 55	-91.86240225499324
1221	1 23	1 25	1 55	1 57	248.74996255478825
1222	1 23	1 25	1 57	1 59	-62.18972829302288
1223	1 23	1 25	1 59	1 61	-82.20959542693217
1224	1 23	1 25	1 61	1 63	-70.38447756216652
1225	1 23	1 25	1 63	1 65	187.00625139774124
1226	1 23	1 25	1 65	1 67	-46.75901820270924
1227	1 23	1 25	1 64	1 66	189.61865022479196
1228	1 23	1 25	1 66	1 68	-61.37497014527606
1229	1 23	1 25	1 68	1 70	-63.06826148082399
1230	1 23	1 25	1 70	1 72	-38.38580453463005
1231	1 23	1 25	1 72	1 2	260.6357977422194
1232	1 23	1 25	1 67	1 69	-64.74352984300222
1233	1 23	1 25	1 69	1 71	-53.15696385736049
1234	1 23	1 25	1 71	1 1	322.76497603169565
1235	1 24	1 26	1 25	1 27	-125.78739128902427
1236	1 24	1 26	1 27	1 29	-279.98328934354254
1237	1 24	1 26	1 29	1 31	-263.4872892092859
1238	1 24	1 26	1 31	1 33	587.0646704785993
1239	1 24	1 26	1 33	1 35	-106.17626805270294
1240	1 24	1 26	1 35	1 37	-210.89789281449742
1241	1 24	1 26	1 37	1 39	-200.7771409826379
1242	1 24	1 26	1 39	1 41	432.6959785550114
1243	1 24	1 26	1 41	1 43	-81.15428139927369
1244	1 24	1 26	1 43	1 45	-144.44708681538822
1245	1 24	1 26	1 28	1 30	-255.95195166060265
1246	1 24	1 26	1 30	1 32	-230.56891987317852
1247	1 24	1 26	1 32	1 34	674.2044860813704
1248	1 24	1 26	1 34	1 36	-210.7661483781659
1249	1 24	1 26	1 40	1 42	468.30131569348544
1250	1 24	1 26	1 42	1 44	-126.07140512531427
1251	1 24	1 26	1 45	1 47	-135.8473229323429
1252	1 24	1 26	1 47	1 49	306.2706125124172
1253	1 24	1 26	1 49	1 51	-62.542839936817735
1254	1 24	1 26	1 51	1 53	-103.55989580384829
1255	1 24	1 26	1 53	1 55	-103.17906292282314
1256	1 24	1 26	1 55	1 57	228.89736695624515
1257	1 24	1 26	1 57	1 59	-45.46098080469733
1258	1 24	1 26	1 59	1 61	-75.06917517313936
1259	1 24	1 26	1 61	1 63	-75.80178070063909
1260	1 24	1 26	1 63	1 65	174.1400288917594
1261	1 24	1 26	1 48	1 50	334.59176931234197
1262	1 24	1 26	1 50	1 52	-89.83973017639015
1263	1 24	1 26	1 52	1 54	-103.33811841622239
1264	1 24	1 26	1 54	1 56	-83.94136331651819
1265	1 24	1 26	1 56	1 58	244.7478347458352
1266	1 24	1 26	1 58	1 60	-68.32341448700419
1267	1 24	1 26	1 60	1 62	-78.84646539702885
1268	1 24	1 26	1 62	1 64	-57.87886581753607
1269	1 24	1 26	1 64	1 66	183.27123146476276
1270	1 24	1 26	1 66	1 68	-52.360941060039686
1271	1 24	1 26	1 65	1 67	-37.57983307120946
1272	1 24	1 26	1 67	1 69	-59.750068570773145
1273	1 24	1 26	1 69	1 71	-55.22100831139267
1274	1 24	1 26	1 71	1 1	285.3132637277649
1275	1 24	1 26	1 68	1 70	-61.701081411956736
1276	1 24	1 26	1 70	1 72	-41.21648239933567
1277	1 24	1 26	1 72	1 2	253.72932399354198
1278	1 25	1 27	1 26	1 28	191.48864007227507
1279	1 25	1 27	1 28	1 30	-57.37585141014806
1280	1 25	1 27	1 30	1 32	-8.107657041761684
1281	1 25	1 27	1 32	1 34	-112.37029483733821
1282	1 25	1 27	1 34	1 36	138.66533125236236
1283	1 25	1 27	1 36	1 38	-23.89712895594169
1284	1 25	1 27	1 38	1 40	-4.064319461772902
1285	1 25	1 27	1 40	1 42	-101.01221221142889
1286	1 25	1 27	1 42	1 44	88.36908547023727
1287	1 25	1 27	1 44	1 46	7.532830075880389
1288	1 25	1 27	1 29	1 31	-19.676612013364654
1289	1 25	1 27	1 33	1 35	320.30661387299983
1290	1 25	1 27	1 35	1 37	-2.1769594639067407
1291	1 25	1 27	1 37	1 39	-11.702179353079496
1292	1 25	1 27	1 41	1 43	136.4706821293409
1293	1 25	1 27	1 43	1 45	32.908914965745396
1294	1 25	1 27	1 45	1 47	1.0543238188004336
1295	1 25	1 27	1 47	1 49	-114.13353065291292
1296	1 25	1 27	1 48	1 50	-83.30487381576388
1297	1 25	1 27	1 50	1 52	57.016192723035935
1298	1 25	1 27	1 52	1 54	16.91323268067107
1299	1 25	1 27	1 54	1 56	4.063984363970809
1300	1 25	1 27	1 56	1 58	-67.07582920518243
1301	1 25	1 27	1 58	1 60	38.22933083658822
1302	1 25	1 27	1 60	1 62	17.808404549010795
1303	1 25	1 27	1 62	1 64	5.897716555459532
1304	1 25	1 27	1 64	1 66	-54.22527136934036
1305	1 25	1 27	1 49	1 51	67.51702855499786
1306	1 25	1 27	1 51	1 53	32.58487684692479
1307	1 25	1 27	1 53	1 55	9.106007123189855
1308	1 25	1 27	1 55	1 57	-81.99603796414215
1309	1 25	1 27	1 57	1 59	35.81095799784754
1310	1 25	1 27	1 59	1 61	28.06179629228665
1311	1 25	1 27	1 61	1 63	11.249702730312112
1312	1 25	1 27	1 63	1 65	-61.82559143166414
1313	1 25	1 27	1 65	1 67	22.81720669566593
1314	1 25	1 27	1 67	1 69	22.237996954451127
1315	1 25	1 27	1 66	1 68	25.743139634632396
1316	1 25	1 27	1 68	1 70	16.839269782041647
1317	1 25	1 27	1 70	1 72	6.83896233381542
1318	1 25	1 27	1 72	1 2	-92.84625525241087
1319	1 25	1 27	1 69	1 71	11.470098249615326
1320	1 25	1 27	1 71	1 1	-146.34485185116841
1321	1 26	1 28	1 27	1 29	158.0570234973091
1322	1 26	1 28	1 29	1 31	-48.213008475893794
1323	1 26	1 28	1 33	1 35	138.41520377430874
1324	1 26	1 28	1 35	1 37	118.07721313126953
1325	1 26	1 28	1 37	1 39	-20.47615474251788
1326	1 26	1 28	1 39	1 41	-170.2962302413972
1327	1 26	1 28	1 41	1 43	81.34582578899094
1328	1 26	1 28	1 43	1 45	71.40972510355206
1329	1 26	1 28	1 45	1 47	7.374309025786149
1330	1 26	1 28	1 30	1 32	-15.926687950252045
1331	1 26	1 28	1 34	1 36	235.5271681849661
1332	1 26	1 28	1 38	1 40	-7.757483633219907
1333	1 26	1 28	1 42	1 44	101.40109755570234
1334	1 26	1 28	1 44	1 46	28.89580408611313
1335	1 26	1 28	1 48	1 50	-102.33095061719848
1336	1 26	1 28	1 47	1 49	-121.39581793263841
1337	1 26	1 28	1 49	1 51	49.01976009456298
1338	1 26	1 28	1 51	1 53	46.68017923798349
1339	1 26	1 28	1 53	1 55	16.833671076057435
1340	1 26	1 28	1 55	1 57	-88.88457774612814
1341	1 26	1 28	1 57	1 59	29.445208364532377
1342	1 26	1 28	1 59	1 61	33.37616758430919
1343	1 26	1 28	1 61	1 63	17.064490163399363
1344	1 26	1 28	1 63	1 65	-67.83127152117795
1345	1 26	1 28	1 65	1 67	20.658971029644867
1346	1 26	1 28	1 50	1 52	57.860634869613534
1347	1 26	1 28	1 52	1 54	29.515715858861633
1348	1 26	1 28	1 54	1 56	7.748875536502975
1349	1 26	1 28	1 56	1 58	-79.88843845318422
1350	1 26	1 28	1 58	1 60	38.10149173778307
1351	1 26	1 28	1 60	1 62	24.962629211608608
1352	1 26	1 28	1 62	1 64	9.278949036898176
1353	1 26	1 28	1 64	1 66	-62.74344326229411
1354	1 26	1 28	1 66	1 68	25.950588640680635
1355	1 26	1 28	1 68	1 70	20.903127871379787
1356	1 26	1 28	1 67	1 69	25.097739478138664
1357	1 26	1 28	1 69	1 71	15.237852899658478
1358	1 26	1 28	1 71	1 1	-141.33934350124133
1359	1 26	1 28	1 70	1 72	9.37787737587103
1360	1 26	1 28	1 72	1 2	-107.51962211596816
1361	1 27	1 29	1 28	1 30	175.15724508627255
1362	1 27	1 29	1 30	1 32	-49.94581440294763
1363	1 27	1 29	1 32	1 34	-232.0622022187751
1364	1 27	1 29	1 34	1 36	123.04900658292
1365	1 27	1 29	1 36	1 38	122.32990786623961
1366	1 27	1 29	1 38	1 40	-17.329826693741893
1367	1 27	1 29	1 40	1 42	-173.04242700328706
1368	1 27	1 29	1 42	1 44	75.09320413085237
1369	1 27	1 29	1 44	1 46	74.43716016552048
1370	1 27	1 29	1 46	1 48	8.994181665405945
1371	1 27	1 29	1 33	1 35	-5.849967249868815
1372	1 27	1 29	1 35	1 37	226.3944265088929
1373	1 27	1 29	1 39	1 41	-181.46720722226866
1374	1 27	1 29	1 41	1 43	28.806369442445998
1375	1 27	1 29	1 43	1 45	100.34045300053688
1376	1 27	1 29	1 45	1 47	31.833417965015393
1377	1 27	1 29	1 47	1 49	-134.84125476065822
1378	1 27	1 29	1 49	1 51	28.98736630622647
1379	1 27	1 29	1 48	1 50	-129.09576711964462
1380	1 27	1 29	1 50	1 52	48.7923552573351
1381	1 27	1 29	1 52	1 54	48.952988791900495
1382	1 27	1 29	1 54	1 56	17.269643276128406
1383	1 27	1 29	1 56	1 58	-97.98959950049058
1384	1 27	1 29	1 58	1 60	34.8661701841957
1385	1 27	1 29	1 60	1 62	34.99211930765978
1386	1 27	1 29	1 62	1 64	16.33943487658625
1387	1 27	1 29	1 64	1 66	-75.93624531412729
1388	1 27	1 29	1 66	1 68	25.33793985802113
1389	1 27	1 29	1 51	1 53	57.349123288131224
1390	1 27	1 29	1 53	1 55	33.60016484421685
1391	1 27	1 29	1 55	1 57	-100.60425111088837
1392	1 27	1 29	1 57	1 59	22.10299473589609
1393	1 27	1 29	1 59	1 61	37.717408679855666
1394	1 27	1 29	1 61	1 63	27.537815513887924
1395	1 27	1 29	1 63	1 65	-76.65602441581196
1396	1 27	1 29	1 65	1 67	18.0354123628031
1397	1 27	1 29	1 67	1 69	27.890653310639376
1398	1 27	1 29	1 69	1 71	21.320459053246122
1399	1 27	1 29	1 68	1 70	26.64232496957324
1400	1 27	1 29	1 70	1 72	14.130155477635185
1401	1 27	1 29	1 72	1 2	-117.35041719123006
1402	1 27	1 29	1 71	1 1	-130.072751977922
1403	1 28	1 30	1 29	1 31	173.56817798878868
1404	1 28	1 30	1 33	1 35	-24.17812599783727
1405	1 28	1 30	1 35	1 37	125.05424768556341
1406	1 28	1 30	1 37	1 39	135.50287695019472
1407	1 28	1 30	1 41	1 43	4.91307037720753
1408	1 28	1 30	1 43	1 45	78.67464023674279
1409	1 28	1 30	1 45	1 47	81.58442857627031
1410	1 28	1 30	1 47	1 49	-147.9822546551386
1411	1 28	1 30	1 36	1 38	234.25416396340452
1412	1 28	1 30	1 38	1 40	11.591283853215447
1413	1 28	1 30	1 42	1 44	33.03753447419281
1414	1 28	1 30	1 44	1 46	105.06226480451537
1415	1 28	1 30	1 46	1 48	39.775047372935646
1416	1 28	1 30	1 48	1 50	-154.31616885793852
1417	1 28	1 30	1 50	1 52	32.29338131657661
1418	1 28	1 30	1 49	1 51	14.756249455702086
1419	1 28	1 30	1 51	1 53	52.119105838447794
1420	1 28	1 30	1 53	1 55	56.208299627693115
1421	1 28	1 30	1 55	1 57	-108.39468004496699
1422	1 28	1 30	1 57	1 59	15.149179324249488
1423	1 28	1 30	1 59	1 61	35.59177455540649
1424	1 28	1 30	1 61	1 63	39.162175014495226
1425	1 28	1 30	1 63	1 65	-81.13722515919741
1426	1 28	1 30	1 65	1 67	14.62914493838131
1427	1 28	1 30	1 67	1 69	27.71104869124227
1428	1 28	1 30	1 52	1 54	60.13906990645378
1429	1 28	1 30	1 54	1 56	37.13115369789667
1430	1 28	1 30	1 56	1 58	-114.13919071902984
1431	1 28	1 30	1 58	1 60	27.540588254896008
1432	1 28	1 30	1 60	1 62	41.3667448150115
1433	1 28	1 30	1 62	1 64	27.405387460384837
1434	1 28	1 30	1 64	1 66	-86.35420971152531
1435	1 28	1 30	1 66	1 68	22.42149764338398
1436	1 28	1 30	1 68	1 70	30.3787928174551
1437	1 28	1 30	1 70	1 72	19.935763520819904
1438	1 28	1 30	1 69	1 71	27.354115429804835
1439	1 28	1 30	1 71	1 1	-124.55353700484325
1440	1 28	1 30	1 72	1 2	-124.1149179113947
1441	1 29	1 31	1 30	1 32	191.17852852783747
1442	1 29	1 31	1 32	1 34	-300.7459925876599
1443	1 29	1 31	1 34	1 36	-24.159026590912365
1444	1 29	1 31	1 36	1 38	126.59378625148456
1445	1 29	1 31	1 38	1 40	162.47147968288795
1446	1 29	1 31	1 42	1 44	7.257365907127666
1447	1 29	1 31	1 44	1 46	80.32311629997625
1448	1 29	1 31	1 46	1 48	94.62023230912446
1449	1 29	1 31	1 48	1 50	-167.28143622852897
1450	1 29	1 31	1 33	1 35	-12.213634980924844
1451	1 29	1 31	1 35	1 37	-9.735855601980653
1452	1 29	1 31	1 37	1 39	254.9288727203653
1453	1 29	1 31	1 41	1 43	-0.9165324829598125
1454	1 29	1 31	1 43	1 45	32.396730589232135
1455	1 29	1 31	1 45	1 47	111.44486423285338
1456	1 29	1 31	1 47	1 49	-130.9189345314506
1457	1 29	1 31	1 49	1 51	6.449100966853903
1458	1 29	1 31	1 51	1 53	33.09377928230258
1459	1 29	1 31	1 50	1 52	16.251111709252648
1460	1 29	1 31	1 52	1 54	51.06900805575471
1461	1 29	1 31	1 54	1 56	59.67064988425034
1462	1 29	1 31	1 56	1 58	-115.87394730890003
1463	1 29	1 31	1 58	1 60	17.724775251439674
1464	1 29	1 31	1 60	1 62	37.43442963408706
1465	1 29	1 31	1 62	1 64	36.90465838449893
1466	1 29	1 31	1 64	1 66	-84.54120500566174
1467	1 29	1 31	1 66	1 68	16.60984192306138
1468	1 29	1 31	1 68	1 70	28.204997954471022
1469	1 29	1 31	1 53	1 55	67.12706252255037
1470	1 29	1 31	1 55	1 57	-96.06835711373827
1471	1 29	1 31	1 57	1 59	9.012895255325873
1472	1 29	1 31	1 59	1 61	26.26587557453738
1473	1 29	1 31	1 61	1 63	43.51740357254592
1474	1 29	1 31	1 63	1 65	-72.4410626644383
1475	1 29	1 31	1 65	1 67	10.278454981223193
1476	1 29	1 31	1 67	1 69	22.6724516320171
1477	1 29	1 31	1 69	1 71	28.643753278619172
1478	1 29	1 31	1 71	1 1	-102.65307763254143
1479	1 29	1 31	1 70	1 72	23.378449505260114
1480	1 29	1 31	1 72	1 2	-110.91811545417974
1481	1 30	1 32	1 33	1 35	-4.923187483186431
1482	1 30	1 32	1 35	1 37	-19.735845205877077
1483	1 30	1 32	1 37	1 39	143.36458068010063
1484	1 30	1 32	1 39	1 41	-109.94202137624359
1485	1 30	1 32	1 43	1 45	9.26843100653165
1486	1 30	1 32	1 45	1 47	80.56003561698196
1487	1 30	1 32	1 47	1 49	-82.36366808225696
1488	1 30	1 32	1 49	1 51	3.2458202032185652
1489	1 30	1 32	1 34	1 36	-10.268206886345869
1490	1 30	1 32	1 38	1 40	258.29890763603186
1491	1 30	1 32	1 42	1 44	1.6572959639061875
1492	1 30	1 32	1 44	1 46	34.639264813440704
1493	1 30	1 32	1 46	1 48	117.60835590938393
1494	1 30	1 32	1 48	1 50	-143.26608868530883
1495	1 30	1 32	1 50	1 52	7.911431343426576
1496	1 30	1 32	1 52	1 54	30.60005424117542
1497	1 30	1 32	1 51	1 53	17.058294454966436
1498	1 30	1 32	1 53	1 55	53.05640929914922
1499	1 30	1 32	1 55	1 57	-66.90845797211034
1500	1 30	1 32	1 57	1 59	5.180681397616219
1501	1 30	1 32	1 59	1 61	16.012601452782093
1502	1 30	1 32	1 61	1 63	35.194547378053564
1503	1 30	1 32	1 63	1 65	-52.31546789280221
1504	1 30	1 32	1 65	1 67	6.481240897633865
1505	1 30	1 32	1 67	1 69	15.377836517842969
1506	1 30	1 32	1 69	1 71	23.043341012758898
1507	1 30	1 32	1 54	1 56	63.090881074687545
1508	1 30	1 32	1 56	1 58	-93.9475306691285
1509	1 30	1 32	1 58	1 60	10.272953789355164
1510	1 30	1 32	1 60	1 62	25.85961704560486
1511	1 30	1 32	1 62	1 64	35.52690458018536
1512	1 30	1 32	1 64	1 66	-66.447902475771
1513	1 30	1 32	1 66	1 68	10.719129999652663
1514	1 30	1 32	1 68	1 70	20.727625523545044
1515	1 30	1 32	1 70	1 72	20.685946794789928
1516	1 30	1 32	1 72	1 2	-84.58366530298662
1517	1 30	1 32	1 71	1 1	-75.12014291907039
1518	1 31	1 33	1 32	1 34	692.1012187685162
1519	1 31	1 33	1 34	1 36	-282.64499351765306
1520	1 31	1 33	1 36	1 38	-223.64176990260341
1521	1 31	1 33	1 38	1 40	-140.40298903301368
1522	1 31	1 33	1 40	1 42	595.2960551591941
1523	1 31	1 33	1 42	1 44	-231.0887179445878
1524	1 31	1 33	1 44	1 46	-173.5798312309358
1525	1 31	1 33	1 48	1 50	447.55688623556745
1526	1 31	1 33	1 39	1 41	707.3318307522125
1527	1 31	1 33	1 41	1 43	-265.1715507095489
1528	1 31	1 33	1 47	1 49	468.0386430678466
1529	1 31	1 33	1 51	1 53	-147.8108407079646
1530	1 31	1 33	1 52	1 54	-134.2062119050523
1531	1 31	1 33	1 54	1 56	-87.59871427238804
1532	1 31	1 33	1 56	1 58	340.63107613107616
1533	1 31	1 33	1 58	1 60	-121.72298798381831
1534	1 31	1 33	1 60	1 62	-106.84739798733321
1535	1 31	1 33	1 62	1 64	-65.953366795502
1536	1 31	1 33	1 64	1 66	262.5257564761004
1537	1 31	1 33	1 66	1 68	-88.8152726602906
1538	1 31	1 33	1 68	1 70	-86.72440647843874
1539	1 31	1 33	1 70	1 72	-51.2463418094551
1540	1 31	1 33	1 55	1 57	345.13833855799373
1541	1 31	1 33	1 57	1 59	-94.89754701663395
1542	1 31	1 33	1 59	1 61	-115.11532844019757
1543	1 31	1 33	1 61	1 63	-93.41519303471189
1544	1 31	1 33	1 63	1 65	262.4725346736226
1545	1 31	1 33	1 65	1 67	-69.22205132375757
1546	1 31	1 33	1 67	1 69	-91.20899843748137
1547	1 31	1 33	1 69	1 71	-71.87324501650062
1548	1 31	1 33	1 71	1 1	218.39673269748107
1549	1 31	1 33	1 72	1 2	184.83496426140232
1550	1 32	1 34	1 33	1 35	-106.13508760547651
1551	1 32	1 34	1 35	1 37	-274.3435113094023
1552	1 32	1 34	1 37	1 39	-260.853170902581
1553	1 32	1 34	1 39	1 41	580.4408255086073
1554	1 32	1 34	1 41	1 43	-98.16831104405458
1555	1 32	1 34	1 43	1 45	-211.7369635755409
1556	1 32	1 34	1 45	1 47	-181.23943721312997
1557	1 32	1 34	1 47	1 49	420.81068042783795
1558	1 32	1 34	1 49	1 51	-82.03750357787933
1559	1 32	1 34	1 51	1 53	-148.50892098218185
1560	1 32	1 34	1 36	1 38	-234.51115430081708
1561	1 32	1 34	1 38	1 40	-260.4338216991167
1562	1 32	1 34	1 42	1 44	-213.19649153937803
1563	1 32	1 34	1 44	1 46	-191.3783067906499
1564	1 32	1 34	1 46	1 48	-163.31267559497562
1565	1 32	1 34	1 48	1 50	466.47252910350915
1566	1 32	1 34	1 50	1 52	-131.00637926658987
1567	1 32	1 34	1 52	1 54	-141.29119327966083
1568	1 32	1 34	1 53	1 55	-141.8198715251106
1569	1 32	1 34	1 55	1 57	318.98652604175135
1570	1 32	1 34	1 57	1 59	-61.88119843981696
1571	1 32	1 34	1 59	1 61	-106.94896430943717
1572	1 32	1 34	1 61	1 63	-105.36698046519012
1573	1 32	1 34	1 63	1 65	240.59417599948478
1574	1 32	1 34	1 65	1 67	-51.72803509380334
1575	1 32	1 34	1 67	1 69	-83.88990868392814
1576	1 32	1 34	1 69	1 71	-76.82600313509587
1577	1 32	1 34	1 71	1 1	198.45060168989315
1578	1 32	1 34	1 56	1 58	340.61896135265704
1579	1 32	1 34	1 58	1 60	-97.06154924018156
1580	1 32	1 34	1 60	1 62	-110.40085090585089
1581	1 32	1 34	1 62	1 64	-80.42678268671494
1582	1 32	1 34	1 64	1 66	256.2535635635636
1583	1 32	1 34	1 66	1 68	-73.503487993488
1584	1 32	1 34	1 68	1 70	-86.20365237253168
1585	1 32	1 34	1 70	1 72	-57.28178903573176
1586	1 32	1 34	1 72	1 2	184.7004318062138
1587	1 33	1 35	1 34	1 36	179.22636048386946
1588	1 33	1 35	1 36	1 38	-62.274219795992146
1589	1 33	1 35	1 38	1 40	-9.531817025019386
1590	1 33	1 35	1 42	1 44	143.48208280388815
1591	1 33	1 35	1 44	1 46	-26.32759447391291
1592	1 33	1 35	1 46	1 48	-7.777060264060848
1593	1 33	1 35	1 48	1 50	-100.01233151323734
1594	1 33	1 35	1 50	1 52	95.40590512457001
1595	1 33	1 35	1 52	1 54	5.282373677774185
1596	1 33	1 35	1 37	1 39	-22.951391996069837
1597	1 33	1 35	1 41	1 43	311.4340815860328
1598	1 33	1 35	1 43	1 45	-9.48024379837651
1599	1 33	1 35	1 45	1 47	-15.019279223760396
1600	1 33	1 35	1 47	1 49	-168.75668403682474
1601	1 33	1 35	1 49	1 51	136.50344359869513
1602	1 33	1 35	1 51	1 53	31.905464391616828
1603	1 33	1 35	1 55	1 57	-115.38057716947287
1604	1 33	1 35	1 54	1 56	-2.6686122506497636
1605	1 33	1 35	1 56	1 58	-84.771022625453
1606	1 33	1 35	1 58	1 60	62.66603099748692
1607	1 33	1 35	1 60	1 62	16.382236421788797
1608	1 33	1 35	1 62	1 64	2.256080766260223
1609	1 33	1 35	1 64	1 66	-70.27165415456554
1610	1 33	1 35	1 66	1 68	40.9496892717264
1611	1 33	1 35	1 68	1 70	19.869097639311732
1612	1 33	1 35	1 70	1 72	5.888465800846248
1613	1 33	1 35	1 72	1 2	-76.76997418212272
1614	1 33	1 35	1 57	1 59	66.7615858037127
1615	1 33	1 35	1 59	1 61	37.205259035300514
1616	1 33	1 35	1 61	1 63	6.986399564971846
1617	1 33	1 35	1 63	1 65	-87.94485522408817
1618	1 33	1 35	1 65	1 67	39.59190777003181
1619	1 33	1 35	1 67	1 69	31.263289117415262
1620	1 33	1 35	1 69	1 71	11.520895417943555
1621	1 33	1 35	1 71	1 1	-104.26775658167358
1622	1 34	1 36	1 35	1 37	178.13986380303822
1623	1 34	1 36	1 37	1 39	-63.833552492756155
1624	1 34	1 36	1 39	1 41	-239.5036591280376
1625	1 34	1 36	1 41	1 43	137.93992181379295
1626	1 34	1 36	1 43	1 45	126.43468533373337
1627	1 34	1 36	1 45	1 47	-24.15098890076758
1628	1 34	1 36	1 47	1 49	-180.6345727953135
1629	1 34	1 36	1 49	1 51	86.87096182557842
1630	1 34	1 36	1 51	1 53	79.12174484740996
1631	1 34	1 36	1 53	1 55	7.5901871694759695
1632	1 34	1 36	1 38	1 40	-21.60404059244903
1633	1 34	1 36	1 42	1 44	241.34231448774503
1634	1 34	1 36	1 46	1 48	-14.271422227388339
1635	1 34	1 36	1 48	1 50	-147.20153957664365
1636	1 34	1 36	1 50	1 52	113.02040709823268
1637	1 34	1 36	1 52	1 54	32.64541532487226
1638	1 34	1 36	1 56	1 58	-113.24046242378101
1639	1 34	1 36	1 55	1 57	-133.66740327146903
1640	1 34	1 36	1 57	1 59	51.34020622321776
1641	1 34	1 36	1 59	1 61	55.17403750449256
1642	1 34	1 36	1 61	1 63	16.97088438610086
1643	1 34	1 36	1 63	1 65	-101.86850534259439
1644	1 34	1 36	1 65	1 67	35.02989636495347
1645	1 34	1 36	1 67	1 69	39.8744887315485
1646	1 34	1 36	1 69	1 71	19.00650164616346
1647	1 34	1 36	1 71	1 1	-103.93931905725663
1648	1 34	1 36	1 58	1 60	67.82040096330228
1649	1 34	1 36	1 60	1 62	33.144725688172116
1650	1 34	1 36	1 62	1 64	6.213690715989248
1651	1 34	1 36	1 64	1 66	-90.49483874892711
1652	1 34	1 36	1 66	1 68	43.641708114249
1653	1 34	1 36	1 68	1 70	29.72640235722716
1654	1 34	1 36	1 70	1 72	10.231397476825741
1655	1 34	1 36	1 72	1 2	-84.71866971208848
1656	1 35	1 37	1 36	1 38	170.20389679725213
1657	1 35	1 37	1 38	1 40	-66.08022669997727
1658	1 35	1 37	1 42	1 44	132.87709382026196
1659	1 35	1 37	1 44	1 46	123.64951609496622
1660	1 35	1 37	1 46	1 48	-27.822938434477315
1661	1 35	1 37	1 48	1 50	-178.05838838788299
1662	1 35	1 37	1 50	1 52	82.54468697512874
1663	1 35	1 37	1 52	1 54	81.05625866943817
1664	1 35	1 37	1 54	1 56	4.89321774918034
1665	1 35	1 37	1 41	1 43	-9.859617995886978
1666	1 35	1 37	1 43	1 45	237.60189584762784
1667	1 35	1 37	1 45	1 47	-6.497565304336958
1668	1 35	1 37	1 47	1 49	-192.74421622237412
1669	1 35	1 37	1 49	1 51	31.858843555288637
1670	1 35	1 37	1 51	1 53	109.65643631748961
1671	1 35	1 37	1 53	1 55	34.5517225744525
1672	1 35	1 37	1 55	1 57	-149.0868831168831
1673	1 35	1 37	1 57	1 59	31.106538072361246
1674	1 35	1 37	1 56	1 58	-139.01549182381277
1675	1 35	1 37	1 58	1 60	56.786840784814714
1676	1 35	1 37	1 60	1 62	54.954612838170334
1677	1 35	1 37	1 62	1 64	14.994797224004554
1678	1 35	1 37	1 64	1 66	-108.84301251927823
1679	1 35	1 37	1 66	1 68	40.06227554959635
1680	1 35	1 37	1 68	1 70	40.43213021898196
1681	1 35	1 37	1 70	1 72	17.27920246065588
1682	1 35	1 37	1 72	1 2	-101.96352373688893
1683	1 35	1 37	1 59	1 61	64.1210686052152
1684	1 35	1 37	1 61	1 63	35.27661945016443
1685	1 35	1 37	1 63	1 65	-112.83424670164112
1686	1 35	1 37	1 65	1 67	26.950049234749073
1687	1 35	1 37	1 67	1 69	44.26149707037976
1688	1 35	1 37	1 69	1 71	29.39855228498118
1689	1 35	1 37	1 71	1 1	-109.87620331998241
1690	1 36	1 38	1 37	1 39	173.93174235416055
1691	1 36	1 38	1 41	1 43	-26.728512817281555
1692	1 36	1 38	1 43	1 45	131.93263870329912
1693	1 36	1 38	1 45	1 47	127.44818386559612
1694	1 36	1 38	1 47	1 49	-217.3277816323087
1695	1 36	1 38	1 49	1 51	5.151843854817335
1696	1 36	1 38	1 51	1 53	84.37356542198296
1697	1 36	1 38	1 53	1 55	85.46420774048998
1698	1 36	1 38	1 55	1 57	-158.1489433900192
1699	1 36	1 38	1 40	1 42	-220.1203676276988
1700	1 36	1 38	1 44	1 46	237.53650398500656
1701	1 36	1 38	1 46	1 48	-11.924493277485098
1702	1 36	1 38	1 50	1 52	34.46039748236602
1703	1 36	1 38	1 52	1 54	108.65621349080097
1704	1 36	1 38	1 54	1 56	34.28509111109625
1705	1 36	1 38	1 56	1 58	-156.3134831806162
1706	1 36	1 38	1 58	1 60	35.38046352846399
1707	1 36	1 38	1 57	1 59	15.328801090501017
1708	1 36	1 38	1 59	1 61	53.95374203940446
1709	1 36	1 38	1 61	1 63	58.230726233346886
1710	1 36	1 38	1 63	1 65	-115.27879809157184
1711	1 36	1 38	1 65	1 67	18.248768337385336
1712	1 36	1 38	1 67	1 69	40.492972372777785
1713	1 36	1 38	1 69	1 71	39.66131215231978
1714	1 36	1 38	1 71	1 1	-115.00612920800596
1715	1 36	1 38	1 60	1 62	66.40620106215218
1716	1 36	1 38	1 62	1 64	32.94860114746275
1717	1 36	1 38	1 64	1 66	-119.190661690332
1718	1 36	1 38	1 66	1 68	30.37344763513733
1719	1 36	1 38	1 68	1 70	45.33720476269672
1720	1 36	1 38	1 70	1 72	26.620855355863807
1721	1 36	1 38	1 72	1 2	-115.91909068702752
1722	1 37	1 39	1 38	1 40	200.87010131756944
1723	1 37	1 39	1 42	1 44	-27.237025695653873
1724	1 37	1 39	1 44	1 46	132.22818287580526
1725	1 37	1 39	1 46	1 48	143.9757625074874
1726	1 37	1 39	1 50	1 52	4.080123327056583
1727	1 37	1 39	1 52	1 54	78.73830140919753
1728	1 37	1 39	1 54	1 56	92.7434286098759
1729	1 37	1 39	1 56	1 58	-161.93124359226056
1730	1 37	1 39	1 41	1 43	-16.368148965707164
1731	1 37	1 39	1 43	1 45	-6.428317446960676
1732	1 37	1 39	1 45	1 47	243.78685152211156
1733	1 37	1 39	1 47	1 49	-211.65430301075645
1734	1 37	1 39	1 49	1 51	-3.4126172966204407
1735	1 37	1 39	1 51	1 53	32.57671485835058
1736	1 37	1 39	1 53	1 55	119.1206088056185
1737	1 37	1 39	1 55	1 57	-138.17965626787918
1738	1 37	1 39	1 57	1 59	5.276610444712844
1739	1 37	1 39	1 59	1 61	30.863909552308826
1740	1 37	1 39	1 58	1 60	15.23524071766273
1741	1 37	1 39	1 60	1 62	55.607667175373365
1742	1 37	1 39	1 62	1 64	57.81374341513659
1743	1 37	1 39	1 64	1 66	-118.8136367510761
1744	1 37	1 39	1 66	1 68	18.47572438527162
1745	1 37	1 39	1 68	1 70	40.44896826731703
1746	1 37	1 39	1 70	1 72	35.7121189177651
1747	1 37	1 39	1 72	1 2	-97.12112269039648
1748	1 37	1 39	1 61	1 63	70.01527207461943
1749	1 37	1 39	1 63	1 65	-98.18797428544374
1750	1 37	1 39	1 65	1 67	10.041436065951803
1751	1 37	1 39	1 67	1 69	28.99570506168569
1752	1 37	1 39	1 69	1 71	43.341228085625886
1753	1 37	1 39	1 71	1 1	-86.72555638555457
1754	1 38	1 40	1 39	1 41	-123.54813414260235
1755	1 38	1 40	1 41	1 43	-8.987684776132056
1756	1 38	1 40	1 43	1 45	-31.449637075875767
1757	1 38	1 40	1 45	1 47	129.46298490251866
1758	1 38	1 40	1 47	1 49	-86.65177987357188
1759	1 38	1 40	1 49	1 51	-4.465405614158854
1760	1 38	1 40	1 51	1 53	1.1017397941748497
1761	1 38	1 40	1 53	1 55	84.16476119198751
1762	1 38	1 40	1 55	1 57	-76.88743758053295
1763	1 38	1 40	1 57	1 59	0.4789412069335204
1764	1 38	1 40	1 42	1 44	-17.555078301889345
1765	1 38	1 40	1 44	1 46	-13.58935117198089
1766	1 38	1 40	1 46	1 48	273.3690362129614
1767	1 38	1 40	1 48	1 50	-234.67646750108256
1768	1 38	1 40	1 50	1 52	-5.078601524229654
1769	1 38	1 40	1 52	1 54	24.579687193766713
1770	1 38	1 40	1 54	1 56	124.73379081640829
1771	1 38	1 40	1 56	1 58	-137.65813405453542
1772	1 38	1 40	1 58	1 60	3.486689417271214
1773	1 38	1 40	1 60	1 62	29.494506827524084
1774	1 38	1 40	1 59	1 61	10.80289559986785
1775	1 38	1 40	1 61	1 63	54.05305687947572
1776	1 38	1 40	1 63	1 65	-61.7625225120037
1777	1 38	1 40	1 65	1 67	4.108161794319034
1778	1 38	1 40	1 67	1 69	15.31951884022026
1779	1 38	1 40	1 69	1 71	34.04162412039114
1780	1 38	1 40	1 71	1 1	-48.24865471733868
1781	1 38	1 40	1 62	1 64	64.42764937461588
1782	1 38	1 40	1 64	1 66	-91.54179692917737
1783	1 38	1 40	1 66	1 68	8.330860662129059
1784	1 38	1 40	1 68	1 70	26.063407501940958
1785	1 38	1 40	1 70	1 72	34.25974072075772
1786	1 38	1 40	1 72	1 2	-61.351072790269825
1787	1 39	1 41	1 40	1 42	693.1439071220907
1788	1 39	1 41	1 42	1 44	-294.66104954254763
1789	1 39	1 41	1 44	1 46	-232.9501252648216
1790	1 39	1 41	1 46	1 48	-109.6420979866466
1791	1 39	1 41	1 48	1 50	597.5207250169539
1792	1 39	1 41	1 50	1 52	-246.55090703395427
1793	1 39	1 41	1 52	1 54	-178.8697506566936
1794	1 39	1 41	1 54	1 56	-100.98468955090114
1795	1 39	1 41	1 56	1 58	465.50458555611226
1796	1 39	1 41	1 58	1 60	-182.35364342006181
1797	1 39	1 41	1 43	1 45	-231.51221635384587
1798	1 39	1 41	1 45	1 47	-222.02513252513253
1799	1 39	1 41	1 47	1 49	711.6711286758457
1800	1 39	1 41	1 49	1 51	-276.43809274592513
1801	1 39	1 41	1 51	1 53	-200.9170382311245
1802	1 39	1 41	1 53	1 55	-160.28010264465271
1803	1 39	1 41	1 55	1 57	499.4055282555282
1804	1 39	1 41	1 59	1 61	-162.47835938347987
1805	1 39	1 41	1 60	1 62	-146.12436124952794
1806	1 39	1 41	1 62	1 64	-81.91725234292822
1807	1 39	1 41	1 64	1 66	363.9631197194325
1808	1 39	1 41	1 66	1 68	-132.96047754237372
1809	1 39	1 41	1 68	1 70	-120.27893642305408
1810	1 39	1 41	1 70	1 72	-66.71262787723785
1811	1 39	1 41	1 72	1 2	163.41810399676095
1812	1 39	1 41	1 63	1 65	370.68317250719485
1813	1 39	1 41	1 65	1 67	-107.05912396150143
1814	1 39	1 41	1 67	1 69	-130.59682687801686
1815	1 39	1 41	1 69	1 71	-96.49613792766576
1816	1 39	1 41	1 71	1 1	169.85046597503077
1817	1 40	1 42	1 41	1 43	-115.64581913227062
1818	1 40	1 42	1 43	1 45	-268.83729833053485
1819	1 40	1 42	1 45	1 47	-236.39252211416868
1820	1 40	1 42	1 47	1 49	577.734755743945
1821	1 40	1 42	1 49	1 51	-109.98835262996116
1822	1 40	1 42	1 51	1 53	-214.9499499077338
1823	1 40	1 42	1 53	1 55	-190.06496691146643
1824	1 40	1 42	1 55	1 57	442.83153158155505
1825	1 40	1 42	1 57	1 59	-84.50507351710216
1826	1 40	1 42	1 59	1 61	-154.36817792886183
1827	1 40	1 42	1 46	1 48	-246.2866013068549
1828	1 40	1 42	1 48	1 50	680.3177533638706
1829	1 40	1 42	1 50	1 52	-221.61049740697408
1830	1 40	1 42	1 52	1 54	-187.9376228381751
1831	1 40	1 42	1 56	1 58	477.39260259649734
1832	1 40	1 42	1 61	1 63	-144.08431328207445
1833	1 40	1 42	1 63	1 65	336.72473153238036
1834	1 40	1 42	1 65	1 67	-71.95876078853031
1835	1 40	1 42	1 67	1 69	-119.48555104063959
1836	1 40	1 42	1 69	1 71	-106.50198356158177
1837	1 40	1 42	1 71	1 1	153.90719271316286
1838	1 40	1 42	1 64	1 66	354.54448856832687
1839	1 40	1 42	1 66	1 68	-104.96630877123353
1840	1 40	1 42	1 68	1 70	-119.46151404990131
1841	1 40	1 42	1 70	1 72	-79.095061784629
1842	1 40	1 42	1 72	1 2	158.29167570897533
1843	1 41	1 43	1 42	1 44	189.2021438892774
1844	1 41	1 43	1 44	1 46	-58.52287998980121
1845	1 41	1 43	1 46	1 48	-11.796520621330266
1846	1 41	1 43	1 48	1 50	-125.58425025017736
1847	1 41	1 43	1 50	1 52	159.9835149814387
1848	1 41	1 43	1 52	1 54	-23.58230771672673
1849	1 41	1 43	1 54	1 56	-8.970279102298912
1850	1 41	1 43	1 56	1 58	-115.24272430569637
1851	1 41	1 43	1 58	1 60	107.28966929155234
1852	1 41	1 43	1 60	1 62	8.654915606740444
1853	1 41	1 43	1 45	1 47	-23.983315506822557
1854	1 41	1 43	1 49	1 51	310.459183115482
1855	1 41	1 43	1 53	1 55	-14.511007077095705
1856	1 41	1 43	1 55	1 57	-180.15683362205317
1857	1 41	1 43	1 57	1 59	133.7946026930754
1858	1 41	1 43	1 59	1 61	45.437711076285254
1859	1 41	1 43	1 61	1 63	-0.7652958794172946
1860	1 41	1 43	1 63	1 65	-129.3570601476796
1861	1 41	1 43	1 62	1 64	-2.2043202697387922
1862	1 41	1 43	1 64	1 66	-98.81195935108008
1863	1 41	1 43	1 66	1 68	69.06835807833782
1864	1 41	1 43	1 68	1 70	22.875252248208913
1865	1 41	1 43	1 70	1 72	4.395383043359011
1866	1 41	1 43	1 72	1 2	-62.24224412839153
1867	1 41	1 43	1 65	1 67	73.52340594165744
1868	1 41	1 43	1 67	1 69	45.03638092108234
1869	1 41	1 43	1 69	1 71	10.710602601731441
1870	1 41	1 43	1 71	1 1	-75.89549842820716
1871	1 42	1 44	1 43	1 45	183.85417681261882
1872	1 42	1 44	1 45	1 47	-63.47834282551368
1873	1 42	1 44	1 47	1 49	-263.217354566782
1874	1 42	1 44	1 49	1 51	153.7159647892149
1875	1 42	1 44	1 51	1 53	134.24671804107862
1876	1 42	1 44	1 53	1 55	-24.039617870919635
1877	1 42	1 44	1 55	1 57	-198.60987253934468
1878	1 42	1 44	1 57	1 59	91.28832996894047
1879	1 42	1 44	1 59	1 61	93.89322698956514
1880	1 42	1 44	1 61	1 63	6.09002278423552
1881	1 42	1 44	1 46	1 48	-25.803446555882545
1882	1 42	1 44	1 50	1 52	258.77095006516856
1883	1 42	1 44	1 54	1 56	-17.749270987400134
1884	1 42	1 44	1 56	1 58	-165.5010544118029
1885	1 42	1 44	1 58	1 60	131.21738754928526
1886	1 42	1 44	1 60	1 62	35.00347068691349
1887	1 42	1 44	1 62	1 64	-2.807617463134771
1888	1 42	1 44	1 64	1 66	-129.3803745465282
1889	1 42	1 44	1 63	1 65	-154.14094106608863
1890	1 42	1 44	1 65	1 67	60.688032500404894
1891	1 42	1 44	1 67	1 69	64.80938820425814
1892	1 42	1 44	1 69	1 71	20.06140967970206
1893	1 42	1 44	1 71	1 1	-99.13313529570618
1894	1 42	1 44	1 66	1 68	76.85938103086406
1895	1 42	1 44	1 68	1 70	39.767829347414974
1896	1 42	1 44	1 70	1 72	8.285593623509747
1897	1 42	1 44	1 72	1 2	-87.87773091727476
1898	1 43	1 45	1 44	1 46	163.673317109234
1899	1 43	1 45	1 46	1 48	-65.10147668766817
1900	1 43	1 45	1 50	1 52	132.64399366280554
1901	1 43	1 45	1 52	1 54	131.87139890057563
1902	1 43	1 45	1 54	1 56	-28.788828192071378
1903	1 43	1 45	1 56	1 58	-188.60041327583286
1904	1 43	1 45	1 58	1 60	90.28858249903793
1905	1 43	1 45	1 60	1 62	85.55640428998997
1906	1 43	1 45	1 51	1 53	236.46953139135834
1907	1 43	1 45	1 55	1 57	-204.79156789924107
1908	1 43	1 45	1 57	1 59	34.406151428317564
1909	1 43	1 45	1 59	1 61	113.46365983057915
1910	1 43	1 45	1 61	1 63	36.84997893366018
1911	1 43	1 45	1 63	1 65	-161.0846155020301
1912	1 43	1 45	1 65	1 67	36.907755857499005
1913	1 43	1 45	1 64	1 66	-150.55013332287663
1914	1 43	1 45	1 66	1 68	61.46058815366729
1915	1 43	1 45	1 68	1 70	60.232993439215306
1916	1 43	1 45	1 70	1 72	17.774016001444615
1917	1 43	1 45	1 72	1 2	-106.81795731663951
1918	1 43	1 45	1 67	1 69	70.59532222956963
1919	1 43	1 45	1 69	1 71	37.82421576970479
1920	1 43	1 45	1 71	1 1	-111.74107142857142
1921	1 44	1 46	1 45	1 47	184.3918412398639
1922	1 44	1 46	1 47	1 49	-283.58646198982973
1923	1 44	1 46	1 49	1 51	-27.188923899977162
1924	1 44	1 46	1 51	1 53	130.23817303610258
1925	1 44	1 46	1 53	1 55	139.07811856047465
1926	1 44	1 46	1 57	1 59	4.648244408800341
1927	1 44	1 46	1 59	1 61	79.81346839749227
1928	1 44	1 46	1 61	1 63	93.27310964831518
1929	1 44	1 46	1 63	1 65	-161.1119964818728
1930	1 44	1 46	1 52	1 54	233.42766803120685
1931	1 44	1 46	1 54	1 56	2.840374295559094
1932	1 44	1 46	1 56	1 58	-209.24045055547936
1933	1 44	1 46	1 58	1 60	32.877149177788496
1934	1 44	1 46	1 60	1 62	117.82135939628053
1935	1 44	1 46	1 62	1 64	35.74912391755163
1936	1 44	1 46	1 64	1 66	-165.7140816381538
1937	1 44	1 46	1 66	1 68	36.639749153212406
1938	1 44	1 46	1 65	1 67	17.864675412510216
1939	1 44	1 46	1 67	1 69	58.30503121311519
1940	1 44	1 46	1 69	1 71	60.50290168489618
1941	1 44	1 46	1 71	1 1	-107.04823307495064
1942	1 44	1 46	1 68	1 70	70.73200335727913
1943	1 44	1 46	1 70	1 72	36.090799335914014
1944	1 44	1 46	1 72	1 2	-110.92908704755064
1945	1 45	1 47	1 46	1 48	182.4664172783738
1946	1 45	1 47	1 50	1 52	-26.059206954641084
1947	1 45	1 47	1 52	1 54	128.55212343582826
1948	1 45	1 47	1 54	1 56	155.85815864340793
1949	1 45	1 47	1 58	1 60	4.88433784480716
1950	1 45	1 47	1 60	1 62	90.20368798422957
1951	1 45	1 47	1 62	1 64	96.08108837594384
1952	1 45	1 47	1 64	1 66	-175.72893138464457
1953	1 45	1 47	1 49	1 51	-16.7156409618622
1954	1 45	1 47	1 53	1 55	263.9946129473799
1955	1 45	1 47	1 55	1 57	-241.4764230337684
1956	1 45	1 47	1 57	1 59	-2.2586502493986487
1957	1 45	1 47	1 59	1 61	31.159922856243796
1958	1 45	1 47	1 61	1 63	128.35398902780088
1959	1 45	1 47	1 63	1 65	-149.1095674474828
1960	1 45	1 47	1 65	1 67	8.216372076718507
1961	1 45	1 47	1 67	1 69	37.786014657640536
1962	1 45	1 47	1 66	1 68	18.847330617615164
1963	1 45	1 47	1 68	1 70	62.78821703025716
1964	1 45	1 47	1 70	1 72	57.982926650319804
1965	1 45	1 47	1 72	1 2	-114.56261756138898
1966	1 45	1 47	1 69	1 71	72.04972342704076
1967	1 45	1 47	1 71	1 1	-95.83930545684277
1968	1 46	1 48	1 47	1 49	-104.65464670468111
1969	1 46	1 48	1 49	1 51	-9.58091716357751
1970	1 46	1 48	1 51	1 53	-26.83053966573586
1971	1 46	1 48	1 53	1 55	155.25339725222238
1972	1 46	1 48	1 55	1 57	-114.68488168412827
1973	1 46	1 48	1 57	1 59	-2.993178542547234
1974	1 46	1 48	1 59	1 61	3.7926523901045246
1975	1 46	1 48	1 61	1 63	100.90176499587923
1976	1 46	1 48	1 63	1 65	-97.7183200185491
1977	1 46	1 48	1 65	1 67	3.323348626018462
1978	1 46	1 48	1 50	1 52	-17.308184999082087
1979	1 46	1 48	1 54	1 56	301.3650932581345
1980	1 46	1 48	1 56	1 58	-270.41059681843757
1981	1 46	1 48	1 58	1 60	-2.9830296993117713
1982	1 46	1 48	1 60	1 62	37.049076595295084
1983	1 46	1 48	1 62	1 64	140.8037235842512
1984	1 46	1 48	1 64	1 66	-166.88276432160666
1985	1 46	1 48	1 66	1 68	8.244199828896686
1986	1 46	1 48	1 68	1 70	40.969450864163804
1987	1 46	1 48	1 67	1 69	19.35206017860495
1988	1 46	1 48	1 69	1 71	62.63948563537893
1989	1 46	1 48	1 71	1 1	-68.06524655267512
1990	1 46	1 48	1 70	1 72	69.60093595285994
1991	1 46	1 48	1 72	1 2	-98.4203826582242
1992	1 47	1 49	1 48	1 50	719.6431783315935
1993	1 47	1 49	1 50	1 52	-322.53274527012763
1994	1 47	1 49	1 52	1 54	-241.98091110266668
1995	1 47	1 49	1 54	1 56	-119.37376284182774
1996	1 47	1 49	1 56	1 58	631.2777901173274
1997	1 47	1 49	1 58	1 60	-266.699266506405
1998	1 47	1 49	1 60	1 62	-199.16862593930455
1999	1 47	1 49	1 62	1 64	-102.04077673326641
2000	1 47	1 49	1 64	1 66	502.23261862024924
2001	1 47	1 49	1 66	1 68	-192.69108166219053
2002	1 47	1 49	1 53	1 55	-252.24817258290517
2003	1 47	1 49	1 55	1 57	736.6821602310733
2004	1 47	1 49	1 57	1 59	-243.34459728867623
2005	1 47	1 49	1 59	1 61	-221.4404801022271
2006	1 47	1 49	1 63	1 65	531.572103013374
2007	1 47	1 49	1 68	1 70	-166.88252444766388
2008	1 47	1 49	1 70	1 72	-87.73746228852704
2009	1 47	1 49	1 72	1 2	201.2725129925264
2010	1 47	1 49	1 71	1 1	192.0797451459216
2011	1 48	1 50	1 49	1 51	-142.63728009400393
2012	1 48	1 50	1 51	1 53	-277.8053266766094
2013	1 48	1 50	1 53	1 55	-274.3505204718326
2014	1 48	1 50	1 55	1 57	635.6262434432942
2015	1 48	1 50	1 57	1 59	-115.40760100012308
2016	1 48	1 50	1 59	1 61	-232.41839071010173
2017	1 48	1 50	1 61	1 63	-211.95740840661085
2018	1 48	1 50	1 63	1 65	495.62417841903186
2019	1 48	1 50	1 65	1 67	-101.69820513850922
2020	1 48	1 50	1 67	1 69	-179.94796820273504
2021	1 48	1 50	1 56	1 58	742.8202015674253
2022	1 48	1 50	1 58	1 60	-238.23785219592247
2023	1 48	1 50	1 64	1 66	536.338236288886
2024	1 48	1 50	1 68	1 70	-175.61672218086767
2025	1 48	1 50	1 70	1 72	-121.3693053766138
2026	1 48	1 50	1 69	1 71	-159.05323725741215
2027	1 48	1 50	1 71	1 1	186.56444052450442
2028	1 48	1 50	1 72	1 2	215.8614529457226
2029	1 49	1 51	1 50	1 52	217.46634574237436
2030	1 49	1 51	1 52	1 54	-58.609546118213046
2031	1 49	1 51	1 54	1 56	-11.918127299849221
2032	1 49	1 51	1 58	1 60	166.9251750826108
2033	1 49	1 51	1 60	1 62	-20.144006149300907
2034	1 49	1 51	1 62	1 64	-7.379543146533154
2035	1 49	1 51	1 64	1 66	-121.50774673178293
2036	1 49	1 51	1 66	1 68	106.6049333401076
2037	1 49	1 51	1 68	1 70	15.123365432881563
2038	1 49	1 51	1 53	1 55	-23.85047992566041
2039	1 49	1 51	1 57	1 59	277.1260015307851
2040	1 49	1 51	1 59	1 61	13.583637768786
2041	1 49	1 51	1 61	1 63	-14.202252676407282
2042	1 49	1 51	1 63	1 65	-185.5158802525458
2043	1 49	1 51	1 65	1 67	131.63862861670964
2044	1 49	1 51	1 67	1 69	50.30101293412217
2045	1 49	1 51	1 69	1 71	3.692123164598245
2046	1 49	1 51	1 71	1 1	-70.06370734195545
2047	1 49	1 51	1 72	1 2	-60.95141863826352
2048	1 50	1 52	1 51	1 53	180.17495401180548
2049	1 50	1 52	1 53	1 55	-61.349543715818044
2050	1 50	1 52	1 55	1 57	-276.4831831851486
2051	1 50	1 52	1 57	1 59	156.03895973640675
2052	1 50	1 52	1 59	1 61	153.62254768691076
2053	1 50	1 52	1 61	1 63	-28.633661290995413
2054	1 50	1 52	1 63	1 65	-221.78964782741315
2055	1 50	1 52	1 65	1 67	102.89951304474386
2056	1 50	1 52	1 67	1 69	103.63500287099592
2057	1 50	1 52	1 69	1 71	10.95626327686903
2058	1 50	1 52	1 54	1 56	-26.034993606215743
2059	1 50	1 52	1 58	1 60	283.88974463663317
2060	1 50	1 52	1 60	1 62	-5.021999432654428
2061	1 50	1 52	1 62	1 64	-16.069408499200076
2062	1 50	1 52	1 64	1 66	-182.28995400341395
2063	1 50	1 52	1 66	1 68	139.6421265942749
2064	1 50	1 52	1 68	1 70	42.692430621765276
2065	1 50	1 52	1 72	1 2	-91.84246809686348
2066	1 50	1 52	1 71	1 1	-102.16068089652995
2067	1 51	1 53	1 52	1 54	182.45957403327398
2068	1 51	1 53	1 54	1 56	-68.30097610523362
2069	1 51	1 53	1 58	1 60	149.00704537028685
2070	1 51	1 53	1 60	1 62	136.33827791927206
2071	1 51	1 53	1 62	1 64	-30.668691077682418
2072	1 51	1 53	1 64	1 66	-206.8790312993445
2073	1 51	1 53	1 66	1 68	99.48155299722083
2074	1 51	1 53	1 68	1 70	93.6666586908132
2075	1 51	1 53	1 70	1 72	8.78251403338843
2076	1 51	1 53	1 57	1 59	2.683027268248612
2077	1 51	1 53	1 59	1 61	253.50038959471584
2078	1 51	1 53	1 63	1 65	-225.98246271309034
2079	1 51	1 53	1 65	1 67	44.10476335682033
2080	1 51	1 53	1 67	1 69	126.55229867020009
2081	1 51	1 53	1 69	1 71	40.1945899436563
2082	1 51	1 53	1 71	1 1	-127.9090824305369
2083	1 51	1 53	1 72	1 2	-121.20614042767406
2084	1 52	1 54	1 53	1 55	169.80776743619316
2085	1 52	1 54	1 57	1 59	-24.722514091200694
2086	1 52	1 54	1 59	1 61	129.03796546391465
2087	1 52	1 54	1 61	1 63	150.9148666533829
2088	1 52	1 54	1 65	1 67	10.459187570637898
2089	1 52	1 54	1 67	1 69	91.61645708022337
2090	1 52	1 54	1 69	1 71	95.84797394127999
2091	1 52	1 54	1 71	1 1	-133.12778758337527
2092	1 52	1 54	1 60	1 62	264.38414023385445
2093	1 52	1 54	1 62	1 64	-13.38363375110551
2094	1 52	1 54	1 64	1 66	-224.96053602163758
2095	1 52	1 54	1 66	1 68	39.46391938414618
2096	1 52	1 54	1 68	1 70	126.47413124413461
2097	1 52	1 54	1 70	1 72	38.79659034468218
2098	1 52	1 54	1 72	1 2	-134.7687931672894
2099	1 53	1 55	1 54	1 56	231.959514525553
2100	1 53	1 55	1 58	1 60	-29.69363583396657
2101	1 53	1 55	1 60	1 62	143.53775030145664
2102	1 53	1 55	1 62	1 64	168.59953886949728
2103	1 53	1 55	1 66	1 68	7.595458576835291
2104	1 53	1 55	1 68	1 70	98.38671599506262
2105	1 53	1 55	1 70	1 72	99.98157605564234
2106	1 53	1 55	1 72	1 2	-148.720690882351
2107	1 53	1 55	1 57	1 59	-15.272245748577276
2108	1 53	1 55	1 59	1 61	-14.857520889320394
2109	1 53	1 55	1 61	1 63	281.5917762637903
2110	1 53	1 55	1 63	1 65	-245.92148516380297
2111	1 53	1 55	1 65	1 67	0.06273005328796674
2112	1 53	1 55	1 67	1 69	37.765800145893245
2113	1 53	1 55	1 69	1 71	130.36857692922626
2114	1 53	1 55	1 71	1 1	-116.58105189699883
2115	1 54	1 56	1 55	1 57	-149.3163156272575
2116	1 54	1 56	1 57	1 59	-7.74144889021467
2117	1 54	1 56	1 59	1 61	-26.767014004428503
2118	1 54	1 56	1 61	1 63	171.83820490276784
2119	1 54	1 56	1 67	1 69	13.292783061950828
2120	1 54	1 56	1 69	1 71	108.55200031569132
2121	1 54	1 56	1 71	1 1	-90.75698959947067
2122	1 54	1 56	1 58	1 60	-16.119064148831136
2123	1 54	1 56	1 62	1 64	335.2343434625519
2124	1 54	1 56	1 64	1 66	-308.655634422239
2125	1 54	1 56	1 68	1 70	50.868314275686046
2126	1 54	1 56	1 70	1 72	142.57179087934267
2127	1 54	1 56	1 72	1 2	-159.52940748245715
2128	1 55	1 57	1 56	1 58	801.9877523737341
2129	1 55	1 57	1 58	1 60	-351.9621909090663
2130	1 55	1 57	1 60	1 62	-270.81927212424245
2131	1 55	1 57	1 62	1 64	-133.8847118418867
2132	1 55	1 57	1 64	1 66	713.3480746004942
2133	1 55	1 57	1 66	1 68	-298.0645139897682
2134	1 55	1 57	1 68	1 70	-232.12225642070933
2135	1 55	1 57	1 70	1 72	-116.73602161202547
2136	1 55	1 57	1 72	1 2	261.5143153821111
2137	1 55	1 57	1 59	1 61	-276.9347025846832
2138	1 55	1 57	1 61	1 63	-270.2605164116863
2139	1 55	1 57	1 67	1 69	-260.71145292389724
2140	1 55	1 57	1 69	1 71	-189.84013607102736
2141	1 55	1 57	1 71	1 1	239.27543824963755
2142	1 56	1 58	1 57	1 59	-148.06830951935478
2143	1 56	1 58	1 59	1 61	-310.57589506103955
2144	1 56	1 58	1 61	1 63	-301.6727961057562
2145	1 56	1 58	1 65	1 67	-141.6452853102991
2146	1 56	1 58	1 67	1 69	-271.81336901794987
2147	1 56	1 58	1 69	1 71	-233.10456053110113
2148	1 56	1 58	1 71	1 1	254.83170412361162
2149	1 56	1 58	1 60	1 62	-273.37580370113056
2150	1 56	1 58	1 62	1 64	-308.43848188186314
2151	1 56	1 58	1 66	1 68	-273.78636011422634
2152	1 56	1 58	1 68	1 70	-252.7757604472328
2153	1 56	1 58	1 70	1 72	-191.3441503042224
2154	1 56	1 58	1 72	1 2	321.19570867044706
2155	1 57	1 59	1 58	1 60	220.1905372892347
2156	1 57	1 59	1 60	1 62	-57.574945629926034
2157	1 57	1 59	1 62	1 64	-9.140863526488094
2158	1 57	1 59	1 66	1 68	175.63760358658612
2159	1 57	1 59	1 68	1 70	-19.372451386461428
2160	1 57	1 59	1 70	1 72	-6.101225836684131
2161	1 57	1 59	1 72	1 2	-63.40087665399736
2162	1 57	1 59	1 61	1 63	-22.01282941826412
2163	1 57	1 59	1 65	1 67	315.8727352779339
2164	1 57	1 59	1 67	1 69	8.291904500805531
2165	1 57	1 59	1 69	1 71	-11.039443856306532
2166	1 57	1 59	1 71	1 1	-71.247330327832
2167	1 58	1 60	1 59	1 61	217.41950439035082
2168	1 58	1 60	1 61	1 63	-69.32817651122005
2169	1 58	1 60	1 65	1 67	179.51798081900375
2170	1 58	1 60	1 67	1 69	171.14463865362737
2171	1 58	1 60	1 69	1 71	-22.177415269201653
2172	1 58	1 60	1 71	1 1	-115.62620913216452
2173	1 58	1 60	1 62	1 64	-22.84636733617966
2174	1 58	1 60	1 66	1 68	307.8066699892295
2175	1 58	1 60	1 70	1 72	-12.954742017662273
2176	1 58	1 60	1 72	1 2	-103.85887007972178
2177	1 59	1 61	1 60	1 62	168.86965513888993
2178	1 59	1 61	1 62	1 64	-59.70981491303023
2179	1 59	1 61	1 66	1 68	171.99680605510548
2180	1 59	1 61	1 68	1 70	151.74761428132973
2181	1 59	1 61	1 70	1 72	-21.298779367578675
2182	1 59	1 61	1 72	1 2	-134.6981697808432
2183	1 59	1 61	1 65	1 67	8.198563099352953
2184	1 59	1 61	1 67	1 69	287.8578646019327
2185	1 59	1 61	1 71	1 1	-148.16125666910187
2186	1 60	1 62	1 61	1 63	231.3054723062569
2187	1 60	1 62	1 65	1 67	-20.546448751472347
2188	1 60	1 62	1 67	1 69	149.11320068831924
2189	1 60	1 62	1 69	1 71	173.43913813115705
2190	1 60	1 62	1 71	1 1	-202.2314543920738
2191	1 60	1 62	1 68	1 70	290.91742150901666
2192	1 60	1 62	1 70	1 72	9.583444062944874
2193	1 60	1 62	1 72	1 2	-184.96193815849256
2194	1 61	1 63	1 62	1 64	208.75199936295647
2195	1 61	1 63	1 66	1 68	-23.1166946138103
2196	1 61	1 63	1 68	1 70	180.15589866619842
2197	1 61	1 63	1 70	1 72	167.1503827961987
2198	1 61	1 63	1 72	1 2	-245.38728084959314
2199	1 61	1 63	1 65	1 67	-12.379255752674645
2200	1 61	1 63	1 67	1 69	7.536867841927771
2201	1 61	1 63	1 69	1 71	300.67173588635137
2202	1 61	1 63	1 71	1 1	-226.70303706200195
2203	1 62	1 64	1 65	1 67	-6.279016196344477
2204	1 62	1 64	1 67	1 69	-17.92154329299749
2205	1 62	1 64	1 69	1 71	170.62249657235537
2206	1 62	1 64	1 71	1 1	-105.2207723787109
2207	1 62	1 64	1 66	1 68	-11.65419600503812
2208	1 62	1 64	1 68	1 70	12.718029834756818
2209	1 62	1 64	1 70	1 72	322.22265112769617
2210	1 62	1 64	1 72	1 2	-274.6253050306192
2211	1 63	1 65	1 66	1 68	-399.5841485832334
2212	1 63	1 65	1 68	1 70	-332.14359308066787
2213	1 63	1 65	1 70	1 72	-146.15728995676386
2214	1 63	1 65	1 72	1 2	397.2102071096561
2215	1 63	1 65	1 67	1 69	-338.61401864082893
2216	1 63	1 65	1 69	1 71	-303.0926007902573
2217	1 63	1 65	1 71	1 1	394.7469430447396
2218	1 64	1 66	1 65	1 67	-167.05073052380246
2219	1 64	1 66	1 67	1 69	-369.7464439372105
2220	1 64	1 66	1 69	1 71	-338.0991072108093
2221	1 64	1 66	1 71	1 1	366.4372087418632
2222	1 64	1 66	1 68	1 70	-335.1206992632644
2223	1 64	1 66	1 70	1 72	-326.5565556767857
2224	1 64	1 66	1 72	1 2	508.7308781848822
2225	1 65	1 67	1 66	1 68	249.0512378149004
2226	1 65	1 67	1 68	1 70	-60.05306625405355
2227	1 65	1 67	1 70	1 72	-12.079549923930376
2228	1 65	1 67	1 72	1 2	-73.63422162174024
2229	1 65	1 67	1 69	1 71	-24.34924179868274
2230	1 65	1 67	1 71	1 1	-81.797922447162
2231	1 66	1 68	1 67	1 69	233.75889152103235
2232	1 66	1 68	1 69	1 71	-62.30533823780079
2233	1 66	1 68	1 71	1 1	-127.98061438880842
2234	1 66	1 68	1 70	1 72	-23.82884305447282
2235	1 67	1 69	1 68	1 70	222.4390897170331
2236	1 67	1 69	1 70	1 72	-58.14762253733107
2237	1 67	1 69	1 72	1 2	-163.26450983126483
2238	1 67	1 69	1 71	1 1	-183.59856803727166
2239	1 68	1 70	1 69	1 71	251.7779990975858
2240	1 68	1 70	1 71	1 1	-282.5329505397665
2241	1 69	1 71	1 70	1 72	245.8402278531517
2242	1 69	1 71	1 72	1 2	-335.7006977716177
2243	1 70	1 72	1 71	1 1	-123.39559072408406
2244	1 71	1 1	1 72	1 2	1556.6275304119572
