2317
1	1 1	1 3	1 2	1 4	387.99080924786625
2	1 1	1 3	1 4	1 6	-155.37516224622243
3	1 1	1 3	1 6	1 8	-24.925516763199525
4	1 1	1 3	1 8	1 10	-158.36561721668505
5	1 1	1 3	1 10	1 12	194.16292209119214
6	1 1	1 3	1 12	1 14	-28.283226434536573
7	1 1	1 3	1 14	1 16	-11.607435121051376
8	1 1	1 3	1 16	1 18	-131.34100293688982
9	1 1	1 3	1 18	1 20	115.83557822943789
10	1 1	1 3	1 20	1 22	14.821106955631222
11	1 1	1 3	1 5	1 7	-48.09230384643803
12	1 1	1 3	1 9	1 11	359.10536182922726
13	1 1	1 3	1 11	1 13	15.959081284007612
14	1 1	1 3	1 13	1 15	-17.252601056831267
15	1 1	1 3	1 15	1 17	-220.2750734387502
16	1 1	1 3	1 17	1 19	160.35403937720713
17	1 1	1 3	1 19	1 21	53.151453152945365
18	1 1	1 3	1 23	1 25	-147.92127428409367
19	1 1	1 3	1 22	1 24	-5.340382059436268
20	1 1	1 3	1 24	1 26	-100.96368300817879
21	1 1	1 3	1 26	1 28	68.60921316643179
22	1 1	1 3	1 28	1 30	23.96829081485069
23	1 1	1 3	1 30	1 32	0.837364887954408
24	1 1	1 3	1 32	1 34	-76.5525714183957
25	1 1	1 3	1 34	1 36	42.30522834102199
26	1 1	1 3	1 36	1 38	20.996934033893808
27	1 1	1 3	1 38	1 40	7.857690862076813
28	1 1	1 3	1 40	1 42	-60.104281526139644
29	1 1	1 3	1 25	1 27	86.83921741500771
30	1 1	1 3	1 27	1 29	44.90852519355117
31	1 1	1 3	1 29	1 31	8.786855235205167
32	1 1	1 3	1 31	1 33	-104.73211489536055
33	1 1	1 3	1 33	1 35	50.250549623309155
34	1 1	1 3	1 35	1 37	32.29115335582286
35	1 1	1 3	1 37	1 39	13.211677257535428
36	1 1	1 3	1 39	1 41	-70.63562984875344
37	1 1	1 3	1 41	1 43	27.448677794044322
38	1 1	1 3	1 43	1 45	22.568485043988087
39	1 1	1 3	1 42	1 44	26.92568623603423
40	1 1	1 3	1 44	1 46	17.18790648335749
41	1 1	1 3	1 46	1 48	7.967840175773887
42	1 1	1 3	1 48	1 50	-44.575004932304125
43	1 1	1 3	1 50	1 52	17.645391266717567
44	1 1	1 3	1 52	1 54	13.233787152772875
45	1 1	1 3	1 54	1 56	7.32196871136712
46	1 1	1 3	1 56	1 58	-33.300474197655696
47	1 1	1 3	1 58	1 60	12.28500613535231
48	1 1	1 3	1 60	1 62	10.461494367677066
49	1 1	1 3	1 45	1 47	11.984112709409217
50	1 1	1 3	1 47	1 49	-47.95256676503979
51	1 1	1 3	1 49	1 51	15.888972321782
52	1 1	1 3	1 51	1 53	16.05848752606595
53	1 1	1 3	1 53	1 55	10.800367837055283
54	1 1	1 3	1 55	1 57	-34.80106907291619
55	1 1	1 3	1 57	1 59	9.568394368447308
56	1 1	1 3	1 59	1 61	11.687782063833637
57	1 1	1 3	1 61	1 63	8.769727549538963
58	1 1	1 3	1 63	1 65	-26.378515789213385
59	1 1	1 3	1 62	1 64	5.870195184217048
60	1 1	1 3	1 64	1 66	-25.72141995516391
61	1 1	1 3	1 66	1 68	9.035853886018064
62	1 1	1 3	1 68	1 70	8.56096355889705
63	1 1	1 3	1 70	1 72	4.789487348192157
64	1 1	1 3	1 65	1 67	7.174792014301248
65	1 1	1 3	1 67	1 69	9.279945013024665
66	1 1	1 3	1 69	1 71	7.073057332879312
67	1 2	1 4	1 3	1 5	305.15362539785457
68	1 2	1 4	1 5	1 7	-137.26315845703266
69	1 2	1 4	1 7	1 9	-379.93444444357795
70	1 2	1 4	1 9	1 11	220.15701155406128
71	1 2	1 4	1 11	1 13	162.1025342502843
72	1 2	1 4	1 13	1 15	-18.817033156667797
73	1 2	1 4	1 15	1 17	-264.3160746726806
74	1 2	1 4	1 17	1 19	124.60069055682345
75	1 2	1 4	1 19	1 21	110.87750246451023
76	1 2	1 4	1 21	1 23	9.129821458033767
77	1 2	1 4	1 6	1 8	-58.86708679098005
78	1 2	1 4	1 10	1 12	307.1971508124039
79	1 2	1 4	1 12	1 14	17.27293539255957
80	1 2	1 4	1 14	1 16	-19.216496901791018
81	1 2	1 4	1 16	1 18	-207.87787249776756
82	1 2	1 4	1 18	1 20	147.2771681356934
83	1 2	1 4	1 20	1 22	52.24603473567562
84	1 2	1 4	1 22	1 24	-3.935517394936669
85	1 2	1 4	1 24	1 26	-149.53372213441747
86	1 2	1 4	1 23	1 25	-185.8031641599137
87	1 2	1 4	1 25	1 27	76.97946878159014
88	1 2	1 4	1 27	1 29	71.0605420377596
89	1 2	1 4	1 29	1 31	22.95048298281877
90	1 2	1 4	1 31	1 33	-133.31482088970262
91	1 2	1 4	1 33	1 35	49.00924321742344
92	1 2	1 4	1 35	1 37	45.970295037892626
93	1 2	1 4	1 37	1 39	24.889580220509963
94	1 2	1 4	1 39	1 41	-92.75119731800766
95	1 2	1 4	1 41	1 43	28.732985628675284
96	1 2	1 4	1 26	1 28	81.49044285417081
97	1 2	1 4	1 28	1 30	48.9719260611228
98	1 2	1 4	1 30	1 32	5.7424959714371395
99	1 2	1 4	1 32	1 34	-111.30611070736434
100	1 2	1 4	1 34	1 36	49.6765033234453
101	1 2	1 4	1 36	1 38	35.83486654699717
102	1 2	1 4	1 38	1 40	15.2008622394731
103	1 2	1 4	1 40	1 42	-84.74988830937355
104	1 2	1 4	1 42	1 44	32.15147797552689
105	1 2	1 4	1 44	1 46	26.138389148476133
106	1 2	1 4	1 43	1 45	30.870170807667876
107	1 2	1 4	1 45	1 47	19.677871367322695
108	1 2	1 4	1 47	1 49	-63.41201841358369
109	1 2	1 4	1 49	1 51	17.84659866435063
110	1 2	1 4	1 51	1 53	21.436168033350466
111	1 2	1 4	1 53	1 55	16.376312857287466
112	1 2	1 4	1 55	1 57	-46.02596938381551
113	1 2	1 4	1 57	1 59	11.326430005365786
114	1 2	1 4	1 59	1 61	15.344459804372585
115	1 2	1 4	1 61	1 63	12.74292063234665
116	1 2	1 4	1 46	1 48	13.663122190162765
117	1 2	1 4	1 48	1 50	-61.56996826580211
118	1 2	1 4	1 50	1 52	21.514050316651193
119	1 2	1 4	1 52	1 54	18.96159609766198
120	1 2	1 4	1 54	1 56	11.624321192480505
121	1 2	1 4	1 56	1 58	-45.63637597023919
122	1 2	1 4	1 58	1 60	15.28463441451347
123	1 2	1 4	1 60	1 62	14.57216700254506
124	1 2	1 4	1 62	1 64	8.859862348481187
125	1 2	1 4	1 64	1 66	-34.94084738012518
126	1 2	1 4	1 63	1 65	-34.95416795934818
127	1 2	1 4	1 65	1 67	8.814723618339881
128	1 2	1 4	1 67	1 69	12.177473151127765
129	1 2	1 4	1 69	1 71	9.953461779258195
130	1 2	1 4	1 71	1 1	-456.3151288335499
131	1 2	1 4	1 66	1 68	11.451257571343874
132	1 2	1 4	1 68	1 70	11.689188976175998
133	1 2	1 4	1 70	1 72	6.936373137946806
134	1 3	1 5	1 4	1 6	357.00363952639657
135	1 3	1 5	1 6	1 8	-158.72540801537053
136	1 3	1 5	1 8	1 10	-355.6208399444471
137	1 3	1 5	1 10	1 12	191.1401321749932
138	1 3	1 5	1 12	1 14	171.25694041594383
139	1 3	1 5	1 14	1 16	-22.528348342170684
140	1 3	1 5	1 16	1 18	-256.7498607655507
141	1 3	1 5	1 18	1 20	114.41855062727461
142	1 3	1 5	1 20	1 22	109.13589659442886
143	1 3	1 5	1 22	1 24	9.011778007870252
144	1 3	1 5	1 9	1 11	32.5393916667952
145	1 3	1 5	1 11	1 13	280.912186617182
146	1 3	1 5	1 13	1 15	26.190243771130778
147	1 3	1 5	1 15	1 17	-283.5361809788907
148	1 3	1 5	1 17	1 19	58.50828950686214
149	1 3	1 5	1 19	1 21	142.3251591276707
150	1 3	1 5	1 21	1 23	43.25334480868809
151	1 3	1 5	1 23	1 25	-201.89258976551048
152	1 3	1 5	1 25	1 27	49.01197530248637
153	1 3	1 5	1 24	1 26	-186.74315644325003
154	1 3	1 5	1 26	1 28	69.11784620927244
155	1 3	1 5	1 28	1 30	76.40194942080981
156	1 3	1 5	1 30	1 32	17.702491749396778
157	1 3	1 5	1 32	1 34	-134.82861710046245
158	1 3	1 5	1 34	1 36	45.13101669563203
159	1 3	1 5	1 36	1 38	49.66127570621862
160	1 3	1 5	1 38	1 40	25.869647265915063
161	1 3	1 5	1 40	1 42	-102.49033501977375
162	1 3	1 5	1 42	1 44	31.043125030276002
163	1 3	1 5	1 27	1 29	83.07086485731472
164	1 3	1 5	1 29	1 31	47.11865510874165
165	1 3	1 5	1 31	1 33	-146.86677646220957
166	1 3	1 5	1 33	1 35	36.476705897971414
167	1 3	1 5	1 35	1 37	51.84509177339962
168	1 3	1 5	1 37	1 39	39.83744397739355
169	1 3	1 5	1 39	1 41	-103.6987608076628
170	1 3	1 5	1 41	1 43	24.03972587960999
171	1 3	1 5	1 43	1 45	34.51482076523094
172	1 3	1 5	1 45	1 47	27.649667726075787
173	1 3	1 5	1 44	1 46	33.45944741222501
174	1 3	1 5	1 46	1 48	20.575830907499405
175	1 3	1 5	1 48	1 50	-73.59766093235503
176	1 3	1 5	1 50	1 52	21.66819719527674
177	1 3	1 5	1 52	1 54	23.00824344251769
178	1 3	1 5	1 54	1 56	16.07580452520083
179	1 3	1 5	1 56	1 58	-53.48813007923178
180	1 3	1 5	1 58	1 60	15.905025348905541
181	1 3	1 5	1 60	1 62	17.242935025420902
182	1 3	1 5	1 62	1 64	11.541441644014993
183	1 3	1 5	1 47	1 49	-71.14117668976283
184	1 3	1 5	1 49	1 51	16.4044398357362
185	1 3	1 5	1 51	1 53	23.993661348234752
186	1 3	1 5	1 53	1 55	21.394153707432338
187	1 3	1 5	1 55	1 57	-52.20506286399595
188	1 3	1 5	1 57	1 59	11.160062807318461
189	1 3	1 5	1 59	1 61	16.98541572557407
190	1 3	1 5	1 61	1 63	15.930843437559462
191	1 3	1 5	1 63	1 65	-39.452984513434245
192	1 3	1 5	1 65	1 67	9.095814514210087
193	1 3	1 5	1 64	1 66	-40.48264493094822
194	1 3	1 5	1 66	1 68	12.233413525766384
195	1 3	1 5	1 68	1 70	13.639139223273894
196	1 3	1 5	1 70	1 72	8.586847204855504
197	1 3	1 5	1 72	1 2	-374.1679330862239
198	1 3	1 5	1 67	1 69	13.555050295208105
199	1 3	1 5	1 69	1 71	12.030994194031944
200	1 3	1 5	1 71	1 1	-260.28455127681696
201	1 4	1 6	1 5	1 7	251.43488853153008
202	1 4	1 6	1 7	1 9	-430.723960693721
203	1 4	1 6	1 9	1 11	-19.444199312668253
204	1 4	1 6	1 11	1 13	166.8961382846789
205	1 4	1 6	1 13	1 15	147.5063107381161
206	1 4	1 6	1 15	1 17	-262.59366650173183
207	1 4	1 6	1 17	1 19	17.133806563428504
208	1 4	1 6	1 19	1 21	97.92608488877346
209	1 4	1 6	1 21	1 23	86.47447465672934
210	1 4	1 6	1 23	1 25	-177.83186498910737
211	1 4	1 6	1 12	1 14	243.314274232853
212	1 4	1 6	1 14	1 16	25.74135125869994
213	1 4	1 6	1 16	1 18	-258.94958956835944
214	1 4	1 6	1 18	1 20	50.7560708177173
215	1 4	1 6	1 20	1 22	118.82241476876754
216	1 4	1 6	1 22	1 24	44.802481236197906
217	1 4	1 6	1 24	1 26	-184.84295758353096
218	1 4	1 6	1 26	1 28	38.927320987430576
219	1 4	1 6	1 25	1 27	22.49315822216522
220	1 4	1 6	1 27	1 29	61.88556572347831
221	1 4	1 6	1 29	1 31	65.31545022220016
222	1 4	1 6	1 31	1 33	-128.82951586078775
223	1 4	1 6	1 33	1 35	20.538036528975113
224	1 4	1 6	1 35	1 37	41.27796061831353
225	1 4	1 6	1 37	1 39	46.605895639964324
226	1 4	1 6	1 39	1 41	-91.35090613869684
227	1 4	1 6	1 41	1 43	15.415958483400344
228	1 4	1 6	1 43	1 45	28.79284207278748
229	1 4	1 6	1 28	1 30	77.23186437285014
230	1 4	1 6	1 30	1 32	35.07109621889248
231	1 4	1 6	1 32	1 34	-129.55785656182212
232	1 4	1 6	1 34	1 36	29.290619732830756
233	1 4	1 6	1 36	1 38	48.58323428966406
234	1 4	1 6	1 38	1 40	34.06260703609906
235	1 4	1 6	1 40	1 42	-97.16244342802118
236	1 4	1 6	1 42	1 44	22.555995871527585
237	1 4	1 6	1 44	1 46	31.55839069737519
238	1 4	1 6	1 46	1 48	23.860751378895127
239	1 4	1 6	1 45	1 47	29.387434573303096
240	1 4	1 6	1 47	1 49	-62.331003282898436
241	1 4	1 6	1 49	1 51	11.659407271576862
242	1 4	1 6	1 51	1 53	20.35606514931321
243	1 4	1 6	1 53	1 55	21.32505914886526
244	1 4	1 6	1 55	1 57	-45.87643369942954
245	1 4	1 6	1 57	1 59	8.547436726352956
246	1 4	1 6	1 59	1 61	14.480776773118752
247	1 4	1 6	1 61	1 63	15.339084892733698
248	1 4	1 6	1 63	1 65	-34.65076887968745
249	1 4	1 6	1 48	1 50	-68.33265051510026
250	1 4	1 6	1 50	1 52	16.76542147580141
251	1 4	1 6	1 52	1 54	21.205060676287616
252	1 4	1 6	1 54	1 56	17.19627780312068
253	1 4	1 6	1 56	1 58	-49.07691481651581
254	1 4	1 6	1 58	1 60	12.830732063752672
255	1 4	1 6	1 60	1 62	15.757331987644175
256	1 4	1 6	1 62	1 64	11.731278587325242
257	1 4	1 6	1 64	1 66	-36.74250290579856
258	1 4	1 6	1 66	1 68	10.160064164488736
259	1 4	1 6	1 65	1 67	7.312156564570741
260	1 4	1 6	1 67	1 69	11.720575410929289
261	1 4	1 6	1 69	1 71	11.29502287821239
262	1 4	1 6	1 71	1 1	-155.38825419322745
263	1 4	1 6	1 68	1 70	12.306674727126952
264	1 4	1 6	1 70	1 72	8.319838307285398
265	1 4	1 6	1 72	1 2	-196.51832584366144
266	1 5	1 7	1 6	1 8	394.29277740281935
267	1 5	1 7	1 8	1 10	-489.1743450463001
268	1 5	1 7	1 10	1 12	-23.406676898957535
269	1 5	1 7	1 12	1 14	146.8723577304077
270	1 5	1 7	1 14	1 16	206.44700420222188
271	1 5	1 7	1 18	1 20	8.156374946210242
272	1 5	1 7	1 20	1 22	84.68384793257991
273	1 5	1 7	1 22	1 24	119.20887890921747
274	1 5	1 7	1 24	1 26	-196.446176259506
275	1 5	1 7	1 9	1 11	-17.784425114494184
276	1 5	1 7	1 13	1 15	267.9384997420021
277	1 5	1 7	1 15	1 17	-252.01237037109166
278	1 5	1 7	1 19	1 21	34.93176803367821
279	1 5	1 7	1 21	1 23	124.51198218591517
280	1 5	1 7	1 23	1 25	-146.0750619494368
281	1 5	1 7	1 25	1 27	6.2656557561109985
282	1 5	1 7	1 27	1 29	33.04203931012102
283	1 5	1 7	1 26	1 28	14.10814676262984
284	1 5	1 7	1 28	1 30	63.253695419425036
285	1 5	1 7	1 30	1 32	63.71754042498419
286	1 5	1 7	1 34	1 36	15.110744926800232
287	1 5	1 7	1 36	1 38	42.540998796574705
288	1 5	1 7	1 38	1 40	45.41511012005898
289	1 5	1 7	1 40	1 42	-91.93127703073077
290	1 5	1 7	1 42	1 44	14.554034437631518
291	1 5	1 7	1 44	1 46	28.181418342677055
292	1 5	1 7	1 29	1 31	80.29061250092542
293	1 5	1 7	1 33	1 35	8.90598949612029
294	1 5	1 7	1 35	1 37	27.57572038196091
295	1 5	1 7	1 37	1 39	51.89270974639015
296	1 5	1 7	1 39	1 41	-76.92076358589077
297	1 5	1 7	1 41	1 43	8.501238687500475
298	1 5	1 7	1 43	1 45	21.868741039764437
299	1 5	1 7	1 45	1 47	30.47534771092725
300	1 5	1 7	1 47	1 49	-52.71577772013478
301	1 5	1 7	1 46	1 48	28.24486476437152
302	1 5	1 7	1 48	1 50	-63.33221753099585
303	1 5	1 7	1 50	1 52	12.02476357169594
304	1 5	1 7	1 52	1 54	18.779423350785027
305	1 5	1 7	1 54	1 56	18.54160582244297
306	1 5	1 7	1 56	1 58	-44.41370936714324
307	1 5	1 7	1 58	1 60	9.792317629879772
308	1 5	1 7	1 60	1 62	13.945099184674351
309	1 5	1 7	1 62	1 64	11.882904264511629
310	1 5	1 7	1 64	1 66	-32.645164134219094
311	1 5	1 7	1 49	1 51	7.557471982712368
312	1 5	1 7	1 51	1 53	16.301115426934324
313	1 5	1 7	1 53	1 55	21.02572471841681
314	1 5	1 7	1 55	1 57	-39.33430237936105
315	1 5	1 7	1 57	1 59	6.160815708802959
316	1 5	1 7	1 59	1 61	11.826867806095112
317	1 5	1 7	1 61	1 63	14.612231411969535
318	1 5	1 7	1 63	1 65	-29.732747673684756
319	1 5	1 7	1 65	1 67	5.621358870979647
320	1 5	1 7	1 67	1 69	9.802188850845333
321	1 5	1 7	1 66	1 68	8.09476271633557
322	1 5	1 7	1 68	1 70	10.893270219938913
323	1 5	1 7	1 70	1 72	8.013769455459176
324	1 5	1 7	1 72	1 2	-108.95557950191571
325	1 5	1 7	1 69	1 71	10.4557617972624
326	1 5	1 7	1 71	1 1	-92.5663039038727
327	1 6	1 8	1 7	1 9	-204.53509294373447
328	1 6	1 8	1 9	1 11	-12.454873582742383
329	1 6	1 8	1 11	1 13	-21.016147417253237
330	1 6	1 8	1 13	1 15	194.87121800327196
331	1 6	1 8	1 19	1 21	8.19949511673778
332	1 6	1 8	1 21	1 23	113.55912845639
333	1 6	1 8	1 23	1 25	-110.33529770375256
334	1 6	1 8	1 10	1 12	-21.857156991800668
335	1 6	1 8	1 12	1 14	30.29372377434492
336	1 6	1 8	1 14	1 16	371.0228081087332
337	1 6	1 8	1 16	1 18	-369.0107556801764
338	1 6	1 8	1 20	1 22	44.175235966219574
339	1 6	1 8	1 22	1 24	172.4850217710033
340	1 6	1 8	1 24	1 26	-203.78354739597432
341	1 6	1 8	1 26	1 28	5.332076444751467
342	1 6	1 8	1 28	1 30	46.56195171192879
343	1 6	1 8	1 27	1 29	17.728144844379326
344	1 6	1 8	1 29	1 31	78.68004053320445
345	1 6	1 8	1 31	1 33	-88.70516900861409
346	1 6	1 8	1 33	1 35	4.801172147691039
347	1 6	1 8	1 35	1 37	19.488985145899417
348	1 6	1 8	1 37	1 39	50.72217775018018
349	1 6	1 8	1 39	1 41	-66.65760851302628
350	1 6	1 8	1 41	1 43	5.629985409619875
351	1 6	1 8	1 43	1 45	17.47201205866031
352	1 6	1 8	1 45	1 47	29.415597188911363
353	1 6	1 8	1 30	1 32	81.9307361128411
354	1 6	1 8	1 32	1 34	-122.12352608216636
355	1 6	1 8	1 34	1 36	9.062117419893529
356	1 6	1 8	1 36	1 38	35.70883388333449
357	1 6	1 8	1 38	1 40	51.368033395604996
358	1 6	1 8	1 40	1 42	-87.07189079002092
359	1 6	1 8	1 42	1 44	10.627094690377785
360	1 6	1 8	1 44	1 46	24.715447452318443
361	1 6	1 8	1 46	1 48	30.011783032749882
362	1 6	1 8	1 48	1 50	-58.73383687394306
363	1 6	1 8	1 47	1 49	-46.219311040913084
364	1 6	1 8	1 49	1 51	5.64576488429669
365	1 6	1 8	1 51	1 53	13.68591621232219
366	1 6	1 8	1 53	1 55	19.99056644742199
367	1 6	1 8	1 55	1 57	-34.75642052063696
368	1 6	1 8	1 57	1 59	4.919835198554835
369	1 6	1 8	1 59	1 61	10.132144933327803
370	1 6	1 8	1 61	1 63	13.718801292959245
371	1 6	1 8	1 63	1 65	-26.38284071625763
372	1 6	1 8	1 65	1 67	4.675870873405174
373	1 6	1 8	1 50	1 52	9.47893467197451
374	1 6	1 8	1 52	1 54	16.69453120911157
375	1 6	1 8	1 54	1 56	18.78317415678182
376	1 6	1 8	1 56	1 58	-40.75901085044106
377	1 6	1 8	1 58	1 60	8.080206720460247
378	1 6	1 8	1 60	1 62	12.546850945746213
379	1 6	1 8	1 62	1 64	11.669299808804993
380	1 6	1 8	1 64	1 66	-29.764465057448252
381	1 6	1 8	1 66	1 68	6.876998829097771
382	1 6	1 8	1 68	1 70	9.80759050649743
383	1 6	1 8	1 67	1 69	8.542343873965772
384	1 6	1 8	1 69	1 71	9.694698515244248
385	1 6	1 8	1 71	1 1	-68.77945623824232
386	1 6	1 8	1 70	1 72	7.601613028721184
387	1 6	1 8	1 72	1 2	-79.25765360365456
388	1 7	1 9	1 8	1 10	971.9207377637647
389	1 7	1 9	1 14	1 16	-165.797539686346
390	1 7	1 9	1 16	1 18	696.1075738916256
391	1 7	1 9	1 24	1 26	496.7262495787937
392	1 7	1 9	1 15	1 17	786.2198353025419
393	1 7	1 9	1 17	1 19	-266.3166371811883
394	1 7	1 9	1 23	1 25	522.5339190673312
395	1 7	1 9	1 28	1 30	-166.18391084904516
396	1 7	1 9	1 30	1 32	-81.36294226350692
397	1 7	1 9	1 32	1 34	352.5052883878932
398	1 7	1 9	1 34	1 36	-113.11643673068559
399	1 7	1 9	1 36	1 38	-116.72129505607785
400	1 7	1 9	1 38	1 40	-79.95734571357472
401	1 7	1 9	1 40	1 42	266.7907854682368
402	1 7	1 9	1 42	1 44	-79.04698189305438
403	1 7	1 9	1 44	1 46	-81.96254919618437
404	1 7	1 9	1 46	1 48	-57.846981683415294
405	1 7	1 9	1 31	1 33	381.0304323820827
406	1 7	1 9	1 33	1 35	-110.52141758507562
407	1 7	1 9	1 35	1 37	-118.76980085590415
408	1 7	1 9	1 37	1 39	-106.91137972802909
409	1 7	1 9	1 39	1 41	267.9839409271431
410	1 7	1 9	1 41	1 43	-67.62482889373229
411	1 7	1 9	1 43	1 45	-84.11099481429255
412	1 7	1 9	1 45	1 47	-72.34631834972018
413	1 7	1 9	1 47	1 49	182.8205625863219
414	1 7	1 9	1 49	1 51	-43.99820219403334
415	1 7	1 9	1 48	1 50	191.99643031686153
416	1 7	1 9	1 50	1 52	-55.894038359294505
417	1 7	1 9	1 52	1 54	-58.04476430027569
418	1 7	1 9	1 54	1 56	-43.46763170540848
419	1 7	1 9	1 56	1 58	139.44211527611273
420	1 7	1 9	1 58	1 60	-41.13741353931144
421	1 7	1 9	1 60	1 62	-44.10903821155564
422	1 7	1 9	1 62	1 64	-30.57800100113398
423	1 7	1 9	1 64	1 66	104.95260732112371
424	1 7	1 9	1 66	1 68	-31.622435052057014
425	1 7	1 9	1 51	1 53	-60.317839807407
426	1 7	1 9	1 53	1 55	-55.65191571641509
427	1 7	1 9	1 55	1 57	134.6347982036047
428	1 7	1 9	1 57	1 59	-29.4418966575956
429	1 7	1 9	1 59	1 61	-43.40165165073674
430	1 7	1 9	1 61	1 63	-41.33632238095053
431	1 7	1 9	1 63	1 65	102.10406897854952
432	1 7	1 9	1 65	1 67	-23.752284962976383
433	1 7	1 9	1 67	1 69	-34.95009529618947
434	1 7	1 9	1 69	1 71	-31.230278030164865
435	1 7	1 9	1 68	1 70	-35.16837946017956
436	1 7	1 9	1 70	1 72	-22.48917680783719
437	1 7	1 9	1 72	1 2	426.33491915867785
438	1 8	1 10	1 9	1 11	-160.11763481183334
439	1 8	1 10	1 11	1 13	-312.78871956236424
440	1 8	1 10	1 13	1 15	-313.1937485200095
441	1 8	1 10	1 15	1 17	683.0989714257043
442	1 8	1 10	1 21	1 23	-205.99404881180854
443	1 8	1 10	1 23	1 25	487.6106822391844
444	1 8	1 10	1 25	1 27	-100.35603227220389
445	1 8	1 10	1 27	1 29	-162.93195184109123
446	1 8	1 10	1 14	1 16	-365.30503398204803
447	1 8	1 10	1 16	1 18	840.7032104666633
448	1 8	1 10	1 18	1 20	-230.99248787032275
449	1 8	1 10	1 24	1 26	551.8501453882964
450	1 8	1 10	1 29	1 31	-169.11229560457886
451	1 8	1 10	1 31	1 33	364.82637076909043
452	1 8	1 10	1 33	1 35	-76.11377739391632
453	1 8	1 10	1 35	1 37	-114.17638018670621
454	1 8	1 10	1 37	1 39	-125.44789629673392
455	1 8	1 10	1 39	1 41	260.4244441507328
456	1 8	1 10	1 41	1 43	-51.56812997998565
457	1 8	1 10	1 43	1 45	-81.17695341966306
458	1 8	1 10	1 45	1 47	-80.89543914433325
459	1 8	1 10	1 47	1 49	178.7144853485475
460	1 8	1 10	1 32	1 34	375.14912160366276
461	1 8	1 10	1 34	1 36	-94.15619198827552
462	1 8	1 10	1 36	1 38	-125.40174745047396
463	1 8	1 10	1 38	1 40	-102.02001022500508
464	1 8	1 10	1 40	1 42	278.6595441795231
465	1 8	1 10	1 42	1 44	-68.6955624220117
466	1 8	1 10	1 44	1 46	-85.86889391125334
467	1 8	1 10	1 46	1 48	-69.04720935822606
468	1 8	1 10	1 48	1 50	195.32025415682205
469	1 8	1 10	1 50	1 52	-49.8308564937288
470	1 8	1 10	1 49	1 51	-36.838922192288344
471	1 8	1 10	1 51	1 53	-58.47966556318817
472	1 8	1 10	1 53	1 55	-60.16670610277685
473	1 8	1 10	1 55	1 57	132.91382123127988
474	1 8	1 10	1 57	1 59	-26.036437310721833
475	1 8	1 10	1 59	1 61	-41.96559453045559
476	1 8	1 10	1 61	1 63	-43.67546617440772
477	1 8	1 10	1 63	1 65	100.56901658128956
478	1 8	1 10	1 65	1 67	-21.827281884437117
479	1 8	1 10	1 67	1 69	-34.04184674040715
480	1 8	1 10	1 52	1 54	-59.580704821817676
481	1 8	1 10	1 54	1 56	-49.326572322592945
482	1 8	1 10	1 56	1 58	141.3500795094791
483	1 8	1 10	1 58	1 60	-37.991498968355685
484	1 8	1 10	1 60	1 62	-44.870408443517675
485	1 8	1 10	1 62	1 64	-33.518862686684315
486	1 8	1 10	1 64	1 66	106.01741121559803
487	1 8	1 10	1 66	1 68	-29.858638094345967
488	1 8	1 10	1 68	1 70	-35.36857733696648
489	1 8	1 10	1 70	1 72	-23.82325871377065
490	1 8	1 10	1 69	1 71	-32.2905068709225
491	1 8	1 10	1 71	1 1	450.2622816641949
492	1 9	1 11	1 10	1 12	216.26562330785197
493	1 9	1 11	1 12	1 14	-46.611713990078236
494	1 9	1 11	1 14	1 16	-9.634404592218267
495	1 9	1 11	1 16	1 18	-132.94498007846954
496	1 9	1 11	1 18	1 20	152.84368133947373
497	1 9	1 11	1 20	1 22	-13.063992766946122
498	1 9	1 11	1 22	1 24	-7.4563638166427335
499	1 9	1 11	1 24	1 26	-104.54100043528143
500	1 9	1 11	1 26	1 28	89.73559881172048
501	1 9	1 11	1 28	1 30	11.37556659720118
502	1 9	1 11	1 13	1 15	-17.293396459920377
503	1 9	1 11	1 15	1 17	-282.6250375806472
504	1 9	1 11	1 17	1 19	282.3488067100701
505	1 9	1 11	1 19	1 21	13.750181246771259
506	1 9	1 11	1 21	1 23	-10.02243529123253
507	1 9	1 11	1 23	1 25	-179.5622921836641
508	1 9	1 11	1 25	1 27	133.70763554553506
509	1 9	1 11	1 27	1 29	39.61629903631876
510	1 9	1 11	1 31	1 33	-121.6351336336571
511	1 9	1 11	1 30	1 32	-2.366436255129136
512	1 9	1 11	1 32	1 34	-81.04987496526813
513	1 9	1 11	1 34	1 36	54.77419331301313
514	1 9	1 11	1 36	1 38	16.84493549255865
515	1 9	1 11	1 38	1 40	5.121535747052208
516	1 9	1 11	1 40	1 42	-65.0051289552068
517	1 9	1 11	1 42	1 44	34.04652073837714
518	1 9	1 11	1 44	1 46	16.66496797797339
519	1 9	1 11	1 46	1 48	6.514852193113191
520	1 9	1 11	1 48	1 50	-48.82604037592884
521	1 9	1 11	1 33	1 35	73.05715886040153
522	1 9	1 11	1 35	1 37	33.93290990915055
523	1 9	1 11	1 37	1 39	8.739945437297742
524	1 9	1 11	1 39	1 41	-81.59477576023374
525	1 9	1 11	1 41	1 43	37.92438517595421
526	1 9	1 11	1 43	1 45	25.005552153059316
527	1 9	1 11	1 45	1 47	10.41890772551197
528	1 9	1 11	1 47	1 49	-55.116249731620464
529	1 9	1 11	1 49	1 51	20.934050385485932
530	1 9	1 11	1 51	1 53	18.23974338680946
531	1 9	1 11	1 50	1 52	21.828262844117617
532	1 9	1 11	1 52	1 54	13.875892891481534
533	1 9	1 11	1 54	1 56	6.751664097359157
534	1 9	1 11	1 56	1 58	-36.966779477908105
535	1 9	1 11	1 58	1 60	14.921246686677627
536	1 9	1 11	1 60	1 62	11.392404348291942
537	1 9	1 11	1 62	1 64	5.80857058716531
538	1 9	1 11	1 64	1 66	-28.721455695215518
539	1 9	1 11	1 66	1 68	10.772813597338835
540	1 9	1 11	1 68	1 70	9.476801184842898
541	1 9	1 11	1 53	1 55	10.581617132834017
542	1 9	1 11	1 55	1 57	-39.70989771448147
543	1 9	1 11	1 57	1 59	12.112646686639144
544	1 9	1 11	1 59	1 61	13.512149194671412
545	1 9	1 11	1 61	1 63	9.075507117401774
546	1 9	1 11	1 63	1 65	-30.225746518688013
547	1 9	1 11	1 65	1 67	8.795145815369171
548	1 9	1 11	1 67	1 69	10.702661794966474
549	1 9	1 11	1 69	1 71	7.57769814751769
550	1 9	1 11	1 71	1 1	-323.40196468417685
551	1 9	1 11	1 70	1 72	5.000986714257264
552	1 9	1 11	1 72	1 2	-145.15487588425535
553	1 10	1 12	1 11	1 13	187.26168680137502
554	1 10	1 12	1 13	1 15	-44.16226668820248
555	1 10	1 12	1 15	1 17	-282.8197002102679
556	1 10	1 12	1 17	1 19	150.8502329301712
557	1 10	1 12	1 19	1 21	143.8874564527786
558	1 10	1 12	1 21	1 23	-14.83994122948665
559	1 10	1 12	1 23	1 25	-208.7975281229866
560	1 10	1 12	1 25	1 27	95.76145246094458
561	1 10	1 12	1 27	1 29	88.9846600410961
562	1 10	1 12	1 29	1 31	11.598543434990127
563	1 10	1 12	1 14	1 16	-19.102293557848213
564	1 10	1 12	1 18	1 20	245.07243600985277
565	1 10	1 12	1 20	1 22	18.66637855149009
566	1 10	1 12	1 22	1 24	-12.906145079141943
567	1 10	1 12	1 24	1 26	-166.61663432558524
568	1 10	1 12	1 26	1 28	113.34208539678046
569	1 10	1 12	1 28	1 30	44.13633965257871
570	1 10	1 12	1 30	1 32	-1.0857097567193117
571	1 10	1 12	1 32	1 34	-120.68243648275471
572	1 10	1 12	1 31	1 33	-150.57090634535047
573	1 10	1 12	1 33	1 35	60.77904204579001
574	1 10	1 12	1 35	1 37	55.659078501435495
575	1 10	1 12	1 37	1 39	21.371476228356656
576	1 10	1 12	1 39	1 41	-104.86307793541297
577	1 10	1 12	1 41	1 43	35.4604915220923
578	1 10	1 12	1 43	1 45	36.0268662917496
579	1 10	1 12	1 45	1 47	19.337858247671075
580	1 10	1 12	1 47	1 49	-71.66502983934555
581	1 10	1 12	1 49	1 51	21.53206616809859
582	1 10	1 12	1 34	1 36	64.02508041994545
583	1 10	1 12	1 36	1 38	36.76406951748453
584	1 10	1 12	1 38	1 40	11.784912555771385
585	1 10	1 12	1 40	1 42	-92.56640576771773
586	1 10	1 12	1 42	1 44	39.3263715169203
587	1 10	1 12	1 44	1 46	28.131203053439535
588	1 10	1 12	1 46	1 48	12.489253874034194
589	1 10	1 12	1 48	1 50	-67.74179043466413
590	1 10	1 12	1 50	1 52	25.61154396784318
591	1 10	1 12	1 52	1 54	20.869006670835937
592	1 10	1 12	1 51	1 53	24.69922186470063
593	1 10	1 12	1 53	1 55	17.10042939101237
594	1 10	1 12	1 55	1 57	-52.156972143360974
595	1 10	1 12	1 57	1 59	13.459732910715609
596	1 10	1 12	1 59	1 61	17.609401383745325
597	1 10	1 12	1 61	1 63	13.683195492709032
598	1 10	1 12	1 63	1 65	-39.502984298240364
599	1 10	1 12	1 65	1 67	10.303774715763296
600	1 10	1 12	1 67	1 69	13.875952857946476
601	1 10	1 12	1 69	1 71	10.886525461598433
602	1 10	1 12	1 54	1 56	11.565256171621101
603	1 10	1 12	1 56	1 58	-50.585526788017745
604	1 10	1 12	1 58	1 60	17.94731608542358
605	1 10	1 12	1 60	1 62	16.181289829026277
606	1 10	1 12	1 62	1 64	9.207270458450225
607	1 10	1 12	1 64	1 66	-38.98167493541983
608	1 10	1 12	1 66	1 68	13.261473192746479
609	1 10	1 12	1 68	1 70	13.040714491890615
610	1 10	1 12	1 70	1 72	7.40440792385442
611	1 10	1 12	1 72	1 2	-245.59330433799533
612	1 10	1 12	1 71	1 1	-280.38037787934684
613	1 11	1 13	1 12	1 14	165.45049697519352
614	1 11	1 13	1 14	1 16	-38.92515214692374
615	1 11	1 13	1 16	1 18	-253.4352769437795
616	1 11	1 13	1 18	1 20	131.2829314831642
617	1 11	1 13	1 20	1 22	134.86070546936025
618	1 11	1 13	1 22	1 24	-19.084576452591723
619	1 11	1 13	1 24	1 26	-192.92114614160857
620	1 11	1 13	1 26	1 28	79.61916628179853
621	1 11	1 13	1 28	1 30	90.56772000546285
622	1 11	1 13	1 30	1 32	5.539329414699404
623	1 11	1 13	1 15	1 17	-256.64796394748373
624	1 11	1 13	1 17	1 19	10.59367953470218
625	1 11	1 13	1 19	1 21	225.98426470588234
626	1 11	1 13	1 23	1 25	-207.84676140118967
627	1 11	1 13	1 25	1 27	38.37051762906998
628	1 11	1 13	1 27	1 29	110.82627510157363
629	1 11	1 13	1 29	1 31	38.67007537118894
630	1 11	1 13	1 31	1 33	-155.99697951705087
631	1 11	1 13	1 33	1 35	34.80465359510811
632	1 11	1 13	1 32	1 34	-141.96663083336318
633	1 11	1 13	1 34	1 36	50.91324873384505
634	1 11	1 13	1 36	1 38	56.70300199431718
635	1 11	1 13	1 38	1 40	21.985714580240806
636	1 11	1 13	1 40	1 42	-108.79930659946356
637	1 11	1 13	1 42	1 44	34.3594971260049
638	1 11	1 13	1 44	1 46	36.99515282813098
639	1 11	1 13	1 46	1 48	19.671397138893447
640	1 11	1 13	1 48	1 50	-78.04157888339681
641	1 11	1 13	1 50	1 52	23.604870530898765
642	1 11	1 13	1 35	1 37	62.55637799032071
643	1 11	1 13	1 37	1 39	39.31316488400755
644	1 11	1 13	1 39	1 41	-110.75175476863241
645	1 11	1 13	1 41	1 43	24.57349283816246
646	1 11	1 13	1 43	1 45	39.303512219235074
647	1 11	1 13	1 45	1 47	28.687675199504092
648	1 11	1 13	1 47	1 49	-76.38346022012769
649	1 11	1 13	1 49	1 51	17.27675069318527
650	1 11	1 13	1 51	1 53	26.44979079427808
651	1 11	1 13	1 53	1 55	22.509592138181734
652	1 11	1 13	1 52	1 54	25.057253471603417
653	1 11	1 13	1 54	1 56	16.245677737798644
654	1 11	1 13	1 56	1 58	-57.1282113203488
655	1 11	1 13	1 58	1 60	17.233702127576375
656	1 11	1 13	1 60	1 62	18.643733408480152
657	1 11	1 13	1 62	1 64	11.982564371821963
658	1 11	1 13	1 64	1 66	-43.182076190385615
659	1 11	1 13	1 66	1 68	13.186962496215017
660	1 11	1 13	1 68	1 70	14.631538925946739
661	1 11	1 13	1 70	1 72	9.047226067518363
662	1 11	1 13	1 55	1 57	-55.92526717857535
663	1 11	1 13	1 57	1 59	11.928832396259097
664	1 11	1 13	1 59	1 61	18.489024450175968
665	1 11	1 13	1 61	1 63	16.871934875658003
666	1 11	1 13	1 63	1 65	-42.30208603931528
667	1 11	1 13	1 65	1 67	9.764164852356407
668	1 11	1 13	1 67	1 69	14.63849674688628
669	1 11	1 13	1 69	1 71	12.808164502383928
670	1 11	1 13	1 71	1 1	-191.68338421634078
671	1 11	1 13	1 72	1 2	-205.350829718116
672	1 12	1 14	1 13	1 15	172.20168595847665
673	1 12	1 14	1 17	1 19	-12.252202031598193
674	1 12	1 14	1 19	1 21	118.25093408084936
675	1 12	1 14	1 21	1 23	116.9125780278741
676	1 12	1 14	1 23	1 25	-200.97085355311918
677	1 12	1 14	1 25	1 27	8.38022419944856
678	1 12	1 14	1 27	1 29	73.83930034847427
679	1 12	1 14	1 29	1 31	84.59487856955835
680	1 12	1 14	1 31	1 33	-147.95680515416421
681	1 12	1 14	1 18	1 20	7.822030083457504
682	1 12	1 14	1 20	1 22	207.1791996880197
683	1 12	1 14	1 24	1 26	-200.2337207943832
684	1 12	1 14	1 26	1 28	29.22084926577515
685	1 12	1 14	1 28	1 30	108.90784274048754
686	1 12	1 14	1 30	1 32	31.7654595044989
687	1 12	1 14	1 32	1 34	-147.15288701313887
688	1 12	1 14	1 34	1 36	27.62884154400553
689	1 12	1 14	1 33	1 35	14.804745749836478
690	1 12	1 14	1 35	1 37	48.22256865333371
691	1 12	1 14	1 37	1 39	58.06975658156169
692	1 12	1 14	1 39	1 41	-104.17712121856096
693	1 12	1 14	1 41	1 43	13.766335556904766
694	1 12	1 14	1 43	1 45	33.25682999776669
695	1 12	1 14	1 45	1 47	35.47240070040467
696	1 12	1 14	1 47	1 49	-70.78059811730691
697	1 12	1 14	1 49	1 51	11.60656745435148
698	1 12	1 14	1 51	1 53	23.196338562537356
699	1 12	1 14	1 36	1 38	62.42825226548871
700	1 12	1 14	1 38	1 40	38.242137608644214
701	1 12	1 14	1 40	1 42	-110.73304457555308
702	1 12	1 14	1 42	1 44	23.40802152682592
703	1 12	1 14	1 44	1 46	38.34734007367367
704	1 12	1 14	1 46	1 48	27.69986237903077
705	1 12	1 14	1 48	1 50	-78.28960868489972
706	1 12	1 14	1 50	1 52	17.97613531753222
707	1 12	1 14	1 52	1 54	24.922666562079925
708	1 12	1 14	1 54	1 56	20.101603709840354
709	1 12	1 14	1 53	1 55	25.198322417433886
710	1 12	1 14	1 55	1 57	-52.043231600196066
711	1 12	1 14	1 57	1 59	9.012339597866298
712	1 12	1 14	1 59	1 61	16.33435244353847
713	1 12	1 14	1 61	1 63	17.882543226016637
714	1 12	1 14	1 63	1 65	-39.16324664658984
715	1 12	1 14	1 65	1 67	7.945454599319476
716	1 12	1 14	1 67	1 69	13.222094686926178
717	1 12	1 14	1 69	1 71	13.060866582225039
718	1 12	1 14	1 71	1 1	-125.44011462499407
719	1 12	1 14	1 56	1 58	-55.99546112888106
720	1 12	1 14	1 58	1 60	14.019900145003039
721	1 12	1 14	1 60	1 62	18.215943010165756
722	1 12	1 14	1 62	1 64	13.656442110435393
723	1 12	1 14	1 64	1 66	-41.8722209115076
724	1 12	1 14	1 66	1 68	11.24185319441412
725	1 12	1 14	1 68	1 70	14.116085107120728
726	1 12	1 14	1 70	1 72	9.63743547177186
727	1 12	1 14	1 72	1 2	-140.8139572384884
728	1 13	1 15	1 14	1 16	198.7832712001368
729	1 13	1 15	1 18	1 20	-15.430126377509595
730	1 13	1 15	1 20	1 22	109.74093465299418
731	1 13	1 15	1 22	1 24	153.70552031227524
732	1 13	1 15	1 24	1 26	-232.46847247148727
733	1 13	1 15	1 26	1 28	3.5206097670494296
734	1 13	1 15	1 28	1 30	79.92511432981395
735	1 13	1 15	1 30	1 32	82.79135229436821
736	1 13	1 15	1 32	1 34	-150.93823034003577
737	1 13	1 15	1 17	1 19	-9.14448749105686
738	1 13	1 15	1 27	1 29	26.946339660482725
739	1 13	1 15	1 29	1 31	116.14933634816289
740	1 13	1 15	1 33	1 35	5.080091793301249
741	1 13	1 15	1 35	1 37	28.629741926539907
742	1 13	1 15	1 34	1 36	11.642485110248352
743	1 13	1 15	1 36	1 38	53.369463182684164
744	1 13	1 15	1 38	1 40	59.24466650871671
745	1 13	1 15	1 40	1 42	-112.07076970237839
746	1 13	1 15	1 42	1 44	14.422422163584717
747	1 13	1 15	1 44	1 46	34.63047294209886
748	1 13	1 15	1 46	1 48	36.175983942318354
749	1 13	1 15	1 48	1 50	-76.42740623575172
750	1 13	1 15	1 50	1 52	12.884919437815999
751	1 13	1 15	1 52	1 54	22.662411133997004
752	1 13	1 15	1 37	1 39	69.23684935928041
753	1 13	1 15	1 41	1 43	7.120626652128279
754	1 13	1 15	1 43	1 45	24.616758857568506
755	1 13	1 15	1 45	1 47	39.017036086649256
756	1 13	1 15	1 47	1 49	-62.214055249447995
757	1 13	1 15	1 49	1 51	7.492994535508032
758	1 13	1 15	1 51	1 53	18.774599328357752
759	1 13	1 15	1 53	1 55	26.23835256249815
760	1 13	1 15	1 55	1 57	-46.268167842946376
761	1 13	1 15	1 54	1 56	23.41394274068562
762	1 13	1 15	1 56	1 58	-53.34880314265628
763	1 13	1 15	1 58	1 60	10.90210083520735
764	1 13	1 15	1 60	1 62	16.754715103846397
765	1 13	1 15	1 62	1 64	14.818641231274754
766	1 13	1 15	1 64	1 66	-38.9211117655876
767	1 13	1 15	1 66	1 68	9.225512472635383
768	1 13	1 15	1 68	1 70	13.011703646031584
769	1 13	1 15	1 70	1 72	9.833902032414944
770	1 13	1 15	1 72	1 2	-95.0602139807961
771	1 13	1 15	1 57	1 59	6.5934299177493685
772	1 13	1 15	1 59	1 61	13.677721286942301
773	1 13	1 15	1 61	1 63	17.924542407171774
774	1 13	1 15	1 63	1 65	-35.036121301810695
775	1 13	1 15	1 65	1 67	6.270068572620923
776	1 13	1 15	1 67	1 69	11.438323764702254
777	1 13	1 15	1 69	1 71	12.696595908576654
778	1 13	1 15	1 71	1 1	-85.33696324490796
779	1 14	1 16	1 17	1 19	-5.8688207763014235
780	1 14	1 16	1 19	1 21	-16.47830240664352
781	1 14	1 16	1 21	1 23	134.55904269102336
782	1 14	1 16	1 27	1 29	5.77835593019541
783	1 14	1 16	1 29	1 31	94.59913055864016
784	1 14	1 16	1 31	1 33	-90.41587775376571
785	1 14	1 16	1 18	1 20	-10.267856176782704
786	1 14	1 16	1 22	1 24	275.56427589459975
787	1 14	1 16	1 24	1 26	-259.4300382050325
788	1 14	1 16	1 26	1 28	-1.5597934200570984
789	1 14	1 16	1 28	1 30	38.17295167520204
790	1 14	1 16	1 30	1 32	117.09476475795232
791	1 14	1 16	1 32	1 34	-143.10250172687503
792	1 14	1 16	1 34	1 36	5.163638847290847
793	1 14	1 16	1 36	1 38	35.89849925649061
794	1 14	1 16	1 35	1 37	15.40590100227984
795	1 14	1 16	1 37	1 39	60.420997108196005
796	1 14	1 16	1 39	1 41	-69.97616981228808
797	1 14	1 16	1 41	1 43	4.086069636972073
798	1 14	1 16	1 43	1 45	16.685339108610634
799	1 14	1 16	1 45	1 47	34.39638916982665
800	1 14	1 16	1 47	1 49	-49.15807170147926
801	1 14	1 16	1 49	1 51	4.961469628739069
802	1 14	1 16	1 51	1 53	13.880807276598155
803	1 14	1 16	1 53	1 55	23.002106611618032
804	1 14	1 16	1 38	1 40	67.29967818385617
805	1 14	1 16	1 42	1 44	8.95615231964915
806	1 14	1 16	1 44	1 46	26.26818464759149
807	1 14	1 16	1 46	1 48	37.611518010809135
808	1 14	1 16	1 48	1 50	-66.14004664764735
809	1 14	1 16	1 50	1 52	8.943208737784992
810	1 14	1 16	1 52	1 54	18.03592159232403
811	1 14	1 16	1 54	1 56	22.73903048819681
812	1 14	1 16	1 56	1 58	-45.303546117706965
813	1 14	1 16	1 55	1 57	-37.423767486581795
814	1 14	1 16	1 57	1 59	4.739654906307756
815	1 14	1 16	1 59	1 61	10.51981411784903
816	1 14	1 16	1 61	1 63	15.583596914285206
817	1 14	1 16	1 63	1 65	-28.40174930800937
818	1 14	1 16	1 65	1 67	4.705862314188169
819	1 14	1 16	1 67	1 69	9.05388234685586
820	1 14	1 16	1 69	1 71	10.894051342971812
821	1 14	1 16	1 71	1 1	-61.43787807977449
822	1 14	1 16	1 58	1 60	8.052500068270877
823	1 14	1 16	1 60	1 62	13.672064085531868
824	1 14	1 16	1 62	1 64	13.715475635579114
825	1 14	1 16	1 64	1 66	-32.79020415045922
826	1 14	1 16	1 66	1 68	7.0696767999742915
827	1 14	1 16	1 68	1 70	10.71638873448212
828	1 14	1 16	1 70	1 72	8.73995155881736
829	1 14	1 16	1 72	1 2	-68.80279178992777
830	1 15	1 17	1 16	1 18	699.6424375671321
831	1 15	1 17	1 18	1 20	-284.9359989543825
832	1 15	1 17	1 20	1 22	-225.13726299210225
833	1 15	1 17	1 22	1 24	-121.98485514701002
834	1 15	1 17	1 24	1 26	560.1275958237986
835	1 15	1 17	1 26	1 28	-207.22788428843208
836	1 15	1 17	1 28	1 30	-184.39704394761108
837	1 15	1 17	1 30	1 32	-85.0344362989679
838	1 15	1 17	1 32	1 34	404.59785043792067
839	1 15	1 17	1 34	1 36	-139.41720575420322
840	1 15	1 17	1 19	1 21	-230.4207251082251
841	1 15	1 17	1 21	1 23	-201.02020929339477
842	1 15	1 17	1 23	1 25	647.2625268432355
843	1 15	1 17	1 25	1 27	-235.1075036075036
844	1 15	1 17	1 27	1 29	-186.38246023036004
845	1 15	1 17	1 29	1 31	-152.94436284694285
846	1 15	1 17	1 31	1 33	452.6207502399971
847	1 15	1 17	1 33	1 35	-145.98512047001896
848	1 15	1 17	1 35	1 37	-135.90412734747267
849	1 15	1 17	1 37	1 39	-118.28486583075014
850	1 15	1 17	1 36	1 38	-132.46572252411903
851	1 15	1 17	1 38	1 40	-87.85552508485802
852	1 15	1 17	1 40	1 42	311.8462147327307
853	1 15	1 17	1 42	1 44	-97.58570097586409
854	1 15	1 17	1 44	1 46	-94.68976120599372
855	1 15	1 17	1 46	1 48	-64.66187882565879
856	1 15	1 17	1 48	1 50	223.0066568147616
857	1 15	1 17	1 50	1 52	-67.73892427553614
858	1 15	1 17	1 52	1 54	-67.09862465362963
859	1 15	1 17	1 54	1 56	-48.89443560716106
860	1 15	1 17	1 39	1 41	318.6124149430816
861	1 15	1 17	1 41	1 43	-87.76409692462191
862	1 15	1 17	1 43	1 45	-99.6849344999753
863	1 15	1 17	1 45	1 47	-82.26601462904911
864	1 15	1 17	1 47	1 49	217.82149616051527
865	1 15	1 17	1 49	1 51	-55.378781847974764
866	1 15	1 17	1 51	1 53	-71.31825055649541
867	1 15	1 17	1 53	1 55	-63.690355881085736
868	1 15	1 17	1 55	1 57	159.16367346938773
869	1 15	1 17	1 57	1 59	-36.09912659526252
870	1 15	1 17	1 56	1 58	163.69123745089482
871	1 15	1 17	1 58	1 60	-49.78072766182911
872	1 15	1 17	1 60	1 62	-51.74195458947223
873	1 15	1 17	1 62	1 64	-35.11326256059768
874	1 15	1 17	1 64	1 66	123.45998002607402
875	1 15	1 17	1 66	1 68	-38.013603545318645
876	1 15	1 17	1 68	1 70	-41.28787339881019
877	1 15	1 17	1 70	1 72	-26.018846368085036
878	1 15	1 17	1 72	1 2	294.56052972986083
879	1 15	1 17	1 59	1 61	-51.615769421321794
880	1 15	1 17	1 61	1 63	-47.73880172410351
881	1 15	1 17	1 63	1 65	120.30883470387298
882	1 15	1 17	1 65	1 67	-28.78349721299208
883	1 15	1 17	1 67	1 69	-41.47055357349508
884	1 15	1 17	1 69	1 71	-36.333906250051314
885	1 15	1 17	1 71	1 1	378.6084876043194
886	1 16	1 18	1 17	1 19	-126.03318735248227
887	1 16	1 18	1 19	1 21	-263.89512104902997
888	1 16	1 18	1 21	1 23	-231.26879687583587
889	1 16	1 18	1 23	1 25	544.884128933392
890	1 16	1 18	1 25	1 27	-106.33160258733231
891	1 16	1 18	1 27	1 29	-196.4024287575727
892	1 16	1 18	1 29	1 31	-191.94520164007116
893	1 16	1 18	1 31	1 33	417.04747501430904
894	1 16	1 18	1 33	1 35	-82.48883824089347
895	1 16	1 18	1 35	1 37	-135.03282039821977
896	1 16	1 18	1 22	1 24	-263.3370355023258
897	1 16	1 18	1 24	1 26	657.3172899778924
898	1 16	1 18	1 30	1 32	-144.19081926663844
899	1 16	1 18	1 32	1 34	434.8824543181735
900	1 16	1 18	1 37	1 39	-145.55914866999723
901	1 16	1 18	1 39	1 41	302.74433631963757
902	1 16	1 18	1 41	1 43	-58.22830292258871
903	1 16	1 18	1 43	1 45	-96.01778091377017
904	1 16	1 18	1 45	1 47	-94.5477842668964
905	1 16	1 18	1 47	1 49	207.2591482555532
906	1 16	1 18	1 49	1 51	-41.853049314980915
907	1 16	1 18	1 51	1 53	-67.9835239500907
908	1 16	1 18	1 53	1 55	-69.74903291773094
909	1 16	1 18	1 55	1 57	153.72979225300958
910	1 16	1 18	1 40	1 42	323.74911862043234
911	1 16	1 18	1 42	1 44	-80.89180721863622
912	1 16	1 18	1 44	1 46	-100.68215722599479
913	1 16	1 18	1 46	1 48	-80.882024494651
914	1 16	1 18	1 48	1 50	228.2195336019291
915	1 16	1 18	1 50	1 52	-58.06185322755323
916	1 16	1 18	1 52	1 54	-69.11947050938338
917	1 16	1 18	1 54	1 56	-57.29073197195784
918	1 16	1 18	1 56	1 58	163.7029531996909
919	1 16	1 18	1 58	1 60	-43.8501091110396
920	1 16	1 18	1 57	1 59	-29.843243506023164
921	1 16	1 18	1 59	1 61	-48.63539806060658
922	1 16	1 18	1 61	1 63	-50.61942740781696
923	1 16	1 18	1 63	1 65	116.21952525276512
924	1 16	1 18	1 65	1 67	-25.14662143006831
925	1 16	1 18	1 67	1 69	-39.40489454619399
926	1 16	1 18	1 69	1 71	-37.54554388115024
927	1 16	1 18	1 71	1 1	319.2986452656129
928	1 16	1 18	1 60	1 62	-52.153738860214126
929	1 16	1 18	1 62	1 64	-38.947946654824975
930	1 16	1 18	1 64	1 66	122.3991600892995
931	1 16	1 18	1 66	1 68	-34.52791887570896
932	1 16	1 18	1 68	1 70	-41.0410920212496
933	1 16	1 18	1 70	1 72	-27.659668282313138
934	1 16	1 18	1 72	1 2	287.3847630783624
935	1 17	1 19	1 18	1 20	168.46940757587348
936	1 17	1 19	1 20	1 22	-35.70852569140334
937	1 17	1 19	1 22	1 24	-7.585744147384451
938	1 17	1 19	1 24	1 26	-104.70849729191997
939	1 17	1 19	1 26	1 28	122.34187278957101
940	1 17	1 19	1 28	1 30	-14.293649147299263
941	1 17	1 19	1 30	1 32	-5.491611718076097
942	1 17	1 19	1 32	1 34	-85.53000236906972
943	1 17	1 19	1 34	1 36	75.65665829116665
944	1 17	1 19	1 36	1 38	6.018451331970566
945	1 17	1 19	1 21	1 23	-13.632367079518321
946	1 17	1 19	1 25	1 27	251.02017217285555
947	1 17	1 19	1 27	1 29	8.509300995945289
948	1 17	1 19	1 29	1 31	-9.549943808279728
949	1 17	1 19	1 33	1 35	121.86510038986441
950	1 17	1 19	1 35	1 37	30.825796573184768
951	1 17	1 19	1 39	1 41	-100.45975373254613
952	1 17	1 19	1 38	1 40	1.0328353586037173
953	1 17	1 19	1 40	1 42	-71.13244043465517
954	1 17	1 19	1 42	1 44	46.68367855894948
955	1 17	1 19	1 44	1 46	14.029268150294039
956	1 17	1 19	1 46	1 48	3.918788249273979
957	1 17	1 19	1 48	1 50	-55.053670182166684
958	1 17	1 19	1 50	1 52	29.422812281498025
959	1 17	1 19	1 52	1 54	14.281835433695578
960	1 17	1 19	1 54	1 56	5.53159517123055
961	1 17	1 19	1 56	1 58	-42.40673149663699
962	1 17	1 19	1 41	1 43	59.5470370352116
963	1 17	1 19	1 43	1 45	27.53822776217536
964	1 17	1 19	1 45	1 47	7.053557155235577
965	1 17	1 19	1 47	1 49	-67.35411354072164
966	1 17	1 19	1 49	1 51	30.879414762554926
967	1 17	1 19	1 51	1 53	21.440186995540323
968	1 17	1 19	1 53	1 55	9.656140537160509
969	1 17	1 19	1 55	1 57	-48.078483240167095
970	1 17	1 19	1 57	1 59	16.936188131181666
971	1 17	1 19	1 59	1 61	16.51683647075307
972	1 17	1 19	1 58	1 60	19.669823975239098
973	1 17	1 19	1 60	1 62	12.619003510168037
974	1 17	1 19	1 62	1 64	5.529553145732448
975	1 17	1 19	1 64	1 66	-33.64417032135646
976	1 17	1 19	1 66	1 68	13.899183029692894
977	1 17	1 19	1 68	1 70	10.905221542488597
978	1 17	1 19	1 70	1 72	5.2186400677779865
979	1 17	1 19	1 72	1 2	-103.2311436509384
980	1 17	1 19	1 61	1 63	9.270092232098538
981	1 17	1 19	1 63	1 65	-36.573680482193396
982	1 17	1 19	1 65	1 67	11.834059865770719
983	1 17	1 19	1 67	1 69	13.110423155396866
984	1 17	1 19	1 69	1 71	8.278648494906566
985	1 17	1 19	1 71	1 1	-181.04183887826542
986	1 18	1 20	1 19	1 21	151.47245990045207
987	1 18	1 20	1 21	1 23	-33.06924520934703
988	1 18	1 20	1 23	1 25	-228.7757973269217
989	1 18	1 20	1 25	1 27	127.1171888649375
990	1 18	1 20	1 27	1 29	112.78705487781704
991	1 18	1 20	1 29	1 31	-13.742038335412957
992	1 18	1 20	1 31	1 33	-168.36933554160282
993	1 18	1 20	1 33	1 35	80.34955156657529
994	1 18	1 20	1 35	1 37	69.31276799031124
995	1 18	1 20	1 37	1 39	9.33365241472043
996	1 18	1 20	1 22	1 24	-15.062579708226192
997	1 18	1 20	1 26	1 28	199.14520474933056
998	1 18	1 20	1 30	1 32	-9.302959827533023
999	1 18	1 20	1 32	1 34	-132.26819680973182
1000	1 18	1 20	1 34	1 36	93.31685625828781
1001	1 18	1 20	1 36	1 38	29.380823939284966
1002	1 18	1 20	1 38	1 40	4.3027480052504785
1003	1 18	1 20	1 40	1 42	-98.50275365819957
1004	1 18	1 20	1 39	1 41	-117.7377037577987
1005	1 18	1 20	1 41	1 43	46.240329785083176
1006	1 18	1 20	1 43	1 45	43.21226903233547
1007	1 18	1 20	1 45	1 47	15.658427017195322
1008	1 18	1 20	1 47	1 49	-80.8496953230518
1009	1 18	1 20	1 49	1 51	27.468917060878585
1010	1 18	1 20	1 51	1 53	28.86408868273822
1011	1 18	1 20	1 53	1 55	16.293785919100074
1012	1 18	1 20	1 55	1 57	-58.84036802122381
1013	1 18	1 20	1 57	1 59	16.617185411822447
1014	1 18	1 20	1 42	1 44	51.90471140605051
1015	1 18	1 20	1 44	1 46	28.087303994231583
1016	1 18	1 20	1 46	1 48	8.67818348183663
1017	1 18	1 20	1 48	1 50	-73.17175448907177
1018	1 18	1 20	1 50	1 52	31.98116309999645
1019	1 18	1 20	1 52	1 54	22.242399558777638
1020	1 18	1 20	1 54	1 56	9.957313255851513
1021	1 18	1 20	1 56	1 58	-55.295124746302605
1022	1 18	1 20	1 58	1 60	21.704205160136553
1023	1 18	1 20	1 60	1 62	17.636453162421596
1024	1 18	1 20	1 59	1 61	20.49524236965916
1025	1 18	1 20	1 61	1 63	13.95354037810713
1026	1 18	1 20	1 63	1 65	-44.73948326095525
1027	1 18	1 20	1 65	1 67	12.463003483632468
1028	1 18	1 20	1 67	1 69	15.9910148512357
1029	1 18	1 20	1 69	1 71	11.585840969054358
1030	1 18	1 20	1 71	1 1	-178.4226067546989
1031	1 18	1 20	1 62	1 64	8.796002163910147
1032	1 18	1 20	1 64	1 66	-42.8963118920437
1033	1 18	1 20	1 66	1 68	15.743000682398776
1034	1 18	1 20	1 68	1 70	14.388530037960415
1035	1 18	1 20	1 70	1 72	7.582976972477962
1036	1 18	1 20	1 72	1 2	-140.53698968770868
1037	1 19	1 21	1 20	1 22	147.91140010435868
1038	1 19	1 21	1 22	1 24	-36.528203480627695
1039	1 19	1 21	1 24	1 26	-217.53842239931248
1040	1 19	1 21	1 26	1 28	106.09555198752895
1041	1 19	1 21	1 28	1 30	117.71074859159917
1042	1 19	1 21	1 30	1 32	-14.309724003031903
1043	1 19	1 21	1 32	1 34	-163.62035910293025
1044	1 19	1 21	1 34	1 36	66.0734822777303
1045	1 19	1 21	1 36	1 38	72.26180537110552
1046	1 19	1 21	1 38	1 40	14.878547533023646
1047	1 19	1 21	1 25	1 27	6.960488683389437
1048	1 19	1 21	1 27	1 29	190.48917267615568
1049	1 19	1 21	1 29	1 31	9.03899912781707
1050	1 19	1 21	1 33	1 35	30.09488007166747
1051	1 19	1 21	1 35	1 37	90.22053799997977
1052	1 19	1 21	1 37	1 39	36.46814517344574
1053	1 19	1 21	1 39	1 41	-129.0380014734445
1054	1 19	1 21	1 41	1 43	26.087292484947326
1055	1 19	1 21	1 40	1 42	-125.48095011768967
1056	1 19	1 21	1 42	1 44	42.82424842535032
1057	1 19	1 21	1 44	1 46	45.88059533009494
1058	1 19	1 21	1 46	1 48	18.624948478900883
1059	1 19	1 21	1 48	1 50	-90.59316526987544
1060	1 19	1 21	1 50	1 52	28.754357291977335
1061	1 19	1 21	1 52	1 54	30.414066863587543
1062	1 19	1 21	1 54	1 56	17.189505953043284
1063	1 19	1 21	1 56	1 58	-66.72247483401156
1064	1 19	1 21	1 58	1 60	20.736964519293657
1065	1 19	1 21	1 43	1 45	51.659052731892764
1066	1 19	1 21	1 45	1 47	31.312776065832345
1067	1 19	1 21	1 47	1 49	-89.96318406168625
1068	1 19	1 21	1 49	1 51	19.765655057696335
1069	1 19	1 21	1 51	1 53	32.93717215843079
1070	1 19	1 21	1 53	1 55	25.648847950288406
1071	1 19	1 21	1 55	1 57	-66.1935296376148
1072	1 19	1 21	1 57	1 59	13.995990014433808
1073	1 19	1 21	1 59	1 61	22.434995155749633
1074	1 19	1 21	1 61	1 63	19.5536816150643
1075	1 19	1 21	1 60	1 62	22.247900639956633
1076	1 19	1 21	1 62	1 64	13.304720568492836
1077	1 19	1 21	1 64	1 66	-50.58341914345087
1078	1 19	1 21	1 66	1 68	15.738326378272497
1079	1 19	1 21	1 68	1 70	17.29706404467271
1080	1 19	1 21	1 70	1 72	10.346903314561104
1081	1 19	1 21	1 72	1 2	-132.0602440174392
1082	1 19	1 21	1 63	1 65	-49.79697612922483
1083	1 19	1 21	1 65	1 67	11.574464996682151
1084	1 19	1 21	1 67	1 69	17.476159624575722
1085	1 19	1 21	1 69	1 71	14.918107796392274
1086	1 19	1 21	1 71	1 1	-141.72071336666977
1087	1 20	1 22	1 21	1 23	133.29124481150802
1088	1 20	1 22	1 23	1 25	-230.20091315381853
1089	1 20	1 22	1 25	1 27	-14.620343207728126
1090	1 20	1 22	1 27	1 29	102.5995413474107
1091	1 20	1 22	1 29	1 31	114.93848610497957
1092	1 20	1 22	1 31	1 33	-186.76919890088686
1093	1 20	1 22	1 33	1 35	5.0061464662469675
1094	1 20	1 22	1 35	1 37	64.56279240205444
1095	1 20	1 22	1 37	1 39	78.510240864303
1096	1 20	1 22	1 39	1 41	-131.18916961608448
1097	1 20	1 22	1 28	1 30	194.8764791247321
1098	1 20	1 22	1 32	1 34	-176.00885606671565
1099	1 20	1 22	1 34	1 36	23.861192672025936
1100	1 20	1 22	1 36	1 38	93.93968409023253
1101	1 20	1 22	1 38	1 40	39.55675472082622
1102	1 20	1 22	1 40	1 42	-136.18461481875488
1103	1 20	1 22	1 42	1 44	25.660832091290047
1104	1 20	1 22	1 41	1 43	11.28150206057538
1105	1 20	1 22	1 43	1 45	43.23472575710328
1106	1 20	1 22	1 45	1 47	46.88296202047282
1107	1 20	1 22	1 47	1 49	-88.10398884548354
1108	1 20	1 22	1 49	1 51	12.024137572177843
1109	1 20	1 22	1 51	1 53	29.469036200149976
1110	1 20	1 22	1 53	1 55	32.54321909940908
1111	1 20	1 22	1 55	1 57	-64.83026654793494
1112	1 20	1 22	1 57	1 59	10.233018493320667
1113	1 20	1 22	1 59	1 61	20.36313296581121
1114	1 20	1 22	1 44	1 46	52.82463066478793
1115	1 20	1 22	1 46	1 48	32.734652550125794
1116	1 20	1 22	1 48	1 50	-96.68717113782904
1117	1 20	1 22	1 50	1 52	20.922654135744686
1118	1 20	1 22	1 52	1 54	32.59373045653534
1119	1 20	1 22	1 54	1 56	24.81004189545447
1120	1 20	1 22	1 56	1 58	-69.69928575143402
1121	1 20	1 22	1 58	1 60	16.756384103365484
1122	1 20	1 22	1 60	1 62	23.244377429958497
1123	1 20	1 22	1 62	1 64	17.077770553681805
1124	1 20	1 22	1 61	1 63	22.811928267145277
1125	1 20	1 22	1 63	1 65	-48.59998145681968
1126	1 20	1 22	1 65	1 67	9.406844900187895
1127	1 20	1 22	1 67	1 69	16.401258462597703
1128	1 20	1 22	1 69	1 71	16.53882665393145
1129	1 20	1 22	1 71	1 1	-105.43710828165302
1130	1 20	1 22	1 64	1 66	-51.881332547590674
1131	1 20	1 22	1 66	1 68	13.629364359709378
1132	1 20	1 22	1 68	1 70	17.743399312826675
1133	1 20	1 22	1 70	1 72	12.113684729686673
1134	1 20	1 22	1 72	1 2	-107.26229339883614
1135	1 21	1 23	1 22	1 24	162.76678201867935
1136	1 21	1 23	1 24	1 26	-251.1537880493181
1137	1 21	1 23	1 26	1 28	-15.510386534583432
1138	1 21	1 23	1 28	1 30	120.53435637627652
1139	1 21	1 23	1 30	1 32	113.54870893593196
1140	1 21	1 23	1 32	1 34	-202.66767266936398
1141	1 21	1 23	1 34	1 36	4.882213626086032
1142	1 21	1 23	1 36	1 38	77.06279648391498
1143	1 21	1 23	1 38	1 40	83.70017980233852
1144	1 21	1 23	1 40	1 42	-151.29740938242736
1145	1 21	1 23	1 25	1 27	-9.16898899360961
1146	1 21	1 23	1 27	1 29	1.7153154985054182
1147	1 21	1 23	1 29	1 31	216.58710765646128
1148	1 21	1 23	1 35	1 37	29.155285840212485
1149	1 21	1 23	1 37	1 39	109.29780659998977
1150	1 21	1 23	1 39	1 41	-124.92996925053927
1151	1 21	1 23	1 41	1 43	5.3377082630388735
1152	1 21	1 23	1 43	1 45	30.20330505016552
1153	1 21	1 23	1 42	1 44	14.54638588517568
1154	1 21	1 23	1 44	1 46	48.412038751476
1155	1 21	1 23	1 46	1 48	50.70521744463882
1156	1 21	1 23	1 48	1 50	-102.41663224832686
1157	1 21	1 23	1 50	1 52	14.963150415267314
1158	1 21	1 23	1 52	1 54	30.8732588155075
1159	1 21	1 23	1 54	1 56	32.607149850508705
1160	1 21	1 23	1 56	1 58	-71.23665198650676
1161	1 21	1 23	1 58	1 60	13.365383266509323
1162	1 21	1 23	1 60	1 62	22.50276094876059
1163	1 21	1 23	1 45	1 47	56.872465380161486
1164	1 21	1 23	1 47	1 49	-82.06230061372469
1165	1 21	1 23	1 49	1 51	7.779501658643623
1166	1 21	1 23	1 51	1 53	24.001876176051162
1167	1 21	1 23	1 53	1 55	36.79165294305278
1168	1 21	1 23	1 55	1 57	-61.08974412004136
1169	1 21	1 23	1 57	1 59	7.70471751808449
1170	1 21	1 23	1 59	1 61	17.597323347404846
1171	1 21	1 23	1 61	1 63	24.61013141194431
1172	1 21	1 23	1 63	1 65	-45.78326954335152
1173	1 21	1 23	1 62	1 64	20.438073008494392
1174	1 21	1 23	1 64	1 66	-51.75331207214643
1175	1 21	1 23	1 66	1 68	11.61946462618054
1176	1 21	1 23	1 68	1 70	17.293170215739018
1177	1 21	1 23	1 70	1 72	13.406658642840792
1178	1 21	1 23	1 72	1 2	-95.47068085267576
1179	1 21	1 23	1 65	1 67	7.716262138168832
1180	1 21	1 23	1 67	1 69	14.825366080772373
1181	1 21	1 23	1 69	1 71	17.219141533921338
1182	1 21	1 23	1 71	1 1	-88.39219960741283
1183	1 22	1 24	1 23	1 25	-111.32197918869332
1184	1 22	1 24	1 25	1 27	-5.167665890479963
1185	1 22	1 24	1 27	1 29	-13.493090500846398
1186	1 22	1 24	1 29	1 31	136.98039487361748
1187	1 22	1 24	1 31	1 33	-110.28371908433516
1188	1 22	1 24	1 35	1 37	10.254647956573137
1189	1 22	1 24	1 37	1 39	88.11995539837136
1190	1 22	1 24	1 39	1 41	-89.25215695643952
1191	1 22	1 24	1 41	1 43	2.9760023927191175
1192	1 22	1 24	1 26	1 28	-8.848576885613006
1193	1 22	1 24	1 28	1 30	13.938783593962082
1194	1 22	1 24	1 30	1 32	223.02388189445793
1195	1 22	1 24	1 32	1 34	-216.05434232954707
1196	1 22	1 24	1 34	1 36	0.9086523184969197
1197	1 22	1 24	1 36	1 38	39.25654870486292
1198	1 22	1 24	1 38	1 40	112.28364325973996
1199	1 22	1 24	1 40	1 42	-140.6913279691417
1200	1 22	1 24	1 42	1 44	8.222073760607767
1201	1 22	1 24	1 44	1 46	33.15208563221383
1202	1 22	1 24	1 43	1 45	17.999503363224996
1203	1 22	1 24	1 45	1 47	49.56671376808954
1204	1 22	1 24	1 47	1 49	-63.29179205209015
1205	1 22	1 24	1 49	1 51	5.0295571017700835
1206	1 22	1 24	1 51	1 53	16.710332308771186
1207	1 22	1 24	1 53	1 55	32.75388604396393
1208	1 22	1 24	1 55	1 57	-49.182419889611396
1209	1 22	1 24	1 57	1 59	5.435955815027057
1210	1 22	1 24	1 59	1 61	13.16927177246079
1211	1 22	1 24	1 61	1 63	21.840656578537974
1212	1 22	1 24	1 46	1 48	59.31740781140468
1213	1 22	1 24	1 48	1 50	-91.80806419457736
1214	1 22	1 24	1 50	1 52	9.872177724423029
1215	1 22	1 24	1 52	1 54	23.55025194783198
1216	1 22	1 24	1 54	1 56	34.30377050739135
1217	1 22	1 24	1 56	1 58	-62.19490162388962
1218	1 22	1 24	1 58	1 60	9.605667171061095
1219	1 22	1 24	1 60	1 62	18.193259315079516
1220	1 22	1 24	1 62	1 64	20.086200040585986
1221	1 22	1 24	1 64	1 66	-44.30797620022615
1222	1 22	1 24	1 63	1 65	-37.495135329902226
1223	1 22	1 24	1 65	1 67	5.7308576936474465
1224	1 22	1 24	1 67	1 69	11.678749282677607
1225	1 22	1 24	1 69	1 71	15.131029398424712
1226	1 22	1 24	1 71	1 1	-68.35102915055899
1227	1 22	1 24	1 66	1 68	8.823380712577677
1228	1 22	1 24	1 68	1 70	14.35531345263929
1229	1 22	1 24	1 70	1 72	12.439740738557925
1230	1 22	1 24	1 72	1 2	-75.439716610584
1231	1 23	1 25	1 24	1 26	591.9605201863353
1232	1 23	1 25	1 28	1 30	-219.18281130349698
1233	1 23	1 25	1 30	1 32	-89.68364112070583
1234	1 23	1 25	1 32	1 34	496.39342735752615
1235	1 23	1 25	1 34	1 36	-186.15982928361962
1236	1 23	1 25	1 36	1 38	-158.39521070610127
1237	1 23	1 25	1 38	1 40	-99.79045771684792
1238	1 23	1 25	1 40	1 42	387.0578784175267
1239	1 23	1 25	1 42	1 44	-130.64655013233212
1240	1 23	1 25	1 27	1 29	-202.01213129388054
1241	1 23	1 25	1 29	1 31	-209.45385003623562
1242	1 23	1 25	1 31	1 33	624.8615580847724
1243	1 23	1 25	1 33	1 35	-228.55137635724117
1244	1 23	1 25	1 35	1 37	-164.14581949824756
1245	1 23	1 25	1 37	1 39	-146.74593372709865
1246	1 23	1 25	1 39	1 41	411.88980463980465
1247	1 23	1 25	1 41	1 43	-127.21477485928705
1248	1 23	1 25	1 45	1 47	-98.70117124881969
1249	1 23	1 25	1 44	1 46	-117.0789806615476
1250	1 23	1 25	1 46	1 48	-76.15809697817772
1251	1 23	1 25	1 48	1 50	282.3155786674664
1252	1 23	1 25	1 50	1 52	-91.27315410506583
1253	1 23	1 25	1 52	1 54	-84.51447927022306
1254	1 23	1 25	1 54	1 56	-59.03088115430269
1255	1 23	1 25	1 56	1 58	207.19325796285528
1256	1 23	1 25	1 58	1 60	-65.89593115376216
1257	1 23	1 25	1 60	1 62	-65.19815874793728
1258	1 23	1 25	1 62	1 64	-42.823365264821575
1259	1 23	1 25	1 47	1 49	281.3494955505096
1260	1 23	1 25	1 49	1 51	-78.06573631774202
1261	1 23	1 25	1 51	1 53	-91.72473241531497
1262	1 23	1 25	1 53	1 55	-78.44655118634829
1263	1 23	1 25	1 55	1 57	205.6970584208124
1264	1 23	1 25	1 57	1 59	-49.29422155723762
1265	1 23	1 25	1 59	1 61	-66.86543226949955
1266	1 23	1 25	1 61	1 63	-59.403380493622684
1267	1 23	1 25	1 63	1 65	155.26726902383695
1268	1 23	1 25	1 65	1 67	-38.55760954463031
1269	1 23	1 25	1 64	1 66	157.726880821287
1270	1 23	1 25	1 66	1 68	-50.10300769597639
1271	1 23	1 25	1 68	1 70	-52.52299514922403
1272	1 23	1 25	1 70	1 72	-32.44183393754308
1273	1 23	1 25	1 72	1 2	214.90890112033549
1274	1 23	1 25	1 67	1 69	-53.49746474617356
1275	1 23	1 25	1 69	1 71	-45.67069622482211
1276	1 23	1 25	1 71	1 1	261.8531978648523
1277	1 24	1 26	1 25	1 27	-99.34604250797207
1278	1 24	1 26	1 27	1 29	-231.5818329018517
1279	1 24	1 26	1 29	1 31	-236.3292085135872
1280	1 24	1 26	1 31	1 33	511.9724178936475
1281	1 24	1 26	1 33	1 35	-86.50882392972139
1282	1 24	1 26	1 35	1 37	-178.0647598791257
1283	1 24	1 26	1 37	1 39	-181.05356542115703
1284	1 24	1 26	1 39	1 41	375.9396836107362
1285	1 24	1 26	1 41	1 43	-66.26421237294429
1286	1 24	1 26	1 43	1 45	-123.9280961426534
1287	1 24	1 26	1 28	1 30	-219.58144956425895
1288	1 24	1 26	1 30	1 32	-210.53642060339376
1289	1 24	1 26	1 32	1 34	587.0382637261466
1290	1 24	1 26	1 34	1 36	-169.6160880881688
1291	1 24	1 26	1 36	1 38	-173.48594876388677
1292	1 24	1 26	1 38	1 40	-156.46718069230508
1293	1 24	1 26	1 40	1 42	411.1865678011309
1294	1 24	1 26	1 44	1 46	-125.07815054276735
1295	1 24	1 26	1 46	1 48	-103.43077977811349
1296	1 24	1 26	1 45	1 47	-119.84890104794584
1297	1 24	1 26	1 47	1 49	261.3622531583466
1298	1 24	1 26	1 49	1 51	-50.50840171375185
1299	1 24	1 26	1 51	1 53	-87.19599925115556
1300	1 24	1 26	1 53	1 55	-89.18015576787934
1301	1 24	1 26	1 55	1 57	193.43758714523977
1302	1 24	1 26	1 57	1 59	-36.782744262161216
1303	1 24	1 26	1 59	1 61	-61.80302928835765
1304	1 24	1 26	1 61	1 63	-64.56865288796337
1305	1 24	1 26	1 63	1 65	147.11994199984196
1306	1 24	1 26	1 48	1 50	291.0594842267456
1307	1 24	1 26	1 50	1 52	-73.87216013210738
1308	1 24	1 26	1 52	1 54	-88.12516503912346
1309	1 24	1 26	1 54	1 56	-73.80636491415011
1310	1 24	1 26	1 56	1 58	208.79951592006563
1311	1 24	1 26	1 58	1 60	-55.38318546207731
1312	1 24	1 26	1 60	1 62	-66.39565100607288
1313	1 24	1 26	1 62	1 64	-49.88996488306371
1314	1 24	1 26	1 64	1 66	155.51855238807883
1315	1 24	1 26	1 66	1 68	-43.528906094669196
1316	1 24	1 26	1 65	1 67	-31.462475746449684
1317	1 24	1 26	1 67	1 69	-50.068796724528156
1318	1 24	1 26	1 69	1 71	-48.094782830679456
1319	1 24	1 26	1 71	1 1	232.48976117924317
1320	1 24	1 26	1 68	1 70	-52.124709376890124
1321	1 24	1 26	1 70	1 72	-35.30007637190544
1322	1 24	1 26	1 72	1 2	209.36971737896744
1323	1 25	1 27	1 26	1 28	145.76343479648244
1324	1 25	1 27	1 28	1 30	-40.056891039107185
1325	1 25	1 27	1 30	1 32	-6.826478077767763
1326	1 25	1 27	1 32	1 34	-89.39665484103449
1327	1 25	1 27	1 34	1 36	110.23448453338037
1328	1 25	1 27	1 36	1 38	-18.27480646108213
1329	1 25	1 27	1 38	1 40	-3.697046098065522
1330	1 25	1 27	1 40	1 42	-80.97485817042991
1331	1 25	1 27	1 42	1 44	70.88243567656124
1332	1 25	1 27	1 44	1 46	5.423003610194032
1333	1 25	1 27	1 29	1 31	-15.756115658716325
1334	1 25	1 27	1 33	1 35	247.23549502766184
1335	1 25	1 27	1 37	1 39	-9.995550000027908
1336	1 25	1 27	1 39	1 41	-139.7923354426693
1337	1 25	1 27	1 41	1 43	109.9357143233592
1338	1 25	1 27	1 43	1 45	25.77093488610633
1339	1 25	1 27	1 47	1 49	-90.48813589852062
1340	1 25	1 27	1 48	1 50	-65.9949816028423
1341	1 25	1 27	1 50	1 52	44.514871844304956
1342	1 25	1 27	1 52	1 54	13.33848747687551
1343	1 25	1 27	1 54	1 56	3.2405442945405705
1344	1 25	1 27	1 56	1 58	-52.65840297932644
1345	1 25	1 27	1 58	1 60	29.115988422391723
1346	1 25	1 27	1 60	1 62	14.186511400246705
1347	1 25	1 27	1 62	1 64	4.7898514622060535
1348	1 25	1 27	1 64	1 66	-42.588782960896765
1349	1 25	1 27	1 49	1 51	53.157442549854274
1350	1 25	1 27	1 51	1 53	25.703618536770513
1351	1 25	1 27	1 53	1 55	7.200404613602099
1352	1 25	1 27	1 55	1 57	-63.86139058447513
1353	1 25	1 27	1 57	1 59	27.273634206635812
1354	1 25	1 27	1 59	1 61	21.742231105090983
1355	1 25	1 27	1 61	1 63	9.094077139230535
1356	1 25	1 27	1 63	1 65	-48.71355872529573
1357	1 25	1 27	1 65	1 67	18.055107954698776
1358	1 25	1 27	1 67	1 69	17.502599941936182
1359	1 25	1 27	1 66	1 68	20.072012334343547
1360	1 25	1 27	1 68	1 70	13.273616759580289
1361	1 25	1 27	1 70	1 72	5.469668389276201
1362	1 25	1 27	1 72	1 2	-75.56681310015563
1363	1 25	1 27	1 69	1 71	9.292696217919318
1364	1 25	1 27	1 71	1 1	-114.60248683982397
1365	1 26	1 28	1 27	1 29	134.1902172942668
1366	1 26	1 28	1 29	1 31	-38.55117803492687
1367	1 26	1 28	1 31	1 33	-198.15129933309908
1368	1 26	1 28	1 33	1 35	111.033762281219
1369	1 26	1 28	1 35	1 37	100.09809744775438
1370	1 26	1 28	1 37	1 39	-16.569351043349798
1371	1 26	1 28	1 39	1 41	-141.99642592752832
1372	1 26	1 28	1 41	1 43	66.37041076270867
1373	1 26	1 28	1 43	1 45	59.77689660830312
1374	1 26	1 28	1 45	1 47	6.449101222500952
1375	1 26	1 28	1 30	1 32	-13.667328668318714
1376	1 26	1 28	1 32	1 34	-178.02800111789492
1377	1 26	1 28	1 34	1 36	187.9875661367724
1378	1 26	1 28	1 38	1 40	-6.569594511649473
1379	1 26	1 28	1 40	1 42	-116.35981207143817
1380	1 26	1 28	1 42	1 44	83.76437210389963
1381	1 26	1 28	1 44	1 46	24.53118731720716
1382	1 26	1 28	1 48	1 50	-85.11729601964362
1383	1 26	1 28	1 47	1 49	-99.68848931992245
1384	1 26	1 28	1 49	1 51	39.11986023155404
1385	1 26	1 28	1 51	1 53	38.29406541698307
1386	1 26	1 28	1 53	1 55	14.213114205518925
1387	1 26	1 28	1 55	1 57	-72.30650859461393
1388	1 26	1 28	1 57	1 59	23.06028279966896
1389	1 26	1 28	1 59	1 61	26.672958370444
1390	1 26	1 28	1 61	1 63	14.325877428477039
1391	1 26	1 28	1 63	1 65	-55.47346951168153
1392	1 26	1 28	1 65	1 67	16.808129000222902
1393	1 26	1 28	1 50	1 52	46.51188288307194
1394	1 26	1 28	1 52	1 54	24.574097216525544
1395	1 26	1 28	1 54	1 56	6.7191941623948495
1396	1 26	1 28	1 56	1 58	-65.31280207987894
1397	1 26	1 28	1 58	1 60	29.87735612888347
1398	1 26	1 28	1 60	1 62	20.56544039876089
1399	1 26	1 28	1 62	1 64	7.918475628624577
1400	1 26	1 28	1 64	1 66	-51.40476267877062
1401	1 26	1 28	1 66	1 68	20.907077496146176
1402	1 26	1 28	1 68	1 70	17.18166457328231
1403	1 26	1 28	1 67	1 69	20.421129251120078
1404	1 26	1 28	1 69	1 71	12.898001403997231
1405	1 26	1 28	1 71	1 1	-111.97916655475277
1406	1 26	1 28	1 70	1 72	7.911319103548047
1407	1 26	1 28	1 72	1 2	-87.68327552359725
1408	1 27	1 29	1 28	1 30	139.93718354888807
1409	1 27	1 29	1 30	1 32	-41.68799392563439
1410	1 27	1 29	1 32	1 34	-195.68521746951464
1411	1 27	1 29	1 34	1 36	102.87967105667178
1412	1 27	1 29	1 36	1 38	102.67911160012042
1413	1 27	1 29	1 38	1 40	-13.630846726440303
1414	1 27	1 29	1 40	1 42	-148.89036289877092
1415	1 27	1 29	1 42	1 44	62.79626908594652
1416	1 27	1 29	1 44	1 46	63.2794526650071
1417	1 27	1 29	1 46	1 48	8.291082931978115
1418	1 27	1 29	1 31	1 33	-190.62822177695028
1419	1 27	1 29	1 35	1 37	184.9709741367356
1420	1 27	1 29	1 39	1 41	-154.87095582225666
1421	1 27	1 29	1 41	1 43	24.04017718473149
1422	1 27	1 29	1 43	1 45	84.12926564012787
1423	1 27	1 29	1 45	1 47	27.82508194479559
1424	1 27	1 29	1 47	1 49	-113.58429313811024
1425	1 27	1 29	1 49	1 51	23.53052170392717
1426	1 27	1 29	1 48	1 50	-109.57942758390357
1427	1 27	1 29	1 50	1 52	39.96915856602297
1428	1 27	1 29	1 52	1 54	40.97796432963528
1429	1 27	1 29	1 54	1 56	15.035586030614684
1430	1 27	1 29	1 56	1 58	-81.94917466401841
1431	1 27	1 29	1 58	1 60	27.950540268814297
1432	1 27	1 29	1 60	1 62	28.973094597726387
1433	1 27	1 29	1 62	1 64	13.9600810649688
1434	1 27	1 29	1 64	1 66	-63.19323879734566
1435	1 27	1 29	1 66	1 68	20.8127805665224
1436	1 27	1 29	1 51	1 53	47.908274020201105
1437	1 27	1 29	1 53	1 55	28.524438390238227
1438	1 27	1 29	1 55	1 57	-83.63770531341663
1439	1 27	1 29	1 57	1 59	17.832783106046858
1440	1 27	1 29	1 59	1 61	30.625304353840296
1441	1 27	1 29	1 61	1 63	23.18058132113602
1442	1 27	1 29	1 63	1 65	-63.775676533920105
1443	1 27	1 29	1 65	1 67	15.044422041714903
1444	1 27	1 29	1 67	1 69	23.081646210984957
1445	1 27	1 29	1 69	1 71	18.290161894263797
1446	1 27	1 29	1 68	1 70	22.16456744304964
1447	1 27	1 29	1 70	1 72	11.974095340927297
1448	1 27	1 29	1 72	1 2	-94.99701077133588
1449	1 27	1 29	1 71	1 1	-105.46536150376535
1450	1 28	1 30	1 29	1 31	150.9139378119657
1451	1 28	1 30	1 31	1 33	-239.19644607276592
1452	1 28	1 30	1 33	1 35	-18.232489604370116
1453	1 28	1 30	1 35	1 37	103.79264262513021
1454	1 28	1 30	1 37	1 39	119.63114746788725
1455	1 28	1 30	1 39	1 41	-187.130671146542
1456	1 28	1 30	1 41	1 43	3.7642441432785416
1457	1 28	1 30	1 43	1 45	67.62597559486001
1458	1 28	1 30	1 45	1 47	70.9518903532267
1459	1 28	1 30	1 47	1 49	-123.45204195406696
1460	1 28	1 30	1 32	1 34	-216.41978569078606
1461	1 28	1 30	1 36	1 38	199.78938513017766
1462	1 28	1 30	1 38	1 40	10.489269158677079
1463	1 28	1 30	1 40	1 42	-181.67984922054688
1464	1 28	1 30	1 42	1 44	27.558508014506277
1465	1 28	1 30	1 44	1 46	91.3869619145309
1466	1 28	1 30	1 46	1 48	34.720795704533636
1467	1 28	1 30	1 48	1 50	-133.5277935039257
1468	1 28	1 30	1 50	1 52	26.88930067089256
1469	1 28	1 30	1 49	1 51	12.06398998986979
1470	1 28	1 30	1 51	1 53	44.13092497382695
1471	1 28	1 30	1 53	1 55	48.00994105458235
1472	1 28	1 30	1 55	1 57	-91.99077186854606
1473	1 28	1 30	1 57	1 59	12.60383509953406
1474	1 28	1 30	1 59	1 61	29.413808919471663
1475	1 28	1 30	1 61	1 63	33.022129044839346
1476	1 28	1 30	1 63	1 65	-68.68763676701298
1477	1 28	1 30	1 65	1 67	12.43764546291817
1478	1 28	1 30	1 67	1 69	23.307752881166508
1479	1 28	1 30	1 52	1 54	50.96936043101702
1480	1 28	1 30	1 54	1 56	31.9371970006546
1481	1 28	1 30	1 56	1 58	-96.36024656600642
1482	1 28	1 30	1 58	1 60	22.59299571326774
1483	1 28	1 30	1 60	1 62	34.53598919981874
1484	1 28	1 30	1 62	1 64	23.268800998815664
1485	1 28	1 30	1 64	1 66	-73.00259905348261
1486	1 28	1 30	1 66	1 68	18.756237743371386
1487	1 28	1 30	1 68	1 70	25.59053954342511
1488	1 28	1 30	1 70	1 72	16.949302628631933
1489	1 28	1 30	1 69	1 71	23.6819229344881
1490	1 28	1 30	1 71	1 1	-101.69650181761011
1491	1 28	1 30	1 72	1 2	-101.33146621508023
1492	1 29	1 31	1 30	1 32	170.80770699590568
1493	1 29	1 31	1 34	1 36	-19.110032084169976
1494	1 29	1 31	1 36	1 38	113.35024376938986
1495	1 29	1 31	1 38	1 40	144.52084873912213
1496	1 29	1 31	1 40	1 42	-221.88224211049803
1497	1 29	1 31	1 42	1 44	7.1157360269706125
1498	1 29	1 31	1 44	1 46	72.4394162772559
1499	1 29	1 31	1 46	1 48	84.24973396260435
1500	1 29	1 31	1 48	1 50	-150.3524935315423
1501	1 29	1 31	1 33	1 35	-10.407446336527002
1502	1 29	1 31	1 37	1 39	224.82488028870733
1503	1 29	1 31	1 39	1 41	-197.24931887474463
1504	1 29	1 31	1 43	1 45	30.72555526819542
1505	1 29	1 31	1 45	1 47	98.9800642140736
1506	1 29	1 31	1 47	1 49	-117.8248257070351
1507	1 29	1 31	1 49	1 51	5.831188940960942
1508	1 29	1 31	1 51	1 53	29.86370792051477
1509	1 29	1 31	1 50	1 52	14.803656102750512
1510	1 29	1 31	1 52	1 54	45.02044875339341
1511	1 29	1 31	1 54	1 56	52.594228649557955
1512	1 29	1 31	1 56	1 58	-102.81794936153833
1513	1 29	1 31	1 58	1 60	15.654201524845314
1514	1 29	1 31	1 60	1 62	32.49205333251332
1515	1 29	1 31	1 62	1 64	32.053477613542306
1516	1 29	1 31	1 64	1 66	-74.25277930313011
1517	1 29	1 31	1 66	1 68	14.706941041099352
1518	1 29	1 31	1 68	1 70	24.744427840531596
1519	1 29	1 31	1 53	1 55	58.851080550467586
1520	1 29	1 31	1 55	1 57	-85.00625175311811
1521	1 29	1 31	1 57	1 59	8.174267263784294
1522	1 29	1 31	1 59	1 61	22.930296340317174
1523	1 29	1 31	1 61	1 63	37.69554437540651
1524	1 29	1 31	1 63	1 65	-63.78414581313686
1525	1 29	1 31	1 65	1 67	9.26790703894355
1526	1 29	1 31	1 67	1 69	19.968317606291905
1527	1 29	1 31	1 69	1 71	25.641688654779525
1528	1 29	1 31	1 71	1 1	-89.44977301077223
1529	1 29	1 31	1 70	1 72	20.410531163494557
1530	1 29	1 31	1 72	1 2	-95.69671741198857
1531	1 30	1 32	1 31	1 33	-116.45090434733828
1532	1 30	1 32	1 33	1 35	-4.491952981285176
1533	1 30	1 32	1 35	1 37	-16.00195005549812
1534	1 30	1 32	1 37	1 39	130.55164123732038
1535	1 30	1 32	1 39	1 41	-102.1054370354571
1536	1 30	1 32	1 43	1 45	9.32949960840228
1537	1 30	1 32	1 45	1 47	73.2736411278209
1538	1 30	1 32	1 47	1 49	-75.33687217271185
1539	1 30	1 32	1 49	1 51	2.9909003359836817
1540	1 30	1 32	1 34	1 36	-8.624766962100246
1541	1 30	1 32	1 36	1 38	3.4282846846140678
1542	1 30	1 32	1 38	1 40	234.6685639209798
1543	1 30	1 32	1 40	1 42	-218.45238750320718
1544	1 30	1 32	1 42	1 44	1.790298150166986
1545	1 30	1 32	1 44	1 46	31.94057385977387
1546	1 30	1 32	1 46	1 48	107.25443944915543
1547	1 30	1 32	1 48	1 50	-131.65544736741737
1548	1 30	1 32	1 50	1 52	7.377000851743784
1549	1 30	1 32	1 52	1 54	27.38457016973058
1550	1 30	1 32	1 51	1 53	15.58266509267751
1551	1 30	1 32	1 53	1 55	47.56854710361861
1552	1 30	1 32	1 55	1 57	-60.4798058063661
1553	1 30	1 32	1 57	1 59	4.8232854835475125
1554	1 30	1 32	1 59	1 61	14.254715217074462
1555	1 30	1 32	1 61	1 63	31.037912624591158
1556	1 30	1 32	1 63	1 65	-47.00778809328814
1557	1 30	1 32	1 65	1 67	5.93504712926843
1558	1 30	1 32	1 67	1 69	13.787193701570583
1559	1 30	1 32	1 69	1 71	21.03334663491819
1560	1 30	1 32	1 54	1 56	56.81162663498033
1561	1 30	1 32	1 56	1 58	-84.48930629831251
1562	1 30	1 32	1 58	1 60	9.291874167773798
1563	1 30	1 32	1 60	1 62	22.86555439173653
1564	1 30	1 32	1 62	1 64	31.405253147646178
1565	1 30	1 32	1 64	1 66	-59.496594497089674
1566	1 30	1 32	1 66	1 68	9.649025934528451
1567	1 30	1 32	1 68	1 70	18.54473562726612
1568	1 30	1 32	1 70	1 72	18.348242821452907
1569	1 30	1 32	1 72	1 2	-74.2141170517794
1570	1 30	1 32	1 71	1 1	-66.19326068505147
1571	1 31	1 33	1 32	1 34	588.4380590339892
1572	1 31	1 33	1 34	1 36	-226.29767577852255
1573	1 31	1 33	1 36	1 38	-196.36552643784788
1574	1 31	1 33	1 38	1 40	-126.583642401242
1575	1 31	1 33	1 40	1 42	508.896279516749
1576	1 31	1 33	1 42	1 44	-186.23792711239747
1577	1 31	1 33	1 44	1 46	-148.78943630107653
1578	1 31	1 33	1 46	1 48	-94.42692888292518
1579	1 31	1 33	1 48	1 50	376.28674222037375
1580	1 31	1 33	1 50	1 52	-130.61878004997786
1581	1 31	1 33	1 35	1 37	-186.76395976674166
1582	1 31	1 33	1 37	1 39	-209.99710495455878
1583	1 31	1 33	1 39	1 41	592.4050035248101
1584	1 31	1 33	1 41	1 43	-218.13738409910013
1585	1 31	1 33	1 43	1 45	-157.95127398430824
1586	1 31	1 33	1 45	1 47	-130.10363035508496
1587	1 31	1 33	1 47	1 49	387.59721450788714
1588	1 31	1 33	1 49	1 51	-120.46110398880747
1589	1 31	1 33	1 51	1 53	-121.31420033959095
1590	1 31	1 33	1 53	1 55	-100.86892287359578
1591	1 31	1 33	1 52	1 54	-111.13121110843446
1592	1 31	1 33	1 54	1 56	-75.22621029029219
1593	1 31	1 33	1 56	1 58	279.56414537967936
1594	1 31	1 33	1 58	1 60	-94.3039396035397
1595	1 31	1 33	1 60	1 62	-87.30521761289992
1596	1 31	1 33	1 62	1 64	-55.52623406328081
1597	1 31	1 33	1 64	1 66	213.90131875947793
1598	1 31	1 33	1 66	1 68	-70.71768982905404
1599	1 31	1 33	1 68	1 70	-70.7888952968918
1600	1 31	1 33	1 70	1 72	-42.637437985029024
1601	1 31	1 33	1 55	1 57	279.82930972086587
1602	1 31	1 33	1 57	1 59	-73.21689520335163
1603	1 31	1 33	1 59	1 61	-91.43985557683392
1604	1 31	1 33	1 61	1 63	-77.79765356105534
1605	1 31	1 33	1 63	1 65	213.27376829593962
1606	1 31	1 33	1 65	1 67	-55.644468837812624
1607	1 31	1 33	1 67	1 69	-73.7365178660234
1608	1 31	1 33	1 69	1 71	-60.764694053171155
1609	1 31	1 33	1 71	1 1	193.7546528149341
1610	1 31	1 33	1 72	1 2	166.76544344597443
1611	1 32	1 34	1 33	1 35	-85.78034770685598
1612	1 32	1 34	1 35	1 37	-222.18544960818897
1613	1 32	1 34	1 37	1 39	-233.58169884453685
1614	1 32	1 34	1 39	1 41	489.3186552809965
1615	1 32	1 34	1 41	1 43	-77.54875205932763
1616	1 32	1 34	1 43	1 45	-173.61342510302694
1617	1 32	1 34	1 45	1 47	-157.81439928748364
1618	1 32	1 34	1 47	1 49	349.1445900636668
1619	1 32	1 34	1 49	1 51	-64.07334055060093
1620	1 32	1 34	1 51	1 53	-120.64780926250285
1621	1 32	1 34	1 36	1 38	-202.78791017343752
1622	1 32	1 34	1 38	1 40	-236.04714949063367
1623	1 32	1 34	1 40	1 42	584.7382803117971
1624	1 32	1 34	1 42	1 44	-165.4044969790357
1625	1 32	1 34	1 44	1 46	-162.88871583039764
1626	1 32	1 34	1 46	1 48	-145.74455435082984
1627	1 32	1 34	1 48	1 50	396.3685181588658
1628	1 32	1 34	1 50	1 52	-103.80632666284677
1629	1 32	1 34	1 52	1 54	-117.2711433558091
1630	1 32	1 34	1 54	1 56	-100.0091638529237
1631	1 32	1 34	1 53	1 55	-120.14159803331744
1632	1 32	1 34	1 55	1 57	261.8287198550157
1633	1 32	1 34	1 57	1 59	-48.48613015956745
1634	1 32	1 34	1 59	1 61	-85.06026262484838
1635	1 32	1 34	1 61	1 63	-87.79227798865045
1636	1 32	1 34	1 63	1 65	198.13962475102412
1637	1 32	1 34	1 65	1 67	-41.99981248941569
1638	1 32	1 34	1 67	1 69	-68.17677563494865
1639	1 32	1 34	1 69	1 71	-65.3497759193589
1640	1 32	1 34	1 71	1 1	179.03329688354293
1641	1 32	1 34	1 56	1 58	281.82043550483894
1642	1 32	1 34	1 58	1 60	-75.99784233830778
1643	1 32	1 34	1 60	1 62	-90.40641950501791
1644	1 32	1 34	1 62	1 64	-68.1953714111967
1645	1 32	1 34	1 64	1 66	211.99499381994548
1646	1 32	1 34	1 66	1 68	-59.23906884137323
1647	1 32	1 34	1 68	1 70	-71.11698597134811
1648	1 32	1 34	1 70	1 72	-48.221974692202465
1649	1 32	1 34	1 72	1 2	169.1410850425121
1650	1 33	1 35	1 34	1 36	140.95025228839103
1651	1 33	1 35	1 36	1 38	-46.97035204915797
1652	1 33	1 35	1 38	1 40	-7.575484318763189
1653	1 33	1 35	1 40	1 42	-87.06690781871599
1654	1 33	1 35	1 42	1 44	113.12713215690567
1655	1 33	1 35	1 44	1 46	-20.620501411706094
1656	1 33	1 35	1 46	1 48	-5.9073715764277255
1657	1 33	1 35	1 48	1 50	-78.94506113525534
1658	1 33	1 35	1 50	1 52	73.16185965762321
1659	1 33	1 35	1 52	1 54	4.831542738769624
1660	1 33	1 35	1 37	1 39	-18.277220246382637
1661	1 33	1 35	1 41	1 43	245.87622963520602
1662	1 33	1 35	1 45	1 47	-11.589687975781857
1663	1 33	1 35	1 47	1 49	-132.3425616775608
1664	1 33	1 35	1 49	1 51	105.19632731929758
1665	1 33	1 35	1 51	1 53	25.155888558224525
1666	1 33	1 35	1 55	1 57	-87.32336116264688
1667	1 33	1 35	1 56	1 58	-66.26944900147416
1668	1 33	1 35	1 58	1 60	46.863615752867624
1669	1 33	1 35	1 60	1 62	13.628053250638022
1670	1 33	1 35	1 62	1 64	2.3412561959759026
1671	1 33	1 35	1 64	1 66	-55.282393053941135
1672	1 33	1 35	1 66	1 68	31.474192990744193
1673	1 33	1 35	1 68	1 70	15.772669126553232
1674	1 33	1 35	1 70	1 72	4.92048174256091
1675	1 33	1 35	1 72	1 2	-62.779704295582064
1676	1 33	1 35	1 57	1 59	49.66350789018699
1677	1 33	1 35	1 59	1 61	28.710116848689516
1678	1 33	1 35	1 61	1 63	6.3667496205810785
1679	1 33	1 35	1 63	1 65	-68.77120319846432
1680	1 33	1 35	1 65	1 67	30.746055105712617
1681	1 33	1 35	1 67	1 69	24.450561878491992
1682	1 33	1 35	1 69	1 71	9.520847070851865
1683	1 33	1 35	1 71	1 1	-83.97898929026971
1684	1 34	1 36	1 35	1 37	142.16927328501754
1685	1 34	1 36	1 37	1 39	-50.69334789535026
1686	1 34	1 36	1 39	1 41	-189.08018606376447
1687	1 34	1 36	1 41	1 43	108.66465554346888
1688	1 34	1 36	1 43	1 45	99.71568393145202
1689	1 34	1 36	1 45	1 47	-19.559292784477094
1690	1 34	1 36	1 47	1 49	-140.0397938202621
1691	1 34	1 36	1 49	1 51	66.47936164867868
1692	1 34	1 36	1 51	1 53	61.29793447872434
1693	1 34	1 36	1 53	1 55	6.004653617743761
1694	1 34	1 36	1 38	1 40	-17.281613090152927
1695	1 34	1 36	1 42	1 44	190.96206228591723
1696	1 34	1 36	1 46	1 48	-11.39348649729115
1697	1 34	1 36	1 48	1 50	-114.95106971773998
1698	1 34	1 36	1 50	1 52	86.65688768603201
1699	1 34	1 36	1 52	1 54	25.44865654999296
1700	1 34	1 36	1 56	1 58	-86.6388472752628
1701	1 34	1 36	1 55	1 57	-102.67871429101855
1702	1 34	1 36	1 57	1 59	38.347305869617244
1703	1 34	1 36	1 59	1 61	41.7237051702159
1704	1 34	1 36	1 61	1 63	13.721153503071081
1705	1 34	1 36	1 63	1 65	-79.24520860412366
1706	1 34	1 36	1 65	1 67	27.152233627848876
1707	1 34	1 36	1 67	1 69	30.75542457576016
1708	1 34	1 36	1 69	1 71	15.203855581580138
1709	1 34	1 36	1 71	1 1	-86.86520976333233
1710	1 34	1 36	1 58	1 60	50.43403010322322
1711	1 34	1 36	1 60	1 62	25.905835408521426
1712	1 34	1 36	1 62	1 64	5.248093567407199
1713	1 34	1 36	1 64	1 66	-70.07253014212935
1714	1 34	1 36	1 66	1 68	33.37457790062729
1715	1 34	1 36	1 68	1 70	23.09012873677569
1716	1 34	1 36	1 70	1 72	8.187053862581749
1717	1 34	1 36	1 72	1 2	-72.1825279243304
1718	1 35	1 37	1 36	1 38	142.90702839546532
1719	1 35	1 37	1 38	1 40	-56.38932045374531
1720	1 35	1 37	1 40	1 42	-187.5776154564868
1721	1 35	1 37	1 42	1 44	108.00674510781067
1722	1 35	1 37	1 44	1 46	102.49095836322093
1723	1 35	1 37	1 46	1 48	-24.357706198947795
1724	1 35	1 37	1 48	1 50	-144.09642535336548
1725	1 35	1 37	1 50	1 52	65.76585387446426
1726	1 35	1 37	1 52	1 54	65.55907759289636
1727	1 35	1 37	1 43	1 45	194.35855378699134
1728	1 35	1 37	1 47	1 49	-156.87954937326575
1729	1 35	1 37	1 49	1 51	25.542218087083647
1730	1 35	1 37	1 51	1 53	88.88535213283531
1731	1 35	1 37	1 53	1 55	27.638872191752334
1732	1 35	1 37	1 55	1 57	-119.58614026379237
1733	1 35	1 37	1 57	1 59	24.704272305464034
1734	1 35	1 37	1 56	1 58	-111.34577921912886
1735	1 35	1 37	1 58	1 60	44.20002917248178
1736	1 35	1 37	1 60	1 62	43.84132853060545
1737	1 35	1 37	1 62	1 64	12.234014318494896
1738	1 35	1 37	1 64	1 66	-87.70385732149856
1739	1 35	1 37	1 66	1 68	31.967274342752
1740	1 35	1 37	1 68	1 70	32.38279986519295
1741	1 35	1 37	1 70	1 72	14.053680844163022
1742	1 35	1 37	1 72	1 2	-90.350172124622
1743	1 35	1 37	1 59	1 61	50.40383261454768
1744	1 35	1 37	1 61	1 63	28.51199193473132
1745	1 35	1 37	1 63	1 65	-91.02307079288477
1746	1 35	1 37	1 65	1 67	21.97998808242883
1747	1 35	1 37	1 67	1 69	35.47585214614959
1748	1 35	1 37	1 69	1 71	24.24374248830535
1749	1 35	1 37	1 71	1 1	-97.30767821112221
1750	1 36	1 38	1 37	1 39	150.58956872493212
1751	1 36	1 38	1 39	1 41	-233.33381568210393
1752	1 36	1 38	1 41	1 43	-20.852519338008374
1753	1 36	1 38	1 43	1 45	114.38179752288093
1754	1 36	1 38	1 45	1 47	108.41401793188308
1755	1 36	1 38	1 47	1 49	-187.29683918046143
1756	1 36	1 38	1 49	1 51	5.313927438242979
1757	1 36	1 38	1 51	1 53	72.01814936387848
1758	1 36	1 38	1 53	1 55	71.56268775573983
1759	1 36	1 38	1 55	1 57	-134.50009150329967
1760	1 36	1 38	1 44	1 46	205.12354007949
1761	1 36	1 38	1 46	1 48	-13.020765783966858
1762	1 36	1 38	1 48	1 50	-170.3000706464147
1763	1 36	1 38	1 50	1 52	30.004870484589688
1764	1 36	1 38	1 52	1 54	91.49376177347523
1765	1 36	1 38	1 54	1 56	28.088258686860726
1766	1 36	1 38	1 56	1 58	-131.04601565917244
1767	1 36	1 38	1 58	1 60	29.808541331631105
1768	1 36	1 38	1 57	1 59	13.666974325258646
1769	1 36	1 38	1 59	1 61	44.79625425623237
1770	1 36	1 38	1 61	1 63	48.308754174555084
1771	1 36	1 38	1 63	1 65	-97.91144522113973
1772	1 36	1 38	1 65	1 67	15.942596681066792
1773	1 36	1 38	1 67	1 69	34.154564427523006
1774	1 36	1 38	1 69	1 71	33.974290755140544
1775	1 36	1 38	1 71	1 1	-104.53563380769964
1776	1 36	1 38	1 60	1 62	55.143301459246025
1777	1 36	1 38	1 62	1 64	27.4865652447154
1778	1 36	1 38	1 64	1 66	-100.94313806796218
1779	1 36	1 38	1 66	1 68	25.92837252024144
1780	1 36	1 38	1 68	1 70	38.16003388869092
1781	1 36	1 38	1 70	1 72	22.477474466808193
1782	1 36	1 38	1 72	1 2	-105.62470854864642
1783	1 37	1 39	1 38	1 40	179.6620224897344
1784	1 37	1 39	1 40	1 42	-268.8791334612763
1785	1 37	1 39	1 42	1 44	-21.66104647927952
1786	1 37	1 39	1 44	1 46	116.48414368143838
1787	1 37	1 39	1 46	1 48	127.12773744158625
1788	1 37	1 39	1 48	1 50	-208.78816911747106
1789	1 37	1 39	1 50	1 52	5.1973928868942
1790	1 37	1 39	1 52	1 54	67.97862141893388
1791	1 37	1 39	1 54	1 56	82.21598505708755
1792	1 37	1 39	1 56	1 58	-144.95518872857843
1793	1 37	1 39	1 41	1 43	-13.034169590813804
1794	1 37	1 39	1 45	1 47	214.44073733774945
1795	1 37	1 39	1 47	1 49	-189.66268030393059
1796	1 37	1 39	1 49	1 51	-1.75272457477406
1797	1 37	1 39	1 51	1 53	29.431872624777412
1798	1 37	1 39	1 53	1 55	103.05757969583016
1799	1 37	1 39	1 55	1 57	-121.60636006934456
1800	1 37	1 39	1 57	1 59	5.630523301667678
1801	1 37	1 39	1 59	1 61	26.920618549577217
1802	1 37	1 39	1 58	1 60	14.142766605426559
1803	1 37	1 39	1 60	1 62	47.416282341292344
1804	1 37	1 39	1 62	1 64	49.50415721921421
1805	1 37	1 39	1 64	1 66	-103.73230990074822
1806	1 37	1 39	1 66	1 68	16.4877588815703
1807	1 37	1 39	1 68	1 70	35.053882051012145
1808	1 37	1 39	1 70	1 72	30.697974418245604
1809	1 37	1 39	1 72	1 2	-90.28758027356157
1810	1 37	1 39	1 61	1 63	59.525827023801234
1811	1 37	1 39	1 63	1 65	-85.80923453891114
1812	1 37	1 39	1 65	1 67	9.288077127647359
1813	1 37	1 39	1 67	1 69	25.395985827705502
1814	1 37	1 39	1 69	1 71	38.26310332184231
1815	1 37	1 39	1 71	1 1	-82.1863251453822
1816	1 38	1 40	1 39	1 41	-113.1474790530306
1817	1 38	1 40	1 41	1 43	-7.15867197497975
1818	1 38	1 40	1 43	1 45	-27.034213205552
1819	1 38	1 40	1 45	1 47	116.07976372599316
1820	1 38	1 40	1 47	1 49	-79.09865653568701
1821	1 38	1 40	1 49	1 51	-3.144672900548028
1822	1 38	1 40	1 53	1 55	74.35922157184208
1823	1 38	1 40	1 55	1 57	-69.20311088401095
1824	1 38	1 40	1 42	1 44	-14.382497557460681
1825	1 38	1 40	1 44	1 46	-12.604236939259977
1826	1 38	1 40	1 46	1 48	247.22220314523844
1827	1 38	1 40	1 48	1 50	-214.1487606612008
1828	1 38	1 40	1 50	1 52	-3.479075813750888
1829	1 38	1 40	1 52	1 54	21.434116883756506
1830	1 38	1 40	1 54	1 56	111.06571733757957
1831	1 38	1 40	1 56	1 58	-122.84169266915143
1832	1 38	1 40	1 58	1 60	3.8253347058884613
1833	1 38	1 40	1 60	1 62	25.651925947561196
1834	1 38	1 40	1 59	1 61	9.8625517426475
1835	1 38	1 40	1 61	1 63	46.84528699070903
1836	1 38	1 40	1 63	1 65	-55.19360080178621
1837	1 38	1 40	1 65	1 67	3.9203360077785767
1838	1 38	1 40	1 67	1 69	13.694518893640494
1839	1 38	1 40	1 69	1 71	30.61423067097119
1840	1 38	1 40	1 71	1 1	-46.7880598515373
1841	1 38	1 40	1 62	1 64	55.99308081496915
1842	1 38	1 40	1 64	1 66	-80.95887209799935
1843	1 38	1 40	1 66	1 68	7.611877221006495
1844	1 38	1 40	1 68	1 70	23.049226519587222
1845	1 38	1 40	1 70	1 72	29.802206836837655
1846	1 38	1 40	1 72	1 2	-57.638211564008124
1847	1 39	1 41	1 40	1 42	596.7694299267171
1848	1 39	1 41	1 42	1 44	-242.08631351983195
1849	1 39	1 41	1 44	1 46	-200.97506355587745
1850	1 39	1 41	1 46	1 48	-97.98713241125527
1851	1 39	1 41	1 48	1 50	510.8582228116711
1852	1 39	1 41	1 50	1 52	-201.83845391517804
1853	1 39	1 41	1 52	1 54	-151.00582992402104
1854	1 39	1 41	1 54	1 56	-88.28297283232122
1855	1 39	1 41	1 56	1 58	391.4199978493082
1856	1 39	1 41	1 58	1 60	-146.42182648220165
1857	1 39	1 41	1 43	1 45	-191.6332354087124
1858	1 39	1 41	1 45	1 47	-195.2799384002894
1859	1 39	1 41	1 47	1 49	600.8386020470066
1860	1 39	1 41	1 49	1 51	-218.56366617810625
1861	1 39	1 41	1 51	1 53	-166.5855414832691
1862	1 39	1 41	1 53	1 55	-137.14151996017824
1863	1 39	1 41	1 55	1 57	413.7422628727561
1864	1 39	1 41	1 57	1 59	-123.02409094388901
1865	1 39	1 41	1 59	1 61	-132.03875295641086
1866	1 39	1 41	1 61	1 63	-103.99913963070014
1867	1 39	1 41	1 60	1 62	-121.82296134295504
1868	1 39	1 41	1 62	1 64	-70.10930737616941
1869	1 39	1 41	1 64	1 66	304.4891863646635
1870	1 39	1 41	1 66	1 68	-109.0182600770874
1871	1 39	1 41	1 68	1 70	-100.3375142367399
1872	1 39	1 41	1 70	1 72	-56.691956414380215
1873	1 39	1 41	1 72	1 2	147.55936293436292
1874	1 39	1 41	1 63	1 65	310.5340518937698
1875	1 39	1 41	1 65	1 67	-89.41911843344556
1876	1 39	1 41	1 67	1 69	-108.5230725863284
1877	1 39	1 41	1 69	1 71	-83.44095347726389
1878	1 39	1 41	1 71	1 1	153.94301275724678
1879	1 40	1 42	1 41	1 43	-93.13426198748311
1880	1 40	1 42	1 43	1 45	-224.54281719560674
1881	1 40	1 42	1 45	1 47	-207.96732812029285
1882	1 40	1 42	1 47	1 49	489.0142465588386
1883	1 40	1 42	1 49	1 51	-87.96836294615856
1884	1 40	1 42	1 51	1 53	-178.81390356541817
1885	1 40	1 42	1 53	1 55	-163.29018807849536
1886	1 40	1 42	1 55	1 57	371.1253361287812
1887	1 40	1 42	1 57	1 59	-67.95504766854651
1888	1 40	1 42	1 59	1 61	-125.70934106162602
1889	1 40	1 42	1 44	1 46	-195.16017453273741
1890	1 40	1 42	1 46	1 48	-221.84121956086292
1891	1 40	1 42	1 48	1 50	582.8366089416606
1892	1 40	1 42	1 50	1 52	-182.7015519213922
1893	1 40	1 42	1 52	1 54	-158.07251195125787
1894	1 40	1 42	1 54	1 56	-142.15030861814444
1895	1 40	1 42	1 56	1 58	401.74007875863725
1896	1 40	1 42	1 58	1 60	-115.27675041281668
1897	1 40	1 42	1 60	1 62	-125.63580118403169
1898	1 40	1 42	1 62	1 64	-94.84354452139733
1899	1 40	1 42	1 61	1 63	-121.86283499883568
1900	1 40	1 42	1 63	1 65	282.5031221840861
1901	1 40	1 42	1 65	1 67	-59.695364297785105
1902	1 40	1 42	1 67	1 69	-99.0629793491146
1903	1 40	1 42	1 69	1 71	-91.95723986193669
1904	1 40	1 42	1 71	1 1	143.01499369215486
1905	1 40	1 42	1 64	1 66	299.8124813895781
1906	1 40	1 42	1 66	1 68	-86.7269731244451
1907	1 40	1 42	1 68	1 70	-101.2635179647865
1908	1 40	1 42	1 70	1 72	-67.8175762175838
1909	1 40	1 42	1 72	1 2	146.93454926305367
1910	1 41	1 43	1 42	1 44	155.20602641497686
1911	1 41	1 43	1 44	1 46	-50.610420235788524
1912	1 41	1 43	1 46	1 48	-9.53372636674688
1913	1 41	1 43	1 48	1 50	-102.02335267256402
1914	1 41	1 43	1 50	1 52	130.0433784290251
1915	1 41	1 43	1 52	1 54	-20.27318207493701
1916	1 41	1 43	1 54	1 56	-7.04986286918513
1917	1 41	1 43	1 56	1 58	-93.31017107200071
1918	1 41	1 43	1 58	1 60	84.89189551466822
1919	1 41	1 43	1 60	1 62	7.924705716952278
1920	1 41	1 43	1 45	1 47	-19.932177665375924
1921	1 41	1 43	1 49	1 51	256.95581824903485
1922	1 41	1 43	1 53	1 55	-11.71623586581946
1923	1 41	1 43	1 55	1 57	-144.8002750733595
1924	1 41	1 43	1 57	1 59	106.09970112125372
1925	1 41	1 43	1 59	1 61	36.58948072725272
1926	1 41	1 43	1 63	1 65	-106.71989899682367
1927	1 41	1 43	1 64	1 66	-80.97050489798582
1928	1 41	1 43	1 66	1 68	56.11240763818084
1929	1 41	1 43	1 68	1 70	18.844426075399525
1930	1 41	1 43	1 70	1 72	3.797374995052789
1931	1 41	1 43	1 72	1 2	-51.885121068682714
1932	1 41	1 43	1 65	1 67	60.67194168228525
1933	1 41	1 43	1 67	1 69	36.90511111458888
1934	1 41	1 43	1 69	1 71	9.021843997274662
1935	1 41	1 43	1 71	1 1	-62.70868029229788
1936	1 42	1 44	1 43	1 45	153.60026169209232
1937	1 42	1 44	1 45	1 47	-56.054326087106794
1938	1 42	1 44	1 47	1 49	-213.7918887843629
1939	1 42	1 44	1 49	1 51	124.62279819076075
1940	1 42	1 44	1 51	1 53	110.79272014140425
1941	1 42	1 44	1 53	1 55	-21.510977154897596
1942	1 42	1 44	1 55	1 57	-159.92111914932366
1943	1 42	1 44	1 57	1 59	72.34402035611308
1944	1 42	1 44	1 59	1 61	75.33339523953383
1945	1 42	1 44	1 46	1 48	-22.270717646608517
1946	1 42	1 44	1 50	1 52	215.35163944424497
1947	1 42	1 44	1 54	1 56	-15.214960947054674
1948	1 42	1 44	1 56	1 58	-132.19742577706376
1949	1 42	1 44	1 58	1 60	103.79765585461882
1950	1 42	1 44	1 60	1 62	28.910218669312382
1951	1 42	1 44	1 64	1 66	-105.26535396874041
1952	1 42	1 44	1 63	1 65	-126.55223150668019
1953	1 42	1 44	1 65	1 67	49.9830106555984
1954	1 42	1 44	1 67	1 69	53.00679882107701
1955	1 42	1 44	1 69	1 71	16.689180310388892
1956	1 42	1 44	1 71	1 1	-85.79490927733877
1957	1 42	1 44	1 66	1 68	62.369687835666426
1958	1 42	1 44	1 68	1 70	32.712798051961244
1959	1 42	1 44	1 70	1 72	6.858810468023198
1960	1 42	1 44	1 72	1 2	-76.61274864305167
1961	1 43	1 45	1 44	1 46	141.91409332285565
1962	1 43	1 45	1 46	1 48	-59.17033323111521
1963	1 43	1 45	1 48	1 50	-194.16713675213674
1964	1 43	1 45	1 50	1 52	110.07582371332371
1965	1 43	1 45	1 52	1 54	111.93587130129714
1966	1 43	1 45	1 54	1 56	-26.714628198523094
1967	1 43	1 45	1 56	1 58	-155.4651697851698
1968	1 43	1 45	1 58	1 60	73.0102858699484
1969	1 43	1 45	1 60	1 62	71.230960677302
1970	1 43	1 45	1 49	1 51	-5.225143935832527
1971	1 43	1 45	1 55	1 57	-169.99488774832616
1972	1 43	1 45	1 57	1 59	28.29011189630568
1973	1 43	1 45	1 59	1 61	93.5014192429098
1974	1 43	1 45	1 61	1 63	30.832518119498346
1975	1 43	1 45	1 63	1 65	-135.1377138589171
1976	1 43	1 45	1 65	1 67	31.23688229027337
1977	1 43	1 45	1 64	1 66	-126.05726603851372
1978	1 43	1 45	1 66	1 68	51.17387949459392
1979	1 43	1 45	1 68	1 70	50.376691668465355
1980	1 43	1 45	1 70	1 72	15.029880210191237
1981	1 43	1 45	1 72	1 2	-97.96017004420571
1982	1 43	1 45	1 67	1 69	58.98583121488875
1983	1 43	1 45	1 69	1 71	32.299170158217734
1984	1 43	1 45	1 71	1 1	-102.00156166932481
1985	1 44	1 46	1 45	1 47	160.3818388479625
1986	1 44	1 46	1 47	1 49	-245.90673089942905
1987	1 44	1 46	1 49	1 51	-23.26661308817962
1988	1 44	1 46	1 51	1 53	112.1927595480376
1989	1 44	1 46	1 53	1 55	118.94264595135371
1990	1 44	1 46	1 57	1 59	4.987018706672172
1991	1 44	1 46	1 59	1 61	66.73287385259385
1992	1 44	1 46	1 61	1 63	78.52518449412324
1993	1 44	1 46	1 63	1 65	-141.21633748099936
1994	1 44	1 46	1 52	1 54	201.71947127681548
1995	1 44	1 46	1 56	1 58	-176.3869172556579
1996	1 44	1 46	1 58	1 60	27.950133421423892
1997	1 44	1 46	1 60	1 62	98.36854607212571
1998	1 44	1 46	1 62	1 64	29.895861913951993
1999	1 44	1 46	1 64	1 66	-141.46025641025642
2000	1 44	1 46	1 66	1 68	31.36348086707793
2001	1 44	1 46	1 65	1 67	15.6537701792417
2002	1 44	1 46	1 67	1 69	49.467572934205066
2003	1 44	1 46	1 69	1 71	52.32843219597052
2004	1 44	1 46	1 71	1 1	-99.17608056684051
2005	1 44	1 46	1 68	1 70	60.31758393510073
2006	1 44	1 46	1 70	1 72	30.878886052611087
2007	1 44	1 46	1 72	1 2	-102.26461435956611
2008	1 45	1 47	1 46	1 48	163.3209219799637
2009	1 45	1 47	1 48	1 50	-260.6074250522891
2010	1 45	1 47	1 50	1 52	-22.493294897798293
2011	1 45	1 47	1 52	1 54	109.98578780953588
2012	1 45	1 47	1 54	1 56	137.7207040278861
2013	1 45	1 47	1 58	1 60	4.771216468480981
2014	1 45	1 47	1 60	1 62	76.08253163358877
2015	1 45	1 47	1 62	1 64	82.96160220409121
2016	1 45	1 47	1 64	1 66	-155.8312953316344
2017	1 45	1 47	1 49	1 51	-13.625841231675029
2018	1 45	1 47	1 53	1 55	233.82918187678513
2019	1 45	1 47	1 55	1 57	-212.30681570719236
2020	1 45	1 47	1 59	1 61	26.15773922328522
2021	1 45	1 47	1 61	1 63	109.62613547697205
2022	1 45	1 47	1 63	1 65	-128.75912550481516
2023	1 45	1 47	1 65	1 67	7.239386412632989
2024	1 45	1 47	1 67	1 69	32.271779089827085
2025	1 45	1 47	1 66	1 68	16.182933892214763
2026	1 45	1 47	1 68	1 70	53.934683060201635
2027	1 45	1 47	1 70	1 72	50.21698806663099
2028	1 45	1 47	1 72	1 2	-103.44247647292656
2029	1 45	1 47	1 69	1 71	63.57090812277942
2030	1 45	1 47	1 71	1 1	-88.21334247648903
2031	1 46	1 48	1 47	1 49	-93.7234086304683
2032	1 46	1 48	1 49	1 51	-7.669785480258172
2033	1 46	1 48	1 51	1 53	-24.583291419846184
2034	1 46	1 48	1 53	1 55	137.73307873841458
2035	1 46	1 48	1 55	1 57	-101.6075476291736
2036	1 46	1 48	1 57	1 59	-1.9150772761049166
2037	1 46	1 48	1 59	1 61	3.530442739729467
2038	1 46	1 48	1 61	1 63	87.22657607682001
2039	1 46	1 48	1 63	1 65	-86.1611063302673
2040	1 46	1 48	1 65	1 67	2.963929992552978
2041	1 46	1 48	1 50	1 52	-14.655589613330168
2042	1 46	1 48	1 52	1 54	-7.424133947008579
2043	1 46	1 48	1 54	1 56	269.689772592282
2044	1 46	1 48	1 56	1 58	-240.8630577954638
2045	1 46	1 48	1 58	1 60	-1.8917995456163696
2046	1 46	1 48	1 60	1 62	31.684768993572675
2047	1 46	1 48	1 62	1 64	122.43964859629261
2048	1 46	1 48	1 64	1 66	-146.434439468662
2049	1 46	1 48	1 66	1 68	7.1783173956143145
2050	1 46	1 48	1 68	1 70	36.12316067092837
2051	1 46	1 48	1 67	1 69	16.924774850196954
2052	1 46	1 48	1 69	1 71	56.23843125110919
2053	1 46	1 48	1 71	1 1	-63.696178746014546
2054	1 46	1 48	1 70	1 72	60.14896085517226
2055	1 46	1 48	1 72	1 2	-88.3701460063788
2056	1 47	1 49	1 48	1 50	621.2334628120225
2057	1 47	1 49	1 50	1 52	-268.35367710533274
2058	1 47	1 49	1 52	1 54	-207.86185264006468
2059	1 47	1 49	1 54	1 56	-105.7155913180548
2060	1 47	1 49	1 56	1 58	537.7653456534828
2061	1 47	1 49	1 58	1 60	-219.19001122962777
2062	1 47	1 49	1 60	1 62	-170.23920556908604
2063	1 47	1 49	1 62	1 64	-89.2022988556943
2064	1 47	1 49	1 64	1 66	430.3203723630901
2065	1 47	1 49	1 66	1 68	-162.29690892332903
2066	1 47	1 49	1 51	1 53	-202.64410795058467
2067	1 47	1 49	1 53	1 55	-222.44949187576714
2068	1 47	1 49	1 55	1 57	629.86994267044
2069	1 47	1 49	1 57	1 59	-206.56173960839953
2070	1 47	1 49	1 59	1 61	-184.5675495441274
2071	1 47	1 49	1 61	1 63	-148.3494506415288
2072	1 47	1 49	1 63	1 65	453.2627257799671
2073	1 47	1 49	1 65	1 67	-137.86076817397674
2074	1 47	1 49	1 67	1 69	-155.46851313741215
2075	1 47	1 49	1 69	1 71	-115.65237330160701
2076	1 47	1 49	1 68	1 70	-142.60113846446782
2077	1 47	1 49	1 70	1 72	-76.2198037735067
2078	1 47	1 49	1 72	1 2	177.879359137372
2079	1 47	1 49	1 71	1 1	169.04088328792005
2080	1 48	1 50	1 49	1 51	-115.71422446025115
2081	1 48	1 50	1 51	1 53	-234.51514184745264
2082	1 48	1 50	1 53	1 55	-239.7233575639317
2083	1 48	1 50	1 55	1 57	539.9127104670704
2084	1 48	1 50	1 57	1 59	-94.74899269402752
2085	1 48	1 50	1 59	1 61	-193.44301624641622
2086	1 48	1 50	1 61	1 63	-182.74565537421395
2087	1 48	1 50	1 63	1 65	424.68544763912615
2088	1 48	1 50	1 65	1 67	-86.17440202953921
2089	1 48	1 50	1 67	1 69	-152.48525484917565
2090	1 48	1 50	1 52	1 54	-201.6520054956794
2091	1 48	1 50	1 54	1 56	-252.60905680863908
2092	1 48	1 50	1 56	1 58	638.375829496395
2093	1 48	1 50	1 58	1 60	-196.53537745779124
2094	1 48	1 50	1 60	1 62	-180.60872354439547
2095	1 48	1 50	1 62	1 64	-154.22027238837583
2096	1 48	1 50	1 64	1 66	460.2726348364279
2097	1 48	1 50	1 66	1 68	-134.80613114696473
2098	1 48	1 50	1 68	1 70	-151.267443439812
2099	1 48	1 50	1 70	1 72	-105.10505978166697
2100	1 48	1 50	1 69	1 71	-140.75319602597
2101	1 48	1 50	1 71	1 1	168.10180030328075
2102	1 48	1 50	1 72	1 2	191.91421111625093
2103	1 49	1 51	1 50	1 52	180.3573882359671
2104	1 49	1 51	1 52	1 54	-50.872260421034454
2105	1 49	1 51	1 54	1 56	-9.649252535397565
2106	1 49	1 51	1 58	1 60	136.05170760999965
2107	1 49	1 51	1 60	1 62	-15.757650615229528
2108	1 49	1 51	1 62	1 64	-5.82265684569278
2109	1 49	1 51	1 64	1 66	-101.47507432411165
2110	1 49	1 51	1 66	1 68	89.1473988027877
2111	1 49	1 51	1 68	1 70	12.60238366097559
2112	1 49	1 51	1 53	1 55	-19.845472477625925
2113	1 49	1 51	1 57	1 59	226.36004859666025
2114	1 49	1 51	1 59	1 61	11.478158083983368
2115	1 49	1 51	1 61	1 63	-11.06458918717049
2116	1 49	1 51	1 63	1 65	-156.59556497869997
2117	1 49	1 51	1 65	1 67	111.86475207117812
2118	1 49	1 51	1 67	1 69	42.53106151537885
2119	1 49	1 51	1 69	1 71	2.8192097215014718
2120	1 49	1 51	1 71	1 1	-59.36258455969618
2121	1 49	1 51	1 72	1 2	-52.49201584718004
2122	1 50	1 52	1 51	1 53	152.41834120759603
2123	1 50	1 52	1 53	1 55	-53.4862604185972
2124	1 50	1 52	1 57	1 59	127.7003555706961
2125	1 50	1 52	1 59	1 61	127.68586160559254
2126	1 50	1 52	1 61	1 63	-23.14173515130291
2127	1 50	1 52	1 63	1 65	-188.16739435912876
2128	1 50	1 52	1 65	1 67	87.61796120693558
2129	1 50	1 52	1 67	1 69	87.7324584415762
2130	1 50	1 52	1 69	1 71	9.304467571845583
2131	1 50	1 52	1 54	1 56	-22.165351278390077
2132	1 50	1 52	1 58	1 60	232.0554608751739
2133	1 50	1 52	1 62	1 64	-13.166640589360458
2134	1 50	1 52	1 64	1 66	-153.2499348534202
2135	1 50	1 52	1 66	1 68	117.18490930281206
2136	1 50	1 52	1 68	1 70	36.506167097077
2137	1 50	1 52	1 72	1 2	-81.0745422815574
2138	1 50	1 52	1 71	1 1	-89.06407545557803
2139	1 51	1 53	1 52	1 54	156.53823858700338
2140	1 51	1 53	1 54	1 56	-60.24302268119534
2141	1 51	1 53	1 58	1 60	123.28348431453094
2142	1 51	1 53	1 60	1 62	115.83718903735235
2143	1 51	1 53	1 62	1 64	-25.329625052503566
2144	1 51	1 53	1 64	1 66	-177.38272481421478
2145	1 51	1 53	1 66	1 68	84.47452079615707
2146	1 51	1 53	1 68	1 70	79.94120867553247
2147	1 51	1 53	1 70	1 72	8.325094002972246
2148	1 51	1 53	1 57	1 59	3.035825948890919
2149	1 51	1 53	1 59	1 61	210.79822787336474
2150	1 51	1 53	1 63	1 65	-193.11661733225728
2151	1 51	1 53	1 65	1 67	38.20028959253271
2152	1 51	1 53	1 67	1 69	107.0771383904194
2153	1 51	1 53	1 69	1 71	35.50898602913914
2154	1 51	1 53	1 71	1 1	-113.20206219480102
2155	1 51	1 53	1 72	1 2	-108.08056624492393
2156	1 52	1 54	1 53	1 55	146.98140391060906
2157	1 52	1 54	1 57	1 59	-19.39498922698916
2158	1 52	1 54	1 59	1 61	108.2981146500349
2159	1 52	1 54	1 61	1 63	129.3132386977685
2160	1 52	1 54	1 65	1 67	9.120152006104252
2161	1 52	1 54	1 67	1 69	77.97622765212512
2162	1 52	1 54	1 69	1 71	83.94654990907244
2163	1 52	1 54	1 71	1 1	-117.76493506724606
2164	1 52	1 54	1 60	1 62	223.46538293707943
2165	1 52	1 54	1 64	1 66	-194.14359113062204
2166	1 52	1 54	1 66	1 68	33.78810988446968
2167	1 52	1 54	1 68	1 70	108.51898040417629
2168	1 52	1 54	1 70	1 72	34.65166477083805
2169	1 52	1 54	1 72	1 2	-119.44191047486231
2170	1 53	1 55	1 54	1 56	203.93889843583946
2171	1 53	1 55	1 58	1 60	-23.88943540261773
2172	1 53	1 55	1 60	1 62	122.16525445133723
2173	1 53	1 55	1 62	1 64	145.6244487757118
2174	1 53	1 55	1 66	1 68	6.516851356854627
2175	1 53	1 55	1 68	1 70	85.07882335248215
2176	1 53	1 55	1 70	1 72	86.67845462008847
2177	1 53	1 55	1 72	1 2	-131.70008519288453
2178	1 53	1 55	1 57	1 59	-11.955917736832635
2179	1 53	1 55	1 61	1 63	241.19704988623428
2180	1 53	1 55	1 63	1 65	-213.58009077966744
2181	1 53	1 55	1 67	1 69	32.73422149107317
2182	1 53	1 55	1 69	1 71	115.33715349333698
2183	1 53	1 55	1 71	1 1	-105.87091585238178
2184	1 54	1 56	1 55	1 57	-132.06736232628293
2185	1 54	1 56	1 57	1 59	-6.031816171930165
2186	1 54	1 56	1 59	1 61	-21.931335095991486
2187	1 54	1 56	1 61	1 63	148.348882337502
2188	1 54	1 56	1 63	1 65	-117.71581888450604
2189	1 54	1 56	1 67	1 69	11.909171254514769
2190	1 54	1 56	1 69	1 71	97.57959798806998
2191	1 54	1 56	1 71	1 1	-83.86985992171059
2192	1 54	1 56	1 58	1 60	-12.855484693456276
2193	1 54	1 56	1 62	1 64	289.7907326300496
2194	1 54	1 56	1 64	1 66	-269.4938270228906
2195	1 54	1 56	1 66	1 68	1.4851922123989272
2196	1 54	1 56	1 68	1 70	45.39606860502845
2197	1 54	1 56	1 70	1 72	122.24276339966308
2198	1 54	1 56	1 72	1 2	-139.6608369790404
2199	1 55	1 57	1 56	1 58	684.3821434453228
2200	1 55	1 57	1 58	1 60	-289.20493959359885
2201	1 55	1 57	1 60	1 62	-233.75898155314758
2202	1 55	1 57	1 62	1 64	-118.25613517336022
2203	1 55	1 57	1 64	1 66	607.7322483307653
2204	1 55	1 57	1 66	1 68	-248.23499600980125
2205	1 55	1 57	1 68	1 70	-198.93863301153124
2206	1 55	1 57	1 70	1 72	-102.04543767696005
2207	1 55	1 57	1 72	1 2	232.40343004598142
2208	1 55	1 57	1 59	1 61	-233.05033197568082
2209	1 55	1 57	1 61	1 63	-235.70493068385815
2210	1 55	1 57	1 67	1 69	-220.85570414358227
2211	1 55	1 57	1 69	1 71	-166.9797293957227
2212	1 55	1 57	1 71	1 1	213.64591816884973
2213	1 56	1 58	1 57	1 59	-121.81909671241816
2214	1 56	1 58	1 59	1 61	-258.19448122049016
2215	1 56	1 58	1 61	1 63	-262.3993084589381
2216	1 56	1 58	1 63	1 65	608.2929865235665
2217	1 56	1 58	1 65	1 67	-118.87401643877415
2218	1 56	1 58	1 67	1 69	-229.9357684648275
2219	1 56	1 58	1 69	1 71	-206.41169830176756
2220	1 56	1 58	1 71	1 1	228.50301338275054
2221	1 56	1 58	1 60	1 62	-234.15792192642587
2222	1 56	1 58	1 62	1 64	-269.40262286655116
2223	1 56	1 58	1 66	1 68	-226.25403103031027
2224	1 56	1 58	1 68	1 70	-218.26927020336228
2225	1 56	1 58	1 70	1 72	-165.7252189433544
2226	1 56	1 58	1 72	1 2	282.9555777657316
2227	1 57	1 59	1 58	1 60	178.73533497455895
2228	1 57	1 59	1 60	1 62	-44.25141801332089
2229	1 57	1 59	1 62	1 64	-7.4070312186923495
2230	1 57	1 59	1 66	1 68	144.5260880855313
2231	1 57	1 59	1 68	1 70	-14.688140740105446
2232	1 57	1 59	1 70	1 72	-5.399761800534625
2233	1 57	1 59	1 72	1 2	-55.78974938327063
2234	1 57	1 59	1 61	1 63	-17.2553612603589
2235	1 57	1 59	1 65	1 67	256.83239329864585
2236	1 57	1 59	1 67	1 69	11.77399827008786
2237	1 57	1 59	1 69	1 71	-9.639642678043625
2238	1 57	1 59	1 71	1 1	-61.451600652919815
2239	1 58	1 60	1 59	1 61	177.5160596309862
2240	1 58	1 60	1 61	1 63	-53.775871415126815
2241	1 58	1 60	1 65	1 67	149.39942306035522
2242	1 58	1 60	1 67	1 69	143.21993707962412
2243	1 58	1 60	1 69	1 71	-17.39408817387576
2244	1 58	1 60	1 71	1 1	-99.49581399333168
2245	1 58	1 60	1 62	1 64	-18.09672650133059
2246	1 58	1 60	1 66	1 68	249.93420538248648
2247	1 58	1 60	1 68	1 70	6.868967864803903
2248	1 58	1 60	1 70	1 72	-10.513268172329813
2249	1 58	1 60	1 72	1 2	-90.61880171438776
2250	1 59	1 61	1 60	1 62	141.89165585344136
2251	1 59	1 61	1 62	1 64	-47.44966234263969
2252	1 59	1 61	1 66	1 68	143.30958575775384
2253	1 59	1 61	1 68	1 70	127.21791112722758
2254	1 59	1 61	1 70	1 72	-15.653306535732039
2255	1 59	1 61	1 72	1 2	-118.1076474418838
2256	1 59	1 61	1 65	1 67	12.108309445304437
2257	1 59	1 61	1 67	1 69	234.76920436563972
2258	1 59	1 61	1 71	1 1	-128.03750995562635
2259	1 60	1 62	1 61	1 63	195.14274202035224
2260	1 60	1 62	1 65	1 67	-15.64735077350079
2261	1 60	1 62	1 67	1 69	125.83676299501764
2262	1 60	1 62	1 69	1 71	148.5284341171715
2263	1 60	1 62	1 71	1 1	-174.74183739466224
2264	1 60	1 62	1 68	1 70	239.93997384071062
2265	1 60	1 62	1 70	1 72	13.574030118061433
2266	1 60	1 62	1 72	1 2	-161.36787419183463
2267	1 61	1 63	1 62	1 64	179.50070857232078
2268	1 61	1 63	1 66	1 68	-18.1409757284855
2269	1 61	1 63	1 68	1 70	153.61894090078044
2270	1 61	1 63	1 70	1 72	144.0540339148874
2271	1 61	1 63	1 72	1 2	-213.30332359513193
2272	1 61	1 63	1 65	1 67	-10.570779132321784
2273	1 61	1 63	1 67	1 69	10.069497468172589
2274	1 61	1 63	1 69	1 71	256.82774253404835
2275	1 61	1 63	1 71	1 1	-198.15493289175527
2276	1 62	1 64	1 63	1 65	-123.61891561194344
2277	1 62	1 64	1 65	1 67	-5.515290023800111
2278	1 62	1 64	1 67	1 69	-13.053477227612905
2279	1 62	1 64	1 69	1 71	153.5535884007216
2280	1 62	1 64	1 71	1 1	-100.92496041556154
2281	1 62	1 64	1 66	1 68	-9.698131606887191
2282	1 62	1 64	1 68	1 70	16.297009675609985
2283	1 62	1 64	1 70	1 72	267.23682901456925
2284	1 62	1 64	1 72	1 2	-233.84119367356402
2285	1 63	1 65	1 66	1 68	-323.96068842327884
2286	1 63	1 65	1 68	1 70	-279.9936170212766
2287	1 63	1 65	1 70	1 72	-127.56995603838187
2288	1 63	1 65	1 72	1 2	353.3901012694338
2289	1 63	1 65	1 67	1 69	-281.9616009215868
2290	1 63	1 65	1 69	1 71	-260.5424779478094
2291	1 63	1 65	1 71	1 1	351.2447244289971
2292	1 64	1 66	1 65	1 67	-133.8470959873451
2293	1 64	1 66	1 67	1 69	-306.05634908833565
2294	1 64	1 66	1 69	1 71	-296.17054655018603
2295	1 64	1 66	1 71	1 1	333.0897705581799
2296	1 64	1 66	1 68	1 70	-284.20761075421655
2297	1 64	1 66	1 70	1 72	-276.11305161055617
2298	1 65	1 67	1 66	1 68	197.96522986949918
2299	1 65	1 67	1 68	1 70	-45.99649059853437
2300	1 65	1 67	1 70	1 72	-10.06418941975117
2301	1 65	1 67	1 72	1 2	-64.35750717792433
2302	1 65	1 67	1 69	1 71	-20.11274519073926
2303	1 65	1 67	1 71	1 1	-70.56779728839092
2304	1 66	1 68	1 67	1 69	191.4598238121793
2305	1 66	1 68	1 69	1 71	-49.30292767603336
2306	1 66	1 68	1 71	1 1	-109.43635486699795
2307	1 66	1 68	1 70	1 72	-19.331340502016285
2308	1 67	1 69	1 68	1 70	183.61079459227415
2309	1 67	1 69	1 70	1 72	-45.553972671503985
2310	1 67	1 69	1 72	1 2	-142.22898080145157
2311	1 67	1 69	1 71	1 1	-157.30157104824318
2312	1 68	1 70	1 69	1 71	208.49881695631115
2313	1 68	1 70	1 71	1 1	-241.37284903856698
2314	1 69	1 71	1 70	1 72	221.3875152822001
2315	1 69	1 71	1 72	1 2	-299.02451152342
2316	1 70	1 72	1 71	1 1	-123.88617626731902
2317	1 71	1 1	1 72	1 2	1335.7156145489735
